80
pop0_0     0.0000000 0.0050167 0.0090544 0.0171970 0.0233624 0.0213010 0.0223307 0.0368905 0.0264658 0.0368884 0.0400442 0.0389953 0.0327027 0.0411005 0.0390001 0.0400461 0.0368817 0.0442682 0.0432304 0.0560407 0.0528249 0.0560592 0.0517541 0.0517549 0.0528216 0.0581990 0.0528122 0.0571117 0.0474612 0.0517372 0.0485359 0.0571180 0.0453512 0.0560493 0.0549604 0.0464066 0.0496112 0.0538959 0.0592766 0.0549780 0.0679846 0.0668884 0.0658020 0.0647175 0.0603786 0.0614659 0.0669112 0.0679982 0.0702034 0.0680068 0.0691115 0.0669068 0.0636299 0.0592787 0.0603771 0.0614659 0.0528315 0.0560493 0.0549643 0.0582039 0.0625268 0.0625259 0.0647084 0.0646982 0.0647143 0.0636182 0.0636240 0.0636192 0.0679858 0.0625498 0.0592961 0.0603610 0.0549658 0.0571210 0.0647154 0.0647041 0.0657964 0.0603632 0.0592824 0.0582054 
pop0_1     0.0050167 0.0000000 0.0100673 0.0182195 0.0243924 0.0202694 0.0233600 0.0379374 0.0274996 0.0379352 0.0410950 0.0400450 0.0337436 0.0421527 0.0400506 0.0410970 0.0379283 0.0453244 0.0442858 0.0571126 0.0538927 0.0571314 0.0528206 0.0528214 0.0538893 0.0592737 0.0538797 0.0581849 0.0485216 0.0528032 0.0495979 0.0581913 0.0464092 0.0571210 0.0560308 0.0474657 0.0506740 0.0549658 0.0603527 0.0560487 0.0690723 0.0679746 0.0668868 0.0658010 0.0614565 0.0625452 0.0679978 0.0690865 0.0712945 0.0690949 0.0702012 0.0679934 0.0647119 0.0603549 0.0614550 0.0625452 0.0538994 0.0571210 0.0560347 0.0592787 0.0614373 0.0614365 0.0636156 0.0636056 0.0636214 0.0625271 0.0647058 0.0647011 0.0690735 0.0636306 0.0603725 0.0614386 0.0560373 0.0581939 0.0657989 0.0657873 0.0668812 0.0614408 0.0603595 0.0592802 
pop0_2     0.0090544 0.0100673 0.0000000 0.0100673 0.0161720 0.0141308 0.0151506 0.0295688 0.0192448 0.0295671 0.0326920 0.0316526 0.0254214 0.0337376 0.0316565 0.0326936 0.0295618 0.0368750 0.0358430 0.0485272 0.0453435 0.0485431 0.0442819 0.0442830 0.0453397 0.0506636 0.0453317 0.0495883 0.0400353 0.0442679 0.0410980 0.0495937 0.0379438 0.0485347 0.0474583 0.0389897 0.0421614 0.0464031 0.0517307 0.0474734 0.0603495 0.0592648 0.0581889 0.0571149 0.0528192 0.0538951 0.0592849 0.0603616 0.0625428 0.0603691 0.0614615 0.0592811 0.0560382 0.0517326 0.0528179 0.0538951 0.0453482 0.0485346 0.0474616 0.0506678 0.0549481 0.0549473 0.0571069 0.0570979 0.0571120 0.0560279 0.0560328 0.0560288 0.0603505 0.0549683 0.0517476 0.0528039 0.0474638 0.0495960 0.0571131 0.0571031 0.0581841 0.0528058 0.0517366 0.0506691 
pop0_3     0.0171970 0.0182195 0.0100673 0.0000000 0.0243900 0.0223261 0.0233571 0.0379340 0.0274980 0.0379318 0.0410913 0.0400414 0.0337406 0.0421489 0.0400463 0.0410933 0.0379249 0.0453203 0.0442819 0.0571074 0.0538878 0.0571262 0.0528158 0.0528168 0.0538845 0.0592683 0.0538748 0.0581796 0.0485172 0.0527985 0.0495935 0.0581860 0.0464050 0.0571162 0.0560257 0.0474614 0.0506702 0.0549601 0.0603472 0.0560427 0.0690660 0.0679684 0.0668807 0.0657950 0.0614500 0.0625395 0.0679908 0.0690798 0.0712880 0.0690885 0.0701948 0.0679872 0.0647061 0.0603494 0.0614500 0.0625395 0.0538946 0.0571162 0.0560297 0.0592733 0.0636013 0.0636005 0.0657857 0.0657754 0.0657917 0.0646942 0.0646999 0.0646952 0.0690672 0.0636240 0.0603670 0.0614330 0.0560322 0.0581886 0.0647020 0.0657813 0.0668751 0.0614352 0.0603541 0.0592748 
pop0_4     0.0233624 0.0243924 0.0161720 0.0243900 0.0000000 0.0243924 0.0254262 0.0400453 0.0295784 0.0400430 0.0432118 0.0400465 0.0358397 0.0442725 0.0421633 0.0432139 0.0400358 0.0474530 0.0464124 0.0592760 0.0560471 0.0592955 0.0549719 0.0549727 0.0560427 0.0614434 0.0560335 0.0603511 0.0506596 0.0549538 0.0517395 0.0603578 0.0485419 0.0592851 0.0581909 0.0496011 0.0528197 0.0571224 0.0625255 0.0582095 0.0712708 0.0701698 0.0690790 0.0679908 0.0636331 0.0647252 0.0701937 0.0712851 0.0735004 0.0712941 0.0724040 0.0701892 0.0658054 0.0625277 0.0636316 0.0647252 0.0560541 0.0592851 0.0581950 0.0614486 0.0657894 0.0657884 0.0679806 0.0679698 0.0679868 0.0668857 0.0668916 0.0668867 0.0712721 0.0658136 0.0625460 0.0636146 0.0581976 0.0603605 0.0679880 0.0679760 0.0690732 0.0636169 0.0625325 0.0614500 
pop0_5     0.0213010 0.0202694 0.0141308 0.0223261 0.0243924 0.0000000 0.0151520 0.0358349 0.0254262 0.0358328 0.0379336 0.0379364 0.0316530 0.0400383 0.0379411 0.0379329 0.0358264 0.0432013 0.0421646 0.0549547 0.0517447 0.0549728 0.0506740 0.0506755 0.0517406 0.0571095 0.0517313 0.0560241 0.0463890 0.0506581 0.0474619 0.0560302 0.0442819 0.0549631 0.0538762 0.0453358 0.0485352 0.0528131 0.0581854 0.0538934 0.0668793 0.0657848 0.0647001 0.0636173 0.0592853 0.0603707 0.0658073 0.0668926 0.0690940 0.0669011 0.0680038 0.0658030 0.0625314 0.0581875 0.0592839 0.0603708 0.0517503 0.0549631 0.0538800 0.0571142 0.0614304 0.0614295 0.0636084 0.0635984 0.0636142 0.0625200 0.0625255 0.0625210 0.0668804 0.0614530 0.0582045 0.0592681 0.0538824 0.0560328 0.0636153 0.0636041 0.0646947 0.0592702 0.0581920 0.0571157 
pop0_6     0.0223307 0.0233600 0.0151506 0.0233571 0.0254262 0.0151520 0.0000000 0.0368847 0.0264614 0.0368825 0.0400378 0.0389891 0.0326969 0.0410939 0.0389939 0.0400398 0.0368759 0.0442612 0.0432235 0.0560317 0.0528168 0.0560502 0.0517458 0.0517466 0.0528131 0.0581896 0.0528037 0.0571025 0.0474536 0.0517289 0.0485282 0.0571088 0.0453435 0.0560403 0.0549516 0.0463990 0.0496032 0.0538872 0.0592671 0.0549691 0.0679736 0.0668775 0.0657913 0.0647071 0.0603689 0.0614559 0.0669004 0.0679872 0.0701920 0.0679958 0.0691003 0.0668967 0.0636196 0.0592692 0.0603674 0.0614559 0.0528230 0.0560403 0.0549554 0.0581945 0.0625167 0.0625158 0.0646979 0.0646877 0.0647038 0.0636079 0.0636135 0.0636090 0.0679747 0.0625397 0.0592865 0.0603513 0.0549579 0.0571114 0.0647050 0.0646936 0.0657858 0.0603535 0.0592738 0.0581960 
pop0_7     0.0368905 0.0379374 0.0295688 0.0379340 0.0400453 0.0358349 0.0368847 0.0000000 0.0327027 0.0474546 0.0506541 0.0495919 0.0432110 0.0517254 0.0495981 0.0506566 0.0474460 0.0549360 0.0538889 0.0668788 0.0636188 0.0669009 0.0625332 0.0625341 0.0636149 0.0690680 0.0636034 0.0679637 0.0581751 0.0625125 0.0592670 0.0679713 0.0560392 0.0668891 0.0657823 0.0571076 0.0603591 0.0647046 0.0701604 0.0658042 0.0767704 0.0756613 0.0745632 0.0734672 0.0690800 0.0701800 0.0756872 0.0767858 0.0790178 0.0767955 0.0779140 0.0756823 0.0723673 0.0679653 0.0690783 0.0701800 0.0614481 0.0647009 0.0636023 0.0668792 0.0712496 0.0712486 0.0734568 0.0734451 0.0734635 0.0723540 0.0723604 0.0723551 0.0767717 0.0712759 0.0679853 0.0690598 0.0636052 0.0657832 0.0734647 0.0734518 0.0745569 0.0690623 0.0679706 0.0668809 
pop0_8     0.0264658 0.0274996 0.0192448 0.0274980 0.0295784 0.0254262 0.0264614 0.0327027 0.0000000 0.0368883 0.0400441 0.0389953 0.0327027 0.0411004 0.0390001 0.0400461 0.0368816 0.0442682 0.0432303 0.0560407 0.0528248 0.0560591 0.0517540 0.0517548 0.0528215 0.0581989 0.0528121 0.0571116 0.0474611 0.0517371 0.0485358 0.0571179 0.0453511 0.0560493 0.0549603 0.0464066 0.0496111 0.0538958 0.0592765 0.0549779 0.0679845 0.0668883 0.0658019 0.0647175 0.0603785 0.0614658 0.0669111 0.0679981 0.0702033 0.0680067 0.0691114 0.0669068 0.0636298 0.0592787 0.0603770 0.0614658 0.0528314 0.0560492 0.0549642 0.0582038 0.0625267 0.0625258 0.0647083 0.0646981 0.0647133 0.0636181 0.0636240 0.0636191 0.0679857 0.0625497 0.0582136 0.0603610 0.0549658 0.0571210 0.0647154 0.0647040 0.0657964 0.0603632 0.0592824 0.0582053 
pop0_9     0.0368884 0.0379352 0.0295671 0.0379318 0.0400430 0.0358328 0.0368825 0.0474546 0.0368883 0.0000000 0.0192424 0.0306155 0.0285361 0.0410955 0.0389955 0.0400413 0.0368773 0.0442629 0.0432252 0.0560340 0.0528185 0.0560524 0.0517479 0.0517487 0.0528152 0.0581919 0.0528058 0.0571048 0.0474554 0.0517309 0.0485301 0.0571111 0.0453457 0.0560427 0.0549538 0.0464008 0.0496049 0.0538893 0.0592694 0.0549713 0.0679763 0.0668802 0.0657940 0.0647097 0.0603713 0.0614584 0.0669030 0.0679908 0.0701949 0.0679985 0.0691031 0.0668987 0.0636221 0.0592716 0.0603698 0.0614584 0.0528251 0.0560427 0.0549576 0.0581968 0.0625192 0.0625183 0.0647005 0.0646903 0.0647064 0.0636105 0.0636161 0.0636115 0.0679775 0.0625422 0.0592889 0.0603537 0.0549601 0.0571137 0.0647076 0.0646962 0.0657884 0.0603559 0.0592761 0.0581983 
pop0_10    0.0400442 0.0410950 0.0326920 0.0410913 0.0432118 0.0379336 0.0400378 0.0506541 0.0400441 0.0192424 0.0000000 0.0337455 0.0316567 0.0442685 0.0421604 0.0432100 0.0400321 0.0474487 0.0464082 0.0592706 0.0560427 0.0592901 0.0549669 0.0549677 0.0560385 0.0614379 0.0560284 0.0603456 0.0506550 0.0549488 0.0517348 0.0603523 0.0485372 0.0592797 0.0581856 0.0495966 0.0528149 0.0571172 0.0625198 0.0582042 0.0712643 0.0701634 0.0690727 0.0679840 0.0636273 0.0647193 0.0701874 0.0712786 0.0734937 0.0712876 0.0723974 0.0701838 0.0668918 0.0625220 0.0636258 0.0647193 0.0560490 0.0592797 0.0581897 0.0614430 0.0657834 0.0657824 0.0679744 0.0679636 0.0679806 0.0668796 0.0668855 0.0668806 0.0712656 0.0658076 0.0625403 0.0636088 0.0581923 0.0603550 0.0679818 0.0679698 0.0690669 0.0636111 0.0625268 0.0614446 
pop0_11    0.0389953 0.0400450 0.0316526 0.0400414 0.0400465 0.0379364 0.0389891 0.0495919 0.0389953 0.0306155 0.0337455 0.0000000 0.0306184 0.0432144 0.0411087 0.0421572 0.0389836 0.0463907 0.0453511 0.0560389 0.0549724 0.0582162 0.0538987 0.0538996 0.0549690 0.0603615 0.0549592 0.0592708 0.0495928 0.0538810 0.0506710 0.0592774 0.0474777 0.0582060 0.0571136 0.0485355 0.0517496 0.0560464 0.0614421 0.0571318 0.0701751 0.0690757 0.0679863 0.0668990 0.0625479 0.0636383 0.0690992 0.0701892 0.0724012 0.0701981 0.0713062 0.0690948 0.0636280 0.0614443 0.0625463 0.0636383 0.0549793 0.0582060 0.0571176 0.0603665 0.0647014 0.0647005 0.0668895 0.0668789 0.0668956 0.0657961 0.0658019 0.0657972 0.0701763 0.0647253 0.0614623 0.0625296 0.0571210 0.0592801 0.0658004 0.0668850 0.0679806 0.0625319 0.0614490 0.0603681 
pop0_12    0.0327027 0.0337436 0.0254214 0.0337406 0.0358397 0.0316530 0.0326969 0.0432110 0.0327027 0.0285361 0.0316567 0.0306184 0.0000000 0.0368867 0.0347973 0.0358382 0.0326923 0.0379335 0.0390033 0.0517417 0.0485435 0.0496182 0.0474787 0.0474794 0.0485405 0.0538875 0.0485318 0.0528070 0.0432118 0.0474632 0.0442797 0.0528128 0.0411122 0.0496096 0.0506678 0.0421622 0.0453482 0.0496086 0.0549592 0.0506840 0.0636167 0.0625270 0.0614466 0.0603680 0.0560535 0.0571344 0.0625483 0.0636294 0.0658210 0.0614664 0.0647351 0.0625442 0.0592866 0.0549612 0.0560522 0.0571344 0.0485495 0.0517496 0.0506714 0.0538920 0.0581908 0.0581900 0.0603595 0.0603500 0.0603654 0.0592757 0.0592809 0.0592766 0.0636178 0.0582122 0.0549772 0.0560373 0.0506740 0.0528153 0.0603654 0.0603555 0.0614414 0.0560393 0.0549658 0.0538934 
pop0_13    0.0411005 0.0421527 0.0337376 0.0421489 0.0442725 0.0400383 0.0410939 0.0517254 0.0411004 0.0410955 0.0442685 0.0432144 0.0368867 0.0000000 0.0243947 0.0316589 0.0306115 0.0379373 0.0369007 0.0496049 0.0506829 0.0539077 0.0496151 0.0496159 0.0506797 0.0560427 0.0506707 0.0549582 0.0453350 0.0495988 0.0464066 0.0549642 0.0432302 0.0538983 0.0528129 0.0442819 0.0474783 0.0517509 0.0571168 0.0528297 0.0657998 0.0647068 0.0636240 0.0625418 0.0582150 0.0592990 0.0647288 0.0658129 0.0680114 0.0658212 0.0669225 0.0647246 0.0614572 0.0571189 0.0582136 0.0592991 0.0506892 0.0538982 0.0528168 0.0560468 0.0603578 0.0603569 0.0625330 0.0625231 0.0625387 0.0614460 0.0614514 0.0614469 0.0658009 0.0603800 0.0571355 0.0581981 0.0528190 0.0549658 0.0625398 0.0625288 0.0636180 0.0582009 0.0571233 0.0560482 
pop0_14    0.0390001 0.0400506 0.0316565 0.0400463 0.0421633 0.0379411 0.0389939 0.0495981 0.0390001 0.0389955 0.0421604 0.0411087 0.0347973 0.0243947 0.0000000 0.0295832 0.0285381 0.0358452 0.0369115 0.0496187 0.0485571 0.0517732 0.0474920 0.0474928 0.0485541 0.0539027 0.0485455 0.0528219 0.0432239 0.0474765 0.0442921 0.0528277 0.0411237 0.0517642 0.0506821 0.0421740 0.0453609 0.0496225 0.0549747 0.0506982 0.0636347 0.0625447 0.0614639 0.0603851 0.0560694 0.0571505 0.0625660 0.0636475 0.0658397 0.0636554 0.0647535 0.0625619 0.0593033 0.0549767 0.0560680 0.0571505 0.0485632 0.0517642 0.0506856 0.0528330 0.0582073 0.0582065 0.0603766 0.0603671 0.0603821 0.0592925 0.0592977 0.0592934 0.0636358 0.0560660 0.0528395 0.0560531 0.0506879 0.0528301 0.0603831 0.0603726 0.0614588 0.0560552 0.0549809 0.0539086 
pop0_15    0.0400461 0.0410970 0.0326936 0.0410933 0.0432139 0.0379329 0.0400398 0.0506566 0.0400461 0.0400413 0.0432100 0.0421572 0.0358382 0.0316589 0.0295832 0.0000000 0.0295716 0.0368874 0.0379554 0.0506777 0.0496149 0.0528351 0.0485486 0.0485494 0.0496119 0.0549669 0.0496030 0.0538846 0.0442749 0.0485327 0.0453446 0.0538906 0.0421726 0.0528259 0.0517423 0.0432240 0.0464149 0.0506816 0.0560401 0.0517587 0.0647108 0.0636194 0.0625374 0.0614573 0.0571364 0.0582189 0.0636410 0.0647237 0.0669189 0.0647319 0.0658314 0.0636369 0.0603742 0.0560427 0.0571350 0.0582189 0.0496212 0.0528259 0.0517459 0.0549715 0.0592766 0.0592758 0.0614486 0.0614390 0.0614542 0.0603632 0.0603685 0.0603641 0.0647119 0.0592984 0.0560585 0.0571199 0.0517482 0.0538930 0.0614553 0.0614445 0.0625321 0.0571210 0.0560465 0.0549729 
pop0_16    0.0368817 0.0379283 0.0295618 0.0379249 0.0400358 0.0358264 0.0368759 0.0474460 0.0368816 0.0368773 0.0400321 0.0389836 0.0326923 0.0306115 0.0285381 0.0295716 0.0000000 0.0254188 0.0347989 0.0474657 0.0442800 0.0474758 0.0432218 0.0432218 0.0464044 0.0517359 0.0463962 0.0506589 0.0410920 0.0453308 0.0421564 0.0506644 0.0379450 0.0496049 0.0485259 0.0400451 0.0432218 0.0474693 0.0528045 0.0485413 0.0603482 0.0592635 0.0581876 0.0571136 0.0528180 0.0538939 0.0592836 0.0603603 0.0625414 0.0603678 0.0614602 0.0592798 0.0560370 0.0517314 0.0528168 0.0538939 0.0453472 0.0485336 0.0474606 0.0506667 0.0560266 0.0560258 0.0581886 0.0581795 0.0581939 0.0571081 0.0571131 0.0571090 0.0614371 0.0549701 0.0517493 0.0528057 0.0474653 0.0495976 0.0571149 0.0581848 0.0592674 0.0528047 0.0528105 0.0517415 
pop0_17    0.0442682 0.0453244 0.0368750 0.0453203 0.0474530 0.0432013 0.0442612 0.0549360 0.0442682 0.0442629 0.0474487 0.0463907 0.0379335 0.0379373 0.0358452 0.0368874 0.0254188 0.0000000 0.0421678 0.0549589 0.0538906 0.0571295 0.0528188 0.0528196 0.0538875 0.0592717 0.0538779 0.0581829 0.0485199 0.0528015 0.0495963 0.0581893 0.0464076 0.0571195 0.0560289 0.0474641 0.0506740 0.0549632 0.0603507 0.0560468 0.0690700 0.0679723 0.0668846 0.0657988 0.0614544 0.0603674 0.0679955 0.0690838 0.0712921 0.0690925 0.0701988 0.0679908 0.0647098 0.0603528 0.0614529 0.0625431 0.0538976 0.0571194 0.0560328 0.0592767 0.0636050 0.0636041 0.0657895 0.0657792 0.0647091 0.0646979 0.0647036 0.0646989 0.0690712 0.0636284 0.0603705 0.0614365 0.0560354 0.0581920 0.0657967 0.0657851 0.0668789 0.0614388 0.0603575 0.0592782 
pop0_18    0.0432304 0.0442858 0.0358430 0.0442819 0.0464124 0.0421646 0.0432235 0.0538889 0.0432303 0.0432252 0.0464082 0.0453511 0.0390033 0.0369007 0.0369115 0.0379554 0.0347989 0.0421678 0.0000000 0.0368927 0.0528441 0.0560796 0.0517729 0.0517737 0.0528408 0.0582203 0.0528314 0.0571326 0.0474784 0.0517560 0.0485535 0.0571389 0.0453676 0.0560698 0.0549805 0.0464232 0.0496292 0.0539155 0.0592983 0.0549980 0.0680096 0.0669130 0.0658262 0.0647413 0.0604007 0.0614884 0.0669358 0.0680232 0.0702293 0.0680318 0.0691369 0.0669314 0.0636532 0.0593004 0.0603992 0.0614884 0.0528507 0.0560698 0.0549843 0.0582251 0.0625497 0.0625488 0.0647322 0.0647220 0.0647381 0.0636416 0.0636472 0.0636426 0.0680108 0.0625727 0.0593177 0.0603831 0.0549868 0.0571415 0.0647392 0.0647278 0.0658206 0.0603853 0.0593050 0.0582266 
pop0_19    0.0560407 0.0571126 0.0485272 0.0571074 0.0592760 0.0549547 0.0560317 0.0668788 0.0560407 0.0560340 0.0592706 0.0560389 0.0517417 0.0496049 0.0496187 0.0506777 0.0474657 0.0549589 0.0368927 0.0000000 0.0658229 0.0691161 0.0647337 0.0647347 0.0658188 0.0712897 0.0658069 0.0701815 0.0603605 0.0647123 0.0614564 0.0701893 0.0582185 0.0691038 0.0679929 0.0592899 0.0625524 0.0669121 0.0723856 0.0680147 0.0812492 0.0801323 0.0790281 0.0779256 0.0735111 0.0746182 0.0801604 0.0812656 0.0835126 0.0812759 0.0824021 0.0801551 0.0768187 0.0723881 0.0735093 0.0746182 0.0658312 0.0691038 0.0679977 0.0712956 0.0756929 0.0756919 0.0779145 0.0779021 0.0779216 0.0768046 0.0768114 0.0768058 0.0812506 0.0757209 0.0713077 0.0734896 0.0680008 0.0701924 0.0779229 0.0779101 0.0790214 0.0734922 0.0723938 0.0712975 
pop1_0     0.0528249 0.0538927 0.0453435 0.0538878 0.0560471 0.0517447 0.0528168 0.0636188 0.0528248 0.0528185 0.0560427 0.0549724 0.0485435 0.0506829 0.0485571 0.0496149 0.0442800 0.0538906 0.0528441 0.0658229 0.0000000 0.0070341 0.0090544 0.0151555 0.0223345 0.0295791 0.0285423 0.0327075 0.0233623 0.0275024 0.0285446 0.0369028 0.0254387 0.0421775 0.0411111 0.0327097 0.0421752 0.0464183 0.0517478 0.0474890 0.0647133 0.0636223 0.0625402 0.0614601 0.0571390 0.0582216 0.0636440 0.0647267 0.0669220 0.0647348 0.0658344 0.0636399 0.0603770 0.0560447 0.0571376 0.0582216 0.0496234 0.0528282 0.0517482 0.0549740 0.0592793 0.0592785 0.0614514 0.0614418 0.0614570 0.0603654 0.0603712 0.0603669 0.0647149 0.0593011 0.0560610 0.0571225 0.0517505 0.0538954 0.0614581 0.0614473 0.0625350 0.0571245 0.0560490 0.0549754 
pop1_1     0.0560592 0.0571314 0.0485431 0.0571262 0.0592955 0.0549728 0.0560502 0.0669009 0.0560591 0.0560524 0.0592901 0.0582162 0.0496182 0.0539077 0.0517732 0.0528351 0.0474758 0.0571295 0.0560796 0.0691161 0.0070341 0.0000000 0.0120997 0.0182263 0.0254359 0.0327112 0.0316702 0.0358532 0.0264676 0.0306258 0.0316728 0.0390102 0.0285541 0.0453652 0.0442935 0.0358557 0.0453627 0.0496245 0.0549770 0.0507003 0.0680011 0.0669046 0.0658179 0.0647332 0.0603932 0.0614807 0.0669274 0.0680147 0.0702205 0.0680233 0.0691283 0.0669231 0.0636453 0.0592930 0.0603917 0.0614807 0.0528441 0.0560628 0.0549775 0.0582179 0.0625419 0.0625410 0.0647241 0.0647133 0.0647300 0.0636336 0.0636392 0.0636346 0.0680022 0.0625649 0.0593103 0.0603756 0.0549800 0.0571343 0.0647311 0.0647197 0.0658124 0.0603778 0.0592976 0.0582194 
pop1_2     0.0517541 0.0528206 0.0442819 0.0528158 0.0549719 0.0506740 0.0517458 0.0625332 0.0517540 0.0517479 0.0549669 0.0538987 0.0474787 0.0496151 0.0474920 0.0485486 0.0432218 0.0528188 0.0517729 0.0647337 0.0090544 0.0120997 0.0000000 0.0141360 0.0213054 0.0285403 0.0275048 0.0316644 0.0223319 0.0264665 0.0275071 0.0358540 0.0244051 0.0411213 0.0400567 0.0316667 0.0411191 0.0453564 0.0506786 0.0464254 0.0636265 0.0625362 0.0614560 0.0603772 0.0560621 0.0571431 0.0625578 0.0636392 0.0658311 0.0636472 0.0647451 0.0625538 0.0592956 0.0549696 0.0560607 0.0571431 0.0485569 0.0517574 0.0506791 0.0539002 0.0581997 0.0581989 0.0603687 0.0603592 0.0603742 0.0592847 0.0592899 0.0592857 0.0636275 0.0582211 0.0549856 0.0560458 0.0506813 0.0528233 0.0603753 0.0603654 0.0614500 0.0560479 0.0549738 0.0539016 
pop1_3     0.0517549 0.0528214 0.0442830 0.0528168 0.0549727 0.0506755 0.0517466 0.0625341 0.0517548 0.0517487 0.0549677 0.0538996 0.0474794 0.0496159 0.0474928 0.0485494 0.0432218 0.0528196 0.0517737 0.0647347 0.0151555 0.0182263 0.0141360 0.0000000 0.0213057 0.0285407 0.0275052 0.0316649 0.0223323 0.0264669 0.0275075 0.0358545 0.0244055 0.0411219 0.0400573 0.0316671 0.0411197 0.0453571 0.0496069 0.0464262 0.0636275 0.0625375 0.0614569 0.0603782 0.0560629 0.0571439 0.0625588 0.0636402 0.0658322 0.0636482 0.0647461 0.0625548 0.0592965 0.0549704 0.0560616 0.0571440 0.0485576 0.0517582 0.0506798 0.0539011 0.0582009 0.0581998 0.0603697 0.0603602 0.0603751 0.0592857 0.0592909 0.0592866 0.0636285 0.0582220 0.0549864 0.0560467 0.0506821 0.0528241 0.0603762 0.0603654 0.0614518 0.0560487 0.0549747 0.0539024 
pop1_4     0.0528216 0.0538893 0.0453397 0.0538845 0.0560427 0.0517406 0.0528131 0.0636149 0.0528215 0.0528152 0.0560385 0.0549690 0.0485405 0.0506797 0.0485541 0.0496119 0.0464044 0.0538875 0.0528408 0.0658188 0.0223345 0.0254359 0.0213054 0.0213057 0.0000000 0.0295772 0.0285405 0.0327054 0.0233600 0.0275007 0.0285428 0.0369006 0.0254371 0.0421749 0.0411086 0.0327077 0.0421726 0.0464155 0.0517447 0.0474861 0.0647098 0.0636184 0.0625362 0.0614563 0.0571355 0.0582180 0.0636400 0.0647227 0.0669178 0.0647308 0.0658304 0.0636359 0.0603732 0.0560412 0.0571341 0.0582180 0.0496203 0.0528250 0.0517447 0.0549706 0.0592756 0.0592748 0.0614476 0.0614380 0.0614532 0.0603622 0.0603675 0.0603631 0.0647109 0.0592974 0.0560575 0.0571189 0.0517473 0.0538921 0.0614543 0.0614435 0.0625311 0.0571210 0.0560455 0.0549720 
pop1_5     0.0581990 0.0592737 0.0506636 0.0592683 0.0614434 0.0571095 0.0581896 0.0690680 0.0581989 0.0581919 0.0614379 0.0603615 0.0538875 0.0560427 0.0539027 0.0549669 0.0517359 0.0592717 0.0582203 0.0712897 0.0295791 0.0327112 0.0285403 0.0285407 0.0295772 0.0000000 0.0337492 0.0379424 0.0285336 0.0327027 0.0337520 0.0421671 0.0306260 0.0474784 0.0464036 0.0379450 0.0474758 0.0517483 0.0571139 0.0528270 0.0701712 0.0690718 0.0679825 0.0668952 0.0625444 0.0636348 0.0690954 0.0701853 0.0723971 0.0701942 0.0713023 0.0690909 0.0658042 0.0614408 0.0625428 0.0636348 0.0549763 0.0582028 0.0571144 0.0603632 0.0646978 0.0646969 0.0668858 0.0668752 0.0668919 0.0657925 0.0657983 0.0657935 0.0701724 0.0647217 0.0614588 0.0625262 0.0571170 0.0592768 0.0668931 0.0668813 0.0679768 0.0625284 0.0614456 0.0603654 
pop1_6     0.0528122 0.0538797 0.0453317 0.0538748 0.0560335 0.0517313 0.0528037 0.0636034 0.0528121 0.0528058 0.0560284 0.0549592 0.0485318 0.0506707 0.0485455 0.0496030 0.0463962 0.0538779 0.0528314 0.0658069 0.0285423 0.0316702 0.0275048 0.0275052 0.0285405 0.0337492 0.0000000 0.0161753 0.0131151 0.0212996 0.0285379 0.0368941 0.0254327 0.0421674 0.0411013 0.0327027 0.0421651 0.0464066 0.0517353 0.0474776 0.0646981 0.0636069 0.0625251 0.0614452 0.0571252 0.0582075 0.0636285 0.0647110 0.0669057 0.0647192 0.0658185 0.0636240 0.0603624 0.0560312 0.0571239 0.0582075 0.0496115 0.0528155 0.0517358 0.0549607 0.0592650 0.0592641 0.0614366 0.0614269 0.0614422 0.0603513 0.0603566 0.0603523 0.0646992 0.0592867 0.0560475 0.0571087 0.0517381 0.0538825 0.0614433 0.0614325 0.0625199 0.0571108 0.0560355 0.0549621 
pop1_7     0.0571117 0.0581849 0.0495883 0.0581796 0.0603511 0.0560241 0.0571025 0.0679637 0.0571116 0.0571048 0.0603456 0.0592708 0.0528070 0.0549582 0.0528219 0.0538846 0.0506589 0.0581829 0.0571326 0.0701815 0.0327075 0.0358532 0.0316644 0.0316649 0.0327054 0.0379424 0.0161753 0.0000000 0.0171956 0.0254262 0.0327027 0.0411047 0.0295810 0.0464077 0.0453348 0.0368891 0.0464052 0.0506710 0.0560284 0.0517479 0.0690651 0.0679675 0.0668798 0.0657942 0.0614500 0.0625387 0.0679908 0.0690789 0.0712870 0.0690876 0.0701938 0.0679863 0.0647052 0.0603486 0.0614486 0.0625387 0.0538938 0.0571154 0.0560289 0.0592725 0.0636005 0.0635996 0.0657849 0.0657745 0.0646995 0.0646933 0.0646990 0.0646944 0.0690663 0.0636240 0.0603654 0.0614322 0.0560314 0.0581878 0.0657920 0.0657804 0.0668742 0.0614344 0.0603532 0.0592740 
pop1_8     0.0474612 0.0485216 0.0400353 0.0485172 0.0506596 0.0463890 0.0474536 0.0581751 0.0474611 0.0474554 0.0506550 0.0495928 0.0432118 0.0453350 0.0432239 0.0442749 0.0410920 0.0485199 0.0474784 0.0603605 0.0233623 0.0264676 0.0223319 0.0223323 0.0233600 0.0285336 0.0131151 0.0171956 0.0000000 0.0161718 0.0233587 0.0316562 0.0202742 0.0368927 0.0358344 0.0274941 0.0368898 0.0411018 0.0463926 0.0421633 0.0592613 0.0581783 0.0571039 0.0560314 0.0517422 0.0528168 0.0581980 0.0592731 0.0614500 0.0592805 0.0603711 0.0581943 0.0549564 0.0506575 0.0517409 0.0528168 0.0442819 0.0474642 0.0463930 0.0495942 0.0538682 0.0538675 0.0560236 0.0560148 0.0560287 0.0549463 0.0549511 0.0549472 0.0592623 0.0538879 0.0506722 0.0517272 0.0463951 0.0485241 0.0560297 0.0560199 0.0570992 0.0517291 0.0506614 0.0495955 
pop1_9     0.0517372 0.0528032 0.0442679 0.0527985 0.0549538 0.0506581 0.0517289 0.0625125 0.0517371 0.0517309 0.0549488 0.0538810 0.0474632 0.0495988 0.0474765 0.0485327 0.0453308 0.0528015 0.0517560 0.0647123 0.0275024 0.0306258 0.0264665 0.0264669 0.0275007 0.0327027 0.0212996 0.0254262 0.0161718 0.0000000 0.0274980 0.0358430 0.0243973 0.0411079 0.0400436 0.0316564 0.0411062 0.0453416 0.0506620 0.0464103 0.0636054 0.0625159 0.0614357 0.0603573 0.0560427 0.0571243 0.0625362 0.0636181 0.0658094 0.0636261 0.0647236 0.0625331 0.0592761 0.0549515 0.0560427 0.0571243 0.0485410 0.0517405 0.0506625 0.0538825 0.0581806 0.0581797 0.0603488 0.0603393 0.0603543 0.0592652 0.0592704 0.0592662 0.0636065 0.0582009 0.0549675 0.0560274 0.0506647 0.0528059 0.0603554 0.0603448 0.0614305 0.0560294 0.0549557 0.0538839 
pop1_10    0.0485359 0.0495979 0.0410980 0.0495935 0.0517395 0.0474619 0.0485282 0.0592670 0.0485358 0.0485301 0.0517348 0.0506710 0.0442797 0.0464066 0.0442921 0.0453446 0.0421564 0.0495963 0.0485535 0.0614564 0.0285446 0.0316728 0.0275071 0.0275075 0.0285428 0.0337520 0.0285379 0.0327027 0.0233587 0.0274980 0.0000000 0.0223265 0.0171985 0.0379499 0.0368906 0.0285371 0.0379478 0.0421665 0.0474655 0.0432304 0.0603551 0.0592702 0.0581943 0.0571210 0.0528240 0.0539000 0.0592904 0.0603671 0.0625486 0.0603747 0.0614672 0.0592866 0.0560427 0.0517373 0.0528228 0.0539000 0.0453523 0.0485390 0.0474659 0.0506724 0.0549531 0.0549524 0.0571121 0.0571031 0.0571173 0.0560331 0.0560380 0.0560340 0.0603561 0.0549733 0.0517523 0.0528087 0.0474681 0.0496005 0.0571183 0.0571083 0.0581894 0.0528107 0.0517413 0.0506740 
pop1_11    0.0571180 0.0581913 0.0495937 0.0581860 0.0603578 0.0560302 0.0571088 0.0679713 0.0571179 0.0571111 0.0603523 0.0592774 0.0528128 0.0549642 0.0528277 0.0538906 0.0506644 0.0581893 0.0571389 0.0701893 0.0369028 0.0390102 0.0358540 0.0358545 0.0369006 0.0421671 0.0368941 0.0411047 0.0316562 0.0358430 0.0223265 0.0000000 0.0254297 0.0464128 0.0453397 0.0368927 0.0464102 0.0506766 0.0560346 0.0517536 0.0690728 0.0679750 0.0668872 0.0658015 0.0614568 0.0625456 0.0679982 0.0690865 0.0712950 0.0690953 0.0702016 0.0679938 0.0647133 0.0603552 0.0614553 0.0625456 0.0538997 0.0571210 0.0560350 0.0592790 0.0636075 0.0636066 0.0657922 0.0657818 0.0657982 0.0647005 0.0647062 0.0647015 0.0690739 0.0636309 0.0603729 0.0614390 0.0560376 0.0581943 0.0657993 0.0657877 0.0668816 0.0614412 0.0603599 0.0592806 
pop1_12    0.0453512 0.0464092 0.0379438 0.0464050 0.0485419 0.0442819 0.0453435 0.0560392 0.0453511 0.0453457 0.0485372 0.0474777 0.0411122 0.0432302 0.0411237 0.0421726 0.0379450 0.0464076 0.0453676 0.0582185 0.0254387 0.0285541 0.0244051 0.0244055 0.0254371 0.0306260 0.0254327 0.0295810 0.0202742 0.0243973 0.0171985 0.0254297 0.0000000 0.0348071 0.0337527 0.0254321 0.0348052 0.0390070 0.0442853 0.0400663 0.0571225 0.0560427 0.0549704 0.0539003 0.0496213 0.0506928 0.0560613 0.0571339 0.0593058 0.0571410 0.0582287 0.0560576 0.0528279 0.0485399 0.0496201 0.0506928 0.0421797 0.0453540 0.0442857 0.0474790 0.0517429 0.0517422 0.0538928 0.0538844 0.0538977 0.0528182 0.0528228 0.0528191 0.0571235 0.0517618 0.0485539 0.0496070 0.0442877 0.0464116 0.0538987 0.0528153 0.0538906 0.0496088 0.0485436 0.0474802 
pop1_13    0.0560493 0.0571210 0.0485347 0.0571162 0.0592851 0.0549631 0.0560403 0.0668891 0.0560493 0.0560427 0.0592797 0.0582060 0.0496096 0.0538983 0.0517642 0.0528259 0.0496049 0.0571195 0.0560698 0.0691038 0.0421775 0.0453652 0.0411213 0.0411219 0.0421749 0.0474784 0.0421674 0.0464077 0.0368927 0.0411079 0.0379499 0.0464128 0.0348071 0.0000000 0.0442858 0.0358496 0.0453549 0.0496159 0.0549674 0.0506914 0.0668989 0.0658042 0.0647191 0.0636360 0.0593027 0.0614699 0.0669155 0.0680027 0.0702080 0.0680112 0.0680153 0.0669112 0.0636340 0.0592824 0.0603811 0.0614699 0.0528349 0.0560530 0.0549678 0.0582076 0.0625309 0.0625300 0.0647133 0.0647024 0.0647185 0.0636224 0.0636280 0.0636240 0.0679908 0.0625539 0.0592999 0.0603654 0.0549703 0.0571243 0.0647197 0.0647083 0.0658007 0.0603672 0.0592872 0.0582091 
pop1_14    0.0549604 0.0560308 0.0474583 0.0560257 0.0581909 0.0538762 0.0549516 0.0657823 0.0549603 0.0549538 0.0581856 0.0571136 0.0506678 0.0528129 0.0506821 0.0517423 0.0485259 0.0560289 0.0549805 0.0679929 0.0411111 0.0442935 0.0400567 0.0400573 0.0411086 0.0464036 0.0411013 0.0453348 0.0358344 0.0400436 0.0368906 0.0453397 0.0337527 0.0442858 0.0000000 0.0347937 0.0442834 0.0485372 0.0538803 0.0496112 0.0668803 0.0657859 0.0647012 0.0636184 0.0592862 0.0603717 0.0658083 0.0668937 0.0690952 0.0669021 0.0680049 0.0658042 0.0625324 0.0581884 0.0592848 0.0603717 0.0517511 0.0549640 0.0538808 0.0571152 0.0614314 0.0614305 0.0636094 0.0635994 0.0636152 0.0625210 0.0625265 0.0625220 0.0668815 0.0614540 0.0582054 0.0592690 0.0538832 0.0560337 0.0636163 0.0636051 0.0646957 0.0592712 0.0581929 0.0571166 
pop1_15    0.0464066 0.0474657 0.0389897 0.0474614 0.0496011 0.0453358 0.0463990 0.0571076 0.0464066 0.0464008 0.0495966 0.0485355 0.0421622 0.0442819 0.0421740 0.0432240 0.0400451 0.0474641 0.0464232 0.0592899 0.0327097 0.0358557 0.0316667 0.0316671 0.0327077 0.0379450 0.0327027 0.0368891 0.0274941 0.0316564 0.0285371 0.0368927 0.0254321 0.0358496 0.0347937 0.0000000 0.0358476 0.0400546 0.0453392 0.0411153 0.0581923 0.0571107 0.0560376 0.0549658 0.0506821 0.0517549 0.0571301 0.0582039 0.0603788 0.0582112 0.0593003 0.0571264 0.0538925 0.0495990 0.0506809 0.0506876 0.0432313 0.0464094 0.0453396 0.0485372 0.0528059 0.0528052 0.0549586 0.0549500 0.0549636 0.0538827 0.0538874 0.0538835 0.0581933 0.0528252 0.0496134 0.0506674 0.0453417 0.0474681 0.0549646 0.0549549 0.0560329 0.0506693 0.0496028 0.0485372 
pop1_16    0.0496112 0.0506740 0.0421614 0.0506702 0.0528197 0.0485352 0.0496032 0.0603591 0.0496111 0.0496049 0.0528149 0.0517496 0.0453482 0.0474783 0.0453609 0.0464149 0.0432218 0.0506740 0.0496292 0.0625524 0.0421752 0.0453627 0.0411191 0.0411197 0.0421726 0.0474758 0.0421651 0.0464052 0.0368898 0.0411062 0.0379478 0.0464102 0.0348052 0.0453549 0.0442834 0.0358476 0.0000000 0.0285381 0.0368927 0.0337571 0.0614490 0.0603624 0.0592848 0.0582090 0.0539062 0.0549840 0.0603829 0.0614613 0.0636464 0.0614690 0.0625633 0.0603790 0.0571305 0.0528168 0.0539049 0.0549840 0.0464227 0.0496143 0.0485394 0.0517510 0.0560383 0.0560376 0.0582009 0.0581917 0.0582061 0.0571210 0.0571251 0.0571210 0.0614500 0.0560589 0.0528328 0.0538906 0.0485416 0.0506773 0.0582072 0.0581970 0.0592798 0.0538926 0.0528215 0.0517524 
pop1_17    0.0538959 0.0549658 0.0464031 0.0549601 0.0571224 0.0528131 0.0538872 0.0647046 0.0538958 0.0538893 0.0571172 0.0560464 0.0496086 0.0517509 0.0496225 0.0506816 0.0474693 0.0549632 0.0539155 0.0669121 0.0464183 0.0496245 0.0453564 0.0453571 0.0464155 0.0517483 0.0464066 0.0506710 0.0411018 0.0453416 0.0421665 0.0506766 0.0390070 0.0496159 0.0485372 0.0400546 0.0285381 0.0000000 0.0411062 0.0379529 0.0658011 0.0647081 0.0636240 0.0625431 0.0582162 0.0593002 0.0647301 0.0658143 0.0680128 0.0658226 0.0669238 0.0647260 0.0614585 0.0571200 0.0582148 0.0593003 0.0506902 0.0538993 0.0528168 0.0560479 0.0603590 0.0603582 0.0625343 0.0625244 0.0625400 0.0614472 0.0614526 0.0614482 0.0658022 0.0603812 0.0571367 0.0581993 0.0528200 0.0549679 0.0603735 0.0625301 0.0636193 0.0582009 0.0571244 0.0560494 
pop1_18    0.0592766 0.0603527 0.0517307 0.0603472 0.0625255 0.0581854 0.0592671 0.0701604 0.0592765 0.0592694 0.0625198 0.0614421 0.0549592 0.0571168 0.0549747 0.0560401 0.0528045 0.0603507 0.0592983 0.0723856 0.0517478 0.0549770 0.0506786 0.0496069 0.0517447 0.0571139 0.0517353 0.0560284 0.0463926 0.0506620 0.0474655 0.0560346 0.0442853 0.0549674 0.0538803 0.0453392 0.0368927 0.0411062 0.0000000 0.0432238 0.0712653 0.0701643 0.0690736 0.0679849 0.0636282 0.0647201 0.0701883 0.0712796 0.0734947 0.0712886 0.0723984 0.0701838 0.0668927 0.0625228 0.0636266 0.0647201 0.0560497 0.0592805 0.0560356 0.0614438 0.0657842 0.0657833 0.0679753 0.0679645 0.0679815 0.0668804 0.0668863 0.0668815 0.0712665 0.0658085 0.0625411 0.0636096 0.0581931 0.0603558 0.0679827 0.0679707 0.0690678 0.0636119 0.0625276 0.0614454 
pop1_19    0.0549780 0.0560487 0.0474734 0.0560427 0.0582095 0.0538934 0.0549691 0.0658042 0.0549779 0.0549713 0.0582042 0.0571318 0.0506840 0.0528297 0.0506982 0.0517587 0.0485413 0.0560468 0.0549980 0.0680147 0.0474890 0.0507003 0.0464254 0.0464262 0.0474861 0.0528270 0.0474776 0.0517479 0.0421633 0.0464103 0.0432304 0.0517536 0.0400663 0.0506914 0.0496112 0.0411153 0.0337571 0.0379529 0.0432238 0.0000000 0.0669018 0.0658070 0.0647219 0.0636387 0.0593052 0.0603910 0.0658294 0.0669152 0.0691173 0.0669236 0.0680267 0.0658251 0.0625524 0.0582070 0.0593037 0.0603910 0.0517676 0.0549815 0.0538980 0.0571334 0.0614500 0.0614500 0.0636298 0.0636197 0.0636356 0.0625410 0.0625465 0.0625420 0.0669029 0.0614736 0.0582240 0.0592879 0.0539004 0.0560515 0.0636367 0.0636255 0.0647165 0.0592901 0.0582115 0.0571348 
pop2_0     0.0679846 0.0690723 0.0603495 0.0690660 0.0712708 0.0668793 0.0679736 0.0767704 0.0679845 0.0679763 0.0712643 0.0701751 0.0636167 0.0657998 0.0636347 0.0647108 0.0603482 0.0690700 0.0680096 0.0812492 0.0647133 0.0680011 0.0636265 0.0636275 0.0647098 0.0701712 0.0646981 0.0690651 0.0592613 0.0636054 0.0603551 0.0690728 0.0571225 0.0668989 0.0668803 0.0581923 0.0614490 0.0658011 0.0712653 0.0669018 0.0000000 0.0030060 0.0080430 0.0131129 0.0171956 0.0223266 0.0295694 0.0306070 0.0389916 0.0368865 0.0400488 0.0379344 0.0474657 0.0432103 0.0442819 0.0453457 0.0368952 0.0400470 0.0389874 0.0421567 0.0549461 0.0549453 0.0571048 0.0570958 0.0571099 0.0549492 0.0560308 0.0560268 0.0603483 0.0549658 0.0517457 0.0517331 0.0474620 0.0495942 0.0571110 0.0571010 0.0581819 0.0528039 0.0517347 0.0506672 
pop2_1     0.0668884 0.0679746 0.0592648 0.0679684 0.0701698 0.0657848 0.0668775 0.0756613 0.0668883 0.0668802 0.0701634 0.0690757 0.0625270 0.0647068 0.0625447 0.0636194 0.0592635 0.0679723 0.0669130 0.0801323 0.0636223 0.0669046 0.0625362 0.0625375 0.0636184 0.0690718 0.0636069 0.0679675 0.0581783 0.0625159 0.0592702 0.0679750 0.0560427 0.0658042 0.0657859 0.0571107 0.0603624 0.0647081 0.0701643 0.0658070 0.0030060 0.0000000 0.0070329 0.0120956 0.0161720 0.0212965 0.0285292 0.0295654 0.0379379 0.0358358 0.0389935 0.0368823 0.0463997 0.0421506 0.0432198 0.0442819 0.0358443 0.0389917 0.0379337 0.0410984 0.0538694 0.0538687 0.0560248 0.0560161 0.0560299 0.0549476 0.0549524 0.0549484 0.0592636 0.0538892 0.0506740 0.0506610 0.0463961 0.0485252 0.0560309 0.0560211 0.0571005 0.0517303 0.0506625 0.0495966 
pop2_2     0.0658020 0.0668868 0.0581889 0.0668807 0.0690790 0.0647001 0.0657913 0.0745632 0.0658019 0.0657940 0.0690727 0.0679863 0.0614466 0.0636240 0.0614639 0.0625374 0.0581876 0.0668846 0.0658262 0.0790281 0.0625402 0.0658179 0.0614560 0.0614569 0.0625362 0.0679825 0.0625251 0.0668798 0.0571039 0.0614357 0.0581943 0.0668872 0.0549704 0.0647191 0.0647012 0.0560376 0.0592848 0.0636240 0.0690736 0.0647219 0.0080430 0.0070329 0.0000000 0.0110815 0.0151520 0.0202704 0.0274938 0.0285288 0.0368902 0.0347909 0.0379438 0.0358361 0.0453409 0.0410975 0.0421650 0.0432264 0.0347991 0.0379426 0.0368861 0.0400466 0.0528009 0.0528001 0.0549533 0.0549447 0.0549583 0.0538775 0.0538822 0.0538784 0.0581878 0.0528202 0.0496087 0.0495966 0.0453373 0.0474636 0.0549593 0.0549497 0.0560276 0.0506645 0.0495981 0.0485335 
pop2_3     0.0647175 0.0658010 0.0571149 0.0657950 0.0679908 0.0636173 0.0647071 0.0734672 0.0647175 0.0647097 0.0679840 0.0668990 0.0603680 0.0625418 0.0603851 0.0614573 0.0571136 0.0657988 0.0647413 0.0779256 0.0614601 0.0647332 0.0603772 0.0603782 0.0614563 0.0668952 0.0614452 0.0657942 0.0560314 0.0603573 0.0571210 0.0658015 0.0539003 0.0636360 0.0636184 0.0549658 0.0582090 0.0625431 0.0679849 0.0636387 0.0131129 0.0120956 0.0110815 0.0000000 0.0141339 0.0192448 0.0264599 0.0274936 0.0358441 0.0337480 0.0368967 0.0347914 0.0442837 0.0400461 0.0411119 0.0421718 0.0337555 0.0368951 0.0358401 0.0389965 0.0517341 0.0517334 0.0538836 0.0538752 0.0538885 0.0528093 0.0528139 0.0528101 0.0571137 0.0517530 0.0485457 0.0485339 0.0442802 0.0464037 0.0538895 0.0538801 0.0549565 0.0496004 0.0485354 0.0474722 
pop2_4     0.0603786 0.0614565 0.0528192 0.0614500 0.0636331 0.0592853 0.0603689 0.0690800 0.0603785 0.0603713 0.0636273 0.0625479 0.0560535 0.0582150 0.0560694 0.0571364 0.0528180 0.0614544 0.0604007 0.0735111 0.0571390 0.0603932 0.0560621 0.0560629 0.0571355 0.0625444 0.0571252 0.0614500 0.0517422 0.0560427 0.0528240 0.0614568 0.0496213 0.0593027 0.0592862 0.0506821 0.0539062 0.0582162 0.0636282 0.0593052 0.0171956 0.0161720 0.0151520 0.0141339 0.0000000 0.0151549 0.0223312 0.0233600 0.0316646 0.0295796 0.0327112 0.0306182 0.0400583 0.0358444 0.0369034 0.0379572 0.0295865 0.0327097 0.0316611 0.0347999 0.0474687 0.0474680 0.0496060 0.0495982 0.0496104 0.0485372 0.0485418 0.0485384 0.0528181 0.0474860 0.0442963 0.0453446 0.0400551 0.0421671 0.0496114 0.0496027 0.0506740 0.0453463 0.0442869 0.0432293 
pop2_5     0.0614659 0.0625452 0.0538951 0.0625395 0.0647252 0.0603707 0.0614559 0.0701800 0.0614658 0.0614584 0.0647193 0.0636383 0.0571344 0.0592990 0.0571505 0.0582189 0.0538939 0.0603674 0.0614884 0.0746182 0.0582216 0.0614807 0.0571431 0.0571439 0.0582180 0.0636348 0.0582075 0.0625387 0.0528168 0.0571243 0.0539000 0.0625456 0.0506928 0.0614699 0.0603717 0.0517549 0.0549840 0.0593002 0.0647201 0.0603910 0.0223266 0.0212965 0.0202704 0.0192448 0.0151549 0.0000000 0.0233631 0.0243924 0.0327099 0.0306218 0.0337581 0.0316618 0.0411156 0.0368955 0.0379563 0.0390118 0.0306290 0.0337566 0.0327063 0.0358497 0.0485372 0.0485359 0.0506771 0.0506692 0.0506817 0.0496072 0.0496115 0.0496080 0.0538940 0.0485543 0.0453600 0.0464095 0.0411124 0.0432274 0.0506826 0.0506740 0.0517457 0.0464112 0.0453504 0.0442913 
pop2_6     0.0669112 0.0679978 0.0592849 0.0679908 0.0701937 0.0658073 0.0669004 0.0756872 0.0669111 0.0669030 0.0701874 0.0690992 0.0625483 0.0647288 0.0625660 0.0636410 0.0592836 0.0679955 0.0669358 0.0801604 0.0636440 0.0669274 0.0625578 0.0625588 0.0636400 0.0690954 0.0636285 0.0679908 0.0581980 0.0625362 0.0592904 0.0679982 0.0560613 0.0669155 0.0658083 0.0571301 0.0603829 0.0647301 0.0701883 0.0658294 0.0295694 0.0285292 0.0274938 0.0264599 0.0223312 0.0233631 0.0000000 0.0212966 0.0379506 0.0358478 0.0390066 0.0368946 0.0464154 0.0421648 0.0432343 0.0442975 0.0358563 0.0390048 0.0379464 0.0411122 0.0538877 0.0538869 0.0560438 0.0560351 0.0560489 0.0549658 0.0549710 0.0549671 0.0592837 0.0539074 0.0506904 0.0517459 0.0464118 0.0485415 0.0560499 0.0560401 0.0571198 0.0517478 0.0485428 0.0496134 
pop2_7     0.0679982 0.0690865 0.0603616 0.0690798 0.0712851 0.0668926 0.0679872 0.0767858 0.0679981 0.0679908 0.0712786 0.0701892 0.0636294 0.0658129 0.0636475 0.0647237 0.0603603 0.0690838 0.0680232 0.0812656 0.0647267 0.0680147 0.0636392 0.0636402 0.0647227 0.0701853 0.0647110 0.0690789 0.0592731 0.0636181 0.0603671 0.0690865 0.0571339 0.0680027 0.0668937 0.0582039 0.0614613 0.0658143 0.0712796 0.0669152 0.0306070 0.0295654 0.0285288 0.0274936 0.0233600 0.0243924 0.0212966 0.0000000 0.0389994 0.0368938 0.0400568 0.0379419 0.0474752 0.0432189 0.0442901 0.0453547 0.0369025 0.0400550 0.0389951 0.0421650 0.0549570 0.0538849 0.0571161 0.0571072 0.0571210 0.0560371 0.0560427 0.0560380 0.0603604 0.0549772 0.0517560 0.0528125 0.0474711 0.0496049 0.0571224 0.0571124 0.0581935 0.0528144 0.0496049 0.0506773 
pop2_8     0.0702034 0.0712945 0.0625428 0.0712880 0.0735004 0.0690940 0.0701920 0.0790178 0.0702033 0.0701949 0.0734937 0.0724012 0.0658210 0.0680114 0.0658397 0.0669189 0.0625414 0.0712921 0.0702293 0.0835126 0.0669220 0.0702205 0.0658311 0.0658322 0.0669178 0.0723971 0.0669057 0.0712870 0.0614500 0.0658094 0.0625486 0.0712950 0.0593058 0.0702080 0.0690952 0.0603788 0.0636464 0.0680128 0.0734947 0.0691173 0.0389916 0.0379379 0.0368902 0.0358441 0.0316646 0.0327099 0.0379506 0.0389994 0.0000000 0.0348017 0.0421768 0.0400552 0.0496174 0.0453480 0.0464229 0.0474909 0.0390134 0.0421749 0.0411116 0.0442912 0.0571210 0.0571210 0.0592874 0.0592781 0.0592928 0.0582049 0.0582100 0.0582059 0.0625416 0.0571425 0.0539115 0.0549706 0.0474821 0.0496152 0.0560599 0.0592834 0.0603680 0.0549726 0.0539000 0.0528292 
