80
pop0_0     0.0000000 0.0030060 0.0110827 0.0274980 0.0348041 0.0327055 0.0358403 0.0400506 0.0474665 0.0337453 0.0432251 0.0474783 0.0432252 0.0464083 0.0442903 0.0464078 0.0464106 0.0432202 0.0432260 0.0474701 0.0506769 0.0506831 0.0474750 0.0453474 0.0528277 0.0485403 0.0506833 0.0496049 0.0571331 0.0421707 0.0506726 0.0538857 0.0496069 0.0517410 0.0538856 0.0464066 0.0485313 0.0549706 0.0442860 0.0421594 0.0379451 0.0411051 0.0389946 0.0442734 0.0474711 0.0474731 0.0442772 0.0442782 0.0517432 0.0432175 0.0506766 0.0400556 0.0421694 0.0453466 0.0506838 0.0442841 0.0485362 0.0411062 0.0560427 0.0496162 0.0506759 0.0485372 0.0506755 0.0517457 0.0528180 0.0538938 0.0560427 0.0517556 0.0592929 0.0625587 0.0538878 0.0538980 0.0528096 0.0549631 0.0496137 0.0506689 0.0560438 0.0560403 0.0464084 0.0549648 
pop0_1     0.0030060 0.0000000 0.0080430 0.0243924 0.0316669 0.0295777 0.0326998 0.0368927 0.0442770 0.0306137 0.0400531 0.0442880 0.0400532 0.0432229 0.0411134 0.0432218 0.0432250 0.0400486 0.0400539 0.0442804 0.0474732 0.0474790 0.0442849 0.0421663 0.0496143 0.0453458 0.0474792 0.0464066 0.0539013 0.0390028 0.0474692 0.0506687 0.0464079 0.0485332 0.0506687 0.0432218 0.0453373 0.0517485 0.0411095 0.0389924 0.0347948 0.0379424 0.0358408 0.0410977 0.0442819 0.0442831 0.0411012 0.0411023 0.0485352 0.0400461 0.0474730 0.0368968 0.0390017 0.0421656 0.0474796 0.0411077 0.0453419 0.0379438 0.0528168 0.0464165 0.0474724 0.0453423 0.0474711 0.0506778 0.0496049 0.0506763 0.0528168 0.0485468 0.0560518 0.0593029 0.0506707 0.0506803 0.0495974 0.0517414 0.0464142 0.0474658 0.0528168 0.0528139 0.0432229 0.0517430 
pop0_2     0.0110827 0.0080430 0.0000000 0.0223304 0.0295852 0.0275019 0.0306165 0.0347966 0.0421617 0.0285361 0.0379489 0.0421721 0.0379490 0.0411102 0.0390062 0.0411097 0.0411122 0.0379438 0.0379498 0.0421649 0.0453487 0.0453543 0.0421692 0.0400564 0.0474837 0.0432272 0.0453544 0.0442847 0.0517587 0.0369013 0.0453450 0.0485357 0.0442864 0.0464066 0.0485357 0.0411089 0.0432191 0.0496122 0.0390024 0.0368915 0.0327058 0.0358442 0.0337480 0.0389913 0.0421656 0.0421675 0.0389946 0.0389965 0.0464080 0.0379423 0.0453485 0.0348012 0.0369002 0.0400557 0.0453549 0.0390007 0.0432235 0.0358448 0.0506772 0.0442946 0.0453480 0.0432239 0.0453475 0.0485444 0.0474750 0.0485430 0.0506779 0.0464191 0.0539034 0.0571449 0.0485372 0.0485468 0.0474675 0.0496049 0.0442924 0.0453417 0.0506781 0.0506740 0.0411102 0.0496069 
pop0_3     0.0274980 0.0243924 0.0223304 0.0000000 0.0337559 0.0316605 0.0347909 0.0389948 0.0464004 0.0326990 0.0421650 0.0464120 0.0421650 0.0453435 0.0421679 0.0453435 0.0453458 0.0421602 0.0421659 0.0464040 0.0496059 0.0496120 0.0485372 0.0442842 0.0517534 0.0474725 0.0496122 0.0485357 0.0549739 0.0411120 0.0496018 0.0528102 0.0485372 0.0506687 0.0528102 0.0453422 0.0474637 0.0517480 0.0432244 0.0389934 0.0368927 0.0400481 0.0358407 0.0432120 0.0464048 0.0464066 0.0432157 0.0432168 0.0506708 0.0421576 0.0496049 0.0390000 0.0411108 0.0442834 0.0496127 0.0432218 0.0464066 0.0411062 0.0549641 0.0485466 0.0496049 0.0474689 0.0496049 0.0528197 0.0517447 0.0528181 0.0549658 0.0506829 0.0582092 0.0614699 0.0528123 0.0528223 0.0495972 0.0517411 0.0464140 0.0463997 0.0549658 0.0549616 0.0453435 0.0538877 
pop0_4     0.0348041 0.0316669 0.0295852 0.0337559 0.0000000 0.0327150 0.0358508 0.0400621 0.0474806 0.0337552 0.0432378 0.0474924 0.0432379 0.0464220 0.0443034 0.0464215 0.0464243 0.0432330 0.0432388 0.0474842 0.0506919 0.0506982 0.0496212 0.0453607 0.0528434 0.0485547 0.0506983 0.0496197 0.0571502 0.0421831 0.0506877 0.0539017 0.0496216 0.0517564 0.0539017 0.0464206 0.0485457 0.0549870 0.0442991 0.0421718 0.0379563 0.0411172 0.0390061 0.0442864 0.0474850 0.0474871 0.0442902 0.0442913 0.0517585 0.0432303 0.0496197 0.0400673 0.0421818 0.0453600 0.0506988 0.0442972 0.0485506 0.0421765 0.0560596 0.0496309 0.0506910 0.0485510 0.0506905 0.0539114 0.0528337 0.0539098 0.0560603 0.0517710 0.0593106 0.0625774 0.0528293 0.0539140 0.0528253 0.0549795 0.0496284 0.0506839 0.0560605 0.0560570 0.0464221 0.0549812 
pop0_5     0.0327055 0.0295777 0.0275019 0.0316605 0.0327150 0.0000000 0.0254248 0.0337502 0.0411062 0.0274980 0.0368981 0.0411154 0.0368982 0.0400550 0.0379538 0.0400546 0.0400570 0.0368940 0.0368989 0.0411083 0.0442876 0.0442931 0.0432264 0.0390026 0.0464194 0.0421690 0.0442932 0.0432251 0.0506884 0.0358519 0.0442839 0.0474711 0.0432268 0.0453435 0.0474711 0.0400537 0.0421612 0.0485450 0.0379501 0.0358430 0.0316622 0.0347964 0.0327027 0.0379393 0.0411090 0.0411108 0.0379425 0.0379438 0.0453455 0.0368927 0.0442874 0.0337546 0.0358508 0.0390020 0.0442936 0.0379484 0.0421654 0.0358463 0.0496087 0.0432348 0.0442869 0.0421658 0.0442865 0.0453483 0.0464110 0.0474774 0.0496094 0.0453564 0.0528301 0.0560669 0.0474722 0.0474811 0.0464036 0.0485384 0.0432327 0.0442807 0.0496096 0.0496064 0.0400550 0.0485399 
pop0_6     0.0358403 0.0326998 0.0306165 0.0347909 0.0358508 0.0254248 0.0000000 0.0368892 0.0442737 0.0306114 0.0400506 0.0442847 0.0400506 0.0411048 0.0411103 0.0432192 0.0432218 0.0400456 0.0400506 0.0442770 0.0474696 0.0474754 0.0464039 0.0421633 0.0496105 0.0453423 0.0474756 0.0464025 0.0538971 0.0389999 0.0474656 0.0506648 0.0464043 0.0485295 0.0506648 0.0432183 0.0453339 0.0517447 0.0411062 0.0389894 0.0347929 0.0379395 0.0358381 0.0410946 0.0442778 0.0442798 0.0410981 0.0410991 0.0485315 0.0400431 0.0474694 0.0368940 0.0389987 0.0421633 0.0474760 0.0411046 0.0453385 0.0389938 0.0528123 0.0464130 0.0474687 0.0453389 0.0474683 0.0506740 0.0496015 0.0506725 0.0528130 0.0485431 0.0560475 0.0592983 0.0506669 0.0506764 0.0495936 0.0517374 0.0464107 0.0474622 0.0517406 0.0517374 0.0421607 0.0506680 
pop0_7     0.0400506 0.0368927 0.0347966 0.0389948 0.0400621 0.0337502 0.0368892 0.0000000 0.0295743 0.0202715 0.0295799 0.0421674 0.0379438 0.0411062 0.0368985 0.0389965 0.0411075 0.0379404 0.0379455 0.0421601 0.0453435 0.0453491 0.0442819 0.0400518 0.0474782 0.0432218 0.0453493 0.0442796 0.0517527 0.0368972 0.0453398 0.0485301 0.0442819 0.0464008 0.0485301 0.0411042 0.0432142 0.0496065 0.0389980 0.0368873 0.0327027 0.0358401 0.0337446 0.0389869 0.0421608 0.0421633 0.0379366 0.0389912 0.0464027 0.0379380 0.0453435 0.0347972 0.0368961 0.0379418 0.0453497 0.0389965 0.0432186 0.0368915 0.0506714 0.0442896 0.0453435 0.0432190 0.0453424 0.0485389 0.0474696 0.0485372 0.0506721 0.0464138 0.0538971 0.0571383 0.0485321 0.0485413 0.0453370 0.0495997 0.0442874 0.0453365 0.0506723 0.0506691 0.0411062 0.0496012 
pop0_8     0.0474665 0.0442770 0.0421617 0.0464004 0.0474806 0.0411062 0.0442737 0.0295743 0.0000000 0.0274954 0.0368948 0.0496049 0.0453404 0.0485320 0.0464087 0.0464017 0.0485344 0.0453352 0.0453414 0.0495966 0.0528122 0.0528187 0.0517389 0.0474684 0.0549692 0.0506699 0.0528189 0.0517373 0.0592864 0.0442833 0.0528078 0.0560294 0.0517393 0.0538790 0.0560294 0.0485305 0.0506605 0.0571177 0.0464042 0.0442714 0.0400462 0.0432145 0.0410983 0.0463909 0.0495975 0.0495997 0.0463949 0.0463960 0.0538812 0.0453324 0.0528120 0.0421633 0.0442819 0.0474676 0.0528194 0.0464022 0.0506656 0.0442764 0.0581927 0.0517490 0.0528112 0.0506660 0.0528108 0.0560395 0.0549591 0.0560379 0.0581935 0.0538942 0.0614520 0.0647271 0.0560316 0.0560427 0.0528045 0.0571099 0.0517464 0.0528039 0.0581937 0.0581900 0.0485321 0.0571117 
pop0_9     0.0337453 0.0306137 0.0285361 0.0326990 0.0337552 0.0274980 0.0306114 0.0202715 0.0274954 0.0000000 0.0213022 0.0358430 0.0316574 0.0347917 0.0327048 0.0327000 0.0347934 0.0316538 0.0316589 0.0347891 0.0389937 0.0389985 0.0379403 0.0337466 0.0411093 0.0368904 0.0389986 0.0379391 0.0453472 0.0306180 0.0389905 0.0421541 0.0379406 0.0400427 0.0421541 0.0347906 0.0368835 0.0432201 0.0327017 0.0306098 0.0264589 0.0295711 0.0274933 0.0326924 0.0358384 0.0358399 0.0326951 0.0326960 0.0400444 0.0316518 0.0389936 0.0285361 0.0306165 0.0337461 0.0389990 0.0327002 0.0368872 0.0306133 0.0442765 0.0379477 0.0389931 0.0368876 0.0389927 0.0421616 0.0411019 0.0421604 0.0442771 0.0400539 0.0474735 0.0506856 0.0421558 0.0421633 0.0410954 0.0432142 0.0379458 0.0389877 0.0442772 0.0442744 0.0347917 0.0432156 
pop0_10    0.0432251 0.0400531 0.0379489 0.0421650 0.0432378 0.0368981 0.0400506 0.0295799 0.0368948 0.0213022 0.0000000 0.0453516 0.0411105 0.0442848 0.0421724 0.0421662 0.0442870 0.0411062 0.0411113 0.0453435 0.0485414 0.0485474 0.0474741 0.0432268 0.0506858 0.0442881 0.0485475 0.0474726 0.0549791 0.0400588 0.0464034 0.0517414 0.0474745 0.0496028 0.0517414 0.0442834 0.0464022 0.0528230 0.0421684 0.0400480 0.0358452 0.0389965 0.0368927 0.0421563 0.0453446 0.0453466 0.0421600 0.0421610 0.0496049 0.0411033 0.0485412 0.0379496 0.0400576 0.0432260 0.0485480 0.0421665 0.0464066 0.0400525 0.0538923 0.0474833 0.0485405 0.0464066 0.0485401 0.0517507 0.0506766 0.0517492 0.0538931 0.0496168 0.0571328 0.0603888 0.0517435 0.0517533 0.0506685 0.0528157 0.0474809 0.0485338 0.0538933 0.0538906 0.0442849 0.0528168 
pop0_11    0.0474783 0.0442880 0.0421721 0.0464120 0.0474924 0.0411154 0.0442847 0.0421674 0.0496049 0.0358430 0.0453516 0.0000000 0.0080430 0.0192409 0.0212996 0.0295739 0.0358403 0.0389922 0.0389965 0.0432178 0.0506794 0.0506857 0.0496090 0.0453497 0.0528304 0.0485428 0.0506858 0.0496075 0.0571360 0.0421728 0.0506752 0.0538884 0.0496094 0.0517436 0.0538884 0.0464092 0.0485338 0.0549734 0.0442883 0.0421615 0.0379470 0.0411062 0.0389965 0.0442756 0.0474734 0.0474755 0.0442794 0.0442805 0.0517458 0.0432197 0.0506792 0.0400576 0.0421716 0.0453489 0.0496155 0.0442863 0.0485386 0.0421663 0.0560457 0.0496187 0.0506785 0.0485391 0.0506781 0.0538981 0.0528207 0.0538965 0.0560465 0.0517582 0.0592959 0.0625619 0.0528168 0.0539007 0.0528123 0.0571242 0.0496162 0.0506715 0.0560467 0.0582046 0.0464107 0.0549676 
pop0_12    0.0432252 0.0400532 0.0379490 0.0421650 0.0432379 0.0368982 0.0400506 0.0379438 0.0453404 0.0316574 0.0411105 0.0080430 0.0000000 0.0151479 0.0171944 0.0254229 0.0316542 0.0347885 0.0347931 0.0389900 0.0464081 0.0464138 0.0453435 0.0411087 0.0485460 0.0442837 0.0464139 0.0453435 0.0528267 0.0379496 0.0464042 0.0495991 0.0453435 0.0474667 0.0495991 0.0421633 0.0442754 0.0506772 0.0400534 0.0379395 0.0337480 0.0368909 0.0347923 0.0400419 0.0432207 0.0432218 0.0400454 0.0400463 0.0474686 0.0389917 0.0464078 0.0358466 0.0379485 0.0411080 0.0453498 0.0400516 0.0442799 0.0379438 0.0517436 0.0453527 0.0464066 0.0442803 0.0464066 0.0496080 0.0485372 0.0496066 0.0517447 0.0474800 0.0549742 0.0582203 0.0485331 0.0496105 0.0485294 0.0528158 0.0453504 0.0464008 0.0517447 0.0538906 0.0421633 0.0506718 
pop0_13    0.0464083 0.0432229 0.0411102 0.0453435 0.0464220 0.0400550 0.0411048 0.0411062 0.0485320 0.0347917 0.0442848 0.0192409 0.0151479 0.0000000 0.0202693 0.0285313 0.0347882 0.0379355 0.0379405 0.0421546 0.0496049 0.0496106 0.0485357 0.0442819 0.0517519 0.0474711 0.0496107 0.0485343 0.0560509 0.0411108 0.0496003 0.0528086 0.0485361 0.0506672 0.0528086 0.0453409 0.0474623 0.0538918 0.0432231 0.0410998 0.0368916 0.0400470 0.0379397 0.0432108 0.0464035 0.0464055 0.0432145 0.0432155 0.0506693 0.0421564 0.0496049 0.0389989 0.0411096 0.0442819 0.0485420 0.0432218 0.0474671 0.0411044 0.0549625 0.0485452 0.0496036 0.0474675 0.0496032 0.0528181 0.0517425 0.0528168 0.0549632 0.0506814 0.0582074 0.0614680 0.0517382 0.0528207 0.0517342 0.0560392 0.0485428 0.0495967 0.0549634 0.0571180 0.0453424 0.0538861 
pop0_14    0.0442903 0.0411134 0.0390062 0.0421679 0.0443034 0.0379538 0.0411103 0.0368985 0.0464087 0.0327048 0.0421724 0.0212996 0.0171944 0.0202693 0.0000000 0.0264614 0.0327015 0.0358405 0.0358453 0.0400484 0.0474780 0.0474839 0.0464122 0.0421706 0.0496194 0.0453504 0.0474840 0.0464108 0.0539067 0.0390068 0.0474741 0.0506740 0.0464126 0.0485372 0.0506740 0.0432259 0.0453420 0.0506806 0.0411137 0.0389965 0.0347990 0.0379462 0.0358445 0.0411019 0.0442857 0.0442876 0.0400487 0.0411062 0.0474726 0.0400506 0.0474778 0.0369005 0.0390056 0.0421699 0.0464182 0.0411118 0.0453465 0.0390007 0.0528217 0.0464212 0.0474772 0.0453469 0.0474768 0.0506830 0.0496103 0.0506815 0.0528224 0.0485518 0.0560575 0.0593089 0.0496063 0.0506855 0.0496025 0.0538956 0.0464189 0.0474711 0.0528226 0.0549714 0.0432273 0.0517483 
pop0_15    0.0464078 0.0432218 0.0411097 0.0453435 0.0464215 0.0400546 0.0432192 0.0389965 0.0464017 0.0327000 0.0421662 0.0295739 0.0254229 0.0285313 0.0264614 0.0000000 0.0337429 0.0379350 0.0379401 0.0421541 0.0496049 0.0496101 0.0485352 0.0442819 0.0517513 0.0474711 0.0496102 0.0485337 0.0560503 0.0411104 0.0495998 0.0528080 0.0485356 0.0506666 0.0528080 0.0453404 0.0474618 0.0538906 0.0432218 0.0410994 0.0368912 0.0400466 0.0379393 0.0432103 0.0464030 0.0464050 0.0432140 0.0432151 0.0506687 0.0421560 0.0496037 0.0389985 0.0411092 0.0442819 0.0485415 0.0432208 0.0474666 0.0411040 0.0549619 0.0485447 0.0496031 0.0474670 0.0496026 0.0528168 0.0517419 0.0528168 0.0549626 0.0506809 0.0582068 0.0603860 0.0517376 0.0528201 0.0517337 0.0560386 0.0485422 0.0495962 0.0549628 0.0571174 0.0453419 0.0538855 
pop0_16    0.0464106 0.0432250 0.0411122 0.0453458 0.0464243 0.0400570 0.0432218 0.0411075 0.0485344 0.0347934 0.0442870 0.0358403 0.0316542 0.0347882 0.0327015 0.0337429 0.0000000 0.0379373 0.0379424 0.0421566 0.0496069 0.0496131 0.0485372 0.0442851 0.0517545 0.0474735 0.0496132 0.0485372 0.0560537 0.0411128 0.0496028 0.0528113 0.0485386 0.0506697 0.0528112 0.0453435 0.0474647 0.0538945 0.0421662 0.0411018 0.0368927 0.0400490 0.0379415 0.0432129 0.0464066 0.0464078 0.0432166 0.0432176 0.0506718 0.0421585 0.0496067 0.0390008 0.0411116 0.0442843 0.0485444 0.0432234 0.0474694 0.0411062 0.0549658 0.0485476 0.0496061 0.0474699 0.0496049 0.0528208 0.0517447 0.0528192 0.0549658 0.0506840 0.0582104 0.0614712 0.0517408 0.0528234 0.0517368 0.0560427 0.0485452 0.0495992 0.0549658 0.0571210 0.0453446 0.0538888 
pop0_17    0.0432202 0.0400486 0.0379438 0.0421602 0.0432330 0.0368940 0.0400456 0.0379404 0.0453352 0.0316538 0.0411062 0.0389922 0.0347885 0.0379355 0.0358405 0.0379350 0.0379373 0.0000000 0.0264570 0.0368804 0.0464027 0.0453477 0.0453387 0.0411040 0.0485404 0.0442786 0.0464086 0.0453373 0.0528206 0.0379453 0.0463989 0.0495934 0.0453391 0.0474612 0.0495934 0.0421577 0.0442704 0.0506713 0.0400488 0.0379351 0.0337446 0.0368867 0.0347884 0.0400374 0.0432157 0.0432176 0.0400408 0.0400418 0.0474632 0.0389872 0.0464025 0.0358430 0.0379438 0.0411033 0.0464090 0.0400470 0.0432172 0.0379394 0.0517376 0.0453475 0.0464019 0.0442752 0.0464015 0.0496023 0.0485315 0.0496009 0.0506712 0.0474746 0.0549678 0.0582136 0.0485276 0.0496049 0.0485238 0.0528097 0.0453452 0.0463955 0.0517385 0.0538837 0.0421591 0.0506660 
pop0_18    0.0432260 0.0400539 0.0379498 0.0421659 0.0432388 0.0368989 0.0400506 0.0379455 0.0453414 0.0316589 0.0411113 0.0389965 0.0347931 0.0379405 0.0358453 0.0379401 0.0379424 0.0264570 0.0000000 0.0368853 0.0464090 0.0464147 0.0453448 0.0411095 0.0485470 0.0442846 0.0464148 0.0453435 0.0528278 0.0379504 0.0464051 0.0496001 0.0453452 0.0474676 0.0496001 0.0421633 0.0442763 0.0506782 0.0400542 0.0379402 0.0337490 0.0368916 0.0347930 0.0400427 0.0432218 0.0432234 0.0400462 0.0400471 0.0474696 0.0389925 0.0464088 0.0337498 0.0379492 0.0411088 0.0464153 0.0400524 0.0442808 0.0379438 0.0517447 0.0453536 0.0464082 0.0442819 0.0464078 0.0496091 0.0485372 0.0496076 0.0517447 0.0474810 0.0549754 0.0582216 0.0485341 0.0496115 0.0485304 0.0528168 0.0453514 0.0464018 0.0506726 0.0528150 0.0411062 0.0496016 
pop0_19    0.0474701 0.0442804 0.0421649 0.0464040 0.0474842 0.0411083 0.0442770 0.0421601 0.0495966 0.0347891 0.0453435 0.0432178 0.0389900 0.0421546 0.0400484 0.0421541 0.0421566 0.0368804 0.0368853 0.0000000 0.0506706 0.0506769 0.0496004 0.0453418 0.0528212 0.0485344 0.0506770 0.0495989 0.0571260 0.0421656 0.0506664 0.0538790 0.0496008 0.0517347 0.0538790 0.0464012 0.0485254 0.0549638 0.0442807 0.0421543 0.0379406 0.0411001 0.0389899 0.0442680 0.0474652 0.0474673 0.0442718 0.0442729 0.0517368 0.0432123 0.0506704 0.0400506 0.0421643 0.0453411 0.0485372 0.0442787 0.0485302 0.0421590 0.0560359 0.0496101 0.0506697 0.0485307 0.0506693 0.0538887 0.0528115 0.0538872 0.0560367 0.0517492 0.0592855 0.0625509 0.0528071 0.0538906 0.0528031 0.0571142 0.0496076 0.0506627 0.0560369 0.0581944 0.0464027 0.0549580 
pop1_0     0.0506769 0.0474732 0.0453487 0.0496059 0.0506919 0.0442876 0.0474696 0.0453435 0.0528122 0.0389937 0.0485414 0.0506794 0.0464081 0.0496049 0.0474780 0.0496049 0.0496069 0.0464027 0.0464090 0.0506706 0.0000000 0.0182195 0.0254262 0.0295770 0.0390025 0.0347948 0.0432290 0.0421633 0.0496145 0.0348003 0.0432200 0.0549591 0.0506740 0.0528115 0.0549591 0.0474700 0.0495972 0.0560458 0.0453463 0.0432165 0.0411062 0.0442788 0.0421594 0.0474598 0.0506716 0.0506740 0.0464019 0.0474651 0.0549618 0.0463998 0.0538906 0.0432253 0.0453481 0.0474711 0.0538986 0.0474711 0.0517412 0.0453424 0.0592799 0.0528265 0.0528155 0.0506701 0.0528151 0.0560441 0.0549636 0.0560427 0.0581982 0.0538986 0.0614570 0.0647324 0.0560362 0.0560468 0.0528070 0.0560379 0.0517506 0.0528082 0.0581985 0.0603623 0.0485361 0.0571163 
pop1_1     0.0506831 0.0474790 0.0453543 0.0496120 0.0506982 0.0442931 0.0474754 0.0453491 0.0528187 0.0389985 0.0485474 0.0506857 0.0464138 0.0496106 0.0474839 0.0496101 0.0496131 0.0453477 0.0464147 0.0506769 0.0182195 0.0000000 0.0254287 0.0295806 0.0390072 0.0347995 0.0432343 0.0421679 0.0496207 0.0348046 0.0432253 0.0549658 0.0506808 0.0528180 0.0549658 0.0474758 0.0496034 0.0560528 0.0453519 0.0432218 0.0411108 0.0442842 0.0421645 0.0474657 0.0506778 0.0506801 0.0464076 0.0474711 0.0549686 0.0464055 0.0538977 0.0432306 0.0453537 0.0485444 0.0517599 0.0474772 0.0496088 0.0453480 0.0592873 0.0528331 0.0528221 0.0506764 0.0528216 0.0560510 0.0549704 0.0560494 0.0582055 0.0539052 0.0614647 0.0647405 0.0560427 0.0560538 0.0528135 0.0560449 0.0517570 0.0528147 0.0582057 0.0603699 0.0485420 0.0571234 
pop1_2     0.0474750 0.0442849 0.0421692 0.0485372 0.0496212 0.0432264 0.0464039 0.0442819 0.0517389 0.0379403 0.0474741 0.0496090 0.0453435 0.0485357 0.0464122 0.0485352 0.0485372 0.0453387 0.0453448 0.0496004 0.0254262 0.0254287 0.0000000 0.0285361 0.0379488 0.0337480 0.0421693 0.0411047 0.0485456 0.0337526 0.0421605 0.0538827 0.0496049 0.0517382 0.0538827 0.0464043 0.0485287 0.0549676 0.0442836 0.0421571 0.0400492 0.0432177 0.0411014 0.0463944 0.0496013 0.0496035 0.0453379 0.0463995 0.0538853 0.0453359 0.0528168 0.0421656 0.0442854 0.0474711 0.0528234 0.0464066 0.0506694 0.0442798 0.0581972 0.0517529 0.0517422 0.0495999 0.0517417 0.0549658 0.0538871 0.0549644 0.0571170 0.0528234 0.0603709 0.0636413 0.0549582 0.0549686 0.0517338 0.0560388 0.0506786 0.0517350 0.0571173 0.0592780 0.0474689 0.0560367 
pop1_3     0.0453474 0.0421663 0.0400564 0.0442842 0.0453607 0.0390026 0.0421633 0.0400518 0.0474684 0.0337466 0.0432268 0.0453497 0.0411087 0.0442819 0.0421706 0.0442819 0.0442851 0.0411040 0.0411095 0.0453418 0.0295770 0.0295806 0.0285361 0.0000000 0.0337542 0.0295769 0.0379512 0.0368927 0.0442918 0.0295811 0.0379438 0.0496002 0.0453453 0.0474677 0.0496002 0.0421633 0.0442764 0.0506783 0.0400542 0.0379403 0.0358430 0.0389948 0.0368904 0.0421545 0.0453435 0.0453446 0.0421581 0.0421591 0.0496027 0.0411015 0.0485390 0.0379480 0.0400558 0.0432241 0.0485458 0.0421647 0.0464048 0.0400506 0.0538906 0.0474812 0.0474711 0.0453414 0.0474711 0.0506767 0.0496049 0.0506753 0.0528168 0.0485458 0.0560507 0.0593017 0.0506697 0.0506792 0.0474637 0.0517447 0.0464132 0.0474648 0.0528168 0.0549647 0.0432218 0.0517420 
pop1_4     0.0528277 0.0496143 0.0474837 0.0517534 0.0528434 0.0464194 0.0496105 0.0474782 0.0549692 0.0411093 0.0506858 0.0528304 0.0485460 0.0517519 0.0496194 0.0517513 0.0517545 0.0485404 0.0485470 0.0528212 0.0390025 0.0390072 0.0379488 0.0337542 0.0000000 0.0285413 0.0453577 0.0442878 0.0517624 0.0369040 0.0453482 0.0571225 0.0528252 0.0549684 0.0549643 0.0496109 0.0517447 0.0582128 0.0474811 0.0453445 0.0432277 0.0464101 0.0442843 0.0496003 0.0528222 0.0528245 0.0496049 0.0496049 0.0571253 0.0485372 0.0560514 0.0453538 0.0474830 0.0506827 0.0560593 0.0496124 0.0538950 0.0474770 0.0592847 0.0549841 0.0549726 0.0528206 0.0549722 0.0582111 0.0571272 0.0582094 0.0582029 0.0560593 0.0636407 0.0669265 0.0582029 0.0582139 0.0571180 0.0614555 0.0539047 0.0549658 0.0592922 0.0614596 0.0496139 0.0582082 
pop1_5     0.0485403 0.0453458 0.0432272 0.0474725 0.0485547 0.0421690 0.0453423 0.0432218 0.0506699 0.0368904 0.0442881 0.0485428 0.0442837 0.0474711 0.0453504 0.0474711 0.0474735 0.0442786 0.0442846 0.0485344 0.0347948 0.0347995 0.0337480 0.0295769 0.0285413 0.0000000 0.0411133 0.0400506 0.0474807 0.0327082 0.0411047 0.0528108 0.0485372 0.0506692 0.0528108 0.0453435 0.0474642 0.0538940 0.0432248 0.0411014 0.0389965 0.0421606 0.0400472 0.0453330 0.0485353 0.0485372 0.0453369 0.0453380 0.0528134 0.0442758 0.0517447 0.0411098 0.0432265 0.0464080 0.0517527 0.0453435 0.0496019 0.0432218 0.0571191 0.0506837 0.0506740 0.0485339 0.0506727 0.0538923 0.0528150 0.0538906 0.0560405 0.0506793 0.0582050 0.0614655 0.0538848 0.0538950 0.0528066 0.0571180 0.0496109 0.0506661 0.0560407 0.0581984 0.0464066 0.0549617 
pop1_6     0.0506833 0.0474792 0.0453544 0.0496122 0.0506983 0.0442932 0.0474756 0.0453493 0.0528189 0.0389986 0.0485475 0.0506858 0.0464139 0.0496107 0.0474840 0.0496102 0.0496132 0.0464086 0.0464148 0.0506770 0.0432290 0.0432343 0.0421693 0.0379512 0.0453577 0.0411133 0.0000000 0.0161715 0.0327129 0.0223364 0.0306204 0.0528168 0.0485445 0.0506759 0.0528168 0.0453487 0.0496035 0.0560529 0.0453520 0.0432218 0.0411109 0.0442843 0.0421646 0.0474658 0.0506780 0.0506802 0.0474699 0.0474711 0.0549688 0.0464066 0.0538978 0.0432307 0.0453538 0.0485445 0.0539054 0.0474774 0.0517478 0.0453481 0.0592875 0.0528332 0.0528222 0.0506765 0.0528218 0.0560512 0.0549705 0.0560496 0.0582056 0.0539054 0.0614648 0.0647407 0.0560427 0.0560539 0.0549618 0.0592864 0.0517571 0.0528149 0.0582059 0.0603700 0.0485422 0.0571236 
pop1_7     0.0496049 0.0464066 0.0442847 0.0485357 0.0496197 0.0432251 0.0464025 0.0442796 0.0517373 0.0379391 0.0474726 0.0496075 0.0453435 0.0485343 0.0464108 0.0485337 0.0485372 0.0453373 0.0453435 0.0495989 0.0421633 0.0421679 0.0411047 0.0368927 0.0442878 0.0400506 0.0161715 0.0000000 0.0316631 0.0213028 0.0295741 0.0517362 0.0474697 0.0495978 0.0517362 0.0442790 0.0485272 0.0549658 0.0442819 0.0421558 0.0400480 0.0432164 0.0411002 0.0463930 0.0495998 0.0496020 0.0463970 0.0463981 0.0538837 0.0453345 0.0528144 0.0421644 0.0442840 0.0474697 0.0528218 0.0464043 0.0506679 0.0442785 0.0560334 0.0496079 0.0517406 0.0495984 0.0517401 0.0549642 0.0538854 0.0549627 0.0571153 0.0528218 0.0603690 0.0636393 0.0549566 0.0549670 0.0538768 0.0581943 0.0506771 0.0517334 0.0571155 0.0592761 0.0474674 0.0560350 
pop1_8     0.0571331 0.0539013 0.0517587 0.0549739 0.0571502 0.0506884 0.0538971 0.0517527 0.0592864 0.0453472 0.0549791 0.0571360 0.0528267 0.0560509 0.0539067 0.0560503 0.0560537 0.0528206 0.0528278 0.0571260 0.0496145 0.0496207 0.0485456 0.0442918 0.0517624 0.0474807 0.0327129 0.0316631 0.0000000 0.0285463 0.0368985 0.0592851 0.0549757 0.0571248 0.0592851 0.0517521 0.0560427 0.0614612 0.0517559 0.0496064 0.0474780 0.0506782 0.0474726 0.0538860 0.0571272 0.0571297 0.0538906 0.0538920 0.0614550 0.0528168 0.0603753 0.0496165 0.0517580 0.0549757 0.0603838 0.0538992 0.0582061 0.0517514 0.0658116 0.0593025 0.0592901 0.0571255 0.0592896 0.0625475 0.0614570 0.0625457 0.0647203 0.0603838 0.0680090 0.0713149 0.0625386 0.0625506 0.0603608 0.0647175 0.0571347 0.0581986 0.0625399 0.0669036 0.0549730 0.0636286 
pop1_9     0.0421707 0.0390028 0.0369013 0.0411120 0.0421831 0.0358519 0.0389999 0.0368972 0.0442833 0.0306180 0.0400588 0.0421728 0.0379496 0.0411108 0.0390068 0.0411104 0.0411128 0.0379453 0.0379504 0.0421656 0.0348003 0.0348046 0.0337526 0.0295811 0.0369040 0.0327082 0.0223364 0.0213028 0.0285463 0.0000000 0.0223319 0.0442819 0.0400563 0.0421646 0.0442819 0.0368967 0.0411048 0.0474795 0.0368994 0.0347948 0.0327063 0.0358448 0.0337480 0.0389919 0.0421663 0.0421682 0.0389952 0.0389965 0.0464087 0.0379438 0.0453493 0.0348017 0.0369008 0.0400563 0.0453556 0.0390013 0.0432242 0.0368962 0.0506780 0.0442953 0.0442862 0.0421651 0.0442857 0.0474780 0.0464102 0.0474767 0.0496086 0.0453556 0.0528292 0.0560659 0.0474711 0.0474804 0.0464029 0.0506771 0.0432320 0.0442800 0.0496087 0.0517483 0.0400544 0.0485391 
pop1_10    0.0506726 0.0474692 0.0453450 0.0496018 0.0506877 0.0442839 0.0474656 0.0453398 0.0528078 0.0389905 0.0464034 0.0506752 0.0464042 0.0496003 0.0474741 0.0495998 0.0496028 0.0463989 0.0464051 0.0506664 0.0432200 0.0432253 0.0421605 0.0379438 0.0453482 0.0411047 0.0306204 0.0295741 0.0368985 0.0223319 0.0000000 0.0528067 0.0485343 0.0506653 0.0528067 0.0453392 0.0495931 0.0560411 0.0453435 0.0432129 0.0411023 0.0442751 0.0421559 0.0474559 0.0506673 0.0506696 0.0474600 0.0474611 0.0549572 0.0463960 0.0538865 0.0432218 0.0453435 0.0485344 0.0538941 0.0474674 0.0495998 0.0453386 0.0571167 0.0528221 0.0528111 0.0506659 0.0528107 0.0560394 0.0549590 0.0560378 0.0581933 0.0538940 0.0614518 0.0647270 0.0560315 0.0560427 0.0549502 0.0592739 0.0517463 0.0528038 0.0581936 0.0603572 0.0485320 0.0571115 
pop1_11    0.0538857 0.0506687 0.0485357 0.0528102 0.0539017 0.0474711 0.0506648 0.0485301 0.0560294 0.0421541 0.0517414 0.0538884 0.0495991 0.0528086 0.0506740 0.0528080 0.0528113 0.0495934 0.0496001 0.0538790 0.0549591 0.0549658 0.0538827 0.0496002 0.0571225 0.0528108 0.0528168 0.0517362 0.0592851 0.0442819 0.0528067 0.0000000 0.0060241 0.0161731 0.0182195 0.0192448 0.0316516 0.0464017 0.0421579 0.0400381 0.0442749 0.0474607 0.0453326 0.0506544 0.0538800 0.0538824 0.0506588 0.0506600 0.0581880 0.0495903 0.0560386 0.0464034 0.0485350 0.0517383 0.0571210 0.0506668 0.0549541 0.0485289 0.0625243 0.0560446 0.0571122 0.0549545 0.0571117 0.0603591 0.0592723 0.0603574 0.0625252 0.0582020 0.0658031 0.0690980 0.0603506 0.0603621 0.0592628 0.0636119 0.0549637 0.0571042 0.0625254 0.0647015 0.0528087 0.0614370 
pop1_12    0.0496069 0.0464079 0.0442864 0.0485372 0.0496216 0.0432268 0.0464043 0.0442819 0.0517393 0.0379406 0.0474745 0.0496094 0.0453435 0.0485361 0.0464126 0.0485356 0.0485386 0.0453391 0.0453452 0.0496008 0.0506740 0.0506808 0.0496049 0.0453453 0.0528252 0.0485372 0.0485445 0.0474697 0.0549757 0.0400563 0.0485343 0.0060241 0.0000000 0.0120989 0.0141342 0.0151540 0.0274953 0.0421644 0.0379438 0.0358366 0.0400495 0.0432181 0.0411018 0.0463948 0.0496018 0.0496049 0.0463988 0.0463999 0.0538858 0.0453362 0.0528168 0.0421660 0.0442857 0.0474711 0.0528239 0.0464066 0.0506699 0.0442802 0.0581977 0.0517534 0.0528157 0.0506703 0.0528153 0.0560443 0.0549638 0.0560427 0.0581985 0.0538988 0.0614573 0.0647327 0.0560364 0.0560471 0.0549550 0.0592791 0.0517508 0.0528084 0.0581987 0.0603626 0.0485362 0.0571166 
pop1_13    0.0517410 0.0485332 0.0464066 0.0506687 0.0517564 0.0453435 0.0485295 0.0464008 0.0538790 0.0400427 0.0496028 0.0517436 0.0474667 0.0506672 0.0485372 0.0506666 0.0506697 0.0474612 0.0474676 0.0517347 0.0528115 0.0528180 0.0517382 0.0474677 0.0549684 0.0506692 0.0506759 0.0495978 0.0571248 0.0421646 0.0506653 0.0161731 0.0120989 0.0000000 0.0161731 0.0171956 0.0295694 0.0442782 0.0400464 0.0379328 0.0421575 0.0453345 0.0432124 0.0485195 0.0517356 0.0517379 0.0485237 0.0485249 0.0560314 0.0474583 0.0549593 0.0442799 0.0464054 0.0495998 0.0549670 0.0485313 0.0528066 0.0463996 0.0603552 0.0538936 0.0549585 0.0528071 0.0549581 0.0581961 0.0571125 0.0581944 0.0603561 0.0560449 0.0636240 0.0669092 0.0581879 0.0581990 0.0571033 0.0614397 0.0538906 0.0549509 0.0603563 0.0625262 0.0506673 0.0592711 
pop1_14    0.0538856 0.0506687 0.0485357 0.0528102 0.0539017 0.0474711 0.0506648 0.0485301 0.0560294 0.0421541 0.0517414 0.0538884 0.0495991 0.0528086 0.0506740 0.0528080 0.0528112 0.0495934 0.0496001 0.0538790 0.0549591 0.0549658 0.0538827 0.0496002 0.0549643 0.0528108 0.0528168 0.0517362 0.0592851 0.0442819 0.0528067 0.0182195 0.0141342 0.0161731 0.0000000 0.0192448 0.0316516 0.0464017 0.0421579 0.0400381 0.0442749 0.0474607 0.0453326 0.0506544 0.0538800 0.0538824 0.0506588 0.0506600 0.0581880 0.0495903 0.0571130 0.0464034 0.0485350 0.0517383 0.0571210 0.0506668 0.0549540 0.0485289 0.0625243 0.0549707 0.0571122 0.0549545 0.0571117 0.0603591 0.0592723 0.0603574 0.0625252 0.0582020 0.0647156 0.0690980 0.0603506 0.0603621 0.0592628 0.0636119 0.0560427 0.0571042 0.0625254 0.0647015 0.0528087 0.0614370 
pop1_15    0.0464066 0.0432218 0.0411089 0.0453422 0.0464206 0.0400537 0.0432183 0.0411042 0.0485305 0.0347906 0.0442834 0.0464092 0.0421633 0.0453409 0.0432259 0.0453404 0.0453435 0.0421577 0.0421633 0.0464012 0.0474700 0.0474758 0.0464043 0.0421633 0.0496109 0.0453435 0.0453487 0.0442790 0.0517521 0.0368967 0.0453392 0.0192448 0.0151540 0.0171956 0.0192448 0.0000000 0.0243892 0.0389965 0.0347938 0.0326957 0.0368904 0.0400457 0.0379385 0.0432094 0.0464020 0.0464041 0.0432131 0.0432142 0.0506677 0.0421551 0.0496027 0.0389976 0.0411083 0.0442808 0.0496097 0.0432199 0.0474656 0.0411031 0.0549608 0.0485437 0.0496021 0.0474660 0.0496016 0.0528168 0.0517409 0.0528150 0.0549616 0.0506799 0.0582057 0.0614662 0.0528091 0.0528191 0.0517326 0.0560375 0.0485413 0.0495952 0.0549618 0.0571163 0.0453409 0.0538845 
pop1_16    0.0485313 0.0453373 0.0432191 0.0474637 0.0485457 0.0421612 0.0453339 0.0432142 0.0506605 0.0368835 0.0464022 0.0485338 0.0442754 0.0474623 0.0453420 0.0474618 0.0474647 0.0442704 0.0442763 0.0485254 0.0495972 0.0496034 0.0485287 0.0442764 0.0517447 0.0474642 0.0496035 0.0485272 0.0560427 0.0411048 0.0495931 0.0316516 0.0274953 0.0295694 0.0316516 0.0243892 0.0000000 0.0411006 0.0368869 0.0347829 0.0389891 0.0421528 0.0400398 0.0453246 0.0485263 0.0485284 0.0453285 0.0453296 0.0528035 0.0442676 0.0517358 0.0411021 0.0432185 0.0463994 0.0517431 0.0453356 0.0495927 0.0432131 0.0571084 0.0506740 0.0517351 0.0495931 0.0517346 0.0549584 0.0538797 0.0549568 0.0571092 0.0528168 0.0603626 0.0636325 0.0549507 0.0549611 0.0538711 0.0581881 0.0506717 0.0517279 0.0571094 0.0581863 0.0474624 0.0560291 
pop1_17    0.0549706 0.0517485 0.0496122 0.0517480 0.0549870 0.0485450 0.0517447 0.0496065 0.0571177 0.0432201 0.0528230 0.0549734 0.0506772 0.0538918 0.0506806 0.0538906 0.0538945 0.0506713 0.0506782 0.0549638 0.0560458 0.0560528 0.0549676 0.0506783 0.0582128 0.0538940 0.0560529 0.0549658 0.0614612 0.0474795 0.0560411 0.0464017 0.0421644 0.0442782 0.0464017 0.0389965 0.0411006 0.0000000 0.0432241 0.0411007 0.0453435 0.0485353 0.0464037 0.0517339 0.0549658 0.0528192 0.0517383 0.0517396 0.0592798 0.0506682 0.0582031 0.0474764 0.0496115 0.0528198 0.0582114 0.0517465 0.0560406 0.0496049 0.0636240 0.0571332 0.0582023 0.0560411 0.0582009 0.0614546 0.0603654 0.0614528 0.0636240 0.0592941 0.0669075 0.0702080 0.0614459 0.0614576 0.0603562 0.0647133 0.0571304 0.0581942 0.0636240 0.0658042 0.0538919 0.0625341 
pop1_18    0.0442860 0.0411095 0.0390024 0.0432244 0.0442991 0.0379501 0.0411062 0.0389980 0.0464042 0.0327017 0.0421684 0.0442883 0.0400534 0.0432231 0.0411137 0.0432218 0.0421662 0.0400488 0.0400542 0.0442807 0.0453463 0.0453519 0.0442836 0.0400542 0.0474811 0.0432248 0.0453520 0.0442819 0.0517559 0.0368994 0.0453435 0.0421579 0.0379438 0.0400464 0.0421579 0.0347938 0.0368869 0.0432241 0.0000000 0.0243924 0.0347948 0.0379426 0.0358410 0.0410980 0.0442819 0.0442834 0.0411015 0.0411025 0.0485355 0.0400463 0.0474733 0.0368970 0.0390019 0.0421658 0.0474799 0.0411079 0.0442793 0.0389965 0.0528168 0.0464168 0.0474726 0.0453435 0.0474722 0.0506781 0.0496049 0.0506766 0.0528168 0.0485471 0.0560521 0.0593032 0.0506710 0.0506806 0.0495977 0.0538906 0.0464144 0.0474660 0.0506712 0.0528135 0.0432232 0.0517433 
pop1_19    0.0421594 0.0389924 0.0368915 0.0389934 0.0421718 0.0358430 0.0389894 0.0368873 0.0442714 0.0306098 0.0400480 0.0421615 0.0379395 0.0410998 0.0389965 0.0410994 0.0411018 0.0379351 0.0379402 0.0421543 0.0432165 0.0432218 0.0421571 0.0379403 0.0453445 0.0411014 0.0432218 0.0421558 0.0496064 0.0347948 0.0432129 0.0400381 0.0358366 0.0379328 0.0400381 0.0326957 0.0347829 0.0411007 0.0243924 0.0000000 0.0326975 0.0358352 0.0337399 0.0389815 0.0421550 0.0421568 0.0389848 0.0389857 0.0442727 0.0379328 0.0453371 0.0347924 0.0368909 0.0400456 0.0453435 0.0389909 0.0432125 0.0368863 0.0506644 0.0442834 0.0453365 0.0432129 0.0453361 0.0485321 0.0474630 0.0485307 0.0506650 0.0464066 0.0538906 0.0571304 0.0485254 0.0485345 0.0474555 0.0517348 0.0442819 0.0453302 0.0506652 0.0528073 0.0410998 0.0474621 
pop2_0     0.0379451 0.0347948 0.0327058 0.0368927 0.0379563 0.0316622 0.0347929 0.0327027 0.0400462 0.0264589 0.0358452 0.0379470 0.0337480 0.0368916 0.0347990 0.0368912 0.0368927 0.0337446 0.0337490 0.0379406 0.0411062 0.0411108 0.0400492 0.0358430 0.0432277 0.0389965 0.0411109 0.0400480 0.0474780 0.0327063 0.0411023 0.0442749 0.0400495 0.0421575 0.0442749 0.0368904 0.0389891 0.0453435 0.0347948 0.0326975 0.0000000 0.0030060 0.0050167 0.0141323 0.0171976 0.0192476 0.0161731 0.0161731 0.0243947 0.0192437 0.0264638 0.0223310 0.0243950 0.0337480 0.0390020 0.0327027 0.0368901 0.0306165 0.0442799 0.0379506 0.0389933 0.0368878 0.0389929 0.0421619 0.0411021 0.0421607 0.0442773 0.0421693 0.0485411 0.0528322 0.0442767 0.0442850 0.0432131 0.0474682 0.0400550 0.0410994 0.0464044 0.0485346 0.0368916 0.0453396 
pop2_1     0.0411051 0.0379424 0.0358442 0.0400481 0.0411172 0.0347964 0.0379395 0.0358401 0.0432145 0.0295711 0.0389965 0.0411062 0.0368909 0.0400470 0.0379462 0.0400466 0.0400490 0.0368867 0.0368916 0.0411001 0.0442788 0.0442842 0.0432177 0.0389948 0.0464101 0.0421606 0.0442843 0.0432164 0.0506782 0.0358448 0.0442751 0.0474607 0.0432181 0.0453345 0.0474607 0.0400457 0.0421528 0.0485353 0.0379426 0.0358352 0.0030060 0.0000000 0.0080430 0.0171934 0.0202727 0.0223310 0.0192436 0.0192448 0.0274980 0.0223265 0.0295756 0.0254262 0.0274993 0.0368911 0.0421667 0.0358408 0.0400453 0.0337450 0.0474661 0.0411110 0.0421573 0.0400428 0.0421569 0.0453392 0.0442748 0.0453379 0.0474633 0.0453473 0.0517447 0.0560555 0.0474627 0.0474711 0.0463943 0.0485321 0.0432240 0.0442719 0.0495996 0.0517387 0.0400470 0.0485302 
pop2_2     0.0389946 0.0358408 0.0337480 0.0358407 0.0390061 0.0327027 0.0358381 0.0337446 0.0410983 0.0274933 0.0368927 0.0389965 0.0347923 0.0379397 0.0358445 0.0379393 0.0379415 0.0347884 0.0347930 0.0389899 0.0421594 0.0421645 0.0411014 0.0368904 0.0442843 0.0400472 0.0421646 0.0411002 0.0474726 0.0337480 0.0421559 0.0453326 0.0411018 0.0432124 0.0453326 0.0379385 0.0400398 0.0464037 0.0358410 0.0337399 0.0050167 0.0080430 0.0000000 0.0151498 0.0182195 0.0202728 0.0171942 0.0171956 0.0254262 0.0202687 0.0274980 0.0233600 0.0254262 0.0347926 0.0400530 0.0337453 0.0379381 0.0316554 0.0453377 0.0390002 0.0400441 0.0379357 0.0400437 0.0432169 0.0421556 0.0432156 0.0453351 0.0432245 0.0496049 0.0539017 0.0453344 0.0453435 0.0421520 0.0464006 0.0389983 0.0400414 0.0474650 0.0495980 0.0379397 0.0463988 
pop2_3     0.0442734 0.0410977 0.0389913 0.0432120 0.0442864 0.0379393 0.0410946 0.0389869 0.0463909 0.0326924 0.0421563 0.0442756 0.0400419 0.0432108 0.0411019 0.0432103 0.0432129 0.0400374 0.0400427 0.0442680 0.0474598 0.0474657 0.0463944 0.0421545 0.0496003 0.0453330 0.0474658 0.0463930 0.0538860 0.0389919 0.0474559 0.0506544 0.0463948 0.0485195 0.0506544 0.0432094 0.0453246 0.0517339 0.0410980 0.0389815 0.0141323 0.0171934 0.0151498 0.0000000 0.0233576 0.0254241 0.0223241 0.0223247 0.0306126 0.0254190 0.0326984 0.0285321 0.0306129 0.0400423 0.0453396 0.0389876 0.0432089 0.0368833 0.0506601 0.0442797 0.0453295 0.0432063 0.0453290 0.0485246 0.0474556 0.0485232 0.0506572 0.0485332 0.0549576 0.0592860 0.0506564 0.0506660 0.0495834 0.0538748 0.0464011 0.0474524 0.0528023 0.0549502 0.0432108 0.0517284 
pop2_4     0.0474711 0.0442819 0.0421656 0.0464048 0.0474850 0.0411090 0.0442778 0.0421608 0.0495975 0.0358384 0.0453446 0.0474734 0.0432207 0.0464035 0.0442857 0.0464030 0.0464066 0.0432157 0.0432218 0.0474652 0.0506716 0.0506778 0.0496013 0.0453435 0.0528222 0.0485353 0.0506780 0.0495998 0.0571272 0.0421663 0.0506673 0.0538800 0.0496018 0.0517356 0.0538800 0.0464020 0.0485263 0.0549658 0.0442819 0.0421550 0.0171976 0.0202727 0.0182195 0.0233576 0.0000000 0.0285391 0.0254262 0.0254262 0.0337500 0.0285333 0.0358449 0.0316604 0.0337504 0.0432218 0.0485424 0.0421617 0.0464015 0.0400479 0.0538861 0.0474778 0.0485314 0.0463986 0.0485310 0.0517410 0.0506671 0.0517396 0.0538830 0.0517502 0.0582034 0.0625522 0.0538822 0.0538924 0.0528041 0.0571153 0.0496085 0.0506636 0.0538870 0.0581956 0.0464035 0.0549591 
pop2_5     0.0474731 0.0442831 0.0421675 0.0464066 0.0474871 0.0411108 0.0442798 0.0421633 0.0495997 0.0358399 0.0453466 0.0474755 0.0432218 0.0464055 0.0442876 0.0464050 0.0464078 0.0432176 0.0432234 0.0474673 0.0506740 0.0506801 0.0496035 0.0453446 0.0528245 0.0485372 0.0506802 0.0496020 0.0571297 0.0421682 0.0506696 0.0538824 0.0496049 0.0517379 0.0538824 0.0464041 0.0485284 0.0528192 0.0442834 0.0421568 0.0192476 0.0223310 0.0202728 0.0254241 0.0285391 0.0000000 0.0192448 0.0254262 0.0337515 0.0285346 0.0358465 0.0316618 0.0337519 0.0432229 0.0485445 0.0421633 0.0464036 0.0400506 0.0538885 0.0464131 0.0485336 0.0464007 0.0485332 0.0517433 0.0506693 0.0517418 0.0538854 0.0517525 0.0582060 0.0614657 0.0538846 0.0538948 0.0517369 0.0560427 0.0496107 0.0506659 0.0560405 0.0581982 0.0464066 0.0549615 
pop2_6     0.0442772 0.0411012 0.0389946 0.0432157 0.0442902 0.0379425 0.0410981 0.0379366 0.0463949 0.0326951 0.0421600 0.0442794 0.0400454 0.0432145 0.0400487 0.0432140 0.0432166 0.0400408 0.0400462 0.0442718 0.0464019 0.0464076 0.0453379 0.0421581 0.0496049 0.0453369 0.0474699 0.0463970 0.0538906 0.0389952 0.0474600 0.0506588 0.0463988 0.0485237 0.0506588 0.0432131 0.0453285 0.0517383 0.0411015 0.0389848 0.0161731 0.0192436 0.0171942 0.0223241 0.0254262 0.0192448 0.0000000 0.0223265 0.0306152 0.0254211 0.0327011 0.0285345 0.0306155 0.0400457 0.0453435 0.0389910 0.0432127 0.0368864 0.0506645 0.0442835 0.0453334 0.0432100 0.0453329 0.0485288 0.0474597 0.0485274 0.0506615 0.0485372 0.0549624 0.0592912 0.0506608 0.0506704 0.0495877 0.0538795 0.0464051 0.0474565 0.0528069 0.0549550 0.0432145 0.0517329 
pop2_7     0.0442782 0.0411023 0.0389965 0.0432168 0.0442913 0.0379438 0.0410991 0.0389912 0.0463960 0.0326960 0.0421610 0.0442805 0.0400463 0.0432155 0.0411062 0.0432151 0.0432176 0.0400418 0.0400471 0.0442729 0.0474651 0.0474711 0.0463995 0.0421591 0.0496049 0.0453380 0.0474711 0.0463981 0.0538920 0.0389965 0.0474611 0.0506600 0.0463999 0.0485249 0.0506600 0.0432142 0.0453296 0.0517396 0.0411025 0.0389857 0.0161731 0.0192448 0.0171956 0.0223247 0.0254262 0.0254262 0.0223265 0.0000000 0.0264614 0.0254218 0.0327027 0.0285361 0.0306165 0.0400467 0.0453446 0.0389919 0.0432137 0.0368873 0.0506657 0.0442846 0.0453345 0.0432110 0.0453340 0.0485299 0.0474609 0.0485285 0.0506628 0.0485385 0.0549637 0.0592926 0.0506620 0.0506716 0.0495889 0.0538808 0.0464066 0.0474576 0.0528082 0.0549563 0.0432156 0.0517341 
pop2_8     0.0517432 0.0485352 0.0464080 0.0506708 0.0517585 0.0453455 0.0485315 0.0464027 0.0538812 0.0400444 0.0496049 0.0517458 0.0474686 0.0506693 0.0474726 0.0506687 0.0506718 0.0474632 0.0474696 0.0517368 0.0549618 0.0549686 0.0538853 0.0496027 0.0571253 0.0528134 0.0549688 0.0538837 0.0614550 0.0464087 0.0549572 0.0581880 0.0538858 0.0560314 0.0581880 0.0506677 0.0528035 0.0592798 0.0485355 0.0442727 0.0243947 0.0274980 0.0254262 0.0306126 0.0337500 0.0337515 0.0306152 0.0264614 0.0000000 0.0326988 0.0400518 0.0358430 0.0379456 0.0474691 0.0528211 0.0464037 0.0506672 0.0442779 0.0581945 0.0517506 0.0528091 0.0506640 0.0528087 0.0560373 0.0549569 0.0560357 0.0581912 0.0560472 0.0625362 0.0669119 0.0581903 0.0582009 0.0571057 0.0614422 0.0538931 0.0549531 0.0603588 0.0625287 0.0506694 0.0592735 
