80
pop0_0     0.0000000 0.0040107 0.0100673 0.0187335 0.0207917 0.0264644 0.0254277 0.0347948 0.0295816 0.0405825 0.0405813 0.0400526 0.0374245 0.0432218 0.0416431 0.0405881 0.0374209 0.0437576 0.0448213 0.0501569 0.0474805 0.0490866 0.0474768 0.0469484 0.0474772 0.0533714 0.0582051 0.0565765 0.0522790 0.0549658 0.0464115 0.0522806 0.0490830 0.0506782 0.0490709 0.0490709 0.0490757 0.0490820 0.0517481 0.0544517 0.0630884 0.0630860 0.0614634 0.0647265 0.0582176 0.0603843 0.0647456 0.0641825 0.0724188 0.0680114 0.0663799 0.0680040 0.0674571 0.0641763 0.0712941 0.0647417 0.0663830 0.0631152 0.0609145 0.0593008 0.0674501 0.0679936 0.0685450 0.0690865 0.0701994 0.0680029 0.0685429 0.0712795 0.0729450 0.0685505 0.0614693 0.0641667 0.0641754 0.0658149 0.0663628 0.0658156 0.0663565 0.0625478 0.0609095 0.0587483 
pop0_1     0.0040107 0.0000000 0.0110815 0.0197592 0.0218204 0.0264630 0.0264625 0.0358430 0.0306221 0.0416382 0.0416369 0.0411074 0.0384758 0.0442819 0.0427003 0.0416439 0.0384721 0.0448177 0.0458830 0.0512262 0.0485459 0.0501543 0.0485421 0.0480130 0.0485425 0.0544452 0.0592855 0.0576544 0.0533509 0.0560427 0.0474753 0.0533535 0.0501507 0.0517479 0.0501392 0.0501392 0.0501432 0.0501496 0.0528193 0.0555271 0.0641758 0.0641733 0.0625485 0.0658163 0.0592982 0.0614680 0.0658357 0.0652715 0.0735200 0.0691060 0.0674723 0.0690985 0.0685508 0.0652652 0.0723933 0.0658317 0.0674755 0.0642030 0.0619987 0.0603830 0.0674498 0.0679933 0.0685447 0.0690865 0.0701990 0.0680026 0.0696380 0.0723784 0.0740466 0.0696457 0.0625546 0.0652555 0.0652643 0.0669062 0.0674550 0.0669070 0.0674485 0.0636344 0.0619929 0.0598294 
pop0_2     0.0100673 0.0110815 0.0000000 0.0177048 0.0197594 0.0254233 0.0243883 0.0337404 0.0285361 0.0395184 0.0395172 0.0389894 0.0363655 0.0421537 0.0405771 0.0395233 0.0363620 0.0426883 0.0437501 0.0490767 0.0464050 0.0480082 0.0464014 0.0458737 0.0464017 0.0522859 0.0571118 0.0554861 0.0511957 0.0538782 0.0448062 0.0511973 0.0480040 0.0495974 0.0479930 0.0479936 0.0479976 0.0480040 0.0506656 0.0533643 0.0619867 0.0619844 0.0614474 0.0636220 0.0571240 0.0592871 0.0636408 0.0630799 0.0713009 0.0669012 0.0652724 0.0668939 0.0663480 0.0630728 0.0701785 0.0636369 0.0652754 0.0620130 0.0598165 0.0582054 0.0663411 0.0668837 0.0674342 0.0679751 0.0690865 0.0668928 0.0674320 0.0701641 0.0718266 0.0674395 0.0603702 0.0630634 0.0630720 0.0647087 0.0652556 0.0641633 0.0652493 0.0619913 0.0598117 0.0565764 
pop0_3     0.0187335 0.0197592 0.0177048 0.0000000 0.0243924 0.0300894 0.0290478 0.0384574 0.0332210 0.0442718 0.0442705 0.0437393 0.0410995 0.0469231 0.0453377 0.0442779 0.0410956 0.0474617 0.0474653 0.0538906 0.0506663 0.0522790 0.0506623 0.0501321 0.0506627 0.0565816 0.0614328 0.0597972 0.0554829 0.0581806 0.0501278 0.0560239 0.0528122 0.0544142 0.0527992 0.0528000 0.0528043 0.0528111 0.0554891 0.0576657 0.0668830 0.0668804 0.0663405 0.0685291 0.0619897 0.0641668 0.0685494 0.0679826 0.0762593 0.0718300 0.0701913 0.0707238 0.0712727 0.0679760 0.0751280 0.0685452 0.0701946 0.0669115 0.0646987 0.0630782 0.0701678 0.0707130 0.0723655 0.0729095 0.0740282 0.0718210 0.0723632 0.0751125 0.0762355 0.0723712 0.0652569 0.0679659 0.0679751 0.0696226 0.0696234 0.0696233 0.0701664 0.0668879 0.0646934 0.0625223 
pop0_4     0.0207917 0.0218204 0.0197594 0.0243924 0.0000000 0.0269806 0.0259436 0.0353163 0.0300997 0.0411075 0.0411062 0.0395233 0.0379475 0.0437486 0.0421688 0.0411131 0.0379438 0.0442846 0.0453490 0.0506880 0.0480099 0.0496170 0.0480061 0.0474774 0.0480065 0.0539046 0.0587415 0.0571115 0.0528113 0.0555000 0.0469401 0.0528130 0.0496134 0.0512091 0.0496012 0.0485358 0.0496060 0.0496124 0.0512054 0.0539064 0.0636276 0.0636252 0.0630872 0.0652668 0.0587538 0.0609219 0.0652861 0.0647225 0.0729643 0.0685539 0.0669215 0.0685464 0.0674509 0.0647162 0.0718387 0.0663786 0.0669246 0.0636547 0.0614523 0.0598378 0.0679922 0.0685359 0.0690878 0.0696299 0.0707433 0.0685453 0.0690865 0.0718239 0.0734907 0.0690933 0.0620076 0.0647066 0.0647154 0.0663560 0.0669042 0.0663567 0.0668978 0.0636323 0.0614473 0.0592847 
pop0_5     0.0264644 0.0264630 0.0254233 0.0300894 0.0269806 0.0000000 0.0192415 0.0347872 0.0295756 0.0405734 0.0400458 0.0389908 0.0374161 0.0432123 0.0416345 0.0411048 0.0374125 0.0437478 0.0448112 0.0501455 0.0474698 0.0490754 0.0474661 0.0469387 0.0474664 0.0533593 0.0581918 0.0565636 0.0522671 0.0544147 0.0464010 0.0522688 0.0490719 0.0506666 0.0490598 0.0469269 0.0490645 0.0490709 0.0517364 0.0544393 0.0625291 0.0625267 0.0619894 0.0641655 0.0576630 0.0598276 0.0641845 0.0636220 0.0718500 0.0674471 0.0658172 0.0674397 0.0668934 0.0636159 0.0707267 0.0652751 0.0658203 0.0609268 0.0592762 0.0576661 0.0674345 0.0679779 0.0685292 0.0690708 0.0701838 0.0679872 0.0685270 0.0701651 0.0729281 0.0685346 0.0614552 0.0641520 0.0641606 0.0657998 0.0663475 0.0668922 0.0663421 0.0647133 0.0619801 0.0598163 
pop0_6     0.0254277 0.0264625 0.0243883 0.0290478 0.0259436 0.0192415 0.0000000 0.0337389 0.0285340 0.0395165 0.0395153 0.0389876 0.0363637 0.0421516 0.0405752 0.0405756 0.0363603 0.0426862 0.0437480 0.0490744 0.0464027 0.0480059 0.0463991 0.0458714 0.0463995 0.0517462 0.0565727 0.0549482 0.0506609 0.0538755 0.0453356 0.0511948 0.0480024 0.0495950 0.0469268 0.0469274 0.0479952 0.0480014 0.0506631 0.0533617 0.0619837 0.0619813 0.0614444 0.0636188 0.0571210 0.0592842 0.0636376 0.0630758 0.0712973 0.0668979 0.0652691 0.0668906 0.0663447 0.0630697 0.0701750 0.0647275 0.0652722 0.0620100 0.0598136 0.0582026 0.0663378 0.0668804 0.0674308 0.0679717 0.0690821 0.0668895 0.0674287 0.0701606 0.0718230 0.0674362 0.0603672 0.0630603 0.0619839 0.0647054 0.0652523 0.0657962 0.0663369 0.0636199 0.0608916 0.0576522 
pop0_7     0.0347948 0.0358430 0.0337404 0.0384574 0.0353163 0.0347872 0.0337389 0.0000000 0.0295718 0.0437396 0.0437382 0.0432075 0.0405696 0.0463889 0.0448046 0.0448050 0.0405657 0.0469271 0.0479950 0.0533518 0.0506646 0.0522772 0.0506606 0.0501303 0.0506610 0.0560375 0.0614306 0.0597951 0.0554810 0.0581786 0.0485250 0.0554828 0.0522734 0.0549510 0.0522606 0.0522613 0.0511957 0.0522723 0.0549483 0.0576636 0.0646908 0.0646883 0.0641498 0.0663318 0.0598121 0.0619825 0.0663514 0.0657869 0.0740370 0.0696224 0.0679884 0.0696148 0.0696172 0.0663282 0.0734636 0.0679942 0.0685411 0.0652654 0.0630585 0.0603587 0.0696100 0.0701547 0.0707076 0.0712505 0.0723663 0.0701643 0.0707053 0.0734484 0.0751185 0.0707132 0.0636151 0.0663183 0.0674246 0.0679710 0.0685202 0.0679727 0.0685150 0.0668810 0.0641407 0.0619714 
pop0_8     0.0295816 0.0306221 0.0285361 0.0332210 0.0300997 0.0295756 0.0285340 0.0295718 0.0000000 0.0379438 0.0379417 0.0374150 0.0342743 0.0410988 0.0395233 0.0395246 0.0353149 0.0416326 0.0426924 0.0480121 0.0453435 0.0469450 0.0453406 0.0448135 0.0453409 0.0512168 0.0560363 0.0544130 0.0501285 0.0528072 0.0442785 0.0501301 0.0469416 0.0496015 0.0469301 0.0469308 0.0469346 0.0469407 0.0495990 0.0522936 0.0603607 0.0598198 0.0598224 0.0619929 0.0555081 0.0576665 0.0620106 0.0614500 0.0696541 0.0652643 0.0636387 0.0652572 0.0647133 0.0614453 0.0685356 0.0636442 0.0641881 0.0609302 0.0587373 0.0565872 0.0652527 0.0657946 0.0663442 0.0668845 0.0679932 0.0658042 0.0663422 0.0690705 0.0707304 0.0663502 0.0587476 0.0619798 0.0630799 0.0636225 0.0641684 0.0625343 0.0641597 0.0614500 0.0598140 0.0576562 
pop0_9     0.0405825 0.0416382 0.0395184 0.0442718 0.0411075 0.0405734 0.0395165 0.0437396 0.0379438 0.0000000 0.0223291 0.0311375 0.0316620 0.0448044 0.0432218 0.0432232 0.0389923 0.0437471 0.0464066 0.0517533 0.0490709 0.0506809 0.0490677 0.0490726 0.0479997 0.0549741 0.0587357 0.0581848 0.0538790 0.0565713 0.0480003 0.0538807 0.0506772 0.0533498 0.0506647 0.0506655 0.0506696 0.0506761 0.0533472 0.0560567 0.0647099 0.0647074 0.0641684 0.0658082 0.0598297 0.0620008 0.0663709 0.0658063 0.0729537 0.0696429 0.0680084 0.0696349 0.0690865 0.0657999 0.0729320 0.0674649 0.0680116 0.0647374 0.0625316 0.0609151 0.0690802 0.0696247 0.0696322 0.0707200 0.0718351 0.0696349 0.0701751 0.0729170 0.0745862 0.0701838 0.0630879 0.0657901 0.0668967 0.0674419 0.0679908 0.0685368 0.0690792 0.0663524 0.0636134 0.0614450 
pop0_10    0.0405813 0.0416369 0.0395172 0.0442705 0.0411062 0.0400458 0.0395153 0.0437382 0.0379417 0.0223291 0.0000000 0.0311359 0.0316611 0.0448031 0.0432218 0.0432218 0.0389911 0.0442769 0.0453397 0.0517517 0.0490709 0.0506793 0.0490662 0.0490709 0.0479982 0.0549724 0.0598150 0.0581830 0.0538774 0.0565695 0.0479988 0.0538790 0.0506756 0.0533482 0.0506632 0.0506639 0.0506680 0.0506740 0.0533456 0.0560549 0.0641622 0.0647054 0.0641668 0.0658061 0.0598279 0.0619989 0.0663689 0.0658042 0.0729515 0.0696408 0.0680063 0.0696332 0.0690852 0.0657979 0.0729298 0.0674628 0.0680095 0.0647354 0.0625297 0.0609132 0.0690781 0.0696225 0.0696300 0.0707179 0.0718327 0.0696321 0.0701729 0.0729147 0.0745839 0.0701807 0.0630859 0.0657881 0.0663454 0.0674398 0.0679888 0.0685347 0.0690771 0.0663502 0.0630663 0.0614431 
pop0_11    0.0400526 0.0411074 0.0389894 0.0437393 0.0395233 0.0389908 0.0389876 0.0432075 0.0374150 0.0311375 0.0311359 0.0000000 0.0311388 0.0442715 0.0426909 0.0426913 0.0384637 0.0448079 0.0458728 0.0501453 0.0485352 0.0501432 0.0485314 0.0485372 0.0485317 0.0544331 0.0592723 0.0576416 0.0533391 0.0560293 0.0474648 0.0533408 0.0501392 0.0528102 0.0501273 0.0501280 0.0501321 0.0501392 0.0528077 0.0555148 0.0641615 0.0641590 0.0636207 0.0658016 0.0592850 0.0614544 0.0658210 0.0652570 0.0735035 0.0690906 0.0674573 0.0690830 0.0674423 0.0652507 0.0723772 0.0669141 0.0674604 0.0636426 0.0619849 0.0603696 0.0685284 0.0690725 0.0690799 0.0701670 0.0712811 0.0690819 0.0696224 0.0723622 0.0740300 0.0696302 0.0625406 0.0652410 0.0663457 0.0668913 0.0668918 0.0679854 0.0685274 0.0658027 0.0630660 0.0608992 
pop0_12    0.0374245 0.0384758 0.0363655 0.0410995 0.0379475 0.0374161 0.0363637 0.0405696 0.0342743 0.0316620 0.0316611 0.0311388 0.0000000 0.0416297 0.0400540 0.0400544 0.0358414 0.0411075 0.0432252 0.0485485 0.0458784 0.0464163 0.0458748 0.0458795 0.0448135 0.0517558 0.0565789 0.0549542 0.0506664 0.0533472 0.0448125 0.0506680 0.0474772 0.0490709 0.0474656 0.0474662 0.0474701 0.0474762 0.0501366 0.0528334 0.0614500 0.0614485 0.0609118 0.0630851 0.0555146 0.0587527 0.0631037 0.0625423 0.0707591 0.0652722 0.0647343 0.0663550 0.0658094 0.0625362 0.0696376 0.0641929 0.0647373 0.0614769 0.0592824 0.0576717 0.0658026 0.0663448 0.0663520 0.0674356 0.0685453 0.0663539 0.0668928 0.0696233 0.0712846 0.0669003 0.0598352 0.0625270 0.0636273 0.0641711 0.0647177 0.0652613 0.0658017 0.0630861 0.0603594 0.0582009 
pop0_13    0.0432218 0.0442819 0.0421537 0.0469231 0.0437486 0.0432123 0.0421516 0.0463889 0.0410988 0.0448044 0.0448031 0.0442715 0.0416297 0.0000000 0.0228430 0.0280168 0.0290485 0.0353121 0.0416314 0.0469424 0.0474711 0.0490766 0.0474672 0.0474711 0.0474675 0.0533605 0.0571148 0.0554890 0.0522684 0.0549547 0.0464021 0.0522700 0.0490730 0.0506710 0.0490610 0.0490617 0.0490657 0.0490720 0.0517376 0.0544406 0.0625350 0.0625326 0.0619953 0.0641716 0.0582057 0.0603719 0.0647322 0.0641684 0.0707538 0.0679973 0.0663662 0.0679908 0.0674435 0.0641631 0.0712793 0.0658238 0.0663693 0.0631022 0.0609019 0.0592887 0.0674362 0.0679795 0.0685308 0.0690725 0.0701848 0.0679888 0.0685287 0.0712647 0.0729299 0.0679871 0.0609127 0.0641535 0.0652564 0.0658013 0.0663491 0.0668938 0.0674352 0.0647133 0.0619815 0.0592743 
pop0_14    0.0416431 0.0427003 0.0405771 0.0453377 0.0421688 0.0416345 0.0405752 0.0448046 0.0395233 0.0432218 0.0432218 0.0426909 0.0400540 0.0228430 0.0000000 0.0264665 0.0274967 0.0337480 0.0411127 0.0464212 0.0458839 0.0474863 0.0458803 0.0458849 0.0458806 0.0517619 0.0560490 0.0549608 0.0506725 0.0533535 0.0448172 0.0506740 0.0474828 0.0501450 0.0474711 0.0474711 0.0474757 0.0474818 0.0490749 0.0517679 0.0614582 0.0614559 0.0609191 0.0630926 0.0565978 0.0587598 0.0631112 0.0625498 0.0702171 0.0663702 0.0641960 0.0663630 0.0658173 0.0625438 0.0696460 0.0642006 0.0647451 0.0614843 0.0592891 0.0571378 0.0658105 0.0652627 0.0669030 0.0674435 0.0685535 0.0658148 0.0669009 0.0696317 0.0712933 0.0647240 0.0587578 0.0625345 0.0636349 0.0641788 0.0647255 0.0652691 0.0658096 0.0630937 0.0603667 0.0576647 
pop0_15    0.0405881 0.0416439 0.0395233 0.0442779 0.0411131 0.0411048 0.0405756 0.0448050 0.0395246 0.0432232 0.0432218 0.0426913 0.0400544 0.0280168 0.0264665 0.0000000 0.0274980 0.0337480 0.0411131 0.0464216 0.0458843 0.0474867 0.0458807 0.0458854 0.0458811 0.0517625 0.0565862 0.0549614 0.0506730 0.0533535 0.0448177 0.0506740 0.0474833 0.0501455 0.0474711 0.0474724 0.0474762 0.0474823 0.0501431 0.0528403 0.0614589 0.0614565 0.0609198 0.0630933 0.0565984 0.0587604 0.0631119 0.0625505 0.0702179 0.0663710 0.0647428 0.0663637 0.0658180 0.0625445 0.0696468 0.0642013 0.0647458 0.0614849 0.0592897 0.0576792 0.0652690 0.0658110 0.0663608 0.0669012 0.0680101 0.0658200 0.0663587 0.0690877 0.0701968 0.0663661 0.0593047 0.0619952 0.0630948 0.0636383 0.0641846 0.0647279 0.0652681 0.0620090 0.0598288 0.0571285 
pop0_16    0.0374209 0.0384721 0.0363620 0.0410956 0.0379438 0.0374125 0.0363603 0.0405657 0.0353149 0.0389923 0.0389911 0.0384637 0.0358414 0.0290485 0.0274967 0.0274980 0.0000000 0.0223259 0.0368938 0.0421710 0.0405795 0.0421697 0.0395233 0.0405804 0.0416345 0.0474807 0.0522774 0.0506627 0.0463991 0.0490645 0.0405772 0.0464005 0.0426967 0.0458748 0.0432163 0.0432169 0.0432204 0.0432259 0.0458719 0.0485519 0.0565816 0.0565785 0.0560449 0.0582039 0.0517516 0.0533610 0.0582211 0.0565860 0.0652796 0.0614593 0.0598413 0.0614525 0.0609105 0.0576591 0.0647133 0.0593032 0.0598441 0.0566046 0.0544260 0.0528252 0.0614479 0.0619872 0.0625339 0.0630718 0.0641741 0.0619957 0.0625320 0.0652470 0.0668979 0.0619947 0.0549750 0.0576508 0.0587431 0.0592824 0.0598263 0.0609094 0.0614470 0.0582049 0.0560365 0.0533502 
pop0_17    0.0437576 0.0448177 0.0426883 0.0474617 0.0442846 0.0437478 0.0426862 0.0469271 0.0416326 0.0437471 0.0442769 0.0448079 0.0411075 0.0353121 0.0337480 0.0337480 0.0223259 0.0000000 0.0432257 0.0485492 0.0480101 0.0496172 0.0469421 0.0480112 0.0480067 0.0539048 0.0587415 0.0571117 0.0528116 0.0555002 0.0469403 0.0528132 0.0496136 0.0522829 0.0496015 0.0496022 0.0496062 0.0496126 0.0522806 0.0549859 0.0636280 0.0636255 0.0630875 0.0652672 0.0587541 0.0598343 0.0652864 0.0647228 0.0713091 0.0685543 0.0669218 0.0680020 0.0674513 0.0647166 0.0718391 0.0663789 0.0669249 0.0636550 0.0614526 0.0598381 0.0679925 0.0685363 0.0690881 0.0696302 0.0701980 0.0685457 0.0690865 0.0718243 0.0723900 0.0690936 0.0620079 0.0647069 0.0658109 0.0663563 0.0669046 0.0674497 0.0679908 0.0652682 0.0625331 0.0598237 
pop0_18    0.0448213 0.0458830 0.0437501 0.0474653 0.0453490 0.0448112 0.0437480 0.0479950 0.0426924 0.0464066 0.0453397 0.0458728 0.0432252 0.0416314 0.0411127 0.0411131 0.0368938 0.0432257 0.0000000 0.0389965 0.0490801 0.0506897 0.0490762 0.0490812 0.0490766 0.0549837 0.0598274 0.0581950 0.0538885 0.0565816 0.0480086 0.0538906 0.0506860 0.0533591 0.0506740 0.0506740 0.0506784 0.0506850 0.0533566 0.0560665 0.0641752 0.0641727 0.0636343 0.0658157 0.0592977 0.0614675 0.0647395 0.0652709 0.0735193 0.0691054 0.0674717 0.0690978 0.0685502 0.0652646 0.0723927 0.0669285 0.0674749 0.0642024 0.0619982 0.0603824 0.0685431 0.0690865 0.0696396 0.0701821 0.0707440 0.0685461 0.0696374 0.0723778 0.0740460 0.0696451 0.0625540 0.0652549 0.0652699 0.0669056 0.0674544 0.0674501 0.0685421 0.0658168 0.0630799 0.0609122 
pop0_19    0.0501569 0.0512262 0.0490767 0.0538906 0.0506880 0.0501455 0.0490744 0.0533518 0.0480121 0.0517533 0.0517517 0.0501453 0.0485485 0.0469424 0.0464212 0.0464216 0.0421710 0.0485492 0.0389965 0.0000000 0.0544467 0.0560688 0.0544425 0.0544480 0.0544429 0.0593090 0.0652727 0.0636274 0.0592893 0.0620021 0.0533670 0.0592912 0.0560647 0.0576739 0.0560509 0.0560517 0.0560563 0.0555240 0.0587540 0.0603985 0.0696531 0.0696504 0.0691085 0.0713063 0.0647400 0.0669261 0.0713274 0.0707575 0.0790694 0.0735121 0.0729760 0.0735097 0.0729591 0.0696534 0.0779325 0.0724289 0.0729794 0.0696828 0.0674597 0.0658330 0.0740536 0.0746016 0.0751583 0.0757044 0.0768283 0.0746118 0.0751559 0.0779164 0.0795982 0.0751643 0.0674708 0.0696436 0.0707515 0.0724041 0.0729571 0.0735066 0.0740525 0.0713074 0.0685486 0.0663656 
pop1_0     0.0474805 0.0485459 0.0464050 0.0506663 0.0480099 0.0474698 0.0464027 0.0506646 0.0453435 0.0490709 0.0490709 0.0485352 0.0458784 0.0474711 0.0458839 0.0458843 0.0405795 0.0480101 0.0490801 0.0544467 0.0000000 0.0055203 0.0090544 0.0126078 0.0177107 0.0264700 0.0342774 0.0327027 0.0285384 0.0311410 0.0280261 0.0337557 0.0306309 0.0369014 0.0342755 0.0342760 0.0395276 0.0395326 0.0421665 0.0448323 0.0555098 0.0555077 0.0549747 0.0571308 0.0506869 0.0528317 0.0571476 0.0565922 0.0647429 0.0603818 0.0587658 0.0592929 0.0598338 0.0565868 0.0636321 0.0582284 0.0587685 0.0555332 0.0533579 0.0517591 0.0598277 0.0603654 0.0609115 0.0614484 0.0625481 0.0603742 0.0609096 0.0636192 0.0652663 0.0609163 0.0539057 0.0565784 0.0576690 0.0582086 0.0587508 0.0592903 0.0598269 0.0571318 0.0544280 0.0522845 
pop1_1     0.0490866 0.0501543 0.0480082 0.0522790 0.0496170 0.0490754 0.0480059 0.0522772 0.0469450 0.0506809 0.0506793 0.0501432 0.0464163 0.0490766 0.0474863 0.0474867 0.0421697 0.0496172 0.0506897 0.0560688 0.0055203 0.0000000 0.0105753 0.0141368 0.0192507 0.0280294 0.0358538 0.0342761 0.0301019 0.0327104 0.0295889 0.0348060 0.0321997 0.0384838 0.0358518 0.0358523 0.0411156 0.0411208 0.0437603 0.0464327 0.0571339 0.0571318 0.0565977 0.0587588 0.0523003 0.0544500 0.0587761 0.0582190 0.0663889 0.0620174 0.0603979 0.0620106 0.0614680 0.0582134 0.0652750 0.0598593 0.0604007 0.0571581 0.0549771 0.0533749 0.0614617 0.0620012 0.0625479 0.0630860 0.0641886 0.0620096 0.0625460 0.0652617 0.0669129 0.0625529 0.0555265 0.0582048 0.0592982 0.0598390 0.0603824 0.0609231 0.0614608 0.0587598 0.0560490 0.0539012 
pop1_2     0.0474768 0.0485421 0.0464014 0.0506623 0.0480061 0.0474661 0.0463991 0.0506606 0.0453406 0.0490677 0.0490662 0.0485314 0.0458748 0.0474672 0.0458803 0.0458807 0.0395233 0.0469421 0.0490762 0.0544425 0.0090544 0.0105753 0.0000000 0.0126069 0.0177093 0.0264680 0.0342747 0.0327009 0.0285361 0.0311386 0.0280240 0.0337531 0.0306286 0.0368986 0.0342728 0.0342733 0.0395245 0.0395296 0.0421633 0.0448288 0.0555054 0.0555041 0.0549704 0.0571264 0.0506829 0.0528276 0.0571432 0.0565878 0.0647378 0.0603771 0.0587612 0.0598313 0.0598291 0.0565816 0.0636271 0.0582238 0.0587639 0.0555289 0.0533535 0.0517550 0.0598237 0.0603613 0.0609075 0.0614436 0.0625432 0.0603695 0.0609048 0.0636142 0.0652612 0.0609116 0.0539015 0.0565740 0.0576645 0.0582041 0.0587462 0.0592856 0.0598222 0.0571274 0.0544233 0.0522806 
pop1_3     0.0469484 0.0480130 0.0458737 0.0501321 0.0474774 0.0469387 0.0458714 0.0501303 0.0448135 0.0490726 0.0490709 0.0485372 0.0458795 0.0474711 0.0458849 0.0458854 0.0405804 0.0480112 0.0490812 0.0544480 0.0126078 0.0141368 0.0126069 0.0000000 0.0171985 0.0259516 0.0337535 0.0321806 0.0280186 0.0306194 0.0275066 0.0332322 0.0301095 0.0369023 0.0342763 0.0342767 0.0395285 0.0395335 0.0416375 0.0448333 0.0555110 0.0555089 0.0549759 0.0571321 0.0506880 0.0528329 0.0571489 0.0565935 0.0647444 0.0603832 0.0587671 0.0603766 0.0598352 0.0565881 0.0636336 0.0582297 0.0587699 0.0555345 0.0533591 0.0517603 0.0598290 0.0603674 0.0609128 0.0614500 0.0625495 0.0603756 0.0609110 0.0636206 0.0652678 0.0609177 0.0539070 0.0565797 0.0576703 0.0582099 0.0587521 0.0592916 0.0598282 0.0571331 0.0544280 0.0522856 
pop1_4     0.0474772 0.0485425 0.0464017 0.0506627 0.0480065 0.0474664 0.0463995 0.0506610 0.0453409 0.0479997 0.0479982 0.0485317 0.0448135 0.0474675 0.0458806 0.0458811 0.0416345 0.0480067 0.0490766 0.0544429 0.0177107 0.0192507 0.0177093 0.0171985 0.0000000 0.0259492 0.0337503 0.0321777 0.0280168 0.0306165 0.0275040 0.0332291 0.0301067 0.0368988 0.0342731 0.0342736 0.0395248 0.0395298 0.0421633 0.0448292 0.0555058 0.0555041 0.0549708 0.0571268 0.0506833 0.0528279 0.0571436 0.0565882 0.0647383 0.0603775 0.0587616 0.0603709 0.0598296 0.0565828 0.0636276 0.0582242 0.0587644 0.0555293 0.0533535 0.0517554 0.0598237 0.0603617 0.0609075 0.0614440 0.0625437 0.0603700 0.0609053 0.0636147 0.0652617 0.0609120 0.0539019 0.0565744 0.0576649 0.0582045 0.0587466 0.0592861 0.0598226 0.0571278 0.0544237 0.0522806 
pop1_5     0.0533714 0.0544452 0.0522859 0.0565816 0.0539046 0.0533593 0.0517462 0.0560375 0.0512168 0.0549741 0.0549724 0.0544331 0.0517558 0.0533605 0.0517619 0.0517625 0.0474807 0.0539048 0.0549837 0.0593090 0.0264700 0.0280294 0.0264680 0.0259516 0.0259492 0.0000000 0.0395342 0.0379482 0.0337539 0.0363752 0.0332393 0.0390091 0.0358633 0.0427083 0.0400610 0.0400616 0.0453545 0.0453603 0.0480142 0.0501698 0.0614648 0.0614625 0.0609257 0.0630994 0.0566038 0.0587661 0.0631180 0.0625565 0.0707753 0.0663774 0.0647491 0.0663701 0.0658244 0.0625505 0.0696535 0.0642076 0.0647521 0.0614909 0.0592954 0.0576848 0.0658176 0.0663600 0.0669102 0.0674511 0.0685610 0.0663691 0.0669081 0.0690894 0.0713010 0.0669156 0.0598488 0.0625412 0.0630963 0.0641857 0.0647324 0.0652762 0.0658167 0.0631005 0.0603732 0.0582132 
pop1_6     0.0582051 0.0592855 0.0571118 0.0614328 0.0587415 0.0581918 0.0565727 0.0614306 0.0560363 0.0587357 0.0598150 0.0592723 0.0565789 0.0571148 0.0560490 0.0565862 0.0522774 0.0587415 0.0598274 0.0652727 0.0342774 0.0358538 0.0342747 0.0337535 0.0337503 0.0395342 0.0000000 0.0177085 0.0218142 0.0337466 0.0379501 0.0437544 0.0405906 0.0474764 0.0442841 0.0448125 0.0501382 0.0501447 0.0528142 0.0555217 0.0652585 0.0652560 0.0658063 0.0679938 0.0614579 0.0636337 0.0680139 0.0674475 0.0746157 0.0696493 0.0696550 0.0712851 0.0707359 0.0674410 0.0745891 0.0691103 0.0696582 0.0663768 0.0636229 0.0625457 0.0696323 0.0701771 0.0707302 0.0712734 0.0723895 0.0701868 0.0718258 0.0745737 0.0762477 0.0718338 0.0647233 0.0674310 0.0685384 0.0679927 0.0696370 0.0701838 0.0707276 0.0679949 0.0641602 0.0630765 
pop1_7     0.0565765 0.0576544 0.0554861 0.0597972 0.0571115 0.0565636 0.0549482 0.0597951 0.0544130 0.0581848 0.0581830 0.0576416 0.0549542 0.0554890 0.0549608 0.0549614 0.0506627 0.0571117 0.0581950 0.0636274 0.0327027 0.0342761 0.0327009 0.0321806 0.0321777 0.0379482 0.0177085 0.0000000 0.0202690 0.0321741 0.0363677 0.0421591 0.0390022 0.0458725 0.0426876 0.0432154 0.0474609 0.0485347 0.0511982 0.0538989 0.0647011 0.0646986 0.0641600 0.0663423 0.0598216 0.0619929 0.0663619 0.0657973 0.0723960 0.0679936 0.0679992 0.0696258 0.0690780 0.0657910 0.0723735 0.0674557 0.0680024 0.0647286 0.0625231 0.0609075 0.0679771 0.0685207 0.0690724 0.0696144 0.0701767 0.0685301 0.0701655 0.0729070 0.0745760 0.0701733 0.0630799 0.0657812 0.0668867 0.0674327 0.0679816 0.0685274 0.0690698 0.0663434 0.0625180 0.0614367 
pop1_8     0.0522790 0.0533509 0.0511957 0.0554829 0.0528113 0.0522671 0.0506609 0.0554810 0.0501285 0.0538790 0.0538774 0.0533391 0.0506664 0.0522684 0.0506725 0.0506730 0.0463991 0.0528116 0.0538885 0.0592893 0.0285384 0.0301019 0.0285361 0.0280186 0.0280168 0.0337539 0.0218142 0.0202690 0.0000000 0.0280129 0.0311385 0.0379424 0.0348020 0.0416345 0.0384681 0.0389931 0.0442766 0.0442819 0.0469316 0.0496156 0.0603578 0.0603556 0.0598196 0.0619894 0.0555055 0.0576638 0.0620077 0.0614475 0.0696509 0.0652613 0.0636358 0.0652541 0.0647094 0.0614416 0.0685315 0.0620098 0.0636387 0.0603834 0.0581924 0.0565845 0.0636151 0.0641559 0.0647042 0.0652434 0.0663502 0.0641646 0.0657913 0.0685174 0.0690808 0.0657986 0.0587446 0.0614324 0.0625308 0.0630737 0.0636194 0.0641622 0.0647018 0.0619904 0.0592683 0.0571122 
pop1_9     0.0549658 0.0560427 0.0538782 0.0581806 0.0555000 0.0544147 0.0538755 0.0581786 0.0528072 0.0565713 0.0565695 0.0560293 0.0533472 0.0549547 0.0533535 0.0533535 0.0490645 0.0555002 0.0565816 0.0620021 0.0311410 0.0327104 0.0311386 0.0306194 0.0306165 0.0363752 0.0337466 0.0321741 0.0280129 0.0000000 0.0347982 0.0405782 0.0374270 0.0432241 0.0416316 0.0416322 0.0469345 0.0469406 0.0495989 0.0522935 0.0630739 0.0630715 0.0625339 0.0647116 0.0582043 0.0603705 0.0647307 0.0641684 0.0724021 0.0679958 0.0658172 0.0679883 0.0674416 0.0641616 0.0712777 0.0658222 0.0663678 0.0631007 0.0609005 0.0592873 0.0674346 0.0679779 0.0685292 0.0690709 0.0701838 0.0679872 0.0685271 0.0712630 0.0729282 0.0685347 0.0614552 0.0641520 0.0652549 0.0657998 0.0663476 0.0668923 0.0674337 0.0647133 0.0619801 0.0598164 
pop1_10    0.0464115 0.0474753 0.0448062 0.0501278 0.0469401 0.0464010 0.0453356 0.0485250 0.0442785 0.0480003 0.0479988 0.0474648 0.0448125 0.0464021 0.0448172 0.0448177 0.0405772 0.0469403 0.0480086 0.0533670 0.0280261 0.0295889 0.0280240 0.0275066 0.0275040 0.0332393 0.0379501 0.0363677 0.0311385 0.0347982 0.0000000 0.0228410 0.0238810 0.0358483 0.0332263 0.0332268 0.0374196 0.0384755 0.0411062 0.0437670 0.0544280 0.0544266 0.0538943 0.0560471 0.0496129 0.0517544 0.0560636 0.0555093 0.0636472 0.0592930 0.0576793 0.0592865 0.0587460 0.0555041 0.0625385 0.0571427 0.0571405 0.0544516 0.0522806 0.0506835 0.0587399 0.0592775 0.0598221 0.0603583 0.0614561 0.0592856 0.0598202 0.0625258 0.0641701 0.0587460 0.0517557 0.0554958 0.0565845 0.0571233 0.0576646 0.0582033 0.0587392 0.0560481 0.0533482 0.0512091 
pop1_11    0.0522806 0.0533535 0.0511973 0.0560239 0.0528130 0.0522688 0.0511948 0.0554828 0.0501301 0.0538807 0.0538790 0.0533408 0.0506680 0.0522700 0.0506740 0.0506740 0.0464005 0.0528132 0.0538906 0.0592912 0.0337557 0.0348060 0.0337531 0.0332322 0.0332291 0.0390091 0.0437544 0.0421591 0.0379424 0.0405782 0.0228410 0.0000000 0.0295787 0.0416363 0.0389937 0.0389943 0.0442780 0.0442837 0.0469330 0.0496171 0.0603598 0.0603575 0.0598215 0.0619914 0.0555073 0.0576656 0.0620096 0.0614500 0.0696531 0.0652633 0.0636378 0.0652562 0.0647114 0.0614435 0.0685337 0.0630972 0.0636408 0.0603853 0.0581943 0.0565863 0.0647047 0.0652462 0.0657954 0.0663353 0.0668997 0.0652552 0.0657933 0.0685196 0.0701782 0.0658007 0.0587464 0.0614344 0.0625328 0.0630757 0.0636215 0.0641642 0.0647039 0.0619929 0.0592702 0.0571140 
pop1_12    0.0490830 0.0501507 0.0480040 0.0528122 0.0496134 0.0490719 0.0480024 0.0522734 0.0469416 0.0506772 0.0506756 0.0501392 0.0474772 0.0490730 0.0474828 0.0474833 0.0426967 0.0496136 0.0506860 0.0560647 0.0306309 0.0321997 0.0306286 0.0301095 0.0301067 0.0358633 0.0405906 0.0390022 0.0348020 0.0374270 0.0238810 0.0295787 0.0000000 0.0384810 0.0358492 0.0358497 0.0411126 0.0411179 0.0437572 0.0464294 0.0571298 0.0571276 0.0555139 0.0587545 0.0522965 0.0544460 0.0587718 0.0582147 0.0663840 0.0609277 0.0603935 0.0620060 0.0614635 0.0582091 0.0652702 0.0598549 0.0598531 0.0571539 0.0549731 0.0522992 0.0603704 0.0619966 0.0625434 0.0630814 0.0641838 0.0614609 0.0625414 0.0652569 0.0669080 0.0625484 0.0555224 0.0582009 0.0592938 0.0598346 0.0603780 0.0603756 0.0609129 0.0587555 0.0560450 0.0538973 
pop1_13    0.0506782 0.0517479 0.0495974 0.0544142 0.0512091 0.0506666 0.0495950 0.0549510 0.0496015 0.0533498 0.0533482 0.0528102 0.0490709 0.0506710 0.0501450 0.0501455 0.0458748 0.0522829 0.0533591 0.0576739 0.0369014 0.0384838 0.0368986 0.0369023 0.0368988 0.0427083 0.0474764 0.0458725 0.0416345 0.0432241 0.0358483 0.0416363 0.0384810 0.0000000 0.0374208 0.0374211 0.0437528 0.0432279 0.0464066 0.0490885 0.0592861 0.0592839 0.0587485 0.0609156 0.0544397 0.0571323 0.0614736 0.0609138 0.0691123 0.0647254 0.0625543 0.0647183 0.0641739 0.0609075 0.0679938 0.0625605 0.0631037 0.0598502 0.0576608 0.0560536 0.0641672 0.0647084 0.0652572 0.0657969 0.0658131 0.0636297 0.0652552 0.0679798 0.0696373 0.0652624 0.0582125 0.0608989 0.0619966 0.0625392 0.0630846 0.0636270 0.0641664 0.0614565 0.0587360 0.0565816 
pop1_14    0.0490709 0.0501392 0.0479930 0.0527992 0.0496012 0.0490598 0.0469268 0.0522606 0.0469301 0.0506647 0.0506632 0.0501273 0.0474656 0.0490610 0.0474711 0.0474711 0.0432163 0.0496015 0.0506740 0.0560509 0.0342755 0.0358518 0.0342728 0.0342763 0.0342731 0.0400610 0.0442841 0.0426876 0.0384681 0.0416316 0.0332263 0.0389937 0.0358492 0.0374208 0.0000000 0.0358410 0.0400477 0.0411078 0.0437465 0.0464180 0.0571157 0.0571135 0.0565796 0.0587400 0.0522836 0.0544326 0.0587573 0.0582009 0.0663675 0.0609130 0.0603785 0.0619907 0.0609090 0.0581948 0.0652540 0.0598401 0.0603814 0.0571398 0.0549596 0.0533579 0.0614419 0.0619813 0.0625279 0.0630657 0.0641684 0.0619897 0.0625259 0.0646929 0.0668914 0.0625329 0.0555088 0.0581862 0.0592792 0.0598198 0.0603631 0.0609036 0.0614411 0.0587415 0.0560311 0.0538840 
pop1_15    0.0490709 0.0501392 0.0479936 0.0528000 0.0485358 0.0469269 0.0469274 0.0522613 0.0469308 0.0506655 0.0506639 0.0501280 0.0474662 0.0490617 0.0474711 0.0474724 0.0432169 0.0496022 0.0506740 0.0560517 0.0342760 0.0358523 0.0342733 0.0342767 0.0342736 0.0400616 0.0448125 0.0432154 0.0389931 0.0416322 0.0332268 0.0389943 0.0358497 0.0374211 0.0358410 0.0000000 0.0400463 0.0411084 0.0437471 0.0464187 0.0571165 0.0571143 0.0565804 0.0587415 0.0522843 0.0538951 0.0587581 0.0582009 0.0658242 0.0619984 0.0603794 0.0619916 0.0614500 0.0581956 0.0652549 0.0593026 0.0603822 0.0571406 0.0549604 0.0533587 0.0608981 0.0614371 0.0619832 0.0625208 0.0636220 0.0614455 0.0625268 0.0652416 0.0668923 0.0625338 0.0555095 0.0581870 0.0592800 0.0598207 0.0603640 0.0609044 0.0614420 0.0587415 0.0560319 0.0538848 
pop1_16    0.0490757 0.0501432 0.0479976 0.0528043 0.0496060 0.0490645 0.0479952 0.0511957 0.0469346 0.0506696 0.0506680 0.0501321 0.0474701 0.0490657 0.0474757 0.0474762 0.0432204 0.0496062 0.0506784 0.0560563 0.0395276 0.0411156 0.0395245 0.0395285 0.0395248 0.0453545 0.0501382 0.0474609 0.0442766 0.0469345 0.0374196 0.0442780 0.0411126 0.0437528 0.0400477 0.0400463 0.0000000 0.0316589 0.0379423 0.0411182 0.0571210 0.0571190 0.0565850 0.0587456 0.0522886 0.0544378 0.0587629 0.0582059 0.0663739 0.0609188 0.0603843 0.0619966 0.0609149 0.0582009 0.0652603 0.0598459 0.0598436 0.0571453 0.0549648 0.0528253 0.0609045 0.0614435 0.0619897 0.0630718 0.0641741 0.0619957 0.0625319 0.0652469 0.0668978 0.0614542 0.0544392 0.0581917 0.0592848 0.0598255 0.0603689 0.0603654 0.0609037 0.0587466 0.0560365 0.0538892 
pop1_17    0.0490820 0.0501496 0.0480040 0.0528111 0.0496124 0.0490709 0.0480014 0.0522723 0.0469407 0.0506761 0.0506740 0.0501392 0.0474762 0.0490720 0.0474818 0.0474823 0.0432259 0.0496126 0.0506850 0.0555240 0.0395326 0.0411208 0.0395296 0.0395335 0.0395298 0.0453603 0.0501447 0.0485347 0.0442819 0.0469406 0.0384755 0.0442837 0.0411179 0.0432279 0.0411078 0.0411084 0.0316589 0.0000000 0.0379471 0.0411235 0.0571286 0.0571264 0.0565923 0.0587533 0.0522954 0.0544449 0.0587706 0.0582135 0.0663826 0.0620115 0.0603922 0.0620047 0.0609187 0.0582079 0.0652688 0.0593152 0.0603950 0.0571527 0.0549720 0.0533699 0.0614559 0.0619953 0.0625420 0.0630799 0.0641825 0.0620038 0.0625401 0.0652555 0.0669066 0.0625470 0.0555213 0.0581993 0.0592926 0.0598333 0.0592952 0.0609174 0.0614550 0.0582125 0.0560438 0.0538961 
pop1_18    0.0517481 0.0528193 0.0506656 0.0554891 0.0512054 0.0517364 0.0506631 0.0549483 0.0495990 0.0533472 0.0533456 0.0528077 0.0501366 0.0517376 0.0490749 0.0501431 0.0458719 0.0522806 0.0533566 0.0587540 0.0421665 0.0437603 0.0421633 0.0416375 0.0421633 0.0480142 0.0528142 0.0511982 0.0469316 0.0495989 0.0411062 0.0469330 0.0437572 0.0464066 0.0437465 0.0437471 0.0379423 0.0379471 0.0000000 0.0384755 0.0598220 0.0598197 0.0592841 0.0614525 0.0544363 0.0571296 0.0614706 0.0609109 0.0691090 0.0647223 0.0630977 0.0647152 0.0641708 0.0609050 0.0679908 0.0625574 0.0631007 0.0598473 0.0555041 0.0560509 0.0641641 0.0647053 0.0652541 0.0657937 0.0669005 0.0641684 0.0652520 0.0679766 0.0696349 0.0652585 0.0582097 0.0608960 0.0619929 0.0625362 0.0630815 0.0636240 0.0641633 0.0614535 0.0587332 0.0565784 
pop1_19    0.0544517 0.0555271 0.0533643 0.0576657 0.0539064 0.0544393 0.0533617 0.0576636 0.0522936 0.0560567 0.0560549 0.0555148 0.0528334 0.0544406 0.0517679 0.0528403 0.0485519 0.0549859 0.0560665 0.0603985 0.0448323 0.0464327 0.0448288 0.0448333 0.0448292 0.0501698 0.0555217 0.0538989 0.0496156 0.0522935 0.0437670 0.0496171 0.0464294 0.0490885 0.0464180 0.0464187 0.0411182 0.0411235 0.0384755 0.0000000 0.0625575 0.0625551 0.0620176 0.0631063 0.0576891 0.0598547 0.0642136 0.0636510 0.0718829 0.0674779 0.0658471 0.0674705 0.0658266 0.0625527 0.0696559 0.0642097 0.0647543 0.0625840 0.0603847 0.0587718 0.0669170 0.0674602 0.0680113 0.0685529 0.0696647 0.0669214 0.0680092 0.0707444 0.0724090 0.0680167 0.0598554 0.0636354 0.0647379 0.0652826 0.0658302 0.0663748 0.0669160 0.0641958 0.0614640 0.0593008 
pop2_0     0.0630884 0.0641758 0.0619867 0.0668830 0.0636276 0.0625291 0.0619837 0.0646908 0.0603607 0.0647099 0.0641622 0.0641615 0.0614500 0.0625350 0.0614582 0.0614589 0.0565816 0.0636280 0.0641752 0.0696531 0.0555098 0.0571339 0.0555054 0.0555110 0.0555058 0.0614648 0.0652585 0.0647011 0.0603578 0.0630739 0.0544280 0.0603598 0.0571298 0.0592861 0.0571157 0.0571165 0.0571210 0.0571286 0.0598220 0.0625575 0.0000000 0.0040107 0.0085485 0.0146420 0.0156624 0.0238749 0.0306207 0.0295704 0.0405829 0.0363653 0.0368939 0.0384639 0.0474711 0.0442787 0.0512072 0.0458888 0.0464202 0.0432373 0.0411029 0.0395278 0.0528112 0.0533449 0.0538848 0.0544172 0.0565816 0.0528140 0.0560324 0.0576449 0.0592775 0.0549627 0.0480079 0.0501286 0.0517416 0.0512069 0.0528146 0.0528118 0.0533446 0.0512091 0.0485272 0.0464008 
pop2_1     0.0630860 0.0641733 0.0619844 0.0668804 0.0636252 0.0625267 0.0619813 0.0646883 0.0598198 0.0647074 0.0647054 0.0641590 0.0614485 0.0625326 0.0614559 0.0614565 0.0565785 0.0636255 0.0641727 0.0696504 0.0555077 0.0571318 0.0555041 0.0555089 0.0555041 0.0614625 0.0652560 0.0646986 0.0603556 0.0630715 0.0544266 0.0603575 0.0571276 0.0592839 0.0571135 0.0571143 0.0571190 0.0571264 0.0598197 0.0625551 0.0040107 0.0000000 0.0075378 0.0136230 0.0146420 0.0228426 0.0306195 0.0285307 0.0405813 0.0363639 0.0368927 0.0384624 0.0474695 0.0442770 0.0512053 0.0458871 0.0464184 0.0432356 0.0411013 0.0395263 0.0522753 0.0528086 0.0533481 0.0538802 0.0560427 0.0528150 0.0554942 0.0571056 0.0587369 0.0549606 0.0480061 0.0501267 0.0517397 0.0512050 0.0528126 0.0528098 0.0533426 0.0512066 0.0485253 0.0463990 
pop2_2     0.0614634 0.0625485 0.0614474 0.0663405 0.0630872 0.0619894 0.0614444 0.0641498 0.0598224 0.0641684 0.0641668 0.0636207 0.0609118 0.0619953 0.0609191 0.0609198 0.0560449 0.0630875 0.0636343 0.0691085 0.0549747 0.0565977 0.0549704 0.0549759 0.0549708 0.0609257 0.0658063 0.0641600 0.0598196 0.0625339 0.0538943 0.0598215 0.0555139 0.0587485 0.0565796 0.0565804 0.0565850 0.0565923 0.0592841 0.0620176 0.0085485 0.0075378 0.0000000 0.0131151 0.0141323 0.0223291 0.0301017 0.0290522 0.0400575 0.0358430 0.0363709 0.0379400 0.0464066 0.0432193 0.0501381 0.0448268 0.0458909 0.0427100 0.0405782 0.0390031 0.0522780 0.0528113 0.0533508 0.0538830 0.0560452 0.0528168 0.0554971 0.0571086 0.0587400 0.0544280 0.0474777 0.0495971 0.0512091 0.0517447 0.0522806 0.0522785 0.0528111 0.0506763 0.0479968 0.0458717 
pop2_3     0.0647265 0.0658163 0.0636220 0.0685291 0.0652668 0.0641655 0.0636188 0.0663318 0.0619929 0.0658082 0.0658061 0.0658016 0.0630851 0.0641716 0.0630926 0.0630933 0.0582039 0.0652672 0.0658157 0.0713063 0.0571308 0.0587588 0.0571264 0.0571321 0.0571268 0.0630994 0.0679938 0.0663423 0.0619894 0.0647116 0.0560471 0.0619914 0.0587545 0.0609156 0.0587400 0.0587415 0.0587456 0.0587533 0.0614525 0.0631063 0.0146420 0.0136230 0.0131151 0.0000000 0.0161743 0.0243924 0.0321872 0.0311342 0.0421710 0.0379438 0.0384739 0.0400469 0.0490744 0.0458748 0.0528185 0.0474888 0.0480214 0.0448316 0.0426924 0.0411136 0.0544259 0.0549607 0.0555019 0.0560354 0.0582042 0.0549674 0.0576541 0.0592701 0.0609075 0.0565816 0.0496122 0.0517372 0.0533535 0.0538906 0.0544295 0.0544265 0.0549604 0.0528199 0.0501322 0.0480013 
pop2_4     0.0582176 0.0592982 0.0571240 0.0619897 0.0587538 0.0576630 0.0571210 0.0598121 0.0555081 0.0598297 0.0598279 0.0592850 0.0555146 0.0582057 0.0565978 0.0565984 0.0517516 0.0587541 0.0592977 0.0647400 0.0506869 0.0523003 0.0506829 0.0506880 0.0506833 0.0566038 0.0614579 0.0598216 0.0555055 0.0582043 0.0496129 0.0555073 0.0522965 0.0544397 0.0522836 0.0522843 0.0522886 0.0522954 0.0544363 0.0576891 0.0156624 0.0146420 0.0141323 0.0161743 0.0000000 0.0182215 0.0259510 0.0249091 0.0358525 0.0316615 0.0321865 0.0347936 0.0426990 0.0395264 0.0464119 0.0411249 0.0416530 0.0384895 0.0363702 0.0348040 0.0490709 0.0496029 0.0501392 0.0506702 0.0517519 0.0474772 0.0512075 0.0528104 0.0538971 0.0490763 0.0421737 0.0448086 0.0458798 0.0464112 0.0469446 0.0480067 0.0485372 0.0464131 0.0437492 0.0416357 
pop2_5     0.0603843 0.0614680 0.0592871 0.0641668 0.0609219 0.0598276 0.0592842 0.0619825 0.0576665 0.0620008 0.0619989 0.0614544 0.0587527 0.0603719 0.0587598 0.0587604 0.0533610 0.0598343 0.0614675 0.0669261 0.0528317 0.0544500 0.0528276 0.0528329 0.0528279 0.0587661 0.0636337 0.0619929 0.0576638 0.0603705 0.0517544 0.0576656 0.0544460 0.0571323 0.0544326 0.0538951 0.0544378 0.0544449 0.0571296 0.0598547 0.0238749 0.0228426 0.0223291 0.0243924 0.0182215 0.0000000 0.0280256 0.0264614 0.0379549 0.0337518 0.0342784 0.0368927 0.0448206 0.0416388 0.0485441 0.0432426 0.0437723 0.0405998 0.0384737 0.0369034 0.0512113 0.0517447 0.0522827 0.0528142 0.0538996 0.0506810 0.0533535 0.0549605 0.0560472 0.0522869 0.0453552 0.0480003 0.0490767 0.0496103 0.0501461 0.0501434 0.0506740 0.0485453 0.0458735 0.0437540 
pop2_6     0.0647456 0.0658357 0.0636408 0.0685494 0.0652861 0.0641845 0.0636376 0.0663514 0.0620106 0.0663709 0.0663689 0.0658210 0.0631037 0.0647322 0.0631112 0.0631119 0.0582211 0.0652864 0.0647395 0.0713274 0.0571476 0.0587761 0.0571432 0.0571489 0.0571436 0.0631180 0.0680139 0.0663619 0.0620077 0.0647307 0.0560636 0.0620096 0.0587718 0.0614736 0.0587573 0.0587581 0.0587629 0.0587706 0.0614706 0.0642136 0.0306207 0.0306195 0.0301017 0.0321872 0.0259510 0.0280256 0.0000000 0.0233634 0.0427142 0.0374291 0.0390132 0.0416434 0.0496248 0.0464216 0.0533728 0.0480377 0.0485708 0.0453777 0.0432355 0.0416558 0.0560574 0.0565934 0.0571360 0.0576707 0.0587643 0.0566011 0.0576711 0.0598311 0.0614695 0.0571406 0.0501632 0.0528244 0.0539089 0.0544460 0.0549855 0.0544425 0.0555169 0.0533742 0.0496155 0.0485505 
pop2_7     0.0641825 0.0652715 0.0630799 0.0679826 0.0647225 0.0636220 0.0630758 0.0657869 0.0614500 0.0658063 0.0658042 0.0652570 0.0625423 0.0641684 0.0625498 0.0625505 0.0565860 0.0647228 0.0652709 0.0707575 0.0565922 0.0582190 0.0565878 0.0565935 0.0565882 0.0625565 0.0674475 0.0657973 0.0614475 0.0641684 0.0555093 0.0614500 0.0582147 0.0609138 0.0582009 0.0582009 0.0582059 0.0582135 0.0609109 0.0636510 0.0295704 0.0285307 0.0290522 0.0311342 0.0249091 0.0264614 0.0233634 0.0000000 0.0416428 0.0374181 0.0379483 0.0405741 0.0480073 0.0448125 0.0517461 0.0464237 0.0469555 0.0437701 0.0416345 0.0400577 0.0544280 0.0544280 0.0555041 0.0560370 0.0571276 0.0549698 0.0565785 0.0581923 0.0598264 0.0560442 0.0490789 0.0517357 0.0528182 0.0533535 0.0538928 0.0538906 0.0544235 0.0522843 0.0485324 0.0474692 
pop2_8     0.0724188 0.0735200 0.0713009 0.0762593 0.0729643 0.0718500 0.0712973 0.0740370 0.0696541 0.0729537 0.0729515 0.0735035 0.0707591 0.0707538 0.0702171 0.0702179 0.0652796 0.0713091 0.0735193 0.0790694 0.0647429 0.0663889 0.0647378 0.0647444 0.0647383 0.0707753 0.0746157 0.0723960 0.0696509 0.0724021 0.0636472 0.0696531 0.0663840 0.0691123 0.0663675 0.0658242 0.0663739 0.0663826 0.0691090 0.0718829 0.0405829 0.0405813 0.0400575 0.0421710 0.0358525 0.0379549 0.0427142 0.0416428 0.0000000 0.0411206 0.0458925 0.0474802 0.0566018 0.0533684 0.0603845 0.0550020 0.0555400 0.0523177 0.0501527 0.0485598 0.0630936 0.0636342 0.0641823 0.0647214 0.0658267 0.0636429 0.0652696 0.0669018 0.0685570 0.0641874 0.0571458 0.0598294 0.0598423 0.0603835 0.0603869 0.0620088 0.0625478 0.0603860 0.0576690 0.0555166 
