80
pop0_0     0.0000000 0.0110839 0.0151545 0.0285423 0.0316563 0.0326996 0.0306135 0.0337518 0.0369031 0.0464131 0.0453633 0.0528136 0.0549808 0.0538769 0.0464054 0.0495933 0.0421633 0.0421730 0.0442819 0.0528061 0.0571194 0.0549765 0.0571210 0.0538921 0.0614657 0.0485372 0.0538840 0.0581956 0.0549641 0.0625565 0.0538805 0.0734933 0.0592884 0.0528240 0.0538963 0.0669329 0.0549729 0.0549679 0.0603530 0.0560476 0.0691309 0.0713330 0.0614879 0.0593169 0.0636618 0.0669455 0.0702037 0.0647341 0.0614673 0.0647473 0.0582264 0.0571518 0.0604133 0.0658425 0.0647266 0.0593305 0.0625643 0.0636793 0.0593178 0.0658439 0.0647326 0.0593069 0.0549918 0.0571490 0.0614916 0.0603902 0.0636395 0.0691328 0.0801509 0.0746046 0.0614728 0.0549835 0.0506962 0.0603943 0.0528453 0.0614520 0.0625196 0.0690678 0.0701838 0.0668892 
pop0_1     0.0110839 0.0000000 0.0161788 0.0295876 0.0327063 0.0337513 0.0316618 0.0348053 0.0379619 0.0474870 0.0464358 0.0538978 0.0560689 0.0549626 0.0474792 0.0506721 0.0432305 0.0432401 0.0453517 0.0538906 0.0582107 0.0560645 0.0582132 0.0549781 0.0625645 0.0496140 0.0549699 0.0592886 0.0560518 0.0636572 0.0549658 0.0746121 0.0603835 0.0539084 0.0549824 0.0669484 0.0560608 0.0560557 0.0614500 0.0571373 0.0702429 0.0724487 0.0625871 0.0604125 0.0647646 0.0680540 0.0713171 0.0658384 0.0625661 0.0658518 0.0593200 0.0582438 0.0615109 0.0669490 0.0658308 0.0604263 0.0636651 0.0626041 0.0604133 0.0669503 0.0658369 0.0604022 0.0560801 0.0582409 0.0625908 0.0614874 0.0647419 0.0702448 0.0812811 0.0757253 0.0625717 0.0560717 0.0517775 0.0614915 0.0539302 0.0625505 0.0636196 0.0701787 0.0712976 0.0679966 
pop0_2     0.0151545 0.0161788 0.0000000 0.0233648 0.0264589 0.0274950 0.0254233 0.0285388 0.0316674 0.0411114 0.0400675 0.0474676 0.0496177 0.0485244 0.0411047 0.0442711 0.0368927 0.0369007 0.0389965 0.0474609 0.0517426 0.0496138 0.0517447 0.0485372 0.0560562 0.0432218 0.0485308 0.0528114 0.0496027 0.0571388 0.0485277 0.0679974 0.0538954 0.0474770 0.0485418 0.0614825 0.0496106 0.0496061 0.0549540 0.0506779 0.0636640 0.0658497 0.0560764 0.0539212 0.0582347 0.0614941 0.0647309 0.0593008 0.0560577 0.0593128 0.0528393 0.0517718 0.0550087 0.0603998 0.0592939 0.0539335 0.0571459 0.0582507 0.0539220 0.0604010 0.0592994 0.0539121 0.0496276 0.0517693 0.0560797 0.0549877 0.0582144 0.0636657 0.0746055 0.0680032 0.0560627 0.0496202 0.0453628 0.0549914 0.0474961 0.0560438 0.0571053 0.0636061 0.0647133 0.0614425 
pop0_3     0.0285423 0.0295876 0.0233648 0.0000000 0.0316601 0.0327027 0.0306165 0.0337558 0.0369075 0.0464186 0.0453687 0.0528199 0.0549875 0.0538834 0.0464110 0.0495993 0.0421686 0.0421780 0.0442867 0.0528124 0.0571263 0.0549831 0.0571288 0.0538986 0.0614731 0.0485426 0.0538906 0.0582026 0.0549707 0.0625641 0.0538870 0.0735023 0.0592956 0.0528304 0.0539028 0.0669410 0.0549795 0.0549745 0.0581963 0.0560544 0.0691394 0.0713417 0.0614953 0.0593241 0.0636695 0.0669537 0.0702123 0.0647420 0.0614748 0.0647552 0.0582334 0.0571587 0.0604206 0.0658505 0.0647345 0.0593376 0.0625719 0.0625975 0.0593249 0.0658519 0.0647405 0.0593140 0.0549984 0.0571559 0.0614990 0.0603975 0.0636472 0.0691412 0.0801608 0.0757223 0.0614803 0.0549902 0.0507023 0.0604016 0.0528517 0.0614594 0.0625272 0.0690762 0.0701931 0.0668967 
pop0_4     0.0316563 0.0327063 0.0264589 0.0316601 0.0000000 0.0316501 0.0295672 0.0327003 0.0358466 0.0453415 0.0442931 0.0495907 0.0517471 0.0506498 0.0432111 0.0463854 0.0389880 0.0389965 0.0410965 0.0495836 0.0538770 0.0517430 0.0538793 0.0506641 0.0582027 0.0453329 0.0506565 0.0549485 0.0517314 0.0592883 0.0506532 0.0701756 0.0560358 0.0496005 0.0506680 0.0636440 0.0517397 0.0517350 0.0570965 0.0528097 0.0636508 0.0658360 0.0560648 0.0539100 0.0582227 0.0614813 0.0647174 0.0592884 0.0560461 0.0593005 0.0528283 0.0517611 0.0549973 0.0625585 0.0614489 0.0560754 0.0592957 0.0604043 0.0560635 0.0625598 0.0614546 0.0560532 0.0517575 0.0539048 0.0582271 0.0571316 0.0603666 0.0658334 0.0768015 0.0723846 0.0582094 0.0517497 0.0474813 0.0571355 0.0496205 0.0581897 0.0592534 0.0635929 0.0668824 0.0636026 
pop0_5     0.0326996 0.0337513 0.0274950 0.0327027 0.0316501 0.0000000 0.0161680 0.0254228 0.0285372 0.0379399 0.0368997 0.0442684 0.0464078 0.0453210 0.0379337 0.0410867 0.0337401 0.0337480 0.0358339 0.0442621 0.0463921 0.0442778 0.0463941 0.0453337 0.0528168 0.0400405 0.0453270 0.0495883 0.0463938 0.0538949 0.0453241 0.0647045 0.0506668 0.0442771 0.0453372 0.0582181 0.0464012 0.0463970 0.0517215 0.0474638 0.0603893 0.0625648 0.0528363 0.0506910 0.0549849 0.0582290 0.0614524 0.0560470 0.0528187 0.0560583 0.0496144 0.0485514 0.0517729 0.0571402 0.0560404 0.0507025 0.0539015 0.0550000 0.0506917 0.0571413 0.0560456 0.0506824 0.0464170 0.0485491 0.0528395 0.0517532 0.0549658 0.0603909 0.0712817 0.0668967 0.0528235 0.0464101 0.0421714 0.0517567 0.0442949 0.0528057 0.0538633 0.0603345 0.0614357 0.0581803 
pop0_6     0.0306135 0.0316618 0.0254233 0.0306165 0.0295672 0.0161680 0.0000000 0.0233569 0.0264614 0.0358391 0.0348013 0.0421502 0.0442829 0.0432002 0.0358333 0.0389779 0.0316513 0.0316589 0.0337393 0.0400319 0.0463938 0.0442794 0.0463958 0.0432124 0.0506740 0.0379341 0.0432060 0.0474551 0.0442695 0.0517485 0.0432032 0.0625274 0.0485301 0.0421585 0.0432157 0.0560589 0.0442766 0.0442726 0.0495825 0.0453362 0.0582236 0.0603927 0.0506924 0.0485532 0.0528349 0.0560694 0.0592844 0.0538945 0.0506755 0.0539054 0.0474800 0.0464199 0.0496316 0.0549840 0.0538882 0.0485643 0.0517549 0.0528494 0.0485540 0.0549851 0.0538932 0.0485451 0.0442917 0.0464176 0.0506954 0.0496128 0.0528168 0.0582252 0.0690851 0.0647133 0.0506801 0.0442851 0.0400581 0.0496161 0.0421754 0.0506631 0.0517182 0.0581709 0.0592683 0.0560225 
pop0_7     0.0337518 0.0348053 0.0285388 0.0337558 0.0327003 0.0254228 0.0233569 0.0000000 0.0131164 0.0264614 0.0275073 0.0368853 0.0390016 0.0379291 0.0306116 0.0337356 0.0264579 0.0264638 0.0285318 0.0368801 0.0410993 0.0389985 0.0411011 0.0379397 0.0453487 0.0326979 0.0379341 0.0421536 0.0389898 0.0464150 0.0379316 0.0571192 0.0432202 0.0368927 0.0379426 0.0506941 0.0389965 0.0389925 0.0442668 0.0400485 0.0528431 0.0549965 0.0453648 0.0432407 0.0474924 0.0507036 0.0538983 0.0485460 0.0453498 0.0485558 0.0421757 0.0411224 0.0421924 0.0496265 0.0485403 0.0432505 0.0464207 0.0475055 0.0432414 0.0496275 0.0485448 0.0432335 0.0390093 0.0411204 0.0453675 0.0442938 0.0474760 0.0528445 0.0636296 0.0592884 0.0453539 0.0390035 0.0348050 0.0442967 0.0369073 0.0453387 0.0463880 0.0527954 0.0538837 0.0506613 
pop0_8     0.0369031 0.0379619 0.0316674 0.0369075 0.0358466 0.0285372 0.0264614 0.0131164 0.0000000 0.0295815 0.0306322 0.0400495 0.0421761 0.0410972 0.0337480 0.0368855 0.0295767 0.0295833 0.0316589 0.0400438 0.0442819 0.0421728 0.0442841 0.0411088 0.0485512 0.0358430 0.0411027 0.0453410 0.0421633 0.0496226 0.0411000 0.0603741 0.0464129 0.0400574 0.0411119 0.0539214 0.0421701 0.0421663 0.0474632 0.0432271 0.0560804 0.0582437 0.0485685 0.0464349 0.0507056 0.0539315 0.0571392 0.0517630 0.0485524 0.0517735 0.0453647 0.0443071 0.0475101 0.0517756 0.0506854 0.0464455 0.0496287 0.0507195 0.0464356 0.0528503 0.0517618 0.0464271 0.0421844 0.0443049 0.0485714 0.0474922 0.0506880 0.0560819 0.0669145 0.0625536 0.0485568 0.0421782 0.0379616 0.0474953 0.0400734 0.0485405 0.0495936 0.0560297 0.0571237 0.0538865 
pop0_9     0.0464131 0.0474870 0.0411114 0.0464186 0.0453415 0.0379399 0.0358391 0.0264614 0.0295815 0.0000000 0.0400654 0.0495963 0.0517530 0.0506555 0.0432160 0.0463907 0.0389925 0.0390011 0.0411012 0.0495893 0.0538831 0.0517489 0.0538854 0.0506698 0.0582093 0.0453380 0.0506623 0.0549547 0.0517373 0.0592951 0.0506590 0.0701838 0.0538892 0.0496061 0.0506740 0.0636512 0.0517447 0.0517409 0.0571030 0.0528157 0.0658391 0.0680311 0.0582302 0.0560690 0.0603946 0.0636633 0.0669083 0.0614630 0.0582108 0.0614755 0.0549838 0.0539136 0.0571599 0.0625656 0.0614558 0.0560818 0.0593024 0.0604112 0.0560698 0.0625669 0.0614615 0.0560595 0.0517633 0.0539110 0.0582337 0.0571381 0.0603735 0.0658409 0.0768107 0.0723928 0.0582160 0.0517556 0.0474867 0.0571420 0.0496261 0.0581963 0.0592602 0.0657792 0.0668900 0.0636098 
pop0_10    0.0453633 0.0464358 0.0400675 0.0453687 0.0442931 0.0368997 0.0348013 0.0275073 0.0306322 0.0400654 0.0000000 0.0485432 0.0506972 0.0496015 0.0421701 0.0453414 0.0379511 0.0379596 0.0400575 0.0485372 0.0528252 0.0506932 0.0528275 0.0496155 0.0571462 0.0442897 0.0496081 0.0538957 0.0506818 0.0582307 0.0496049 0.0691070 0.0549817 0.0485528 0.0496193 0.0604083 0.0506899 0.0506853 0.0560427 0.0506860 0.0647670 0.0669564 0.0571668 0.0550080 0.0593287 0.0625935 0.0658352 0.0603962 0.0571477 0.0604084 0.0539241 0.0528551 0.0560975 0.0571615 0.0560613 0.0528704 0.0582379 0.0593449 0.0550088 0.0614985 0.0603947 0.0549987 0.0507073 0.0528525 0.0571702 0.0560761 0.0593079 0.0647687 0.0757263 0.0713135 0.0571529 0.0506997 0.0464355 0.0560799 0.0485724 0.0571335 0.0581965 0.0647080 0.0658173 0.0625410 
pop0_11    0.0528136 0.0538978 0.0474676 0.0528199 0.0495907 0.0442684 0.0421502 0.0368853 0.0400495 0.0495963 0.0485432 0.0000000 0.0182131 0.0192289 0.0243820 0.0337273 0.0306034 0.0306102 0.0326881 0.0421378 0.0560184 0.0538792 0.0560208 0.0527970 0.0603563 0.0474515 0.0527891 0.0570926 0.0538671 0.0614450 0.0527857 0.0723615 0.0581833 0.0517308 0.0528011 0.0658130 0.0538757 0.0538708 0.0592462 0.0549485 0.0680068 0.0702047 0.0603781 0.0582112 0.0625480 0.0658254 0.0690780 0.0636186 0.0603579 0.0636315 0.0571229 0.0560502 0.0582228 0.0647247 0.0636112 0.0582245 0.0614527 0.0625652 0.0582120 0.0647260 0.0592791 0.0582009 0.0538942 0.0538929 0.0603817 0.0592824 0.0625261 0.0680086 0.0790064 0.0745769 0.0603633 0.0538861 0.0496066 0.0592867 0.0517516 0.0603429 0.0614088 0.0679447 0.0690591 0.0657700 
pop0_12    0.0549808 0.0560689 0.0496177 0.0549875 0.0517471 0.0464078 0.0442829 0.0390016 0.0421761 0.0517530 0.0506972 0.0182131 0.0000000 0.0212889 0.0264588 0.0358328 0.0326995 0.0327068 0.0347907 0.0442699 0.0581952 0.0560496 0.0581978 0.0549636 0.0625478 0.0496009 0.0549553 0.0592728 0.0560370 0.0636402 0.0549518 0.0745920 0.0603674 0.0538941 0.0549679 0.0680228 0.0560459 0.0560408 0.0614331 0.0571221 0.0702241 0.0724293 0.0625704 0.0603964 0.0647473 0.0680357 0.0712980 0.0658208 0.0625495 0.0658342 0.0593042 0.0582283 0.0604085 0.0669310 0.0658132 0.0604102 0.0636481 0.0647651 0.0603973 0.0669324 0.0636388 0.0603862 0.0560653 0.0560639 0.0625742 0.0614710 0.0636372 0.0691302 0.0790336 0.0746025 0.0625551 0.0560568 0.0517638 0.0614752 0.0539159 0.0625338 0.0636026 0.0701599 0.0712785 0.0679784 
pop0_13    0.0538769 0.0549626 0.0485244 0.0538834 0.0506498 0.0453210 0.0432002 0.0379291 0.0410972 0.0506555 0.0496015 0.0192289 0.0212889 0.0000000 0.0254106 0.0347669 0.0316394 0.0316464 0.0337266 0.0431876 0.0570852 0.0549436 0.0570877 0.0538600 0.0614288 0.0485079 0.0538519 0.0581608 0.0549313 0.0625190 0.0538484 0.0734489 0.0592530 0.0527925 0.0538642 0.0668926 0.0549401 0.0549351 0.0603169 0.0560141 0.0690893 0.0712900 0.0614500 0.0592824 0.0636240 0.0669053 0.0701614 0.0646952 0.0614305 0.0647084 0.0581916 0.0571177 0.0592933 0.0658030 0.0646877 0.0592950 0.0625268 0.0636411 0.0592824 0.0658042 0.0625176 0.0592714 0.0549590 0.0571149 0.0614547 0.0603541 0.0636013 0.0690912 0.0801023 0.0756672 0.0614360 0.0549507 0.0506661 0.0603581 0.0528139 0.0614151 0.0624821 0.0690262 0.0701422 0.0668489 
pop0_14    0.0464054 0.0474792 0.0411047 0.0464110 0.0432111 0.0379337 0.0358333 0.0306116 0.0337480 0.0432160 0.0421701 0.0243820 0.0264588 0.0254106 0.0000000 0.0274823 0.0243829 0.0243883 0.0264506 0.0358229 0.0495853 0.0474629 0.0495875 0.0463909 0.0538845 0.0410908 0.0463841 0.0506508 0.0474523 0.0549634 0.0463811 0.0657870 0.0517310 0.0453331 0.0463945 0.0592925 0.0474598 0.0474556 0.0527867 0.0485238 0.0614667 0.0636451 0.0539038 0.0517557 0.0560552 0.0593037 0.0625308 0.0571183 0.0538859 0.0571299 0.0506775 0.0496133 0.0517659 0.0582132 0.0571117 0.0517674 0.0549702 0.0560706 0.0517564 0.0582144 0.0549622 0.0517469 0.0474761 0.0496109 0.0539070 0.0528191 0.0560357 0.0614683 0.0723730 0.0679821 0.0538906 0.0474690 0.0432250 0.0528226 0.0453513 0.0538725 0.0549312 0.0614109 0.0625138 0.0592540 
pop0_15    0.0495933 0.0506721 0.0442711 0.0495993 0.0463854 0.0410867 0.0389779 0.0337356 0.0368855 0.0463907 0.0453414 0.0337273 0.0358328 0.0347669 0.0274823 0.0000000 0.0274817 0.0274878 0.0295574 0.0389664 0.0527850 0.0506547 0.0527873 0.0495778 0.0571026 0.0442562 0.0495704 0.0527835 0.0506433 0.0581862 0.0495672 0.0690539 0.0549398 0.0485160 0.0495816 0.0625338 0.0506514 0.0506468 0.0559989 0.0517195 0.0647173 0.0669050 0.0571232 0.0549658 0.0592824 0.0625456 0.0657847 0.0603500 0.0571041 0.0603622 0.0538831 0.0528149 0.0560547 0.0614500 0.0603430 0.0549787 0.0581934 0.0592996 0.0549669 0.0614515 0.0581850 0.0549568 0.0506688 0.0528123 0.0571266 0.0560334 0.0592626 0.0647191 0.0756678 0.0712586 0.0571092 0.0506612 0.0464003 0.0560371 0.0485355 0.0570899 0.0581520 0.0646584 0.0657668 0.0624931 
pop0_16    0.0421633 0.0432305 0.0368927 0.0421686 0.0389880 0.0337401 0.0316513 0.0264579 0.0295767 0.0389925 0.0379511 0.0306034 0.0326995 0.0316394 0.0243829 0.0274817 0.0000000 0.0141297 0.0161662 0.0254114 0.0453271 0.0432158 0.0453291 0.0421505 0.0496009 0.0368801 0.0421442 0.0463869 0.0432061 0.0506740 0.0421415 0.0614361 0.0474601 0.0410981 0.0421537 0.0549770 0.0432130 0.0432091 0.0485112 0.0442711 0.0549798 0.0571390 0.0496186 0.0474827 0.0517579 0.0549873 0.0581979 0.0528168 0.0496021 0.0528268 0.0464112 0.0453526 0.0485593 0.0539037 0.0528100 0.0474935 0.0506797 0.0517721 0.0474834 0.0528301 0.0528148 0.0474747 0.0432277 0.0453504 0.0496216 0.0485409 0.0517399 0.0571399 0.0679836 0.0636180 0.0496066 0.0432218 0.0390005 0.0485441 0.0411145 0.0495899 0.0506438 0.0570866 0.0581821 0.0549414 
pop0_17    0.0421730 0.0432401 0.0369007 0.0421780 0.0389965 0.0337480 0.0316589 0.0264638 0.0295833 0.0390011 0.0379596 0.0306102 0.0327068 0.0316464 0.0243883 0.0274878 0.0141297 0.0000000 0.0161698 0.0254171 0.0453372 0.0432254 0.0453392 0.0421598 0.0496119 0.0368883 0.0421536 0.0463972 0.0432157 0.0506847 0.0421509 0.0614500 0.0474711 0.0411072 0.0421633 0.0549893 0.0432218 0.0432187 0.0485220 0.0442819 0.0571511 0.0593173 0.0496297 0.0474933 0.0517694 0.0549996 0.0560549 0.0528279 0.0496132 0.0528386 0.0464216 0.0453627 0.0485701 0.0539157 0.0528217 0.0475041 0.0506910 0.0517836 0.0474940 0.0528418 0.0528266 0.0474853 0.0432373 0.0453605 0.0496326 0.0485517 0.0517514 0.0571526 0.0679988 0.0636322 0.0496177 0.0432309 0.0390092 0.0485549 0.0411237 0.0496010 0.0506551 0.0570994 0.0560397 0.0549536 
pop0_18    0.0442819 0.0453517 0.0389965 0.0442867 0.0410965 0.0358339 0.0337393 0.0285318 0.0316589 0.0411012 0.0400575 0.0326881 0.0347907 0.0337266 0.0264506 0.0295574 0.0161662 0.0161698 0.0000000 0.0274815 0.0474530 0.0453362 0.0474551 0.0442676 0.0517395 0.0389824 0.0442610 0.0485157 0.0453260 0.0528152 0.0442581 0.0636082 0.0495923 0.0432124 0.0442710 0.0571315 0.0453333 0.0453292 0.0506458 0.0463943 0.0592992 0.0614712 0.0517580 0.0496160 0.0539033 0.0571422 0.0603611 0.0549640 0.0517408 0.0549751 0.0485412 0.0474798 0.0506960 0.0560552 0.0549576 0.0496273 0.0528217 0.0539181 0.0496167 0.0549785 0.0549627 0.0496076 0.0453488 0.0474775 0.0517611 0.0506768 0.0538845 0.0593008 0.0701748 0.0657967 0.0517447 0.0453420 0.0411096 0.0506802 0.0432298 0.0517280 0.0527843 0.0592455 0.0603447 0.0570944 
pop0_19    0.0528061 0.0538906 0.0474609 0.0528124 0.0495836 0.0442621 0.0400319 0.0368801 0.0400438 0.0495893 0.0485372 0.0421378 0.0442699 0.0431876 0.0358229 0.0389664 0.0254114 0.0254171 0.0274815 0.0000000 0.0570903 0.0549485 0.0570928 0.0538647 0.0614343 0.0485122 0.0538566 0.0581659 0.0549361 0.0625246 0.0538531 0.0734556 0.0592582 0.0527972 0.0538689 0.0668986 0.0549449 0.0549399 0.0603222 0.0560191 0.0690955 0.0712964 0.0614565 0.0592867 0.0636293 0.0669113 0.0701677 0.0647010 0.0614359 0.0647133 0.0581967 0.0571227 0.0603825 0.0658089 0.0646935 0.0593002 0.0625323 0.0636468 0.0592875 0.0647183 0.0646995 0.0592766 0.0549639 0.0571199 0.0614602 0.0603594 0.0636070 0.0690974 0.0801096 0.0756740 0.0614415 0.0549556 0.0506705 0.0603635 0.0528185 0.0614206 0.0624877 0.0690324 0.0701485 0.0668549 
pop1_0     0.0571194 0.0582107 0.0517426 0.0571263 0.0538770 0.0463921 0.0463938 0.0410993 0.0442819 0.0538831 0.0528252 0.0560184 0.0581952 0.0570852 0.0495853 0.0527850 0.0453271 0.0453372 0.0474530 0.0570903 0.0000000 0.0080402 0.0141254 0.0151461 0.0285298 0.0202636 0.0254135 0.0295616 0.0306037 0.0442796 0.0358231 0.0549511 0.0410950 0.0347865 0.0379356 0.0506847 0.0389888 0.0389853 0.0442586 0.0400411 0.0658236 0.0680150 0.0582166 0.0560558 0.0603803 0.0636482 0.0668924 0.0614485 0.0581971 0.0614610 0.0549709 0.0539010 0.0571465 0.0625509 0.0614413 0.0560686 0.0592884 0.0603969 0.0560567 0.0625521 0.0614470 0.0560464 0.0517512 0.0538983 0.0582200 0.0571247 0.0603592 0.0658253 0.0767923 0.0723756 0.0582024 0.0517435 0.0474756 0.0571285 0.0496145 0.0581827 0.0592462 0.0657636 0.0668741 0.0635947 
pop1_1     0.0549765 0.0560645 0.0496138 0.0549831 0.0517430 0.0442778 0.0442794 0.0389985 0.0421728 0.0517489 0.0506932 0.0538792 0.0560496 0.0549436 0.0474629 0.0506547 0.0432158 0.0432254 0.0453362 0.0549485 0.0080402 0.0000000 0.0120937 0.0131116 0.0264614 0.0182163 0.0233535 0.0274910 0.0285303 0.0421703 0.0337367 0.0528144 0.0389944 0.0327027 0.0358430 0.0485582 0.0368927 0.0368902 0.0421504 0.0379438 0.0636568 0.0658422 0.0560701 0.0539151 0.0582282 0.0614871 0.0636333 0.0592941 0.0560514 0.0593061 0.0528333 0.0517660 0.0550025 0.0603930 0.0592872 0.0539274 0.0571395 0.0582442 0.0539159 0.0603942 0.0592927 0.0539060 0.0496221 0.0517635 0.0560734 0.0549816 0.0582079 0.0636585 0.0745969 0.0701921 0.0560564 0.0496147 0.0453577 0.0549852 0.0474908 0.0560375 0.0570989 0.0635989 0.0647059 0.0614355 
pop1_2     0.0571210 0.0582132 0.0517447 0.0571288 0.0538793 0.0463941 0.0463958 0.0411011 0.0442841 0.0538854 0.0528275 0.0560208 0.0581978 0.0570877 0.0495875 0.0527873 0.0453291 0.0453392 0.0474551 0.0570928 0.0141254 0.0120937 0.0000000 0.0151467 0.0285310 0.0202644 0.0254146 0.0295629 0.0306050 0.0442819 0.0358247 0.0549535 0.0410968 0.0347880 0.0379372 0.0506869 0.0389905 0.0389870 0.0442605 0.0400429 0.0658265 0.0680180 0.0582191 0.0560583 0.0603830 0.0636510 0.0668953 0.0614512 0.0581997 0.0614637 0.0549733 0.0539033 0.0571490 0.0625536 0.0614440 0.0560711 0.0592910 0.0603996 0.0560591 0.0625549 0.0614500 0.0560488 0.0517535 0.0539007 0.0582226 0.0571272 0.0603619 0.0658282 0.0767957 0.0723788 0.0582049 0.0517457 0.0474777 0.0571310 0.0496166 0.0581852 0.0592488 0.0657665 0.0668771 0.0635975 
pop1_3     0.0538921 0.0549781 0.0485372 0.0538986 0.0506641 0.0453337 0.0432124 0.0379397 0.0411088 0.0506698 0.0496155 0.0527970 0.0549636 0.0538600 0.0463909 0.0495778 0.0421505 0.0421598 0.0442676 0.0538647 0.0151461 0.0131116 0.0151467 0.0000000 0.0254220 0.0171899 0.0223193 0.0264504 0.0274880 0.0411062 0.0326865 0.0517337 0.0379357 0.0316532 0.0347892 0.0474838 0.0358380 0.0358348 0.0410869 0.0368861 0.0625581 0.0647399 0.0549837 0.0528322 0.0571383 0.0603918 0.0636240 0.0582028 0.0549658 0.0582146 0.0517523 0.0506866 0.0539176 0.0592996 0.0581960 0.0528443 0.0560515 0.0571540 0.0528330 0.0593008 0.0582009 0.0528233 0.0485461 0.0506841 0.0549870 0.0538971 0.0571184 0.0625598 0.0734807 0.0690831 0.0549703 0.0485389 0.0442886 0.0539007 0.0464182 0.0549517 0.0560117 0.0625013 0.0636062 0.0603412 
pop1_4     0.0614657 0.0625645 0.0560562 0.0614731 0.0582027 0.0528168 0.0506740 0.0453487 0.0485512 0.0582093 0.0571462 0.0603563 0.0625478 0.0614288 0.0538845 0.0571026 0.0496009 0.0496119 0.0517395 0.0614343 0.0285298 0.0264614 0.0285310 0.0254220 0.0000000 0.0243896 0.0295690 0.0337415 0.0347899 0.0485484 0.0400395 0.0592824 0.0453435 0.0389981 0.0421659 0.0549930 0.0432255 0.0432218 0.0485253 0.0442839 0.0702245 0.0724296 0.0625708 0.0603968 0.0647477 0.0680361 0.0712984 0.0658212 0.0625498 0.0658346 0.0593046 0.0582287 0.0614949 0.0669314 0.0658135 0.0604106 0.0614707 0.0647655 0.0603976 0.0669328 0.0658196 0.0603865 0.0560656 0.0582258 0.0625745 0.0614714 0.0647250 0.0702263 0.0812595 0.0768153 0.0625554 0.0560572 0.0517641 0.0614755 0.0539163 0.0625342 0.0636030 0.0690656 0.0712788 0.0679788 
pop1_5     0.0485372 0.0496140 0.0432218 0.0485426 0.0453329 0.0400405 0.0379341 0.0326979 0.0358430 0.0453380 0.0442897 0.0474515 0.0496009 0.0485079 0.0410908 0.0442562 0.0368801 0.0368883 0.0389824 0.0485122 0.0202636 0.0182163 0.0202644 0.0171899 0.0243896 0.0000000 0.0171874 0.0212900 0.0223202 0.0358417 0.0274833 0.0463950 0.0326944 0.0264556 0.0295696 0.0421729 0.0306111 0.0306083 0.0358249 0.0316520 0.0571388 0.0593045 0.0496190 0.0474831 0.0517583 0.0549877 0.0581983 0.0528168 0.0496025 0.0528272 0.0464116 0.0453530 0.0485597 0.0539041 0.0528104 0.0474939 0.0506801 0.0517725 0.0474838 0.0539052 0.0528152 0.0474751 0.0432281 0.0453508 0.0496219 0.0485413 0.0517403 0.0571403 0.0679840 0.0636185 0.0496070 0.0432218 0.0390008 0.0485445 0.0411149 0.0495903 0.0506442 0.0570871 0.0581825 0.0549418 
pop1_6     0.0538840 0.0549699 0.0485308 0.0538906 0.0506565 0.0453270 0.0432060 0.0379341 0.0411027 0.0506623 0.0496081 0.0527891 0.0549553 0.0538519 0.0463841 0.0495704 0.0421442 0.0421536 0.0442610 0.0538566 0.0254135 0.0233535 0.0254146 0.0223193 0.0295690 0.0171874 0.0000000 0.0264465 0.0274840 0.0411003 0.0326817 0.0517260 0.0379301 0.0316485 0.0347840 0.0474768 0.0358327 0.0358295 0.0410809 0.0368807 0.0625487 0.0647301 0.0549754 0.0528243 0.0571297 0.0603827 0.0636139 0.0581940 0.0549571 0.0582058 0.0517447 0.0506790 0.0539095 0.0592907 0.0581872 0.0506937 0.0560427 0.0571454 0.0528251 0.0592919 0.0581926 0.0528154 0.0485389 0.0506766 0.0549787 0.0538890 0.0571098 0.0625503 0.0734695 0.0690726 0.0549621 0.0485316 0.0442819 0.0538926 0.0464113 0.0549435 0.0560033 0.0624918 0.0635966 0.0603321 
pop1_7     0.0581956 0.0592886 0.0528114 0.0582026 0.0549485 0.0495883 0.0474551 0.0421536 0.0453410 0.0549547 0.0538957 0.0570926 0.0592728 0.0581608 0.0506508 0.0527835 0.0463869 0.0463972 0.0485157 0.0581659 0.0295616 0.0274910 0.0295629 0.0264504 0.0337415 0.0212900 0.0264465 0.0000000 0.0316437 0.0453383 0.0368699 0.0560241 0.0421492 0.0358323 0.0389855 0.0517523 0.0400402 0.0400366 0.0453168 0.0410939 0.0669121 0.0691067 0.0592946 0.0571308 0.0614613 0.0647339 0.0679821 0.0625306 0.0592748 0.0625434 0.0560442 0.0549730 0.0582232 0.0636348 0.0625234 0.0571439 0.0603678 0.0614782 0.0571317 0.0636361 0.0625292 0.0571210 0.0528202 0.0549703 0.0592981 0.0582009 0.0614398 0.0669139 0.0767865 0.0734729 0.0592801 0.0528123 0.0485388 0.0582049 0.0506807 0.0592600 0.0603247 0.0668511 0.0679635 0.0646794 
pop1_8     0.0549641 0.0560518 0.0496027 0.0549707 0.0517314 0.0463938 0.0442695 0.0389898 0.0421633 0.0517373 0.0506818 0.0538671 0.0560370 0.0549313 0.0474523 0.0506433 0.0432061 0.0432157 0.0453260 0.0549361 0.0306037 0.0285303 0.0306050 0.0274880 0.0347899 0.0223202 0.0274840 0.0316437 0.0000000 0.0421609 0.0337292 0.0528025 0.0389857 0.0326948 0.0358350 0.0485473 0.0368853 0.0368820 0.0421409 0.0379347 0.0636425 0.0658274 0.0560575 0.0539030 0.0582151 0.0614733 0.0647090 0.0592807 0.0560388 0.0592928 0.0528215 0.0517544 0.0549901 0.0603794 0.0592738 0.0539153 0.0571266 0.0582311 0.0539038 0.0603806 0.0592793 0.0538939 0.0496109 0.0517519 0.0560608 0.0549692 0.0581948 0.0636442 0.0745801 0.0701762 0.0560438 0.0496035 0.0453476 0.0549729 0.0474802 0.0560249 0.0570860 0.0635846 0.0646913 0.0614217 
pop1_9     0.0625565 0.0636572 0.0571388 0.0625641 0.0592883 0.0538949 0.0517485 0.0464150 0.0496226 0.0592951 0.0582307 0.0614450 0.0636402 0.0625190 0.0549634 0.0581862 0.0506740 0.0506847 0.0528152 0.0625246 0.0442796 0.0421703 0.0442819 0.0411062 0.0485484 0.0358417 0.0411003 0.0453383 0.0421609 0.0000000 0.0368849 0.0603706 0.0464101 0.0400550 0.0432274 0.0560743 0.0442886 0.0442846 0.0495960 0.0453486 0.0713291 0.0735378 0.0636636 0.0614863 0.0658439 0.0691375 0.0724043 0.0669187 0.0636423 0.0669323 0.0603923 0.0593148 0.0625863 0.0680309 0.0669109 0.0615003 0.0647428 0.0658619 0.0614871 0.0680323 0.0669172 0.0614758 0.0571484 0.0593119 0.0636675 0.0625623 0.0658208 0.0713310 0.0823809 0.0779298 0.0636480 0.0571398 0.0528404 0.0625666 0.0549959 0.0614553 0.0625230 0.0690715 0.0701883 0.0668928 
pop1_10    0.0538805 0.0549658 0.0485277 0.0538870 0.0506532 0.0453241 0.0432032 0.0379316 0.0411000 0.0506590 0.0496049 0.0527857 0.0549518 0.0538484 0.0463811 0.0495672 0.0421415 0.0421509 0.0442581 0.0538531 0.0358231 0.0337367 0.0358247 0.0326865 0.0400395 0.0274833 0.0326817 0.0368699 0.0337292 0.0368849 0.0000000 0.0517227 0.0379276 0.0316465 0.0347818 0.0474737 0.0358304 0.0358272 0.0410782 0.0368783 0.0625446 0.0647259 0.0549719 0.0528209 0.0571260 0.0603788 0.0636097 0.0581902 0.0549536 0.0582021 0.0517412 0.0506758 0.0539061 0.0592868 0.0581835 0.0528329 0.0549612 0.0571417 0.0528217 0.0592881 0.0581889 0.0528120 0.0485358 0.0506740 0.0549752 0.0538855 0.0571061 0.0625463 0.0734647 0.0690681 0.0549585 0.0485285 0.0442791 0.0538891 0.0464083 0.0549399 0.0559997 0.0624878 0.0635924 0.0603282 
pop1_11    0.0734933 0.0746121 0.0679974 0.0735023 0.0701756 0.0647045 0.0625274 0.0571192 0.0603741 0.0701838 0.0691070 0.0723615 0.0745920 0.0734489 0.0657870 0.0690539 0.0614361 0.0614500 0.0636082 0.0734556 0.0549511 0.0528144 0.0549535 0.0517337 0.0592824 0.0463950 0.0517260 0.0560241 0.0528025 0.0603706 0.0517227 0.0000000 0.0421608 0.0485344 0.0538861 0.0669201 0.0549624 0.0549575 0.0603416 0.0560370 0.0823973 0.0846390 0.0746197 0.0724104 0.0768314 0.0801744 0.0812559 0.0779189 0.0745946 0.0779349 0.0712991 0.0702072 0.0735286 0.0790502 0.0779101 0.0724272 0.0757128 0.0768525 0.0724114 0.0790518 0.0779172 0.0723981 0.0680089 0.0702037 0.0746242 0.0735002 0.0768043 0.0823995 0.0936078 0.0890910 0.0746012 0.0679985 0.0636388 0.0735052 0.0658262 0.0745756 0.0756581 0.0823212 0.0834613 0.0801063 
pop1_12    0.0592884 0.0603835 0.0538954 0.0592956 0.0560358 0.0506668 0.0485301 0.0432202 0.0464129 0.0538892 0.0549817 0.0581833 0.0603674 0.0592530 0.0517310 0.0549398 0.0474601 0.0474711 0.0495923 0.0592582 0.0410950 0.0389944 0.0410968 0.0379357 0.0453435 0.0326944 0.0379301 0.0421492 0.0389857 0.0464101 0.0379276 0.0421608 0.0000000 0.0347926 0.0400470 0.0528349 0.0411034 0.0410997 0.0463881 0.0421587 0.0680198 0.0702180 0.0603896 0.0582222 0.0625599 0.0658380 0.0669044 0.0636307 0.0603694 0.0636436 0.0571337 0.0560608 0.0593166 0.0647370 0.0636240 0.0582355 0.0614643 0.0625771 0.0582231 0.0647383 0.0636292 0.0582124 0.0539044 0.0560580 0.0603932 0.0592940 0.0625380 0.0680216 0.0790215 0.0745911 0.0603748 0.0538963 0.0496160 0.0592979 0.0517614 0.0603543 0.0614205 0.0679577 0.0690723 0.0657826 
pop1_13    0.0528240 0.0539084 0.0474770 0.0528304 0.0496005 0.0442771 0.0421585 0.0368927 0.0400574 0.0496061 0.0485528 0.0517308 0.0538941 0.0527925 0.0453331 0.0485160 0.0410981 0.0411072 0.0432124 0.0527972 0.0347865 0.0327027 0.0347880 0.0316532 0.0389981 0.0264556 0.0316485 0.0358323 0.0326948 0.0400550 0.0316465 0.0485344 0.0347926 0.0000000 0.0337461 0.0464239 0.0327027 0.0347905 0.0400361 0.0358404 0.0614782 0.0636570 0.0539138 0.0517652 0.0560656 0.0593147 0.0603744 0.0571290 0.0538959 0.0571406 0.0506869 0.0496225 0.0528490 0.0582241 0.0571223 0.0517770 0.0549804 0.0560810 0.0517660 0.0582253 0.0571276 0.0517565 0.0474849 0.0496201 0.0517710 0.0506865 0.0560461 0.0614798 0.0723866 0.0679949 0.0539007 0.0474778 0.0432329 0.0528324 0.0453597 0.0538825 0.0549414 0.0614223 0.0603554 0.0571046 
pop1_14    0.0538963 0.0549824 0.0485418 0.0539028 0.0506680 0.0453372 0.0432157 0.0379426 0.0411119 0.0506740 0.0496193 0.0528011 0.0549679 0.0538642 0.0463945 0.0495816 0.0421537 0.0421633 0.0442710 0.0538689 0.0379356 0.0358430 0.0379372 0.0347892 0.0421659 0.0295696 0.0347840 0.0389855 0.0358350 0.0432274 0.0347818 0.0538861 0.0400470 0.0337461 0.0000000 0.0306263 0.0274945 0.0316529 0.0368770 0.0326982 0.0625631 0.0647451 0.0549880 0.0528363 0.0571428 0.0603966 0.0636285 0.0582073 0.0549696 0.0582192 0.0517563 0.0506905 0.0539218 0.0593043 0.0582009 0.0528484 0.0560559 0.0571585 0.0528371 0.0593055 0.0582060 0.0528274 0.0485499 0.0506880 0.0549913 0.0539013 0.0571229 0.0625647 0.0734867 0.0690886 0.0549746 0.0485426 0.0442920 0.0539049 0.0464217 0.0549560 0.0560161 0.0625062 0.0636112 0.0603460 
pop1_15    0.0669329 0.0669484 0.0614825 0.0669410 0.0636440 0.0582181 0.0560589 0.0506941 0.0539214 0.0636512 0.0604083 0.0658130 0.0680228 0.0668926 0.0592925 0.0625338 0.0549770 0.0549893 0.0571315 0.0668986 0.0506847 0.0485582 0.0506869 0.0474838 0.0549930 0.0421729 0.0474768 0.0517523 0.0485473 0.0560743 0.0474737 0.0669201 0.0528349 0.0464239 0.0306263 0.0000000 0.0400626 0.0442926 0.0496049 0.0453567 0.0757603 0.0779827 0.0680479 0.0658572 0.0702413 0.0724516 0.0768405 0.0713216 0.0680251 0.0702355 0.0636652 0.0625831 0.0658704 0.0702392 0.0691149 0.0658724 0.0691330 0.0702606 0.0658582 0.0724432 0.0713199 0.0658461 0.0614928 0.0636694 0.0680520 0.0669391 0.0702167 0.0757623 0.0868785 0.0823999 0.0680312 0.0614835 0.0571589 0.0669436 0.0593276 0.0680080 0.0690834 0.0756907 0.0768194 0.0734934 
pop1_16    0.0549729 0.0560608 0.0496106 0.0549795 0.0517397 0.0464012 0.0442766 0.0389965 0.0421701 0.0517447 0.0506899 0.0538757 0.0560459 0.0549401 0.0474598 0.0506514 0.0432130 0.0432218 0.0453333 0.0549449 0.0389888 0.0368927 0.0389905 0.0358380 0.0432255 0.0306111 0.0358327 0.0400402 0.0368853 0.0442886 0.0358304 0.0549624 0.0411034 0.0327027 0.0274945 0.0400626 0.0000000 0.0326973 0.0379285 0.0337441 0.0636526 0.0658379 0.0560664 0.0539116 0.0582244 0.0614831 0.0647193 0.0592902 0.0560477 0.0593022 0.0528299 0.0517627 0.0549989 0.0603890 0.0571222 0.0539239 0.0571357 0.0582404 0.0528400 0.0603902 0.0592888 0.0539025 0.0496188 0.0517601 0.0549904 0.0539005 0.0582040 0.0636543 0.0745920 0.0701874 0.0560528 0.0496114 0.0453548 0.0549816 0.0474877 0.0560338 0.0570951 0.0635947 0.0625253 0.0592648 
pop1_17    0.0549679 0.0560557 0.0496061 0.0549745 0.0517350 0.0463970 0.0442726 0.0389925 0.0421663 0.0517409 0.0506853 0.0538708 0.0560408 0.0549351 0.0474556 0.0506468 0.0432091 0.0432187 0.0453292 0.0549399 0.0389853 0.0368902 0.0389870 0.0358348 0.0432218 0.0306083 0.0358295 0.0400366 0.0368820 0.0442846 0.0358272 0.0549575 0.0410997 0.0347905 0.0316529 0.0442926 0.0326973 0.0000000 0.0316417 0.0337411 0.0636469 0.0658319 0.0560614 0.0539068 0.0582191 0.0614775 0.0647133 0.0592848 0.0560427 0.0592969 0.0528251 0.0517580 0.0549939 0.0603835 0.0592779 0.0539191 0.0571306 0.0582351 0.0539076 0.0603848 0.0592834 0.0538977 0.0496144 0.0517555 0.0560647 0.0549730 0.0581988 0.0636486 0.0745852 0.0701810 0.0560477 0.0496070 0.0453507 0.0549767 0.0474834 0.0560288 0.0570900 0.0635890 0.0646958 0.0614259 
pop1_18    0.0603530 0.0614500 0.0549540 0.0581963 0.0570965 0.0517215 0.0495825 0.0442668 0.0474632 0.0571030 0.0560427 0.0592462 0.0614331 0.0603169 0.0527867 0.0559989 0.0485112 0.0485220 0.0506458 0.0603222 0.0442586 0.0421504 0.0442605 0.0410869 0.0485253 0.0358249 0.0410809 0.0453168 0.0421409 0.0495960 0.0410782 0.0603416 0.0463881 0.0400361 0.0368770 0.0496049 0.0379285 0.0316417 0.0000000 0.0389792 0.0690946 0.0712954 0.0614557 0.0592859 0.0636285 0.0669104 0.0701667 0.0647002 0.0614352 0.0647133 0.0581960 0.0571210 0.0603818 0.0658080 0.0646926 0.0592995 0.0625315 0.0636459 0.0592868 0.0658093 0.0646986 0.0592759 0.0549632 0.0571192 0.0614594 0.0603587 0.0636062 0.0690964 0.0801084 0.0756729 0.0614407 0.0549549 0.0506699 0.0603627 0.0528179 0.0614198 0.0624869 0.0690314 0.0701475 0.0668540 
pop1_19    0.0560476 0.0571373 0.0506779 0.0560544 0.0528097 0.0474638 0.0453362 0.0400485 0.0432271 0.0528157 0.0506860 0.0549485 0.0571221 0.0560141 0.0485238 0.0517195 0.0442711 0.0442819 0.0463943 0.0560191 0.0400411 0.0379438 0.0400429 0.0368861 0.0442839 0.0316520 0.0368807 0.0410939 0.0379347 0.0453486 0.0368783 0.0560370 0.0421587 0.0358404 0.0326982 0.0453567 0.0337441 0.0337411 0.0389792 0.0000000 0.0647399 0.0669284 0.0571430 0.0549852 0.0593040 0.0625674 0.0658077 0.0603710 0.0571240 0.0603833 0.0539018 0.0528332 0.0560742 0.0614717 0.0603640 0.0549977 0.0582137 0.0593203 0.0549860 0.0614729 0.0603696 0.0549759 0.0506863 0.0528306 0.0571465 0.0560528 0.0592824 0.0647417 0.0756944 0.0712827 0.0571291 0.0506787 0.0464163 0.0560566 0.0485523 0.0571098 0.0581723 0.0646810 0.0657898 0.0625149 
pop2_0     0.0691309 0.0702429 0.0636640 0.0691394 0.0636508 0.0603893 0.0582236 0.0528431 0.0560804 0.0658391 0.0647670 0.0680068 0.0702241 0.0690893 0.0614667 0.0647173 0.0549798 0.0571511 0.0592992 0.0690955 0.0658236 0.0636568 0.0658265 0.0625581 0.0702245 0.0571388 0.0625487 0.0669121 0.0636425 0.0713291 0.0625446 0.0823973 0.0680198 0.0614782 0.0625631 0.0757603 0.0636526 0.0636469 0.0690946 0.0647399 0.0000000 0.0060273 0.0172052 0.0151599 0.0254431 0.0285589 0.0379583 0.0327163 0.0295866 0.0432528 0.0369158 0.0358690 0.0390346 0.0550122 0.0539158 0.0485891 0.0517814 0.0528765 0.0485788 0.0550133 0.0625715 0.0571597 0.0528557 0.0550073 0.0593382 0.0582403 0.0614814 0.0669594 0.0779493 0.0735231 0.0593201 0.0528478 0.0485713 0.0582442 0.0507147 0.0593001 0.0603654 0.0668967 0.0680098 0.0647233 
pop2_1     0.0713330 0.0724487 0.0658497 0.0713417 0.0658360 0.0625648 0.0603927 0.0549965 0.0582437 0.0680311 0.0669564 0.0702047 0.0724293 0.0712900 0.0636451 0.0669050 0.0571390 0.0593173 0.0614712 0.0712964 0.0680150 0.0658422 0.0680180 0.0647399 0.0724296 0.0593045 0.0647301 0.0691067 0.0658274 0.0735378 0.0647259 0.0846390 0.0702180 0.0636570 0.0647451 0.0779827 0.0658379 0.0658319 0.0712954 0.0669284 0.0060273 0.0000000 0.0192566 0.0172056 0.0275179 0.0306428 0.0400682 0.0348113 0.0316726 0.0453788 0.0390233 0.0379737 0.0411489 0.0571727 0.0560724 0.0507312 0.0539321 0.0550313 0.0507205 0.0571739 0.0647539 0.0593262 0.0550097 0.0571676 0.0615117 0.0604100 0.0636604 0.0691556 0.0801776 0.0757381 0.0614929 0.0550014 0.0507126 0.0604140 0.0507169 0.0614721 0.0625401 0.0690906 0.0702077 0.0669112 
pop2_2     0.0614879 0.0625871 0.0560764 0.0614953 0.0560648 0.0528363 0.0506924 0.0453648 0.0485685 0.0582302 0.0571668 0.0603781 0.0625704 0.0614500 0.0539038 0.0571232 0.0496186 0.0496297 0.0517580 0.0614565 0.0582166 0.0560701 0.0582191 0.0549837 0.0625708 0.0496190 0.0549754 0.0592946 0.0560575 0.0636636 0.0549719 0.0746197 0.0603896 0.0539138 0.0549880 0.0680479 0.0560664 0.0560614 0.0614557 0.0571430 0.0172052 0.0192566 0.0000000 0.0060270 0.0182311 0.0213160 0.0306273 0.0254361 0.0223369 0.0358677 0.0295933 0.0285560 0.0316890 0.0475098 0.0464270 0.0411488 0.0443121 0.0453933 0.0411402 0.0475107 0.0549954 0.0496371 0.0453756 0.0475056 0.0517918 0.0507069 0.0539166 0.0593362 0.0702171 0.0658361 0.0517762 0.0453688 0.0411339 0.0507102 0.0432553 0.0517588 0.0528157 0.0592809 0.0603807 0.0571284 
pop2_3     0.0593169 0.0604125 0.0539212 0.0593241 0.0539100 0.0506910 0.0485532 0.0432407 0.0464349 0.0560690 0.0550080 0.0582112 0.0603964 0.0592824 0.0517557 0.0549658 0.0474827 0.0474933 0.0496160 0.0592867 0.0560558 0.0539151 0.0560583 0.0528322 0.0603968 0.0474831 0.0528243 0.0571308 0.0539030 0.0614863 0.0528209 0.0724104 0.0582222 0.0517652 0.0528363 0.0658572 0.0539116 0.0539068 0.0592859 0.0549852 0.0151599 0.0172056 0.0060270 0.0000000 0.0161829 0.0192590 0.0285452 0.0233684 0.0202779 0.0337702 0.0275136 0.0264789 0.0296026 0.0453788 0.0442999 0.0390356 0.0421906 0.0432679 0.0390274 0.0453797 0.0528434 0.0475003 0.0432510 0.0453748 0.0496484 0.0485671 0.0517679 0.0571709 0.0680207 0.0636527 0.0496334 0.0432446 0.0390214 0.0485703 0.0411366 0.0496167 0.0506712 0.0571177 0.0582137 0.0549712 
pop2_4     0.0636618 0.0647646 0.0582347 0.0636695 0.0582227 0.0549849 0.0528349 0.0474924 0.0507056 0.0603946 0.0593287 0.0625480 0.0647473 0.0636240 0.0560552 0.0592824 0.0517579 0.0517694 0.0539033 0.0636293 0.0603803 0.0582282 0.0603830 0.0571383 0.0647477 0.0517583 0.0571297 0.0614613 0.0582151 0.0658439 0.0571260 0.0768314 0.0625599 0.0560656 0.0571428 0.0702413 0.0582244 0.0582191 0.0636285 0.0593040 0.0254431 0.0275179 0.0182311 0.0161829 0.0000000 0.0172072 0.0327136 0.0275081 0.0244003 0.0379692 0.0316772 0.0306372 0.0337794 0.0496442 0.0485576 0.0432658 0.0464372 0.0475223 0.0432567 0.0496452 0.0571505 0.0517772 0.0475037 0.0496398 0.0539386 0.0528500 0.0560685 0.0615046 0.0724161 0.0680224 0.0539223 0.0474967 0.0432500 0.0528535 0.0453776 0.0539041 0.0549634 0.0614471 0.0625507 0.0592888 
pop2_5     0.0669455 0.0680540 0.0614941 0.0669537 0.0614813 0.0582290 0.0560694 0.0507036 0.0539315 0.0636633 0.0625935 0.0658254 0.0680357 0.0669053 0.0593037 0.0625456 0.0549873 0.0549996 0.0571422 0.0669113 0.0636482 0.0614871 0.0636510 0.0603918 0.0680361 0.0549877 0.0603827 0.0647339 0.0614733 0.0691375 0.0603788 0.0801744 0.0658380 0.0593147 0.0603966 0.0724516 0.0614831 0.0614775 0.0669104 0.0625674 0.0285589 0.0306428 0.0213160 0.0192590 0.0172072 0.0000000 0.0358597 0.0306319 0.0275106 0.0390280 0.0327262 0.0316847 0.0369319 0.0528659 0.0517734 0.0464601 0.0496443 0.0507355 0.0464502 0.0528670 0.0604048 0.0550078 0.0507156 0.0528612 0.0571797 0.0560854 0.0593178 0.0647795 0.0757391 0.0713255 0.0571623 0.0507081 0.0464431 0.0560892 0.0485804 0.0571430 0.0582061 0.0647189 0.0658283 0.0625514 
pop2_6     0.0702037 0.0713171 0.0647309 0.0702123 0.0647174 0.0614524 0.0592844 0.0538983 0.0571392 0.0669083 0.0658352 0.0690780 0.0712980 0.0701614 0.0625308 0.0657847 0.0581979 0.0560549 0.0603611 0.0701677 0.0668924 0.0636333 0.0668953 0.0636240 0.0712984 0.0581983 0.0636139 0.0679821 0.0647090 0.0724043 0.0636097 0.0812559 0.0669044 0.0603744 0.0636285 0.0768405 0.0647193 0.0647133 0.0701667 0.0658077 0.0379583 0.0400682 0.0306273 0.0285452 0.0327136 0.0358597 0.0000000 0.0171970 0.0202715 0.0442981 0.0379544 0.0369066 0.0400758 0.0560700 0.0549721 0.0496403 0.0528357 0.0539323 0.0496298 0.0560712 0.0636372 0.0582197 0.0539112 0.0560650 0.0604008 0.0593014 0.0625458 0.0680302 0.0790315 0.0746006 0.0603824 0.0539031 0.0496221 0.0593054 0.0517679 0.0603619 0.0614282 0.0679663 0.0668945 0.0657909 
pop2_7     0.0647341 0.0658384 0.0593008 0.0647420 0.0592884 0.0560470 0.0538945 0.0485460 0.0517630 0.0614630 0.0603962 0.0636186 0.0658208 0.0646952 0.0571183 0.0603500 0.0528168 0.0528279 0.0549640 0.0647010 0.0614485 0.0592941 0.0614512 0.0582028 0.0658212 0.0528168 0.0581940 0.0625306 0.0592807 0.0669187 0.0581902 0.0779189 0.0636307 0.0571290 0.0582073 0.0713216 0.0592902 0.0592848 0.0647002 0.0603710 0.0327163 0.0348113 0.0254361 0.0233684 0.0275081 0.0306319 0.0171970 0.0000000 0.0131150 0.0390122 0.0327130 0.0316719 0.0348179 0.0507006 0.0496123 0.0443151 0.0474898 0.0475091 0.0443058 0.0507016 0.0582152 0.0528358 0.0485576 0.0506961 0.0550000 0.0539099 0.0571319 0.0625747 0.0734984 0.0690997 0.0549833 0.0485503 0.0442990 0.0539135 0.0464291 0.0549648 0.0560250 0.0625162 0.0636214 0.0603556 
pop2_8     0.0614673 0.0625661 0.0560577 0.0614748 0.0560461 0.0528187 0.0506755 0.0453498 0.0485524 0.0582108 0.0571477 0.0603579 0.0625495 0.0614305 0.0538859 0.0571041 0.0496021 0.0496132 0.0517408 0.0614359 0.0581971 0.0560514 0.0581997 0.0549658 0.0625498 0.0496025 0.0549571 0.0592748 0.0560388 0.0636423 0.0549536 0.0745946 0.0603694 0.0538959 0.0549696 0.0680251 0.0560477 0.0560427 0.0614352 0.0571240 0.0295866 0.0316726 0.0223369 0.0202779 0.0244003 0.0275106 0.0202715 0.0131150 0.0000000 0.0358559 0.0295836 0.0285466 0.0316785 0.0474940 0.0464116 0.0411352 0.0442974 0.0453783 0.0411266 0.0474950 0.0549770 0.0496206 0.0453605 0.0474898 0.0517746 0.0506900 0.0538986 0.0593164 0.0701935 0.0658141 0.0517590 0.0453538 0.0411203 0.0506934 0.0432410 0.0517415 0.0527981 0.0592611 0.0603605 0.0571094 
