80
pop0_0     0.0000000 0.0085485 0.0100673 0.0171944 0.0290556 0.0306221 0.0400560 0.0416465 0.0480189 0.0400555 0.0416414 0.0390026 0.0474741 0.0490749 0.0496028 0.0400529 0.0437569 0.0469417 0.0464161 0.0501533 0.0702063 0.0713067 0.0707546 0.0702065 0.0729626 0.0691100 0.0718655 0.0685608 0.0734992 0.0757130 0.0707516 0.0679995 0.0729393 0.0718375 0.0751578 0.0762644 0.0690957 0.0685498 0.0751563 0.0745924 0.0969895 0.0941527 0.0941542 0.0947233 0.1032877 0.0952899 0.0947328 0.0970002 0.0998354 0.0998720 0.1009816 0.0992763 0.1050203 0.0964564 0.0981551 0.1044409 0.1004324 0.0947268 0.1038526 0.1015490 0.0975750 0.0987213 0.0964390 0.0970107 0.0958750 0.0964181 0.1004299 0.1061888 0.0998490 0.0986909 0.0969773 0.0952945 0.0992889 0.1073054 0.0930225 0.0987133 0.0998302 0.0958528 0.0958725 0.0998629 
pop0_1     0.0085485 0.0000000 0.0105742 0.0177056 0.0295756 0.0311422 0.0405823 0.0421740 0.0485507 0.0405819 0.0421688 0.0395283 0.0480054 0.0496073 0.0501355 0.0405782 0.0453466 0.0474727 0.0469467 0.0506865 0.0707533 0.0718546 0.0713020 0.0707536 0.0735117 0.0696563 0.0724138 0.0691067 0.0740485 0.0762639 0.0712990 0.0685449 0.0734882 0.0723856 0.0757082 0.0768156 0.0696419 0.0690956 0.0757068 0.0751415 0.0975553 0.0947164 0.0947180 0.0952874 0.1038581 0.0958544 0.0952971 0.0964308 0.1004032 0.1004400 0.1015502 0.0998437 0.1055920 0.0970220 0.0987213 0.1050121 0.1010007 0.0952910 0.1044234 0.1021181 0.0981413 0.0992885 0.0970045 0.0975765 0.0964393 0.0969834 0.1009983 0.1067614 0.1004169 0.0992578 0.0975430 0.0958591 0.0998564 0.1078787 0.0935855 0.0992804 0.1003979 0.0964178 0.0964376 0.1004307 
pop0_2     0.0100673 0.0105742 0.0000000 0.0131128 0.0249091 0.0264655 0.0358469 0.0374278 0.0437641 0.0358465 0.0374232 0.0347994 0.0426942 0.0442848 0.0453404 0.0358441 0.0405813 0.0426940 0.0421708 0.0458865 0.0658235 0.0669175 0.0663687 0.0658238 0.0685634 0.0647336 0.0674724 0.0641876 0.0690977 0.0712982 0.0663659 0.0636304 0.0685416 0.0674463 0.0707464 0.0718465 0.0647202 0.0641774 0.0707450 0.0701851 0.0924496 0.0896299 0.0896313 0.0901968 0.0987089 0.0907600 0.0902059 0.0924598 0.0958507 0.0953132 0.0964175 0.0947222 0.1004306 0.0919183 0.0936070 0.0998549 0.0958707 0.0902002 0.0992708 0.0969817 0.0930309 0.0941700 0.0919017 0.0924698 0.0913401 0.0918818 0.0958684 0.1015912 0.0952914 0.0941410 0.0924381 0.0907645 0.0947343 0.1027024 0.0885065 0.0941624 0.0952735 0.0913199 0.0913386 0.0953045 
pop0_3     0.0171944 0.0177056 0.0131128 0.0000000 0.0228444 0.0243953 0.0337504 0.0353265 0.0416447 0.0337500 0.0353222 0.0327058 0.0411062 0.0426924 0.0432172 0.0337480 0.0384714 0.0405782 0.0400562 0.0437611 0.0636402 0.0647308 0.0641837 0.0636404 0.0663718 0.0625534 0.0652839 0.0620090 0.0669050 0.0690988 0.0641810 0.0614539 0.0663502 0.0652585 0.0685487 0.0701919 0.0625405 0.0619991 0.0685474 0.0679894 0.0901877 0.0873765 0.0873778 0.0879416 0.0964275 0.0885031 0.0879505 0.0901976 0.0924484 0.0930418 0.0941435 0.0924532 0.0981438 0.0896572 0.0913410 0.0975699 0.0935979 0.0879449 0.0969879 0.0947061 0.0924618 0.0936000 0.0913335 0.0919011 0.0890811 0.0896217 0.0935956 0.0993005 0.0930206 0.0918741 0.0901765 0.0885075 0.0924650 0.0998407 0.0862564 0.0907681 0.0930032 0.0890615 0.0890796 0.0930333 
pop0_4     0.0290556 0.0295756 0.0249091 0.0228444 0.0000000 0.0311421 0.0400554 0.0421738 0.0485506 0.0405818 0.0421687 0.0400559 0.0480052 0.0496071 0.0501353 0.0405782 0.0453465 0.0474725 0.0469466 0.0506864 0.0707530 0.0718543 0.0713017 0.0707533 0.0735113 0.0696560 0.0724135 0.0691064 0.0740482 0.0762636 0.0707476 0.0685446 0.0734878 0.0723853 0.0757079 0.0773667 0.0696416 0.0690953 0.0757064 0.0751415 0.0969854 0.0941487 0.0941503 0.0947193 0.1032832 0.0952859 0.0947288 0.0969961 0.1004071 0.0998678 0.1009772 0.0992721 0.1050158 0.0964523 0.0981512 0.1032828 0.0992808 0.0947228 0.1038482 0.1015447 0.0992814 0.1004304 0.0981429 0.0987158 0.0958701 0.0964140 0.0992784 0.1061842 0.0992708 0.0986867 0.0969732 0.0952905 0.0992847 0.1073008 0.0930186 0.0987091 0.0998259 0.0958488 0.0958685 0.0998585 
pop0_5     0.0306221 0.0311422 0.0264655 0.0243953 0.0311421 0.0000000 0.0275018 0.0369053 0.0437684 0.0358500 0.0369021 0.0353271 0.0432276 0.0448194 0.0453449 0.0358476 0.0405853 0.0426982 0.0421749 0.0458910 0.0658301 0.0669241 0.0663753 0.0658303 0.0680211 0.0647400 0.0663842 0.0641940 0.0691047 0.0713054 0.0663725 0.0625506 0.0685485 0.0674530 0.0707535 0.0724017 0.0647267 0.0641838 0.0707521 0.0701921 0.0924590 0.0896390 0.0896404 0.0902060 0.0987190 0.0907693 0.0902146 0.0924692 0.0958605 0.0953229 0.0964273 0.0947319 0.1004409 0.0919276 0.0930485 0.0998651 0.0958805 0.0902094 0.0992809 0.0969916 0.0947408 0.0958826 0.0936089 0.0941784 0.0913494 0.0918912 0.0958781 0.1016016 0.0953011 0.0941506 0.0924475 0.0907737 0.0947439 0.1027130 0.0885154 0.0941724 0.0952832 0.0913292 0.0913479 0.0953142 
pop0_6     0.0400560 0.0405823 0.0358469 0.0337504 0.0400554 0.0275018 0.0000000 0.0464202 0.0533715 0.0453502 0.0469475 0.0448211 0.0528214 0.0544338 0.0549658 0.0453472 0.0501456 0.0522852 0.0517566 0.0544438 0.0757207 0.0768294 0.0762730 0.0757210 0.0768308 0.0746164 0.0762833 0.0740631 0.0790374 0.0812680 0.0762698 0.0734966 0.0784727 0.0773626 0.0807084 0.0823783 0.0746010 0.0734967 0.0807069 0.0801379 0.1027028 0.0998444 0.0998460 0.1004195 0.1090502 0.1009905 0.1004297 0.1027142 0.1061510 0.1056093 0.1067255 0.1050075 0.1107967 0.1021675 0.1033026 0.1102125 0.1050242 0.1004232 0.1096190 0.1072971 0.1050174 0.1061757 0.1038702 0.1044477 0.1015801 0.1021268 0.1061706 0.1119751 0.1055847 0.1044168 0.1026897 0.1009953 0.1050215 0.1130986 0.0987057 0.1044406 0.1055646 0.1015573 0.1015785 0.1055993 
pop0_7     0.0416465 0.0421740 0.0374278 0.0353265 0.0421738 0.0369053 0.0464202 0.0000000 0.0244013 0.0218192 0.0285447 0.0264695 0.0458874 0.0474851 0.0480122 0.0384803 0.0432354 0.0453560 0.0448312 0.0485611 0.0696712 0.0707710 0.0702192 0.0685755 0.0702285 0.0669353 0.0696831 0.0663875 0.0718620 0.0740713 0.0691196 0.0663731 0.0713034 0.0702037 0.0735172 0.0751716 0.0674672 0.0669223 0.0735158 0.0740577 0.0936119 0.0907869 0.0907883 0.0913549 0.0998830 0.0919192 0.0919248 0.0941844 0.0975838 0.0970455 0.0970104 0.0964525 0.1021759 0.0936418 0.0953348 0.1015986 0.0976042 0.0930519 0.1021597 0.0998609 0.0964616 0.0976064 0.0953270 0.0958979 0.0930620 0.0936046 0.0976018 0.1033398 0.0958842 0.0958696 0.0941622 0.0924847 0.0964648 0.1044534 0.0902208 0.0958914 0.0970049 0.0930413 0.0930604 0.0970365 
pop0_8     0.0480189 0.0485507 0.0437641 0.0416447 0.0485506 0.0437684 0.0533715 0.0244013 0.0000000 0.0280239 0.0348062 0.0327136 0.0522962 0.0539077 0.0544386 0.0448256 0.0496216 0.0517602 0.0512318 0.0549943 0.0762895 0.0773993 0.0768423 0.0751843 0.0779598 0.0735297 0.0763027 0.0729770 0.0784991 0.0796176 0.0757328 0.0729611 0.0779347 0.0768253 0.0801693 0.0807258 0.0740649 0.0735154 0.0801677 0.0807136 0.1004435 0.0975928 0.0975944 0.0981663 0.1067734 0.0987357 0.0987417 0.1010217 0.1044518 0.1039106 0.1050251 0.1033105 0.1090877 0.1004757 0.1021836 0.1085048 0.1044736 0.0998788 0.1090703 0.1067489 0.1033202 0.1044760 0.1021753 0.1027516 0.0998897 0.1004357 0.1044711 0.1102635 0.1027368 0.1027212 0.1009977 0.0993063 0.1033236 0.1113853 0.0970213 0.1027446 0.1038668 0.0998673 0.0998879 0.1039008 
pop0_9     0.0400555 0.0405819 0.0358465 0.0337500 0.0405818 0.0358500 0.0453502 0.0218192 0.0280239 0.0000000 0.0269834 0.0249127 0.0442867 0.0458808 0.0458767 0.0368965 0.0416408 0.0437566 0.0432327 0.0469540 0.0680148 0.0691120 0.0685615 0.0669217 0.0696656 0.0652852 0.0680264 0.0647388 0.0702006 0.0724045 0.0674645 0.0647248 0.0696435 0.0685464 0.0718518 0.0735024 0.0652736 0.0652726 0.0718504 0.0718442 0.0918986 0.0890805 0.0890819 0.0896471 0.0981541 0.0902099 0.0902146 0.0924696 0.0958609 0.0953233 0.0964277 0.0947323 0.1004414 0.0919280 0.0936169 0.0998655 0.0958809 0.0913399 0.1004254 0.0981324 0.0947411 0.0958830 0.0936093 0.0941787 0.0913498 0.0918915 0.0958785 0.1016021 0.0930353 0.0941510 0.0924479 0.0907741 0.0947443 0.1027134 0.0873941 0.0941724 0.0952836 0.0913295 0.0913482 0.0953146 
pop0_10    0.0416414 0.0421688 0.0374232 0.0353222 0.0421687 0.0369021 0.0469475 0.0285447 0.0348062 0.0269834 0.0000000 0.0233645 0.0458817 0.0474792 0.0480063 0.0384755 0.0432301 0.0453504 0.0448257 0.0485552 0.0696625 0.0707623 0.0702105 0.0685670 0.0713173 0.0674728 0.0702223 0.0669247 0.0718531 0.0740621 0.0691110 0.0663649 0.0712945 0.0701950 0.0735081 0.0751623 0.0674588 0.0669140 0.0735066 0.0740485 0.0941625 0.0913359 0.0913373 0.0919043 0.0998640 0.0924688 0.0924737 0.0947353 0.0981367 0.0975982 0.0981306 0.0970048 0.1027316 0.0941926 0.0958865 0.1021540 0.0981572 0.0936022 0.1027153 0.1004151 0.0975850 0.0987315 0.0964489 0.0970206 0.0941809 0.0947240 0.0975843 0.1044729 0.0975796 0.0969920 0.0952822 0.0930395 0.0975883 0.1055877 0.0913356 0.0970140 0.0981288 0.0941599 0.0941792 0.0981608 
pop0_11    0.0390026 0.0395283 0.0347994 0.0327058 0.0400559 0.0353271 0.0448211 0.0264695 0.0327136 0.0249127 0.0233645 0.0000000 0.0437584 0.0453513 0.0458771 0.0363730 0.0411141 0.0432286 0.0427050 0.0464238 0.0674704 0.0685669 0.0680168 0.0663781 0.0691201 0.0652870 0.0680282 0.0647405 0.0696548 0.0718573 0.0669206 0.0641828 0.0690982 0.0680019 0.0713049 0.0729544 0.0652735 0.0647302 0.0713035 0.0712918 0.0907721 0.0879581 0.0879595 0.0896473 0.0981544 0.0902102 0.0902157 0.0924699 0.0958612 0.0953236 0.0958552 0.0947326 0.1004417 0.0919282 0.0936172 0.0998659 0.0958812 0.0913401 0.1004257 0.0981327 0.0947414 0.0958833 0.0936096 0.0941790 0.0913500 0.0918918 0.0947395 0.1016024 0.0953018 0.0941513 0.0924481 0.0907743 0.0947446 0.1027138 0.0885160 0.0941724 0.0941524 0.0902040 0.0902224 0.0941829 
pop0_12    0.0474741 0.0480054 0.0426942 0.0411062 0.0480052 0.0432276 0.0528214 0.0458874 0.0522962 0.0442867 0.0458817 0.0437584 0.0000000 0.0269870 0.0327051 0.0233640 0.0332283 0.0353207 0.0348016 0.0384804 0.0669195 0.0680151 0.0674655 0.0658280 0.0685678 0.0647377 0.0674768 0.0641917 0.0691022 0.0713029 0.0663701 0.0636345 0.0685461 0.0674506 0.0707510 0.0723992 0.0647243 0.0641814 0.0707496 0.0712899 0.0924562 0.0896362 0.0896376 0.0902032 0.0981442 0.0907665 0.0902123 0.0924664 0.0958577 0.0953201 0.0958590 0.0947290 0.1004380 0.0919248 0.0936137 0.0998629 0.0958776 0.0913367 0.1004220 0.0981291 0.0947379 0.0958798 0.0936057 0.0930451 0.0913466 0.0918883 0.0958750 0.1015987 0.0952982 0.0941478 0.0924447 0.0907709 0.0947411 0.1027100 0.0885127 0.0941691 0.0952804 0.0924548 0.0902146 0.0953113 
pop0_13    0.0490749 0.0496073 0.0442848 0.0426924 0.0496071 0.0448194 0.0544338 0.0474851 0.0539077 0.0458808 0.0474792 0.0453513 0.0269870 0.0000000 0.0332278 0.0249139 0.0347988 0.0368956 0.0363756 0.0400623 0.0685631 0.0696611 0.0691102 0.0674692 0.0702152 0.0663765 0.0691218 0.0658293 0.0707504 0.0729561 0.0680124 0.0652705 0.0701928 0.0690950 0.0724029 0.0740547 0.0663628 0.0658188 0.0724015 0.0729427 0.0941561 0.0913297 0.0913312 0.0918981 0.1004305 0.0924626 0.0919083 0.0935981 0.0975653 0.0970270 0.0981334 0.0964342 0.1021565 0.0936240 0.0953167 0.1015785 0.0975856 0.0930342 0.1021402 0.0998419 0.0953052 0.0964480 0.0953089 0.0958796 0.0930443 0.0924525 0.0970123 0.1033201 0.0970047 0.0958514 0.0941443 0.0924671 0.0964465 0.1044335 0.0902037 0.0953071 0.0969865 0.0941547 0.0930427 0.0970181 
pop0_14    0.0496028 0.0501355 0.0453404 0.0432172 0.0501353 0.0453449 0.0549658 0.0480122 0.0544386 0.0458767 0.0480063 0.0458771 0.0327051 0.0332278 0.0000000 0.0233616 0.0353187 0.0374164 0.0368962 0.0405851 0.0680034 0.0691005 0.0685501 0.0669105 0.0696540 0.0658189 0.0685616 0.0652721 0.0701889 0.0723925 0.0674533 0.0647133 0.0696318 0.0685350 0.0718398 0.0734901 0.0658053 0.0652617 0.0718384 0.0723792 0.0935805 0.0907565 0.0907580 0.0913244 0.0998494 0.0918884 0.0913336 0.0935908 0.0969868 0.0964488 0.0975544 0.0958566 0.1015739 0.0930487 0.0947395 0.1009972 0.0970070 0.0924595 0.1015577 0.0992614 0.0958656 0.0970092 0.0947322 0.0953025 0.0924696 0.0930118 0.0970046 0.1027364 0.0964266 0.0952744 0.0935688 0.0918929 0.0958688 0.1038490 0.0896314 0.0952960 0.0958359 0.0930087 0.0918983 0.0958670 
pop0_15    0.0400529 0.0405782 0.0358441 0.0337480 0.0405782 0.0358476 0.0453472 0.0384803 0.0448256 0.0368965 0.0384755 0.0363730 0.0233640 0.0249139 0.0233616 0.0000000 0.0259459 0.0280183 0.0275033 0.0311458 0.0593021 0.0603865 0.0598427 0.0582215 0.0609331 0.0571421 0.0598526 0.0566017 0.0614635 0.0636414 0.0587585 0.0560515 0.0609139 0.0598296 0.0630954 0.0647270 0.0571303 0.0565927 0.0630941 0.0636299 0.0845799 0.0817892 0.0817905 0.0823500 0.0907730 0.0829074 0.0823583 0.0845892 0.0879457 0.0874113 0.0885067 0.0868284 0.0924762 0.0840515 0.0857234 0.0919067 0.0879639 0.0834713 0.0924615 0.0901935 0.0868365 0.0879659 0.0857169 0.0862797 0.0834803 0.0840183 0.0879624 0.0936234 0.0873915 0.0862544 0.0845695 0.0829116 0.0868388 0.0947254 0.0806772 0.0862739 0.0873753 0.0845789 0.0834781 0.0874034 
pop0_16    0.0437569 0.0453466 0.0405813 0.0384714 0.0453465 0.0405853 0.0501456 0.0432354 0.0496216 0.0416408 0.0432301 0.0411141 0.0332283 0.0347988 0.0353187 0.0259459 0.0000000 0.0223325 0.0280220 0.0316671 0.0631057 0.0641958 0.0636490 0.0620196 0.0647455 0.0609347 0.0636596 0.0603915 0.0652779 0.0674673 0.0625592 0.0598377 0.0647250 0.0636351 0.0669183 0.0663651 0.0609221 0.0603818 0.0658253 0.0674550 0.0868292 0.0840299 0.0840312 0.0851540 0.0936098 0.0857136 0.0851626 0.0862815 0.0907711 0.0902356 0.0913343 0.0896498 0.0953198 0.0868628 0.0885410 0.0947481 0.0907900 0.0862798 0.0953047 0.0930276 0.0896581 0.0907920 0.0885337 0.0890992 0.0862891 0.0868285 0.0907878 0.0953336 0.0890866 0.0890731 0.0873816 0.0857169 0.0896611 0.0975774 0.0834747 0.0890932 0.0901982 0.0873912 0.0862876 0.0902274 
pop0_17    0.0469417 0.0474727 0.0426940 0.0405782 0.0474725 0.0426982 0.0522852 0.0453560 0.0517602 0.0437566 0.0453504 0.0432286 0.0353207 0.0368956 0.0374164 0.0280183 0.0223325 0.0000000 0.0301003 0.0337555 0.0663730 0.0674678 0.0669185 0.0652822 0.0680201 0.0641927 0.0669297 0.0636472 0.0685541 0.0707532 0.0658240 0.0630904 0.0674525 0.0663586 0.0696541 0.0701996 0.0636362 0.0630940 0.0691048 0.0696441 0.0918909 0.0890730 0.0890744 0.0896395 0.0981459 0.0902024 0.0885181 0.0907740 0.0952897 0.0947524 0.0958561 0.0941619 0.0998664 0.0913597 0.0930474 0.0992919 0.0953096 0.0907721 0.0987065 0.0975594 0.0941707 0.0953117 0.0930395 0.0936087 0.0907820 0.0913235 0.0947352 0.0998809 0.0935954 0.0935812 0.0918794 0.0902068 0.0936043 0.1021368 0.0879503 0.0936024 0.0947129 0.0918895 0.0907804 0.0947437 
pop0_18    0.0464161 0.0469467 0.0421708 0.0400562 0.0469466 0.0421749 0.0517566 0.0448312 0.0512318 0.0432327 0.0448257 0.0427050 0.0348016 0.0363756 0.0368962 0.0275033 0.0280220 0.0301003 0.0000000 0.0259512 0.0658361 0.0669302 0.0663813 0.0647459 0.0674821 0.0636571 0.0663924 0.0631118 0.0674673 0.0702137 0.0652874 0.0625555 0.0674607 0.0663667 0.0696626 0.0713087 0.0636439 0.0631017 0.0696613 0.0702009 0.0902081 0.0873962 0.0885248 0.0879624 0.0958846 0.0885231 0.0879704 0.0890935 0.0935997 0.0930630 0.0941649 0.0919133 0.0975975 0.0891149 0.0907980 0.0970239 0.0930538 0.0890916 0.0981512 0.0958646 0.0924828 0.0936213 0.0913543 0.0919220 0.0891013 0.0896420 0.0936169 0.0981805 0.0919083 0.0918950 0.0901969 0.0885275 0.0924860 0.1004320 0.0862758 0.0907887 0.0930243 0.0902068 0.0890997 0.0930545 
pop0_19    0.0501533 0.0506865 0.0458865 0.0437611 0.0506864 0.0458910 0.0544438 0.0485611 0.0549943 0.0469540 0.0485552 0.0464238 0.0384804 0.0400623 0.0405851 0.0311458 0.0316671 0.0337555 0.0259512 0.0000000 0.0696740 0.0707739 0.0702221 0.0685783 0.0702282 0.0674839 0.0702339 0.0669357 0.0718649 0.0740744 0.0691224 0.0663758 0.0713063 0.0702066 0.0735202 0.0751748 0.0674699 0.0658302 0.0735188 0.0740608 0.0930374 0.0902146 0.0913474 0.0907823 0.0993032 0.0913461 0.0907915 0.0919188 0.0964420 0.0959041 0.0970093 0.0947494 0.1004558 0.0919410 0.0936302 0.0998799 0.0953220 0.0919169 0.1010107 0.0987155 0.0953213 0.0964643 0.0941884 0.0947584 0.0919269 0.0924690 0.0964597 0.1010414 0.0947449 0.0947305 0.0930258 0.0913506 0.0953245 0.1033008 0.0890902 0.0947520 0.0958641 0.0930360 0.0919253 0.0958953 
pop1_0     0.0702063 0.0707533 0.0658235 0.0636402 0.0707530 0.0658301 0.0757207 0.0696712 0.0762895 0.0680148 0.0696625 0.0674704 0.0669195 0.0685631 0.0680034 0.0593021 0.0631057 0.0663730 0.0658361 0.0696740 0.0000000 0.0060259 0.0105771 0.0202786 0.0228538 0.0238874 0.0264768 0.0233709 0.0353360 0.0374383 0.0332443 0.0301087 0.0400663 0.0390115 0.0421857 0.0448356 0.0353354 0.0348124 0.0421848 0.0427087 0.0891070 0.0862984 0.0862997 0.0868629 0.0953407 0.0874239 0.0868717 0.0891168 0.0936294 0.0919580 0.0930590 0.0913703 0.0959204 0.0897058 0.0902589 0.0964820 0.0925137 0.0879917 0.0970399 0.0958941 0.0913788 0.0925158 0.0896894 0.0919502 0.0880012 0.0885416 0.0919424 0.0976404 0.0913717 0.0907919 0.0890959 0.0857384 0.0913819 0.0987526 0.0851793 0.0925124 0.0919199 0.0891057 0.0879997 0.0919496 
pop1_1     0.0713067 0.0718546 0.0669175 0.0647308 0.0718543 0.0669241 0.0768294 0.0707710 0.0773993 0.0691120 0.0707623 0.0685669 0.0680151 0.0696611 0.0691005 0.0603865 0.0641958 0.0674678 0.0669302 0.0707739 0.0060259 0.0000000 0.0115925 0.0213074 0.0238862 0.0249213 0.0275145 0.0244040 0.0363860 0.0384914 0.0342914 0.0311513 0.0411230 0.0400667 0.0432455 0.0453697 0.0353370 0.0358617 0.0432446 0.0437691 0.0902358 0.0874229 0.0874243 0.0879884 0.0964792 0.0885502 0.0879973 0.0902457 0.0947651 0.0930916 0.0941938 0.0925026 0.0970599 0.0908359 0.0913898 0.0976223 0.0936479 0.0891189 0.0981809 0.0970333 0.0925112 0.0936500 0.0908193 0.0930835 0.0891285 0.0896694 0.0930757 0.0987826 0.0925040 0.0919232 0.0902246 0.0868621 0.0925143 0.1004630 0.0863022 0.0936466 0.0924836 0.0902345 0.0891270 0.0930830 
pop1_2     0.0707546 0.0713020 0.0663687 0.0641837 0.0713017 0.0663753 0.0762730 0.0702192 0.0768423 0.0685615 0.0702105 0.0680168 0.0674655 0.0691102 0.0685501 0.0598427 0.0636490 0.0669185 0.0663813 0.0702221 0.0105771 0.0115925 0.0000000 0.0207923 0.0233693 0.0244036 0.0269948 0.0238867 0.0358599 0.0379638 0.0337669 0.0306291 0.0405935 0.0395379 0.0427144 0.0448329 0.0358594 0.0353360 0.0427135 0.0432377 0.0896690 0.0868583 0.0868597 0.0874233 0.0959074 0.0879847 0.0874322 0.0896788 0.0941947 0.0925223 0.0936239 0.0919340 0.0964876 0.0902685 0.0908219 0.0970495 0.0930783 0.0885529 0.0976078 0.0964611 0.0919426 0.0930804 0.0902519 0.0925144 0.0885625 0.0891031 0.0925066 0.0982089 0.0919354 0.0913551 0.0896579 0.0868608 0.0919456 0.0998881 0.0857385 0.0930771 0.0924839 0.0896677 0.0885610 0.0925139 
pop1_3     0.0702065 0.0707536 0.0658238 0.0636404 0.0707533 0.0658303 0.0757210 0.0685755 0.0751843 0.0669217 0.0685670 0.0663781 0.0658280 0.0674692 0.0669105 0.0582215 0.0620196 0.0652822 0.0647459 0.0685783 0.0202786 0.0213074 0.0207923 0.0000000 0.0115931 0.0228557 0.0254415 0.0223399 0.0342886 0.0363881 0.0321997 0.0290686 0.0390126 0.0379592 0.0411289 0.0437751 0.0342881 0.0332439 0.0411280 0.0416513 0.0879833 0.0851788 0.0851802 0.0857425 0.0942077 0.0857449 0.0857512 0.0879930 0.0924990 0.0902698 0.0919295 0.0902432 0.0959196 0.0880179 0.0891333 0.0953472 0.0913848 0.0868696 0.0959044 0.0947604 0.0902516 0.0913868 0.0885646 0.0908221 0.0868789 0.0874188 0.0908144 0.0965036 0.0902446 0.0896658 0.0879724 0.0851813 0.0902546 0.0981796 0.0840614 0.0913835 0.0907922 0.0879821 0.0868775 0.0908216 
pop1_4     0.0729626 0.0735117 0.0685634 0.0663718 0.0735113 0.0680211 0.0768308 0.0702285 0.0779598 0.0696656 0.0713173 0.0691201 0.0685678 0.0702152 0.0696540 0.0609331 0.0647455 0.0680201 0.0674821 0.0702282 0.0228538 0.0238862 0.0233693 0.0115931 0.0000000 0.0254404 0.0280356 0.0249227 0.0369138 0.0390209 0.0348177 0.0316751 0.0416544 0.0405973 0.0437787 0.0464345 0.0369133 0.0358655 0.0437778 0.0443026 0.0908067 0.0879915 0.0879929 0.0885575 0.0970554 0.0891198 0.0885664 0.0908167 0.0953398 0.0931029 0.0947681 0.0930755 0.0987742 0.0914076 0.0919618 0.0981995 0.0942218 0.0896889 0.0987585 0.0976099 0.0930841 0.0942239 0.0913908 0.0936570 0.0896986 0.0902399 0.0936490 0.0993609 0.0930769 0.0924955 0.0907954 0.0879940 0.0930873 0.1010425 0.0868699 0.0942205 0.0936261 0.0908054 0.0896971 0.0936564 
pop1_5     0.0691100 0.0696563 0.0647336 0.0625534 0.0696560 0.0647400 0.0746164 0.0669353 0.0735297 0.0652852 0.0674728 0.0652870 0.0647377 0.0663765 0.0658189 0.0571421 0.0609347 0.0641927 0.0636571 0.0674839 0.0238874 0.0249213 0.0244036 0.0228557 0.0254404 0.0000000 0.0126107 0.0156688 0.0327188 0.0348138 0.0306342 0.0275098 0.0374329 0.0363818 0.0395445 0.0421852 0.0321954 0.0321971 0.0395437 0.0400661 0.0868610 0.0840606 0.0840619 0.0846234 0.0930760 0.0851828 0.0846320 0.0868705 0.0913699 0.0897029 0.0908014 0.0891175 0.0947853 0.0874573 0.0880090 0.0942138 0.0902572 0.0857487 0.0947703 0.0936281 0.0891257 0.0902592 0.0874412 0.0896953 0.0857580 0.0862973 0.0896877 0.0953683 0.0891188 0.0885411 0.0868503 0.0840631 0.0891288 0.0970421 0.0823862 0.0902560 0.0891008 0.0868598 0.0857566 0.0896948 
pop1_6     0.0718655 0.0724138 0.0674724 0.0652839 0.0724135 0.0663842 0.0762833 0.0696831 0.0763027 0.0680264 0.0702223 0.0680282 0.0674768 0.0691218 0.0685616 0.0598526 0.0636596 0.0669297 0.0663924 0.0702339 0.0264768 0.0275145 0.0269948 0.0254415 0.0280356 0.0126107 0.0000000 0.0182290 0.0353400 0.0374427 0.0332481 0.0301121 0.0400710 0.0390160 0.0421906 0.0448409 0.0348146 0.0348164 0.0421897 0.0427137 0.0896844 0.0868732 0.0868746 0.0874383 0.0959240 0.0879998 0.0874472 0.0896943 0.0942110 0.0925383 0.0930770 0.0919499 0.0976403 0.0902840 0.0908376 0.0970664 0.0930944 0.0885681 0.0976248 0.0964778 0.0908258 0.0919620 0.0891374 0.0913968 0.0874502 0.0891184 0.0925225 0.0982260 0.0919513 0.0913709 0.0896733 0.0868757 0.0919615 0.0999055 0.0857532 0.0930931 0.0919326 0.0896831 0.0885762 0.0913963 
pop1_7     0.0685608 0.0691067 0.0641876 0.0620090 0.0691064 0.0641940 0.0740631 0.0663875 0.0729770 0.0647388 0.0669247 0.0647405 0.0641917 0.0658293 0.0652721 0.0566017 0.0603915 0.0636472 0.0631118 0.0669357 0.0233709 0.0244040 0.0238867 0.0223399 0.0249227 0.0156688 0.0182290 0.0000000 0.0321961 0.0342895 0.0301129 0.0269908 0.0369069 0.0358565 0.0390169 0.0416556 0.0316730 0.0316747 0.0390160 0.0395381 0.0862983 0.0835001 0.0823856 0.0840625 0.0925085 0.0846214 0.0840710 0.0863078 0.0908038 0.0891379 0.0902357 0.0885531 0.0942164 0.0868940 0.0874453 0.0936454 0.0896919 0.0851869 0.0942015 0.0930602 0.0885613 0.0896938 0.0868780 0.0891303 0.0851961 0.0857351 0.0891228 0.0947989 0.0885544 0.0879772 0.0862877 0.0835025 0.0885643 0.0964716 0.0823851 0.0896906 0.0891011 0.0862972 0.0851947 0.0891298 
pop1_8     0.0734992 0.0740485 0.0690977 0.0669050 0.0740482 0.0691047 0.0790374 0.0718620 0.0784991 0.0702006 0.0718531 0.0696548 0.0691022 0.0707504 0.0701889 0.0614635 0.0652779 0.0685541 0.0674673 0.0718649 0.0353360 0.0363860 0.0358599 0.0342886 0.0369138 0.0327188 0.0353400 0.0321961 0.0000000 0.0233670 0.0285472 0.0254323 0.0416450 0.0405881 0.0437688 0.0464239 0.0369050 0.0363810 0.0437678 0.0442926 0.0902254 0.0874129 0.0874143 0.0879783 0.0964681 0.0885401 0.0879872 0.0902354 0.0947542 0.0930809 0.0919230 0.0913630 0.0981852 0.0908255 0.0913793 0.0976110 0.0936372 0.0891087 0.0981696 0.0970221 0.0925006 0.0936392 0.0908089 0.0930728 0.0891183 0.0896592 0.0930650 0.0982038 0.0930596 0.0919126 0.0902146 0.0885445 0.0925037 0.1004514 0.0862923 0.0936359 0.0919064 0.0902241 0.0879935 0.0930723 
pop1_9     0.0757130 0.0762639 0.0712982 0.0690988 0.0762636 0.0713054 0.0812680 0.0740713 0.0796176 0.0724045 0.0740621 0.0718573 0.0713029 0.0729561 0.0723925 0.0636414 0.0674673 0.0707532 0.0702137 0.0740744 0.0374383 0.0384914 0.0379638 0.0363881 0.0390209 0.0348138 0.0374427 0.0342895 0.0233670 0.0000000 0.0306300 0.0275061 0.0437650 0.0427051 0.0458952 0.0485580 0.0390115 0.0384861 0.0458942 0.0464202 0.0936207 0.0907954 0.0907968 0.0913635 0.0998925 0.0919278 0.0913727 0.0936310 0.0981703 0.0964903 0.0964598 0.0947638 0.1016178 0.0942247 0.0947806 0.1010408 0.0970487 0.0924992 0.1016016 0.0993077 0.0959068 0.0970509 0.0942074 0.0964819 0.0925092 0.0930517 0.0964737 0.1016370 0.0964681 0.0953153 0.0936090 0.0919323 0.0959100 0.1038939 0.0896698 0.0970474 0.0953088 0.0936193 0.0913793 0.0964814 
pop1_10    0.0707516 0.0712990 0.0663659 0.0641810 0.0707476 0.0663725 0.0762698 0.0691196 0.0757328 0.0674645 0.0691110 0.0669206 0.0663701 0.0680124 0.0674533 0.0587585 0.0625592 0.0658240 0.0652874 0.0691224 0.0332443 0.0342914 0.0337669 0.0321997 0.0348177 0.0306342 0.0332481 0.0301129 0.0285472 0.0306300 0.0000000 0.0213066 0.0395367 0.0384827 0.0416544 0.0443023 0.0348094 0.0342867 0.0416535 0.0421771 0.0885405 0.0857341 0.0857354 0.0862982 0.0947693 0.0868587 0.0863069 0.0874231 0.0930593 0.0913892 0.0924894 0.0908020 0.0964824 0.0891387 0.0896914 0.0953396 0.0919444 0.0874260 0.0959005 0.0953223 0.0908104 0.0919465 0.0891223 0.0913813 0.0874355 0.0879755 0.0908107 0.0965007 0.0913683 0.0902241 0.0885295 0.0868631 0.0908135 0.0987439 0.0846159 0.0919432 0.0902181 0.0885393 0.0863131 0.0913808 
pop1_11    0.0679995 0.0685449 0.0636304 0.0614539 0.0685446 0.0625506 0.0734966 0.0663731 0.0729611 0.0647248 0.0663649 0.0641828 0.0636345 0.0652705 0.0647133 0.0560515 0.0598377 0.0630904 0.0625555 0.0663758 0.0301087 0.0311513 0.0306291 0.0290686 0.0316751 0.0275098 0.0301121 0.0269908 0.0254323 0.0275061 0.0213066 0.0000000 0.0363746 0.0353252 0.0384826 0.0411190 0.0316675 0.0311470 0.0384818 0.0390035 0.0857202 0.0829247 0.0829259 0.0834865 0.0919243 0.0840449 0.0834949 0.0857297 0.0902213 0.0885569 0.0896538 0.0879727 0.0936306 0.0863151 0.0868660 0.0924924 0.0879874 0.0846098 0.0936157 0.0924756 0.0879809 0.0891123 0.0862993 0.0885494 0.0846189 0.0851576 0.0885419 0.0936482 0.0885368 0.0873975 0.0857097 0.0840491 0.0879839 0.0958836 0.0818108 0.0891092 0.0873917 0.0857191 0.0835009 0.0885489 
pop1_12    0.0729393 0.0734882 0.0685416 0.0663502 0.0734878 0.0685485 0.0784727 0.0713034 0.0779347 0.0696435 0.0712945 0.0690982 0.0685461 0.0701928 0.0696318 0.0609139 0.0647250 0.0674525 0.0674607 0.0713063 0.0400663 0.0411230 0.0405935 0.0390126 0.0416544 0.0374329 0.0400710 0.0369069 0.0416450 0.0437650 0.0395367 0.0363746 0.0000000 0.0080430 0.0192494 0.0238813 0.0238801 0.0233648 0.0337574 0.0342764 0.0907770 0.0879624 0.0868422 0.0885287 0.0970235 0.0890907 0.0885376 0.0907871 0.0953086 0.0936344 0.0947370 0.0930450 0.0987417 0.0913777 0.0919317 0.0975993 0.0941909 0.0896597 0.0987260 0.0975777 0.0930537 0.0941930 0.0919242 0.0924894 0.0896694 0.0902104 0.0936184 0.0993266 0.0936130 0.0924652 0.0907658 0.0890952 0.0930568 0.1010092 0.0868417 0.0941896 0.0935954 0.0907758 0.0896679 0.0936258 
pop1_13    0.0718375 0.0723856 0.0674463 0.0652585 0.0723853 0.0674530 0.0773626 0.0702037 0.0768253 0.0685464 0.0701950 0.0680019 0.0674506 0.0690950 0.0685350 0.0598296 0.0636351 0.0663586 0.0663667 0.0702066 0.0390115 0.0400667 0.0395379 0.0379592 0.0405973 0.0363818 0.0390160 0.0358565 0.0405881 0.0427051 0.0384827 0.0353252 0.0080430 0.0000000 0.0182237 0.0228493 0.0228482 0.0223335 0.0327116 0.0332300 0.0896488 0.0868388 0.0851555 0.0874037 0.0958857 0.0879649 0.0874125 0.0896587 0.0941724 0.0925014 0.0936028 0.0919133 0.0976011 0.0902482 0.0908015 0.0964605 0.0930573 0.0885330 0.0975856 0.0964392 0.0919218 0.0930594 0.0907940 0.0913584 0.0885426 0.0890831 0.0919220 0.0987572 0.0924803 0.0913345 0.0896377 0.0879693 0.0919249 0.0998654 0.0857193 0.0930560 0.0924631 0.0896475 0.0885411 0.0924930 
pop1_14    0.0751578 0.0757082 0.0707464 0.0685487 0.0757079 0.0707535 0.0807084 0.0735172 0.0801693 0.0718518 0.0735081 0.0713049 0.0707510 0.0724029 0.0718398 0.0630954 0.0669183 0.0696541 0.0696626 0.0735202 0.0421857 0.0432455 0.0427144 0.0411289 0.0437787 0.0395445 0.0421906 0.0390169 0.0437688 0.0458952 0.0416544 0.0384826 0.0192494 0.0182237 0.0000000 0.0259528 0.0259516 0.0254348 0.0358579 0.0353299 0.0930514 0.0902283 0.0891042 0.0907960 0.0993181 0.0913598 0.0908051 0.0930616 0.0975974 0.0959185 0.0970239 0.0953267 0.0998955 0.0925195 0.0930743 0.1004655 0.0964766 0.0919307 0.1010258 0.0998737 0.0953356 0.0964787 0.0942026 0.0947695 0.0919407 0.0924829 0.0959021 0.1022040 0.0953281 0.0947447 0.0930395 0.0913643 0.0953388 0.1033163 0.0891036 0.0964752 0.0958785 0.0930500 0.0919391 0.0959097 
pop1_15    0.0762644 0.0768156 0.0718465 0.0701919 0.0773667 0.0724017 0.0823783 0.0751716 0.0807258 0.0735024 0.0751623 0.0729544 0.0723992 0.0740547 0.0734901 0.0647270 0.0663651 0.0701996 0.0713087 0.0751748 0.0448356 0.0453697 0.0448329 0.0437751 0.0464345 0.0421852 0.0448409 0.0416556 0.0464239 0.0485580 0.0443023 0.0411190 0.0238813 0.0228493 0.0259528 0.0000000 0.0280263 0.0280259 0.0384853 0.0390070 0.0958856 0.0930520 0.0919238 0.0936219 0.1021765 0.0941879 0.0936314 0.0958962 0.1004489 0.0987645 0.0998732 0.0970257 0.1027618 0.0964923 0.0970496 0.1033283 0.0993243 0.0947610 0.1038905 0.1027338 0.0981789 0.0993266 0.0970417 0.0976108 0.0947713 0.0953149 0.0976091 0.1050740 0.0987418 0.0975852 0.0958736 0.0941925 0.0981822 0.1061897 0.0919231 0.0993230 0.0987232 0.0958842 0.0947697 0.0987554 
pop1_16    0.0690957 0.0696419 0.0647202 0.0625405 0.0696416 0.0647267 0.0746010 0.0674672 0.0740649 0.0652736 0.0674588 0.0652735 0.0647243 0.0663628 0.0658053 0.0571303 0.0609221 0.0636362 0.0636439 0.0674699 0.0353354 0.0353370 0.0358594 0.0342881 0.0369133 0.0321954 0.0348146 0.0316730 0.0369050 0.0390115 0.0348094 0.0316675 0.0238801 0.0228482 0.0259516 0.0280263 0.0000000 0.0166884 0.0301057 0.0306227 0.0868428 0.0840431 0.0829280 0.0846058 0.0930565 0.0851650 0.0846143 0.0868524 0.0913508 0.0896842 0.0907824 0.0879760 0.0947654 0.0874390 0.0879906 0.0941940 0.0902383 0.0857308 0.0947504 0.0936084 0.0891071 0.0902403 0.0879834 0.0896765 0.0857401 0.0862793 0.0896689 0.0959168 0.0896638 0.0885226 0.0868321 0.0851692 0.0891101 0.0970217 0.0829275 0.0902371 0.0896471 0.0868417 0.0857387 0.0896760 
pop1_17    0.0685498 0.0690956 0.0641774 0.0619991 0.0690953 0.0641838 0.0734967 0.0669223 0.0735154 0.0652726 0.0669140 0.0647302 0.0641814 0.0658188 0.0652617 0.0565927 0.0603818 0.0630940 0.0631017 0.0658302 0.0348124 0.0358617 0.0353360 0.0332439 0.0358655 0.0321971 0.0348164 0.0316747 0.0363810 0.0384861 0.0342867 0.0311470 0.0233648 0.0223335 0.0254348 0.0280259 0.0166884 0.0000000 0.0295863 0.0301030 0.0862843 0.0834866 0.0823723 0.0840488 0.0913603 0.0846077 0.0840573 0.0862938 0.0907890 0.0891234 0.0902210 0.0885387 0.0942010 0.0868799 0.0874311 0.0936301 0.0896772 0.0851731 0.0941861 0.0930450 0.0885469 0.0896792 0.0874239 0.0891158 0.0851823 0.0857212 0.0891083 0.0953515 0.0891032 0.0879624 0.0862737 0.0846119 0.0885499 0.0964558 0.0823718 0.0896760 0.0890866 0.0862832 0.0840634 0.0891153 
pop1_18    0.0751563 0.0757068 0.0707450 0.0685474 0.0757064 0.0707521 0.0807069 0.0735158 0.0801677 0.0718504 0.0735066 0.0713035 0.0707496 0.0724015 0.0718384 0.0630941 0.0658253 0.0691048 0.0696613 0.0735188 0.0421848 0.0432446 0.0427135 0.0411280 0.0437778 0.0395437 0.0421897 0.0390160 0.0437678 0.0458942 0.0416535 0.0384818 0.0337574 0.0327116 0.0358579 0.0384853 0.0301057 0.0295863 0.0000000 0.0301037 0.0930497 0.0902267 0.0891025 0.0907943 0.0993163 0.0913581 0.0902364 0.0930599 0.0975956 0.0959168 0.0970221 0.0953250 0.1010401 0.0936530 0.0942085 0.1004637 0.0964748 0.0919290 0.1010240 0.0998720 0.0941942 0.0953355 0.0930629 0.0941987 0.0908046 0.0913462 0.0947598 0.1010515 0.0947543 0.0936045 0.0919023 0.0902292 0.0941973 0.1021624 0.0879721 0.0941945 0.0958768 0.0930483 0.0913750 0.0953353 
pop1_19    0.0745924 0.0751415 0.0701851 0.0679894 0.0751415 0.0701921 0.0801379 0.0740577 0.0807136 0.0718442 0.0740485 0.0712918 0.0712899 0.0729427 0.0723792 0.0636299 0.0674550 0.0696441 0.0702009 0.0740608 0.0427087 0.0437691 0.0432377 0.0416513 0.0443026 0.0400661 0.0427137 0.0395381 0.0442926 0.0464202 0.0421771 0.0390035 0.0342764 0.0332300 0.0353299 0.0390070 0.0306227 0.0301030 0.0301037 0.0000000 0.0936030 0.0907787 0.0896535 0.0913463 0.0998735 0.0919105 0.0913555 0.0936133 0.0981512 0.0964720 0.0975779 0.0958797 0.1015984 0.0930690 0.0947627 0.1010216 0.0970303 0.0913497 0.1004363 0.0992853 0.0958887 0.0970325 0.0947550 0.0964636 0.0924918 0.0930342 0.0964555 0.1027612 0.0958861 0.0941654 0.0924620 0.0907879 0.0947588 0.1027292 0.0896529 0.0958890 0.0964317 0.0936016 0.0924902 0.0964631 
pop2_0     0.0969895 0.0975553 0.0924496 0.0901877 0.0969854 0.0924590 0.1027028 0.0936119 0.1004435 0.0918986 0.0941625 0.0907721 0.0924562 0.0941561 0.0935805 0.0845799 0.0868292 0.0918909 0.0902081 0.0930374 0.0891070 0.0902358 0.0896690 0.0879833 0.0908067 0.0868610 0.0896844 0.0862983 0.0902254 0.0936207 0.0885405 0.0857202 0.0907770 0.0896488 0.0930514 0.0958856 0.0868428 0.0862843 0.0930497 0.0936030 0.0000000 0.0065283 0.0115878 0.0141305 0.0280128 0.0207807 0.0254237 0.0274939 0.0337420 0.0321836 0.0363594 0.0337437 0.0464020 0.0395260 0.0400485 0.0458682 0.0421586 0.0379360 0.0474582 0.0453280 0.0657896 0.0668862 0.0647002 0.0663399 0.0614380 0.0619655 0.0657890 0.0712801 0.0652375 0.0652256 0.0625026 0.0608883 0.0646994 0.0723564 0.0587200 0.0657899 0.0641380 0.0614256 0.0603544 0.0641582 
pop2_1     0.0941527 0.0947164 0.0896299 0.0873765 0.0941487 0.0896390 0.0998444 0.0907869 0.0975928 0.0890805 0.0913359 0.0879581 0.0896362 0.0913297 0.0907565 0.0817892 0.0840299 0.0890730 0.0873962 0.0902146 0.0862984 0.0874229 0.0868583 0.0851788 0.0879915 0.0840606 0.0868732 0.0835001 0.0874129 0.0907954 0.0857341 0.0829247 0.0879624 0.0868388 0.0902283 0.0930520 0.0840431 0.0834866 0.0902267 0.0907787 0.0065283 0.0000000 0.0090544 0.0115879 0.0254232 0.0182159 0.0228427 0.0249060 0.0311328 0.0295790 0.0337412 0.0311343 0.0437485 0.0368961 0.0374181 0.0432167 0.0395200 0.0353123 0.0448015 0.0426789 0.0630674 0.0641600 0.0619820 0.0636157 0.0587314 0.0592577 0.0630669 0.0685384 0.0625176 0.0625062 0.0597931 0.0581840 0.0619812 0.0696109 0.0560236 0.0630678 0.0614225 0.0587196 0.0576517 0.0614417 
pop2_2     0.0941542 0.0947180 0.0896313 0.0873778 0.0941503 0.0896404 0.0998460 0.0907883 0.0975944 0.0890819 0.0913373 0.0879595 0.0896376 0.0913312 0.0907580 0.0817905 0.0840312 0.0890744 0.0885248 0.0913474 0.0862997 0.0874243 0.0868597 0.0851802 0.0879929 0.0840619 0.0868746 0.0823856 0.0874143 0.0907968 0.0857354 0.0829259 0.0868422 0.0851555 0.0891042 0.0919238 0.0829280 0.0823723 0.0891025 0.0896535 0.0115878 0.0090544 0.0000000 0.0126053 0.0264593 0.0192417 0.0238760 0.0259414 0.0321770 0.0306213 0.0347891 0.0321786 0.0448110 0.0379489 0.0384700 0.0442784 0.0405764 0.0363625 0.0458654 0.0437396 0.0641584 0.0652526 0.0630713 0.0647075 0.0598159 0.0603427 0.0641579 0.0696370 0.0636077 0.0635961 0.0608789 0.0592676 0.0630705 0.0707116 0.0571039 0.0641587 0.0625108 0.0598039 0.0587346 0.0625303 
pop2_3     0.0947233 0.0952874 0.0901968 0.0879416 0.0947193 0.0902060 0.1004195 0.0913549 0.0981663 0.0896471 0.0919043 0.0896473 0.0902032 0.0918981 0.0913244 0.0823500 0.0851540 0.0896395 0.0879624 0.0907823 0.0868629 0.0879884 0.0874233 0.0857425 0.0885575 0.0846234 0.0874383 0.0840625 0.0879783 0.0913635 0.0862982 0.0834865 0.0885287 0.0874037 0.0907960 0.0936219 0.0846058 0.0840488 0.0907943 0.0913463 0.0141305 0.0115879 0.0126053 0.0000000 0.0249077 0.0187289 0.0233600 0.0254239 0.0316551 0.0301004 0.0342655 0.0316568 0.0432195 0.0374228 0.0379438 0.0437480 0.0400486 0.0358377 0.0453339 0.0432097 0.0636137 0.0647071 0.0625274 0.0641624 0.0592744 0.0598009 0.0636132 0.0690882 0.0630634 0.0630519 0.0603367 0.0587265 0.0625266 0.0701621 0.0565644 0.0636140 0.0630521 0.0603434 0.0592735 0.0630718 
pop2_4     0.1032877 0.1038581 0.0987089 0.0964275 0.1032832 0.0987190 0.1090502 0.0998830 0.1067734 0.0981541 0.0998640 0.0981544 0.0981442 0.1004305 0.0998494 0.0907730 0.0936098 0.0981459 0.0958846 0.0993032 0.0953407 0.0964792 0.0959074 0.0942077 0.0970554 0.0930760 0.0959240 0.0925085 0.0964681 0.0998925 0.0947693 0.0919243 0.0970235 0.0958857 0.0993181 0.1021765 0.0930565 0.0913603 0.0993163 0.0998735 0.0280128 0.0254232 0.0264593 0.0249077 0.0000000 0.0202715 0.0311385 0.0332252 0.0395215 0.0379524 0.0421592 0.0405782 0.0522822 0.0442915 0.0458785 0.0517447 0.0480050 0.0437484 0.0533460 0.0506629 0.0718263 0.0729323 0.0707281 0.0723816 0.0674392 0.0679696 0.0718257 0.0773631 0.0712691 0.0712560 0.0685106 0.0668844 0.0707272 0.0784464 0.0646981 0.0712792 0.0712562 0.0685181 0.0674382 0.0712787 
pop2_5     0.0952899 0.0958544 0.0907600 0.0885031 0.0952859 0.0907693 0.1009905 0.0919192 0.0987357 0.0902099 0.0924688 0.0902102 0.0907665 0.0924626 0.0918884 0.0829074 0.0857136 0.0902024 0.0885231 0.0913461 0.0874239 0.0885502 0.0879847 0.0857449 0.0891198 0.0851828 0.0879998 0.0846214 0.0885401 0.0919278 0.0868587 0.0840449 0.0890907 0.0879649 0.0913598 0.0941879 0.0851650 0.0846077 0.0913581 0.0919105 0.0207807 0.0182159 0.0192417 0.0187289 0.0202715 0.0000000 0.0238749 0.0259410 0.0321765 0.0306208 0.0347886 0.0332221 0.0448103 0.0363715 0.0384700 0.0442777 0.0405758 0.0363620 0.0458647 0.0437390 0.0641575 0.0652517 0.0630704 0.0647066 0.0598150 0.0603418 0.0641570 0.0696360 0.0636067 0.0635951 0.0608780 0.0592667 0.0630696 0.0707105 0.0571031 0.0641578 0.0635953 0.0608847 0.0598141 0.0636152 
pop2_6     0.0947328 0.0952971 0.0902059 0.0879505 0.0947288 0.0902146 0.1004297 0.0919248 0.0987417 0.0902146 0.0924737 0.0902157 0.0902123 0.0919083 0.0913336 0.0823583 0.0851626 0.0885181 0.0879704 0.0907915 0.0868717 0.0879973 0.0874322 0.0857512 0.0885664 0.0846320 0.0874472 0.0840710 0.0879872 0.0913727 0.0863069 0.0834949 0.0885376 0.0874125 0.0908051 0.0936314 0.0846143 0.0840573 0.0902364 0.0913555 0.0254237 0.0228427 0.0238760 0.0233600 0.0311385 0.0238749 0.0000000 0.0233600 0.0316589 0.0301035 0.0342689 0.0327027 0.0442846 0.0374266 0.0379480 0.0437517 0.0400526 0.0358413 0.0453385 0.0432141 0.0636201 0.0647133 0.0625337 0.0641684 0.0592803 0.0598069 0.0636196 0.0690952 0.0630698 0.0630583 0.0603428 0.0587324 0.0625329 0.0701692 0.0565701 0.0636204 0.0630584 0.0603495 0.0592794 0.0630782 
pop2_7     0.0970002 0.0964308 0.0924598 0.0901976 0.0969961 0.0924692 0.1027142 0.0941844 0.1010217 0.0924696 0.0947353 0.0924699 0.0924664 0.0935981 0.0935908 0.0845892 0.0862815 0.0907740 0.0890935 0.0919188 0.0891168 0.0902457 0.0896788 0.0879930 0.0908167 0.0868705 0.0896943 0.0863078 0.0902354 0.0936310 0.0874231 0.0857297 0.0907871 0.0896587 0.0930616 0.0958962 0.0868524 0.0862938 0.0930599 0.0936133 0.0274939 0.0249060 0.0259414 0.0254239 0.0332252 0.0259410 0.0233600 0.0000000 0.0337457 0.0321871 0.0363633 0.0347935 0.0464066 0.0395303 0.0400529 0.0458732 0.0421633 0.0379401 0.0474634 0.0453330 0.0657968 0.0668935 0.0647073 0.0663472 0.0614447 0.0619722 0.0657962 0.0707369 0.0646983 0.0652327 0.0625095 0.0608950 0.0647065 0.0723643 0.0587264 0.0657971 0.0652328 0.0625163 0.0608991 0.0652533 
pop2_8     0.0998354 0.1004032 0.0958507 0.0924484 0.1004071 0.0958605 0.1061510 0.0975838 0.1044518 0.0958609 0.0981367 0.0958612 0.0958577 0.0975653 0.0969868 0.0879457 0.0907711 0.0952897 0.0935997 0.0964420 0.0936294 0.0947651 0.0941947 0.0924990 0.0953398 0.0913699 0.0942110 0.0908038 0.0947542 0.0981703 0.0930593 0.0902213 0.0953086 0.0941724 0.0975974 0.1004489 0.0913508 0.0907890 0.0975956 0.0981512 0.0337420 0.0311328 0.0321770 0.0316551 0.0395215 0.0321765 0.0316589 0.0337457 0.0000000 0.0290594 0.0405704 0.0389923 0.0506708 0.0437563 0.0442819 0.0501338 0.0464032 0.0421561 0.0517325 0.0495898 0.0690748 0.0701765 0.0679807 0.0696278 0.0636138 0.0652331 0.0690743 0.0745904 0.0685200 0.0685074 0.0657723 0.0641516 0.0679798 0.0745676 0.0619735 0.0690751 0.0685075 0.0657796 0.0647030 0.0685291 
