80
pop0_0     0.0000000 0.0120970 0.0131140 0.0131140 0.0254239 0.0264672 0.0347948 0.0390155 0.0442988 0.0316642 0.0368968 0.0379593 0.0463850 0.0506616 0.0442753 0.0379375 0.0411062 0.0453344 0.0432331 0.0442945 0.0690913 0.0679850 0.0679908 0.0668874 0.0647165 0.0668980 0.0712985 0.0647256 0.0701569 0.0701640 0.0657927 0.0690638 0.0734519 0.0690515 0.0679685 0.0712658 0.0625232 0.0646982 0.0668767 0.0679770 0.0901798 0.0879262 0.0856816 0.0856831 0.0981246 0.0879115 0.0913168 0.0868088 0.0947124 0.1004297 0.0924377 0.0958403 0.0935922 0.0891059 0.0936234 0.0981289 0.0924737 0.0857027 0.0958700 0.0901773 0.0947444 0.0958884 0.0924716 0.0936102 0.0947465 0.0947058 0.0947441 0.1038927 0.0936031 0.0924561 0.0947019 0.0890754 0.0947360 0.0970102 0.0936027 0.0958627 0.0958647 0.0913625 0.0902497 0.0981640 
pop0_1     0.0120970 0.0000000 0.0131122 0.0131121 0.0254217 0.0264650 0.0347920 0.0390121 0.0442949 0.0316614 0.0368927 0.0379560 0.0463809 0.0506571 0.0442714 0.0379342 0.0411021 0.0453304 0.0432293 0.0442906 0.0690850 0.0679788 0.0679848 0.0668813 0.0647107 0.0668919 0.0712920 0.0647197 0.0701505 0.0701576 0.0657867 0.0690575 0.0734452 0.0690452 0.0679623 0.0712593 0.0625175 0.0646924 0.0668706 0.0679708 0.0901715 0.0879181 0.0856737 0.0856751 0.0981154 0.0879033 0.0913083 0.0868008 0.0947035 0.1004203 0.0924290 0.0958313 0.0935835 0.0890977 0.0936147 0.0981197 0.0924646 0.0856948 0.0958610 0.0901689 0.0947356 0.0958795 0.0924630 0.0936015 0.0947377 0.0946970 0.0947353 0.1038829 0.0935944 0.0924475 0.0946930 0.0890672 0.0947271 0.0970011 0.0935940 0.0958538 0.0958557 0.0913540 0.0902413 0.0981548 
pop0_2     0.0131140 0.0131122 0.0000000 0.0080430 0.0202686 0.0213031 0.0295741 0.0337625 0.0390091 0.0264643 0.0316606 0.0327141 0.0400296 0.0442684 0.0389884 0.0326954 0.0358406 0.0400403 0.0379515 0.0390053 0.0636240 0.0625272 0.0625327 0.0614379 0.0592824 0.0614476 0.0658149 0.0592902 0.0646848 0.0646913 0.0603514 0.0635994 0.0679561 0.0635882 0.0625121 0.0657848 0.0571058 0.0592652 0.0614281 0.0625200 0.0845591 0.0823225 0.0800947 0.0800961 0.0924432 0.0823088 0.0856870 0.0812132 0.0890569 0.0947295 0.0868000 0.0901767 0.0879445 0.0834902 0.0879737 0.0924473 0.0868333 0.0801144 0.0902046 0.0845567 0.0890877 0.0902218 0.0868317 0.0879624 0.0890889 0.0890509 0.0890877 0.0981648 0.0879547 0.0868172 0.0890471 0.0834617 0.0890790 0.0913359 0.0879543 0.0901978 0.0901997 0.0857298 0.0846244 0.0924802 
pop0_3     0.0131140 0.0131121 0.0080430 0.0000000 0.0161731 0.0172009 0.0254286 0.0295924 0.0348110 0.0223347 0.0275034 0.0285501 0.0368789 0.0410998 0.0347926 0.0285338 0.0316613 0.0358390 0.0337597 0.0348076 0.0592918 0.0582009 0.0582062 0.0571182 0.0549735 0.0571272 0.0614691 0.0549811 0.0603479 0.0603539 0.0560379 0.0592684 0.0636010 0.0592580 0.0581872 0.0614412 0.0528106 0.0549580 0.0571091 0.0581945 0.0801089 0.0778854 0.0756704 0.0756717 0.0879468 0.0778725 0.0812300 0.0767821 0.0845803 0.0902188 0.0823369 0.0856939 0.0834739 0.0790438 0.0835015 0.0879507 0.0823684 0.0756889 0.0857203 0.0801067 0.0868432 0.0879745 0.0845947 0.0857210 0.0846106 0.0845747 0.0846086 0.0936330 0.0834834 0.0823532 0.0845711 0.0790169 0.0846013 0.0868449 0.0834831 0.0857139 0.0857157 0.0812704 0.0801707 0.0879819 
pop0_4     0.0254239 0.0254217 0.0202686 0.0161731 0.0000000 0.0233643 0.0316579 0.0358590 0.0411202 0.0285397 0.0337504 0.0348075 0.0432001 0.0474577 0.0410984 0.0347876 0.0379419 0.0421532 0.0400594 0.0411162 0.0658062 0.0647052 0.0647108 0.0636126 0.0614500 0.0636226 0.0680031 0.0614592 0.0668684 0.0668752 0.0625228 0.0657800 0.0701492 0.0657683 0.0646895 0.0679720 0.0592677 0.0614333 0.0636024 0.0646976 0.0856793 0.0834394 0.0812082 0.0812096 0.0935755 0.0834255 0.0868090 0.0823284 0.0901841 0.0958655 0.0879236 0.0913054 0.0890701 0.0846095 0.0890997 0.0935796 0.0879574 0.0812282 0.0913337 0.0856769 0.0924649 0.0936057 0.0901994 0.0913343 0.0902165 0.0901779 0.0879507 0.0993063 0.0890804 0.0879410 0.0901741 0.0845806 0.0902065 0.0924668 0.0890800 0.0913268 0.0913287 0.0868524 0.0857456 0.0936130 
pop0_5     0.0264672 0.0264650 0.0213031 0.0172009 0.0233643 0.0000000 0.0264638 0.0306339 0.0358596 0.0233658 0.0285416 0.0295900 0.0379295 0.0421566 0.0358406 0.0295731 0.0327051 0.0368884 0.0348067 0.0358561 0.0603748 0.0592824 0.0592876 0.0581979 0.0560502 0.0582071 0.0625554 0.0560580 0.0614319 0.0614381 0.0571159 0.0581907 0.0646897 0.0603403 0.0592682 0.0625269 0.0538840 0.0560345 0.0581886 0.0592756 0.0812220 0.0789951 0.0767768 0.0767781 0.0890717 0.0789820 0.0823447 0.0778903 0.0857001 0.0913473 0.0834532 0.0868153 0.0845921 0.0801558 0.0846201 0.0890756 0.0834852 0.0767956 0.0868421 0.0812197 0.0879666 0.0890998 0.0857146 0.0868427 0.0857308 0.0856943 0.0857287 0.0947669 0.0846018 0.0834697 0.0856907 0.0801286 0.0857214 0.0879684 0.0846015 0.0868356 0.0868374 0.0823858 0.0812846 0.0891073 
pop0_6     0.0347948 0.0347920 0.0295741 0.0254286 0.0316579 0.0264638 0.0000000 0.0390103 0.0442929 0.0316600 0.0368927 0.0379543 0.0463788 0.0506548 0.0442693 0.0379325 0.0411003 0.0453284 0.0432273 0.0442886 0.0690818 0.0679757 0.0679816 0.0668782 0.0647077 0.0668888 0.0712887 0.0647168 0.0701473 0.0701544 0.0657837 0.0690543 0.0734418 0.0690420 0.0679592 0.0712560 0.0625147 0.0646894 0.0668676 0.0679677 0.0901673 0.0879140 0.0856697 0.0856712 0.0981108 0.0878993 0.0913040 0.0867967 0.0946991 0.1004156 0.0924247 0.0958268 0.0935791 0.0890935 0.0936103 0.0981151 0.0913399 0.0856908 0.0958566 0.0901647 0.0969946 0.0981420 0.0947153 0.0958572 0.0947333 0.0946926 0.0947309 0.1038780 0.0935900 0.0924432 0.0946886 0.0890630 0.0947227 0.0969966 0.0935896 0.0958493 0.0958513 0.0913498 0.0902372 0.0981512 
pop0_7     0.0390155 0.0390121 0.0337625 0.0295924 0.0358590 0.0306339 0.0390103 0.0000000 0.0254376 0.0151575 0.0244031 0.0254447 0.0442788 0.0485447 0.0421735 0.0358510 0.0390113 0.0432302 0.0411331 0.0421918 0.0669284 0.0658251 0.0658309 0.0647304 0.0625645 0.0647406 0.0691298 0.0625732 0.0679923 0.0679991 0.0636384 0.0669018 0.0712793 0.0668899 0.0658092 0.0690981 0.0603771 0.0625468 0.0647200 0.0658174 0.0868503 0.0846056 0.0823698 0.0823712 0.0947634 0.0845915 0.0890987 0.0846023 0.0924856 0.0981877 0.0902170 0.0936108 0.0913681 0.0868924 0.0913984 0.0958933 0.0902516 0.0834986 0.0936398 0.0879624 0.0947750 0.0959194 0.0925014 0.0936404 0.0925189 0.0924793 0.0925166 0.1016413 0.0891212 0.0902349 0.0924754 0.0868628 0.0925086 0.0947770 0.0913783 0.0936327 0.0936347 0.0891433 0.0880329 0.0959275 
pop0_8     0.0442988 0.0442949 0.0390091 0.0348110 0.0411202 0.0358596 0.0442929 0.0254376 0.0000000 0.0202767 0.0295854 0.0306357 0.0495961 0.0538931 0.0474777 0.0411111 0.0442941 0.0485415 0.0464320 0.0474983 0.0724098 0.0712978 0.0713040 0.0701948 0.0680143 0.0702059 0.0746279 0.0680238 0.0734790 0.0734864 0.0690948 0.0723809 0.0767894 0.0723679 0.0712803 0.0745935 0.0658099 0.0679950 0.0701838 0.0712893 0.0924759 0.0902146 0.0879624 0.0879636 0.1004487 0.0901993 0.0947410 0.0902109 0.0981532 0.1038995 0.0958670 0.0992864 0.0970280 0.0925209 0.0970603 0.1015867 0.0959040 0.0891000 0.0993172 0.0935955 0.1004610 0.1016145 0.0981699 0.0993178 0.0981887 0.0981464 0.0981861 0.1073804 0.0947650 0.0958862 0.0981423 0.0924892 0.0981777 0.1004632 0.0970389 0.0993097 0.0993117 0.0947885 0.0936708 0.1016232 
pop0_9     0.0316642 0.0316614 0.0264643 0.0223347 0.0285397 0.0233658 0.0316600 0.0151575 0.0202767 0.0000000 0.0171977 0.0182270 0.0368783 0.0410993 0.0347921 0.0285334 0.0316608 0.0358385 0.0337592 0.0348071 0.0592911 0.0582009 0.0582055 0.0571175 0.0549728 0.0571265 0.0614684 0.0549804 0.0603472 0.0603532 0.0560372 0.0592677 0.0636003 0.0592573 0.0581865 0.0614404 0.0528099 0.0549574 0.0571084 0.0581938 0.0790048 0.0767844 0.0745724 0.0745737 0.0868318 0.0767716 0.0812292 0.0767814 0.0845796 0.0902180 0.0823362 0.0856932 0.0834731 0.0790431 0.0835007 0.0879500 0.0823677 0.0756881 0.0857196 0.0801059 0.0868424 0.0879738 0.0845939 0.0857202 0.0846099 0.0845739 0.0846078 0.0936322 0.0812496 0.0823524 0.0845704 0.0790162 0.0846006 0.0868442 0.0834823 0.0857132 0.0857150 0.0812697 0.0801699 0.0879812 
pop0_10    0.0368968 0.0368927 0.0316606 0.0275034 0.0337504 0.0285416 0.0368927 0.0244031 0.0295854 0.0171977 0.0000000 0.0213091 0.0421445 0.0463961 0.0400453 0.0337430 0.0368927 0.0410987 0.0390073 0.0400626 0.0647192 0.0636199 0.0636254 0.0625288 0.0603697 0.0625387 0.0669130 0.0603781 0.0657805 0.0657871 0.0614406 0.0646935 0.0690568 0.0646820 0.0636045 0.0668824 0.0581900 0.0603527 0.0625189 0.0636125 0.0845751 0.0823381 0.0801098 0.0801112 0.0913235 0.0823244 0.0868159 0.0823349 0.0901912 0.0958733 0.0879305 0.0913127 0.0890772 0.0846161 0.0891068 0.0935871 0.0879643 0.0812345 0.0913410 0.0856836 0.0924723 0.0936126 0.0902066 0.0913416 0.0902237 0.0901851 0.0902214 0.0993144 0.0890877 0.0879480 0.0901813 0.0845872 0.0902146 0.0924737 0.0890877 0.0913341 0.0913360 0.0868593 0.0857523 0.0936205 
pop0_11    0.0379593 0.0379560 0.0327141 0.0285501 0.0348075 0.0295900 0.0379543 0.0254447 0.0306357 0.0182270 0.0213091 0.0000000 0.0432154 0.0474746 0.0411129 0.0347998 0.0379553 0.0421681 0.0400736 0.0411307 0.0658301 0.0647287 0.0647344 0.0636357 0.0614729 0.0636457 0.0680279 0.0614815 0.0668928 0.0668996 0.0625454 0.0658042 0.0701749 0.0657923 0.0647133 0.0679968 0.0592891 0.0614556 0.0636255 0.0636261 0.0845977 0.0823600 0.0801311 0.0801323 0.0924858 0.0823463 0.0868388 0.0823568 0.0902146 0.0958991 0.0879541 0.0913372 0.0891011 0.0846387 0.0891307 0.0936123 0.0879879 0.0812561 0.0913655 0.0857065 0.0924971 0.0936378 0.0902308 0.0913661 0.0902479 0.0902093 0.0891180 0.0993412 0.0891113 0.0879715 0.0902055 0.0846098 0.0902378 0.0924990 0.0891110 0.0913586 0.0913605 0.0868825 0.0857752 0.0936456 
pop0_12    0.0463850 0.0463809 0.0400296 0.0368789 0.0432001 0.0379295 0.0463788 0.0442788 0.0495961 0.0368783 0.0421445 0.0432154 0.0000000 0.0285317 0.0306076 0.0243849 0.0316483 0.0358243 0.0337459 0.0347934 0.0679604 0.0668564 0.0668622 0.0657610 0.0635943 0.0657715 0.0701630 0.0636032 0.0690243 0.0690313 0.0646685 0.0679333 0.0723129 0.0679212 0.0668402 0.0701308 0.0614055 0.0635763 0.0657505 0.0668486 0.0890070 0.0867580 0.0845179 0.0845193 0.0969354 0.0867434 0.0901415 0.0856428 0.0935302 0.0992355 0.0901423 0.0946558 0.0924122 0.0879347 0.0924430 0.0969396 0.0912954 0.0845387 0.0946852 0.0890044 0.0958210 0.0969661 0.0935461 0.0924300 0.0935639 0.0935237 0.0935615 0.1026911 0.0924229 0.0912784 0.0935198 0.0879046 0.0935535 0.0958230 0.0924225 0.0946780 0.0946800 0.0901867 0.0890760 0.0969743 
pop0_13    0.0506616 0.0506571 0.0442684 0.0410998 0.0474577 0.0421566 0.0506548 0.0485447 0.0538931 0.0410993 0.0463961 0.0474746 0.0285317 0.0000000 0.0347923 0.0285336 0.0358390 0.0400386 0.0379499 0.0390036 0.0723669 0.0712555 0.0712617 0.0701532 0.0679741 0.0701644 0.0745836 0.0679837 0.0734353 0.0734428 0.0690540 0.0723380 0.0767437 0.0723250 0.0712381 0.0745492 0.0657711 0.0679549 0.0701420 0.0712471 0.0935417 0.0912785 0.0890244 0.0890259 0.1015205 0.0912631 0.0946837 0.0890233 0.0980937 0.1038362 0.0958090 0.0992261 0.0969692 0.0924651 0.0970016 0.1015249 0.0958460 0.0890464 0.0992570 0.0935390 0.1004000 0.1015528 0.0981104 0.0992576 0.0981291 0.0980869 0.0969878 0.1073148 0.0969805 0.0958281 0.0980828 0.0924334 0.0981181 0.1004022 0.0969801 0.0992494 0.0992514 0.0947312 0.0936143 0.1015614 
pop0_14    0.0442753 0.0442714 0.0389884 0.0347926 0.0410984 0.0358406 0.0442693 0.0421735 0.0474777 0.0347921 0.0400453 0.0411129 0.0306076 0.0347923 0.0000000 0.0202699 0.0295756 0.0337410 0.0316667 0.0327116 0.0657957 0.0646949 0.0647006 0.0636025 0.0614409 0.0636125 0.0679923 0.0614500 0.0668578 0.0668646 0.0625128 0.0657696 0.0701381 0.0657579 0.0646792 0.0679612 0.0592583 0.0614236 0.0635923 0.0646874 0.0867882 0.0845452 0.0823111 0.0823125 0.0946953 0.0845311 0.0879196 0.0834328 0.0912992 0.0969887 0.0890355 0.0924220 0.0901839 0.0857169 0.0902146 0.0946994 0.0890697 0.0823313 0.0924506 0.0867858 0.0935834 0.0947253 0.0913147 0.0924513 0.0913321 0.0912930 0.0913298 0.1004343 0.0901943 0.0890532 0.0912891 0.0856882 0.0913219 0.0935853 0.0901939 0.0924437 0.0924456 0.0879635 0.0868554 0.0947333 
pop0_15    0.0379375 0.0379342 0.0326954 0.0285338 0.0347876 0.0295731 0.0379325 0.0358510 0.0411111 0.0285334 0.0337430 0.0347998 0.0243849 0.0285336 0.0202699 0.0000000 0.0233600 0.0274918 0.0254320 0.0264681 0.0592737 0.0581834 0.0581884 0.0571007 0.0549567 0.0571097 0.0614500 0.0549643 0.0603294 0.0603354 0.0560207 0.0592502 0.0635815 0.0592398 0.0581694 0.0614223 0.0527944 0.0549412 0.0570916 0.0581766 0.0800842 0.0778614 0.0756471 0.0756484 0.0879196 0.0778484 0.0812049 0.0767585 0.0845542 0.0901908 0.0823115 0.0856674 0.0834481 0.0790204 0.0834757 0.0879235 0.0823430 0.0756656 0.0856938 0.0800819 0.0868163 0.0879473 0.0845685 0.0856945 0.0845845 0.0845485 0.0845824 0.0936039 0.0834576 0.0823278 0.0845449 0.0789925 0.0845752 0.0868181 0.0834573 0.0856874 0.0856892 0.0812459 0.0801460 0.0879547 
pop0_16    0.0411062 0.0411021 0.0358406 0.0316613 0.0379419 0.0327051 0.0411003 0.0390113 0.0442941 0.0316608 0.0368927 0.0379553 0.0316483 0.0358390 0.0295756 0.0233600 0.0000000 0.0182222 0.0244014 0.0254361 0.0625362 0.0614413 0.0614466 0.0603536 0.0582009 0.0603631 0.0647239 0.0582086 0.0635961 0.0636025 0.0592686 0.0625122 0.0668627 0.0625012 0.0614265 0.0625175 0.0560277 0.0581841 0.0603440 0.0614341 0.0834415 0.0812083 0.0789837 0.0789851 0.0913139 0.0811948 0.0845677 0.0801005 0.0879327 0.0935966 0.0856791 0.0890509 0.0868218 0.0823736 0.0868506 0.0913180 0.0857120 0.0790031 0.0890784 0.0834392 0.0902062 0.0913433 0.0879476 0.0890790 0.0879642 0.0879267 0.0879624 0.0947526 0.0845890 0.0856961 0.0879230 0.0823455 0.0879545 0.0902080 0.0868314 0.0890717 0.0890736 0.0846099 0.0835060 0.0913505 
pop0_17    0.0453344 0.0453304 0.0400403 0.0358390 0.0421532 0.0368884 0.0453284 0.0432302 0.0485415 0.0358385 0.0410987 0.0421681 0.0358243 0.0400386 0.0337410 0.0274918 0.0182222 0.0000000 0.0285413 0.0295817 0.0668847 0.0657822 0.0657879 0.0646882 0.0625238 0.0646984 0.0690846 0.0625325 0.0679478 0.0679547 0.0635970 0.0668581 0.0712326 0.0668462 0.0657663 0.0668637 0.0603378 0.0625061 0.0646778 0.0657745 0.0879066 0.0856604 0.0834230 0.0834244 0.0958253 0.0856460 0.0867809 0.0845464 0.0924242 0.0981223 0.0901571 0.0935486 0.0913074 0.0868350 0.0913378 0.0958295 0.0901918 0.0834435 0.0935776 0.0879041 0.0947120 0.0958556 0.0924400 0.0935782 0.0924575 0.0924179 0.0924552 0.0992860 0.0890622 0.0901751 0.0924140 0.0868053 0.0924472 0.0947140 0.0913176 0.0935705 0.0935725 0.0890843 0.0879747 0.0958637 
pop0_18    0.0432331 0.0432293 0.0379515 0.0337597 0.0400594 0.0348067 0.0432273 0.0411331 0.0464320 0.0337592 0.0390073 0.0400736 0.0337459 0.0379499 0.0316667 0.0254320 0.0244014 0.0285413 0.0000000 0.0213106 0.0647319 0.0636324 0.0636379 0.0625411 0.0603815 0.0625510 0.0669261 0.0603899 0.0657934 0.0658000 0.0614526 0.0647062 0.0690703 0.0646947 0.0636170 0.0668955 0.0582009 0.0603654 0.0625311 0.0636240 0.0857031 0.0834625 0.0812307 0.0812321 0.0936017 0.0834486 0.0868332 0.0823512 0.0902092 0.0958924 0.0879480 0.0902119 0.0879692 0.0835135 0.0879984 0.0924737 0.0868576 0.0812506 0.0913592 0.0857007 0.0924907 0.0936313 0.0902245 0.0913598 0.0902416 0.0902031 0.0902394 0.0970527 0.0868551 0.0879655 0.0901993 0.0846040 0.0902316 0.0924926 0.0891048 0.0913523 0.0913542 0.0868765 0.0857693 0.0936392 
pop0_19    0.0442945 0.0442906 0.0390053 0.0348076 0.0411162 0.0358561 0.0442886 0.0421918 0.0474983 0.0348071 0.0400626 0.0411307 0.0347934 0.0390036 0.0327116 0.0264681 0.0254361 0.0295817 0.0213106 0.0000000 0.0658247 0.0647234 0.0647290 0.0636304 0.0614678 0.0636405 0.0680223 0.0614764 0.0668873 0.0668940 0.0625403 0.0657985 0.0701690 0.0657868 0.0647077 0.0679908 0.0592842 0.0614500 0.0636203 0.0647158 0.0845782 0.0823411 0.0801127 0.0801141 0.0924643 0.0823273 0.0857064 0.0812314 0.0890772 0.0947512 0.0868196 0.0890798 0.0868405 0.0823913 0.0868693 0.0913377 0.0846003 0.0801323 0.0902251 0.0845758 0.0913549 0.0924935 0.0890923 0.0902257 0.0891092 0.0890711 0.0891069 0.0959094 0.0857280 0.0868369 0.0890674 0.0834805 0.0890993 0.0913567 0.0879743 0.0902183 0.0902202 0.0857492 0.0846435 0.0925013 
pop1_0     0.0690913 0.0690850 0.0636240 0.0592918 0.0658062 0.0603748 0.0690818 0.0669284 0.0724098 0.0592911 0.0647192 0.0658301 0.0679604 0.0723669 0.0657957 0.0592737 0.0625362 0.0668847 0.0647319 0.0658247 0.0000000 0.0070329 0.0090557 0.0223315 0.0202774 0.0275079 0.0316766 0.0254395 0.0348009 0.0348043 0.0316732 0.0337558 0.0421688 0.0379467 0.0369019 0.0400642 0.0295879 0.0316715 0.0358528 0.0369064 0.0857327 0.0834913 0.0812586 0.0812600 0.0936341 0.0834781 0.0868631 0.0823796 0.0902404 0.0959257 0.0879784 0.0913625 0.0891257 0.0846621 0.0891553 0.0936382 0.0880122 0.0812786 0.0913908 0.0857302 0.0925227 0.0936637 0.0902557 0.0936559 0.0902728 0.0902343 0.0902706 0.0993688 0.0891360 0.0879959 0.0902305 0.0846332 0.0902628 0.0925246 0.0891356 0.0925230 0.0913858 0.0869065 0.0857989 0.0936716 
pop1_1     0.0679850 0.0679788 0.0625272 0.0582009 0.0647052 0.0592824 0.0679757 0.0658251 0.0712978 0.0582009 0.0636199 0.0647287 0.0668564 0.0712555 0.0646949 0.0581834 0.0614413 0.0657822 0.0636324 0.0647234 0.0070329 0.0000000 0.0080430 0.0212996 0.0192474 0.0264668 0.0306289 0.0244015 0.0337480 0.0337520 0.0306256 0.0327052 0.0411062 0.0368898 0.0358464 0.0390038 0.0285436 0.0306240 0.0347989 0.0358508 0.0845990 0.0823611 0.0801323 0.0801338 0.0924872 0.0823476 0.0857275 0.0812514 0.0890992 0.0947747 0.0868410 0.0902195 0.0879862 0.0835296 0.0880154 0.0924913 0.0868744 0.0801520 0.0902474 0.0845966 0.0913775 0.0925164 0.0891143 0.0925088 0.0891312 0.0890931 0.0891290 0.0982118 0.0879963 0.0868583 0.0890894 0.0835011 0.0891213 0.0913793 0.0879960 0.0913777 0.0902425 0.0857703 0.0846644 0.0925242 
pop1_2     0.0679908 0.0679848 0.0625327 0.0582062 0.0647108 0.0592876 0.0679816 0.0658309 0.0713040 0.0582055 0.0636254 0.0647344 0.0668622 0.0712617 0.0647006 0.0581884 0.0614466 0.0657879 0.0636379 0.0647290 0.0090557 0.0080430 0.0000000 0.0212996 0.0192491 0.0264691 0.0306315 0.0244036 0.0337517 0.0337550 0.0306283 0.0327081 0.0411088 0.0368927 0.0358495 0.0390072 0.0285461 0.0306267 0.0348019 0.0358539 0.0846064 0.0823685 0.0801394 0.0801408 0.0924953 0.0823548 0.0857350 0.0812585 0.0891070 0.0947830 0.0868487 0.0902274 0.0879939 0.0835369 0.0880231 0.0924994 0.0868820 0.0801590 0.0902553 0.0846040 0.0913855 0.0925245 0.0891221 0.0925169 0.0891390 0.0891009 0.0891368 0.0982204 0.0880040 0.0868659 0.0890972 0.0835084 0.0891291 0.0913873 0.0880037 0.0913858 0.0902504 0.0857778 0.0846718 0.0925323 
pop1_3     0.0668874 0.0668813 0.0614379 0.0571182 0.0636126 0.0581979 0.0668782 0.0647304 0.0701948 0.0571175 0.0625288 0.0636357 0.0657610 0.0701532 0.0636025 0.0571007 0.0603536 0.0646882 0.0625411 0.0636304 0.0223315 0.0212996 0.0212996 0.0000000 0.0080430 0.0254302 0.0295860 0.0233676 0.0327027 0.0327050 0.0295829 0.0316589 0.0400476 0.0358384 0.0347964 0.0379490 0.0275039 0.0295813 0.0337503 0.0348006 0.0834757 0.0812415 0.0790160 0.0790174 0.0913514 0.0801223 0.0846024 0.0801323 0.0879687 0.0925123 0.0857143 0.0890877 0.0868574 0.0812903 0.0868862 0.0913555 0.0857471 0.0790354 0.0891149 0.0834733 0.0902432 0.0913803 0.0879837 0.0913727 0.0880003 0.0879624 0.0879981 0.0970665 0.0868674 0.0857313 0.0879591 0.0823792 0.0879906 0.0902450 0.0868670 0.0902435 0.0891101 0.0846446 0.0835402 0.0913880 
pop1_4     0.0647165 0.0647107 0.0592824 0.0549735 0.0614500 0.0560502 0.0647077 0.0625645 0.0680143 0.0549728 0.0603697 0.0614729 0.0635943 0.0679741 0.0614409 0.0549567 0.0582009 0.0625238 0.0603815 0.0614678 0.0202774 0.0192474 0.0192491 0.0080430 0.0000000 0.0233680 0.0275127 0.0213103 0.0306212 0.0306242 0.0275098 0.0295817 0.0379480 0.0337499 0.0327102 0.0358545 0.0254363 0.0275084 0.0316669 0.0327142 0.0812592 0.0790312 0.0768119 0.0768132 0.0891127 0.0790181 0.0823825 0.0779259 0.0857395 0.0902697 0.0834915 0.0868553 0.0846310 0.0801925 0.0846590 0.0891167 0.0835235 0.0768307 0.0868820 0.0812569 0.0880071 0.0891408 0.0857541 0.0891335 0.0857703 0.0857338 0.0857681 0.0948107 0.0846406 0.0835081 0.0857302 0.0801652 0.0857608 0.0880089 0.0846403 0.0880074 0.0868774 0.0824236 0.0813218 0.0891483 
pop1_5     0.0668980 0.0668919 0.0614476 0.0571272 0.0636226 0.0582071 0.0668888 0.0647406 0.0702059 0.0571265 0.0625387 0.0636457 0.0657715 0.0701644 0.0636125 0.0571097 0.0603631 0.0646984 0.0625510 0.0636405 0.0275079 0.0264668 0.0264691 0.0254302 0.0233680 0.0000000 0.0141344 0.0182254 0.0316601 0.0316632 0.0285450 0.0306194 0.0389965 0.0347927 0.0337519 0.0369002 0.0264688 0.0285435 0.0327072 0.0337559 0.0834892 0.0812546 0.0790287 0.0790301 0.0913663 0.0812411 0.0846160 0.0801461 0.0879830 0.0936503 0.0857281 0.0891019 0.0868714 0.0824206 0.0869002 0.0913703 0.0857610 0.0790481 0.0891294 0.0834868 0.0902578 0.0913951 0.0879979 0.0913876 0.0880146 0.0879770 0.0880124 0.0970823 0.0868814 0.0857451 0.0879733 0.0823925 0.0880048 0.0902597 0.0868811 0.0902581 0.0891245 0.0846582 0.0835536 0.0914028 
pop1_6     0.0712985 0.0712920 0.0658149 0.0614691 0.0680031 0.0625554 0.0712887 0.0691298 0.0746279 0.0614684 0.0669130 0.0680279 0.0701630 0.0745836 0.0679923 0.0614500 0.0647239 0.0690846 0.0669261 0.0680223 0.0316766 0.0306289 0.0306315 0.0295860 0.0275127 0.0141344 0.0000000 0.0223408 0.0358515 0.0358550 0.0327195 0.0348049 0.0432301 0.0390019 0.0379557 0.0411228 0.0306312 0.0327178 0.0369050 0.0379603 0.0879923 0.0857437 0.0835040 0.0835054 0.0959191 0.0857294 0.0891265 0.0846286 0.0925145 0.0982185 0.0902451 0.0936400 0.0913965 0.0869194 0.0914269 0.0959233 0.0902798 0.0835245 0.0936690 0.0879897 0.0948046 0.0959494 0.0925302 0.0959414 0.0925478 0.0925082 0.0925455 0.1016731 0.0914071 0.0902630 0.0925043 0.0868898 0.0925375 0.0948066 0.0914067 0.0948049 0.0936639 0.0891710 0.0880603 0.0959575 
pop1_7     0.0647256 0.0647197 0.0592902 0.0549811 0.0614592 0.0560580 0.0647168 0.0625732 0.0680238 0.0549804 0.0603781 0.0614815 0.0636032 0.0679837 0.0614500 0.0549643 0.0582086 0.0625325 0.0603899 0.0614764 0.0254395 0.0244015 0.0244036 0.0233676 0.0213103 0.0182254 0.0223408 0.0000000 0.0295816 0.0295845 0.0264740 0.0285435 0.0368986 0.0327062 0.0316677 0.0348077 0.0244033 0.0264727 0.0306257 0.0316716 0.0812708 0.0790425 0.0768228 0.0768241 0.0891255 0.0790293 0.0823943 0.0779369 0.0857518 0.0914026 0.0835035 0.0868677 0.0846431 0.0802039 0.0846711 0.0891295 0.0835354 0.0768416 0.0868945 0.0812685 0.0880197 0.0891536 0.0857663 0.0891463 0.0857825 0.0857460 0.0857804 0.0948244 0.0846527 0.0835200 0.0857424 0.0801766 0.0857731 0.0880215 0.0846524 0.0880200 0.0868898 0.0824353 0.0813334 0.0891611 
pop1_8     0.0701569 0.0701505 0.0646848 0.0603479 0.0668684 0.0614319 0.0701473 0.0679923 0.0734790 0.0603472 0.0657805 0.0668928 0.0690243 0.0734353 0.0668578 0.0603294 0.0635961 0.0679478 0.0657934 0.0668873 0.0348009 0.0337480 0.0337517 0.0327027 0.0306212 0.0316601 0.0358515 0.0295816 0.0000000 0.0243940 0.0254310 0.0274980 0.0421464 0.0379266 0.0368824 0.0400430 0.0295724 0.0316548 0.0358338 0.0368868 0.0868150 0.0845713 0.0823364 0.0823379 0.0947246 0.0845572 0.0879467 0.0834586 0.0913274 0.0970188 0.0868204 0.0924506 0.0902118 0.0857440 0.0902417 0.0947288 0.0890973 0.0823567 0.0924792 0.0868125 0.0936124 0.0947546 0.0913433 0.0947467 0.0913603 0.0913212 0.0913580 0.0981910 0.0902222 0.0890807 0.0913174 0.0857147 0.0913501 0.0936143 0.0902218 0.0936126 0.0924737 0.0879907 0.0846467 0.0947626 
pop1_9     0.0701640 0.0701576 0.0646913 0.0603539 0.0668752 0.0614381 0.0701544 0.0679991 0.0734864 0.0603532 0.0657871 0.0668996 0.0690313 0.0734428 0.0668646 0.0603354 0.0636025 0.0679547 0.0658000 0.0668940 0.0348043 0.0337520 0.0337550 0.0327050 0.0306242 0.0316632 0.0358550 0.0295845 0.0243940 0.0000000 0.0254335 0.0274999 0.0421505 0.0379304 0.0368860 0.0400469 0.0295756 0.0316589 0.0358373 0.0368905 0.0868240 0.0845800 0.0823449 0.0823463 0.0947345 0.0845659 0.0879558 0.0834671 0.0913369 0.0970289 0.0890722 0.0924602 0.0902211 0.0857528 0.0902511 0.0947395 0.0891065 0.0823651 0.0924888 0.0845812 0.0936221 0.0947644 0.0913524 0.0947565 0.0913698 0.0913306 0.0913675 0.0982013 0.0902315 0.0890899 0.0913268 0.0857235 0.0913596 0.0936240 0.0902312 0.0936224 0.0924838 0.0879998 0.0846554 0.0947724 
pop1_10    0.0657927 0.0657867 0.0603514 0.0560379 0.0625228 0.0571159 0.0657837 0.0636384 0.0690948 0.0560372 0.0614406 0.0625454 0.0646685 0.0690540 0.0625128 0.0560207 0.0592686 0.0635970 0.0614526 0.0625403 0.0316732 0.0306256 0.0306283 0.0295829 0.0275098 0.0285450 0.0327195 0.0264740 0.0254310 0.0254335 0.0000000 0.0223328 0.0389918 0.0347887 0.0337480 0.0368960 0.0264658 0.0285403 0.0327027 0.0337521 0.0823560 0.0801252 0.0779031 0.0779044 0.0902196 0.0801119 0.0834808 0.0790185 0.0868421 0.0924995 0.0845911 0.0879591 0.0857323 0.0812886 0.0857607 0.0902236 0.0846236 0.0779222 0.0879863 0.0823537 0.0891128 0.0902481 0.0868568 0.0902406 0.0868732 0.0868362 0.0868711 0.0936635 0.0857421 0.0846079 0.0868326 0.0812609 0.0868636 0.0891146 0.0857418 0.0891131 0.0879815 0.0835225 0.0801965 0.0902556 
pop1_11    0.0690638 0.0690575 0.0635994 0.0592684 0.0657800 0.0581907 0.0690543 0.0669018 0.0723809 0.0592677 0.0646935 0.0658042 0.0679333 0.0723380 0.0657696 0.0592502 0.0625122 0.0668581 0.0647062 0.0657985 0.0337558 0.0327052 0.0327081 0.0316589 0.0295817 0.0306194 0.0348049 0.0285435 0.0274980 0.0274999 0.0223328 0.0000000 0.0410920 0.0368780 0.0358350 0.0389913 0.0285346 0.0306143 0.0347878 0.0358393 0.0856981 0.0834576 0.0812260 0.0812274 0.0935961 0.0834437 0.0868281 0.0823464 0.0902039 0.0958867 0.0879429 0.0913255 0.0890897 0.0846280 0.0891193 0.0936002 0.0879766 0.0812459 0.0913538 0.0856957 0.0924852 0.0936257 0.0902192 0.0936179 0.0902363 0.0901977 0.0902341 0.0970568 0.0891000 0.0879603 0.0901940 0.0845991 0.0902263 0.0924871 0.0890996 0.0924855 0.0913488 0.0868715 0.0835320 0.0936336 
pop1_12    0.0734519 0.0734452 0.0679561 0.0636010 0.0701492 0.0646897 0.0734418 0.0712793 0.0767894 0.0636003 0.0690568 0.0701749 0.0723129 0.0767437 0.0701381 0.0635815 0.0668627 0.0712326 0.0690703 0.0701690 0.0421688 0.0411062 0.0411088 0.0400476 0.0379480 0.0389965 0.0432301 0.0368986 0.0421464 0.0421505 0.0389918 0.0410920 0.0000000 0.0080394 0.0192376 0.0264543 0.0264550 0.0285285 0.0326946 0.0337429 0.0901833 0.0879296 0.0856849 0.0856864 0.0981284 0.0879149 0.0913203 0.0868122 0.0947160 0.1004343 0.0924412 0.0958440 0.0935958 0.0891094 0.0936270 0.0970007 0.0924768 0.0857060 0.0958737 0.0901807 0.0970123 0.0981595 0.0947322 0.0981512 0.0947502 0.0947095 0.0947478 0.1027445 0.0936057 0.0924597 0.0947056 0.0890789 0.0947395 0.0970140 0.0936057 0.0970123 0.0958684 0.0913660 0.0902532 0.0981678 
pop1_13    0.0690515 0.0690452 0.0635882 0.0592580 0.0657683 0.0603403 0.0690420 0.0668899 0.0723679 0.0592573 0.0646820 0.0657923 0.0679212 0.0723250 0.0657579 0.0592398 0.0625012 0.0668462 0.0646947 0.0657868 0.0379467 0.0368898 0.0368927 0.0358384 0.0337499 0.0347927 0.0390019 0.0327062 0.0379266 0.0379304 0.0347887 0.0368780 0.0080394 0.0000000 0.0151456 0.0223220 0.0223225 0.0243847 0.0285275 0.0295695 0.0856826 0.0834425 0.0812113 0.0812127 0.0935790 0.0834286 0.0868123 0.0823315 0.0901874 0.0958691 0.0879269 0.0913088 0.0890735 0.0846126 0.0891031 0.0924577 0.0879607 0.0812312 0.0913371 0.0856801 0.0924683 0.0936086 0.0902028 0.0936008 0.0902199 0.0901813 0.0902176 0.0993100 0.0890837 0.0879443 0.0901775 0.0845838 0.0902098 0.0924702 0.0890834 0.0924686 0.0913321 0.0868557 0.0857488 0.0936165 
pop1_14    0.0679685 0.0679623 0.0625121 0.0581872 0.0646895 0.0592682 0.0679592 0.0658092 0.0712803 0.0581865 0.0636045 0.0647133 0.0668402 0.0712381 0.0646792 0.0581694 0.0614265 0.0657663 0.0636170 0.0647077 0.0369019 0.0358464 0.0358495 0.0347964 0.0327102 0.0337519 0.0379557 0.0316677 0.0368824 0.0368860 0.0337480 0.0358350 0.0192376 0.0151456 0.0000000 0.0212965 0.0212970 0.0233567 0.0274944 0.0285361 0.0845780 0.0823409 0.0801126 0.0801140 0.0924640 0.0823272 0.0857062 0.0812313 0.0890769 0.0947508 0.0868194 0.0901969 0.0879643 0.0835089 0.0879934 0.0924681 0.0868527 0.0801323 0.0902248 0.0845756 0.0913546 0.0924932 0.0890920 0.0924855 0.0891089 0.0890709 0.0891067 0.0981869 0.0879744 0.0868366 0.0890671 0.0834804 0.0890990 0.0913564 0.0879740 0.0913549 0.0902199 0.0857490 0.0846433 0.0925010 
pop1_15    0.0712658 0.0712593 0.0657848 0.0614412 0.0679720 0.0625269 0.0712560 0.0690981 0.0745935 0.0614404 0.0668824 0.0679968 0.0701308 0.0745492 0.0679612 0.0614223 0.0625175 0.0668637 0.0668955 0.0679908 0.0400642 0.0390038 0.0390072 0.0379490 0.0358545 0.0369002 0.0411228 0.0348077 0.0400430 0.0400469 0.0368960 0.0389913 0.0264543 0.0223220 0.0212965 0.0000000 0.0243924 0.0264599 0.0306153 0.0316608 0.0879512 0.0857037 0.0834652 0.0834666 0.0958739 0.0856894 0.0890848 0.0845892 0.0924711 0.0981721 0.0902028 0.0935961 0.0891062 0.0868789 0.0913841 0.0958781 0.0902375 0.0834857 0.0936250 0.0879486 0.0947601 0.0959043 0.0924868 0.0958963 0.0925044 0.0924648 0.0925021 0.1016250 0.0913643 0.0902208 0.0924609 0.0868493 0.0924941 0.0947620 0.0913639 0.0947603 0.0936199 0.0891294 0.0880192 0.0959124 
pop1_16    0.0625232 0.0625175 0.0571058 0.0528106 0.0592677 0.0538840 0.0625147 0.0603771 0.0658099 0.0528099 0.0581900 0.0592891 0.0614055 0.0657711 0.0592583 0.0527944 0.0560277 0.0603378 0.0582009 0.0592842 0.0295879 0.0285436 0.0285461 0.0275039 0.0254363 0.0264688 0.0306312 0.0244033 0.0295724 0.0295756 0.0264658 0.0285346 0.0264550 0.0223225 0.0212970 0.0243924 0.0000000 0.0120970 0.0223291 0.0233618 0.0790127 0.0767920 0.0745798 0.0745811 0.0868406 0.0767793 0.0801323 0.0756901 0.0834781 0.0891094 0.0812379 0.0845907 0.0823732 0.0779483 0.0824004 0.0868445 0.0812690 0.0745980 0.0846167 0.0790105 0.0857381 0.0868680 0.0834925 0.0868608 0.0835083 0.0834728 0.0835062 0.0925190 0.0823825 0.0812540 0.0834693 0.0779218 0.0834991 0.0857398 0.0823822 0.0857384 0.0846122 0.0801722 0.0790736 0.0868752 
pop1_17    0.0646982 0.0646924 0.0592652 0.0549580 0.0614333 0.0560345 0.0646894 0.0625468 0.0679950 0.0549574 0.0603527 0.0614556 0.0635763 0.0679549 0.0614236 0.0549412 0.0581841 0.0625061 0.0603654 0.0614500 0.0316715 0.0306240 0.0306267 0.0295813 0.0275084 0.0285435 0.0327178 0.0264727 0.0316548 0.0316589 0.0285403 0.0306143 0.0285285 0.0243847 0.0233567 0.0264599 0.0120970 0.0000000 0.0243914 0.0254276 0.0812360 0.0790088 0.0767900 0.0767914 0.0890877 0.0789956 0.0823590 0.0779037 0.0857150 0.0913633 0.0834677 0.0868304 0.0846069 0.0801697 0.0846349 0.0890912 0.0834997 0.0768088 0.0868572 0.0812337 0.0879820 0.0891154 0.0857296 0.0891080 0.0857458 0.0857093 0.0857437 0.0947836 0.0846165 0.0834843 0.0857057 0.0801424 0.0857363 0.0879838 0.0846162 0.0879823 0.0868526 0.0824001 0.0812987 0.0891228 
pop1_18    0.0668767 0.0668706 0.0614281 0.0571091 0.0636024 0.0581886 0.0668676 0.0647200 0.0701838 0.0571084 0.0625189 0.0636255 0.0657505 0.0701420 0.0635923 0.0570916 0.0603440 0.0646778 0.0625311 0.0636203 0.0358528 0.0347989 0.0348019 0.0337503 0.0316669 0.0327072 0.0369050 0.0306257 0.0358338 0.0358373 0.0327027 0.0347878 0.0326946 0.0285275 0.0274944 0.0306153 0.0223291 0.0243914 0.0000000 0.0274980 0.0834624 0.0812285 0.0790034 0.0790048 0.0913368 0.0812150 0.0845888 0.0801204 0.0879547 0.0936201 0.0857005 0.0890732 0.0868435 0.0823942 0.0868723 0.0913408 0.0857334 0.0790228 0.0891007 0.0834600 0.0879648 0.0890979 0.0857128 0.0890906 0.0857290 0.0856925 0.0857269 0.0947649 0.0846000 0.0834680 0.0856889 0.0801268 0.0857196 0.0879665 0.0845997 0.0879651 0.0890958 0.0846310 0.0835268 0.0913733 
pop1_19    0.0679770 0.0679708 0.0625200 0.0581945 0.0646976 0.0592756 0.0679677 0.0658174 0.0712893 0.0581938 0.0636125 0.0636261 0.0668486 0.0712471 0.0646874 0.0581766 0.0614341 0.0657745 0.0636240 0.0647158 0.0369064 0.0358508 0.0358539 0.0348006 0.0327142 0.0337559 0.0379603 0.0316716 0.0368868 0.0368905 0.0337521 0.0358393 0.0337429 0.0295695 0.0285361 0.0316608 0.0233618 0.0254276 0.0274980 0.0000000 0.0845888 0.0823515 0.0801228 0.0801242 0.0924760 0.0823377 0.0857169 0.0812417 0.0890877 0.0947631 0.0868306 0.0902086 0.0879756 0.0835195 0.0880048 0.0924800 0.0868639 0.0801425 0.0902365 0.0845864 0.0913664 0.0925052 0.0891035 0.0924975 0.0891204 0.0890823 0.0891182 0.0981997 0.0879857 0.0846133 0.0868388 0.0812661 0.0868691 0.0891202 0.0879853 0.0913667 0.0902316 0.0857600 0.0846542 0.0925130 
pop2_0     0.0901798 0.0901715 0.0845591 0.0801089 0.0856793 0.0812220 0.0901673 0.0868503 0.0924759 0.0790048 0.0845751 0.0845977 0.0890070 0.0935417 0.0867882 0.0800842 0.0834415 0.0879066 0.0857031 0.0845782 0.0857327 0.0845990 0.0846064 0.0834757 0.0812592 0.0834892 0.0879923 0.0812708 0.0868150 0.0868240 0.0823560 0.0856981 0.0901833 0.0856826 0.0845780 0.0879512 0.0790127 0.0812360 0.0834624 0.0845888 0.0000000 0.0060256 0.0100694 0.0120987 0.0275030 0.0182174 0.0275025 0.0233626 0.0327085 0.0379592 0.0327027 0.0358447 0.0421633 0.0379566 0.0421769 0.0464030 0.0411118 0.0347938 0.0464100 0.0389860 0.0646925 0.0657887 0.0625115 0.0657835 0.0625232 0.0624971 0.0625217 0.0712767 0.0614310 0.0625060 0.0624944 0.0570973 0.0625164 0.0646937 0.0614308 0.0646928 0.0635997 0.0592781 0.0582068 0.0657942 
pop2_1     0.0879262 0.0879181 0.0823225 0.0778854 0.0834394 0.0789951 0.0879140 0.0846056 0.0902146 0.0767844 0.0823381 0.0823600 0.0867580 0.0912785 0.0845452 0.0778614 0.0812083 0.0856604 0.0834625 0.0823411 0.0834913 0.0823611 0.0823685 0.0812415 0.0790312 0.0812546 0.0857437 0.0790425 0.0845713 0.0845800 0.0801252 0.0834576 0.0879296 0.0834425 0.0823409 0.0857037 0.0767920 0.0790088 0.0812285 0.0823515 0.0060256 0.0000000 0.0080445 0.0100684 0.0254302 0.0161709 0.0254298 0.0213014 0.0306212 0.0358566 0.0306165 0.0337480 0.0400506 0.0358542 0.0400625 0.0442774 0.0390008 0.0327010 0.0442841 0.0368819 0.0625145 0.0636074 0.0603401 0.0636024 0.0603513 0.0603262 0.0603499 0.0690790 0.0592625 0.0603348 0.0603236 0.0549416 0.0603448 0.0625157 0.0592623 0.0625148 0.0614251 0.0571154 0.0560468 0.0636127 
pop2_2     0.0856816 0.0856737 0.0800947 0.0756704 0.0812082 0.0767768 0.0856697 0.0823698 0.0879624 0.0745724 0.0801098 0.0801311 0.0845179 0.0890244 0.0823111 0.0756471 0.0789837 0.0834230 0.0812307 0.0801127 0.0812586 0.0801323 0.0801394 0.0790160 0.0768119 0.0790287 0.0835040 0.0768228 0.0823364 0.0823449 0.0779031 0.0812260 0.0856849 0.0812113 0.0801126 0.0834652 0.0745798 0.0767900 0.0790034 0.0801228 0.0100694 0.0080445 0.0000000 0.0080430 0.0233637 0.0141303 0.0233633 0.0192464 0.0285403 0.0337607 0.0285361 0.0316589 0.0379438 0.0337585 0.0379551 0.0421589 0.0368967 0.0306148 0.0421652 0.0347845 0.0603444 0.0614339 0.0581764 0.0614291 0.0581872 0.0581630 0.0581859 0.0668893 0.0571017 0.0581713 0.0581606 0.0527935 0.0581810 0.0603455 0.0571016 0.0603447 0.0592583 0.0549604 0.0538945 0.0614390 
pop2_3     0.0856831 0.0856751 0.0800961 0.0756717 0.0812096 0.0767781 0.0856712 0.0823712 0.0879636 0.0745737 0.0801112 0.0801323 0.0845193 0.0890259 0.0823125 0.0756484 0.0789851 0.0834244 0.0812321 0.0801141 0.0812600 0.0801338 0.0801408 0.0790174 0.0768132 0.0790301 0.0835054 0.0768241 0.0823379 0.0823463 0.0779044 0.0812274 0.0856864 0.0812127 0.0801140 0.0834666 0.0745811 0.0767914 0.0790048 0.0801242 0.0120987 0.0100684 0.0080430 0.0000000 0.0233641 0.0141306 0.0233637 0.0192467 0.0285408 0.0337613 0.0285361 0.0316601 0.0379438 0.0337591 0.0379557 0.0421597 0.0368974 0.0306153 0.0421660 0.0347852 0.0603455 0.0614350 0.0581774 0.0614302 0.0581882 0.0581641 0.0581869 0.0668905 0.0571027 0.0581723 0.0581616 0.0527944 0.0581820 0.0603466 0.0571026 0.0603458 0.0592593 0.0549613 0.0538954 0.0614401 
pop2_4     0.0981246 0.0981154 0.0924432 0.0879468 0.0935755 0.0890717 0.0981108 0.0947634 0.1004487 0.0868318 0.0913235 0.0924858 0.0969354 0.1015205 0.0946953 0.0879196 0.0913139 0.0958253 0.0936017 0.0924643 0.0936341 0.0924872 0.0924953 0.0913514 0.0891127 0.0913663 0.0959191 0.0891255 0.0947246 0.0947345 0.0902196 0.0935961 0.0981284 0.0935790 0.0924640 0.0958739 0.0868406 0.0890877 0.0913368 0.0924760 0.0275030 0.0254302 0.0233637 0.0233641 0.0000000 0.0212996 0.0348047 0.0306234 0.0400624 0.0453673 0.0400560 0.0432289 0.0496108 0.0453641 0.0496268 0.0538928 0.0485496 0.0421670 0.0539009 0.0463996 0.0723684 0.0734767 0.0701642 0.0734708 0.0701774 0.0701479 0.0701757 0.0790231 0.0690731 0.0701580 0.0701449 0.0646939 0.0701698 0.0723697 0.0690729 0.0723687 0.0712637 0.0668997 0.0658186 0.0734828 
pop2_5     0.0879115 0.0879033 0.0823088 0.0778725 0.0834255 0.0789820 0.0878993 0.0845915 0.0901993 0.0767716 0.0823244 0.0823463 0.0867434 0.0912631 0.0845311 0.0778484 0.0811948 0.0856460 0.0834486 0.0823273 0.0834781 0.0823476 0.0823548 0.0801223 0.0790181 0.0812411 0.0857294 0.0790293 0.0845572 0.0845659 0.0801119 0.0834437 0.0879149 0.0834286 0.0823272 0.0856894 0.0767793 0.0789956 0.0812150 0.0823377 0.0182174 0.0161709 0.0141303 0.0141306 0.0212996 0.0000000 0.0254262 0.0212980 0.0306165 0.0358509 0.0306114 0.0337434 0.0400433 0.0347971 0.0400561 0.0442703 0.0389946 0.0326957 0.0442769 0.0368760 0.0625043 0.0635970 0.0603302 0.0635920 0.0603415 0.0603163 0.0603401 0.0690676 0.0592528 0.0603249 0.0603137 0.0549327 0.0603350 0.0625054 0.0592527 0.0625046 0.0614150 0.0571061 0.0560377 0.0636022 
pop2_6     0.0913168 0.0913083 0.0856870 0.0812300 0.0868090 0.0823447 0.0913040 0.0890987 0.0947410 0.0812292 0.0868159 0.0868388 0.0901415 0.0946837 0.0879196 0.0812049 0.0845677 0.0867809 0.0868332 0.0857064 0.0868631 0.0857275 0.0857350 0.0846024 0.0823825 0.0846160 0.0891265 0.0823943 0.0879467 0.0879558 0.0834808 0.0868281 0.0913203 0.0868123 0.0857062 0.0890848 0.0801323 0.0823590 0.0845888 0.0857169 0.0275025 0.0254298 0.0233633 0.0233637 0.0348047 0.0254262 0.0000000 0.0223336 0.0337573 0.0390161 0.0337519 0.0368980 0.0432261 0.0390134 0.0432400 0.0474711 0.0421731 0.0358455 0.0474793 0.0400438 0.0657894 0.0668874 0.0636050 0.0668822 0.0636168 0.0635903 0.0636154 0.0723832 0.0625228 0.0635994 0.0635876 0.0581824 0.0636100 0.0657906 0.0625227 0.0657897 0.0646948 0.0603669 0.0592941 0.0668930 
pop2_7     0.0868088 0.0868008 0.0812132 0.0767821 0.0823284 0.0778903 0.0867967 0.0846023 0.0902109 0.0767814 0.0823349 0.0823568 0.0856428 0.0890233 0.0834328 0.0767585 0.0801005 0.0845464 0.0823512 0.0812314 0.0823796 0.0812514 0.0812585 0.0801323 0.0779259 0.0801461 0.0846286 0.0779369 0.0834586 0.0834671 0.0790185 0.0823464 0.0868122 0.0823315 0.0812313 0.0845892 0.0756901 0.0779037 0.0801204 0.0812417 0.0233626 0.0213014 0.0192464 0.0192467 0.0306234 0.0212980 0.0223336 0.0000000 0.0295820 0.0348103 0.0295773 0.0327056 0.0389981 0.0348079 0.0390107 0.0432203 0.0379505 0.0316589 0.0432268 0.0358349 0.0614327 0.0625240 0.0592614 0.0625191 0.0592724 0.0592478 0.0592711 0.0679878 0.0581852 0.0592562 0.0592452 0.0538704 0.0592661 0.0614339 0.0581850 0.0614331 0.0603449 0.0560408 0.0549735 0.0625292 
pop2_8     0.0947124 0.0947035 0.0890569 0.0845803 0.0901841 0.0857001 0.0946991 0.0924856 0.0981532 0.0845796 0.0901912 0.0902146 0.0935302 0.0980937 0.0912992 0.0845542 0.0879327 0.0924242 0.0902092 0.0890772 0.0902404 0.0890992 0.0891070 0.0879687 0.0857395 0.0879830 0.0925145 0.0857518 0.0913274 0.0913369 0.0868421 0.0902039 0.0947160 0.0901874 0.0890769 0.0924711 0.0834781 0.0857150 0.0879547 0.0890877 0.0327085 0.0306212 0.0285403 0.0285408 0.0400624 0.0306165 0.0337573 0.0295820 0.0000000 0.0316737 0.0368971 0.0400565 0.0464113 0.0421818 0.0464263 0.0506752 0.0453542 0.0389993 0.0506829 0.0432146 0.0668829 0.0679827 0.0646952 0.0679773 0.0625299 0.0646803 0.0647058 0.0734878 0.0636116 0.0646895 0.0646775 0.0592646 0.0647003 0.0668842 0.0636114 0.0668833 0.0657867 0.0614527 0.0603785 0.0679883 
