80
pop0_0     0.0000000 0.0030060 0.0060256 0.0121004 0.0285413 0.0223371 0.0244009 0.0192518 0.0192533 0.0254379 0.0274980 0.0327238 0.0285512 0.0327175 0.0390024 0.0368957 0.0327038 0.0358418 0.0517447 0.0390052 0.0625199 0.0614404 0.0614466 0.0625137 0.0679862 0.0517431 0.0614555 0.0560324 0.0570975 0.0538797 0.0603383 0.0592630 0.0592661 0.0614652 0.0506672 0.0549559 0.0614500 0.0560147 0.0614483 0.0592667 0.0790341 0.0801559 0.0823789 0.0812813 0.0823967 0.0823876 0.0868772 0.0835291 0.0745942 0.0735296 0.0812984 0.0779685 0.0790496 0.0835491 0.0824158 0.0813234 0.0658180 0.0724244 0.0746287 0.0790234 0.0779557 0.0779879 0.0636576 0.0658230 0.0658321 0.0801794 0.0757445 0.0702333 0.0592979 0.0603878 0.0647326 0.0713197 0.0691339 0.0735028 0.0669101 0.0658348 0.0712919 0.0614614 0.0625652 0.0647333 
pop0_1     0.0030060 0.0000000 0.0090571 0.0151569 0.0316662 0.0254365 0.0275089 0.0223383 0.0223400 0.0285506 0.0306176 0.0358679 0.0316773 0.0358609 0.0421717 0.0400558 0.0358459 0.0389965 0.0549675 0.0421747 0.0657901 0.0647062 0.0647133 0.0657835 0.0712812 0.0549668 0.0647222 0.0592744 0.0603434 0.0571122 0.0635984 0.0625187 0.0625220 0.0647324 0.0538860 0.0581931 0.0647167 0.0592556 0.0647146 0.0625226 0.0823794 0.0835066 0.0857395 0.0846376 0.0857580 0.0857486 0.0902590 0.0868961 0.0779192 0.0768514 0.0846555 0.0813109 0.0823956 0.0869171 0.0857780 0.0846815 0.0691043 0.0757413 0.0779553 0.0823683 0.0790650 0.0790976 0.0669353 0.0691096 0.0691192 0.0835312 0.0790766 0.0735408 0.0625556 0.0636506 0.0680144 0.0746315 0.0724364 0.0768234 0.0702012 0.0691219 0.0746023 0.0647284 0.0658378 0.0680151 
pop0_2     0.0060256 0.0090571 0.0000000 0.0141356 0.0306207 0.0244000 0.0264694 0.0213064 0.0213080 0.0275094 0.0295738 0.0348156 0.0306314 0.0348089 0.0411105 0.0389978 0.0347948 0.0379408 0.0538871 0.0411135 0.0646933 0.0636109 0.0636173 0.0646868 0.0701756 0.0538864 0.0636266 0.0581875 0.0592551 0.0560287 0.0625051 0.0614270 0.0614302 0.0636367 0.0528073 0.0571079 0.0636213 0.0581691 0.0636191 0.0614308 0.0801465 0.0812700 0.0834963 0.0823972 0.0835143 0.0835051 0.0880015 0.0846486 0.0756999 0.0746342 0.0824146 0.0790799 0.0801622 0.0846689 0.0835337 0.0824399 0.0669109 0.0735274 0.0757349 0.0801356 0.0801754 0.0802085 0.0658358 0.0680070 0.0680164 0.0824056 0.0779579 0.0724308 0.0614632 0.0625565 0.0669135 0.0735200 0.0713282 0.0757088 0.0690970 0.0680191 0.0734913 0.0636327 0.0647402 0.0669142 
pop0_3     0.0121004 0.0151569 0.0141356 0.0000000 0.0285371 0.0223338 0.0264677 0.0192490 0.0192505 0.0254342 0.0274936 0.0327190 0.0285470 0.0327127 0.0389965 0.0368903 0.0326990 0.0358365 0.0517361 0.0389994 0.0625105 0.0614312 0.0614374 0.0625043 0.0679759 0.0517354 0.0614463 0.0560241 0.0570890 0.0538717 0.0603293 0.0592541 0.0592572 0.0614560 0.0506597 0.0549477 0.0614412 0.0560064 0.0614391 0.0592578 0.0790222 0.0801437 0.0823664 0.0812689 0.0823842 0.0823751 0.0868640 0.0835164 0.0745830 0.0735185 0.0812861 0.0779568 0.0790376 0.0835365 0.0824034 0.0813111 0.0658081 0.0724135 0.0746174 0.0790115 0.0779440 0.0779761 0.0636480 0.0658131 0.0658223 0.0801673 0.0757331 0.0702227 0.0592890 0.0603788 0.0647229 0.0713090 0.0691235 0.0734917 0.0669001 0.0658249 0.0712812 0.0614522 0.0625558 0.0647236 
pop0_4     0.0285413 0.0316662 0.0306207 0.0285371 0.0000000 0.0213041 0.0390030 0.0316635 0.0316659 0.0379530 0.0400411 0.0453629 0.0411191 0.0453540 0.0517411 0.0495978 0.0453349 0.0485248 0.0646976 0.0517447 0.0756573 0.0745603 0.0745678 0.0756496 0.0812216 0.0646968 0.0745789 0.0690581 0.0701388 0.0668679 0.0734355 0.0723428 0.0723467 0.0745907 0.0636011 0.0679630 0.0745726 0.0690361 0.0745701 0.0723474 0.0924685 0.0936118 0.0958737 0.0947593 0.0958946 0.0958841 0.1004560 0.0970497 0.0879483 0.0868714 0.0947795 0.0913915 0.0936148 0.0970733 0.0959172 0.0948087 0.0790191 0.0857466 0.0879894 0.0924561 0.0891219 0.0891589 0.0746135 0.0768079 0.0768186 0.0913784 0.0868787 0.0812869 0.0701880 0.0712948 0.0757018 0.0823874 0.0790648 0.0868388 0.0801303 0.0790394 0.0845885 0.0745861 0.0757125 0.0779168 
pop0_5     0.0223371 0.0254365 0.0244000 0.0223338 0.0213041 0.0000000 0.0327139 0.0254343 0.0254362 0.0316721 0.0337460 0.0390199 0.0348118 0.0390123 0.0453483 0.0432234 0.0389965 0.0421599 0.0581972 0.0453516 0.0690651 0.0679769 0.0679837 0.0690582 0.0745804 0.0581965 0.0679937 0.0625218 0.0635947 0.0603503 0.0668634 0.0657794 0.0657829 0.0680045 0.0571107 0.0614360 0.0679880 0.0625020 0.0679857 0.0657836 0.0857277 0.0868602 0.0891027 0.0879966 0.0891220 0.0891122 0.0936429 0.0902657 0.0812477 0.0801769 0.0880153 0.0846563 0.0868630 0.0902875 0.0891428 0.0880424 0.0723950 0.0790619 0.0812854 0.0857169 0.0824075 0.0824416 0.0680251 0.0702022 0.0702119 0.0846444 0.0801835 0.0746400 0.0636391 0.0647358 0.0691055 0.0757321 0.0735341 0.0779196 0.0712887 0.0702083 0.0779166 0.0680003 0.0691153 0.0713015 
pop0_6     0.0244009 0.0275089 0.0264694 0.0264677 0.0390030 0.0327139 0.0000000 0.0171997 0.0213074 0.0337638 0.0358430 0.0411330 0.0358631 0.0411250 0.0474787 0.0453474 0.0411078 0.0442807 0.0603654 0.0474821 0.0712642 0.0701730 0.0701800 0.0712571 0.0767964 0.0603640 0.0701904 0.0647017 0.0657773 0.0625238 0.0690557 0.0679687 0.0679723 0.0702015 0.0592748 0.0636126 0.0701838 0.0646811 0.0701821 0.0679729 0.0879780 0.0891142 0.0913634 0.0902545 0.0913833 0.0913732 0.0959181 0.0925309 0.0812529 0.0824113 0.0902736 0.0869047 0.0891171 0.0925533 0.0914047 0.0903014 0.0746051 0.0812928 0.0835230 0.0879662 0.0868903 0.0869263 0.0724219 0.0746109 0.0746212 0.0891406 0.0846532 0.0790767 0.0680090 0.0691126 0.0735078 0.0801746 0.0779642 0.0823812 0.0757101 0.0746242 0.0801432 0.0701972 0.0713161 0.0735086 
pop0_7     0.0192518 0.0223383 0.0213064 0.0192490 0.0316635 0.0254343 0.0171997 0.0000000 0.0141372 0.0264731 0.0285361 0.0337692 0.0295908 0.0337627 0.0400560 0.0379463 0.0337480 0.0368908 0.0528150 0.0400588 0.0636061 0.0625252 0.0625315 0.0635998 0.0690804 0.0528143 0.0625406 0.0571095 0.0581759 0.0549537 0.0614213 0.0603445 0.0603477 0.0625505 0.0517368 0.0549556 0.0625362 0.0570915 0.0625333 0.0603483 0.0801447 0.0812682 0.0834944 0.0823954 0.0835125 0.0835032 0.0879996 0.0846467 0.0756982 0.0746326 0.0824128 0.0790782 0.0812708 0.0846671 0.0835319 0.0824381 0.0669094 0.0735258 0.0757332 0.0801338 0.0790652 0.0790978 0.0647463 0.0669146 0.0669239 0.0812921 0.0768508 0.0713316 0.0603801 0.0614717 0.0658226 0.0724195 0.0702306 0.0746054 0.0680031 0.0669265 0.0723912 0.0625466 0.0636522 0.0658233 
pop0_8     0.0192533 0.0223400 0.0213080 0.0192505 0.0316659 0.0254362 0.0213074 0.0141372 0.0000000 0.0264752 0.0285374 0.0337718 0.0295931 0.0337653 0.0400591 0.0379492 0.0337512 0.0368927 0.0528192 0.0400620 0.0636112 0.0625302 0.0625362 0.0636049 0.0690865 0.0528185 0.0625456 0.0571141 0.0581805 0.0549581 0.0614262 0.0603493 0.0603525 0.0625555 0.0517409 0.0560359 0.0625404 0.0570960 0.0625383 0.0603531 0.0801511 0.0812747 0.0835011 0.0824020 0.0835192 0.0835099 0.0880066 0.0846535 0.0757043 0.0746385 0.0824194 0.0790845 0.0812773 0.0835510 0.0835386 0.0824447 0.0669148 0.0735317 0.0757393 0.0801403 0.0768458 0.0768774 0.0625687 0.0647313 0.0647402 0.0790661 0.0746377 0.0691346 0.0603849 0.0614766 0.0658279 0.0724252 0.0702362 0.0746113 0.0680086 0.0669318 0.0723970 0.0625516 0.0636573 0.0658286 
pop0_9     0.0254379 0.0285506 0.0275094 0.0254342 0.0379530 0.0316721 0.0337638 0.0264731 0.0264752 0.0000000 0.0243924 0.0316786 0.0275121 0.0316725 0.0379488 0.0358452 0.0316589 0.0347929 0.0506721 0.0379515 0.0614327 0.0603547 0.0603608 0.0614266 0.0668907 0.0506714 0.0603695 0.0549547 0.0560184 0.0528051 0.0592545 0.0581807 0.0581837 0.0603791 0.0495972 0.0538797 0.0603654 0.0549373 0.0603625 0.0581843 0.0779220 0.0790418 0.0812616 0.0801654 0.0812792 0.0812702 0.0857528 0.0824097 0.0734888 0.0724252 0.0801823 0.0768573 0.0790444 0.0824294 0.0812980 0.0802069 0.0647254 0.0713217 0.0735227 0.0779114 0.0768447 0.0768764 0.0625679 0.0647304 0.0647394 0.0790651 0.0746368 0.0691337 0.0582149 0.0593031 0.0636416 0.0691241 0.0669442 0.0723988 0.0658160 0.0647419 0.0701913 0.0603753 0.0614771 0.0636423 
pop0_10    0.0274980 0.0306176 0.0295738 0.0274936 0.0400411 0.0337460 0.0358430 0.0285361 0.0285374 0.0243924 0.0000000 0.0337530 0.0295767 0.0337465 0.0400367 0.0379280 0.0337324 0.0368731 0.0527893 0.0400396 0.0635749 0.0624946 0.0625009 0.0635686 0.0690464 0.0527886 0.0625100 0.0570817 0.0581474 0.0549270 0.0613912 0.0603150 0.0603182 0.0625199 0.0517117 0.0560041 0.0625047 0.0570636 0.0625027 0.0592392 0.0801049 0.0812278 0.0834529 0.0823544 0.0834709 0.0834617 0.0879556 0.0846046 0.0756608 0.0745957 0.0823718 0.0790390 0.0812304 0.0846249 0.0834903 0.0823972 0.0668765 0.0734895 0.0756958 0.0800941 0.0790260 0.0790586 0.0647145 0.0668817 0.0668910 0.0812517 0.0768128 0.0712965 0.0603506 0.0614416 0.0657903 0.0723832 0.0701960 0.0745685 0.0679697 0.0668936 0.0723555 0.0625160 0.0636210 0.0657910 
pop0_11    0.0327238 0.0358679 0.0348156 0.0327190 0.0453629 0.0390199 0.0411330 0.0337692 0.0337718 0.0316786 0.0337530 0.0000000 0.0244072 0.0348117 0.0411139 0.0390010 0.0347971 0.0379438 0.0538906 0.0390074 0.0646986 0.0636162 0.0636226 0.0646922 0.0701814 0.0538906 0.0636319 0.0581923 0.0592600 0.0560333 0.0625103 0.0614320 0.0614353 0.0636419 0.0528116 0.0571126 0.0636265 0.0581739 0.0636240 0.0592701 0.0812630 0.0823883 0.0846179 0.0835174 0.0846362 0.0846269 0.0891304 0.0857724 0.0768095 0.0757428 0.0835351 0.0801954 0.0823910 0.0857931 0.0846559 0.0835608 0.0680074 0.0746343 0.0768451 0.0812520 0.0801822 0.0802153 0.0658413 0.0680127 0.0669239 0.0824126 0.0779645 0.0724369 0.0614683 0.0625616 0.0669191 0.0735262 0.0713342 0.0757152 0.0691028 0.0680248 0.0734975 0.0636380 0.0647455 0.0669198 
pop0_12    0.0285512 0.0316773 0.0306314 0.0285470 0.0411191 0.0348118 0.0358631 0.0295908 0.0295931 0.0275121 0.0295767 0.0244072 0.0000000 0.0306279 0.0368954 0.0347948 0.0306152 0.0337443 0.0496001 0.0348006 0.0603450 0.0592685 0.0592744 0.0603390 0.0657945 0.0495995 0.0592824 0.0538765 0.0549389 0.0517302 0.0581702 0.0570979 0.0571008 0.0592924 0.0485270 0.0528031 0.0592781 0.0527891 0.0592761 0.0549482 0.0768087 0.0779267 0.0801432 0.0790484 0.0801604 0.0801516 0.0846272 0.0812890 0.0712827 0.0713199 0.0790650 0.0757451 0.0779292 0.0813085 0.0801790 0.0790893 0.0636322 0.0702181 0.0724158 0.0767982 0.0757327 0.0757639 0.0614776 0.0636371 0.0636459 0.0779496 0.0735280 0.0680333 0.0571314 0.0582179 0.0625499 0.0691169 0.0669372 0.0712939 0.0647211 0.0636484 0.0690899 0.0592887 0.0603886 0.0625506 
pop0_13    0.0327175 0.0358609 0.0348089 0.0327127 0.0453540 0.0390123 0.0411250 0.0337627 0.0337653 0.0316725 0.0337465 0.0348117 0.0306279 0.0000000 0.0327017 0.0347903 0.0306111 0.0337397 0.0495934 0.0368927 0.0603367 0.0592603 0.0592663 0.0603307 0.0657855 0.0495928 0.0592749 0.0538692 0.0549314 0.0517231 0.0581623 0.0570901 0.0570930 0.0592842 0.0485204 0.0527959 0.0592699 0.0538522 0.0592680 0.0570936 0.0767980 0.0779159 0.0801323 0.0790373 0.0801492 0.0801404 0.0846153 0.0812776 0.0723724 0.0713100 0.0790540 0.0757345 0.0779183 0.0812971 0.0801678 0.0790783 0.0636240 0.0702084 0.0724058 0.0767875 0.0757221 0.0757533 0.0614692 0.0636283 0.0636372 0.0779388 0.0735178 0.0680239 0.0571236 0.0582099 0.0625413 0.0691073 0.0669280 0.0712840 0.0647122 0.0636397 0.0690804 0.0592806 0.0603803 0.0625420 
pop0_14    0.0390024 0.0421717 0.0411105 0.0389965 0.0517411 0.0453483 0.0474787 0.0400560 0.0400591 0.0379488 0.0400367 0.0411139 0.0368954 0.0327017 0.0000000 0.0410885 0.0368751 0.0400287 0.0560127 0.0432094 0.0668442 0.0657595 0.0657661 0.0668376 0.0723402 0.0560120 0.0657758 0.0603230 0.0613927 0.0581589 0.0646504 0.0635699 0.0635733 0.0657862 0.0549301 0.0592408 0.0657702 0.0603039 0.0657680 0.0635739 0.0834485 0.0845768 0.0868115 0.0857089 0.0868304 0.0868208 0.0913353 0.0879697 0.0789842 0.0779161 0.0857271 0.0823796 0.0845795 0.0879909 0.0868506 0.0857534 0.0701618 0.0768050 0.0790204 0.0834372 0.0823661 0.0824001 0.0679908 0.0701672 0.0701769 0.0846017 0.0801432 0.0746026 0.0636075 0.0647036 0.0690711 0.0756944 0.0734973 0.0778877 0.0712597 0.0701797 0.0756645 0.0657821 0.0668928 0.0690718 
pop0_15    0.0368957 0.0400558 0.0389978 0.0368903 0.0495978 0.0432234 0.0453474 0.0379463 0.0379492 0.0358452 0.0379280 0.0390010 0.0347948 0.0347903 0.0410885 0.0000000 0.0202617 0.0274814 0.0453161 0.0326910 0.0603076 0.0592318 0.0592378 0.0603016 0.0657536 0.0474380 0.0592464 0.0538433 0.0549050 0.0516983 0.0570585 0.0559882 0.0559911 0.0592557 0.0484972 0.0527706 0.0592414 0.0538263 0.0592394 0.0570661 0.0767605 0.0778778 0.0800928 0.0789988 0.0801101 0.0801012 0.0845738 0.0812379 0.0723372 0.0712754 0.0790154 0.0756977 0.0778803 0.0812574 0.0801287 0.0790397 0.0635927 0.0701743 0.0723706 0.0767501 0.0756853 0.0757165 0.0614395 0.0635976 0.0636064 0.0779007 0.0734821 0.0679908 0.0570962 0.0581819 0.0625111 0.0690738 0.0668956 0.0712494 0.0646809 0.0636089 0.0690469 0.0592520 0.0603512 0.0625118 
pop0_16    0.0327038 0.0358459 0.0347948 0.0326990 0.0453349 0.0389965 0.0411078 0.0337480 0.0337512 0.0316589 0.0337324 0.0347971 0.0306152 0.0306111 0.0368751 0.0202617 0.0000000 0.0233449 0.0410795 0.0285244 0.0559865 0.0549165 0.0538488 0.0559810 0.0614002 0.0453087 0.0549300 0.0495592 0.0506157 0.0474266 0.0527568 0.0516921 0.0516948 0.0549386 0.0442434 0.0484926 0.0549254 0.0495436 0.0549235 0.0527638 0.0723415 0.0734517 0.0756538 0.0745653 0.0756701 0.0756617 0.0801072 0.0767904 0.0679446 0.0668869 0.0745810 0.0712827 0.0734540 0.0768088 0.0756876 0.0746039 0.0592507 0.0657923 0.0679759 0.0723316 0.0712708 0.0713001 0.0571087 0.0592552 0.0592634 0.0734732 0.0690803 0.0636213 0.0527915 0.0538705 0.0581750 0.0646985 0.0625323 0.0668625 0.0603325 0.0592657 0.0646733 0.0549352 0.0560269 0.0581756 
pop0_17    0.0358418 0.0389965 0.0379408 0.0358365 0.0485248 0.0421599 0.0442807 0.0368908 0.0368927 0.0347929 0.0368731 0.0379438 0.0337443 0.0337397 0.0400287 0.0274814 0.0233449 0.0000000 0.0442500 0.0316438 0.0592189 0.0581446 0.0581505 0.0592130 0.0646562 0.0484967 0.0581589 0.0527645 0.0538248 0.0506229 0.0559750 0.0549062 0.0549090 0.0581681 0.0474266 0.0516935 0.0581540 0.0527479 0.0581521 0.0559824 0.0756456 0.0767610 0.0789726 0.0778800 0.0789896 0.0789808 0.0834462 0.0801154 0.0712293 0.0690726 0.0778964 0.0745838 0.0767635 0.0801346 0.0790079 0.0779203 0.0624984 0.0690694 0.0712622 0.0756353 0.0745716 0.0746023 0.0603482 0.0625032 0.0625119 0.0767836 0.0723718 0.0668893 0.0560119 0.0570959 0.0614184 0.0679706 0.0657956 0.0701431 0.0635849 0.0625143 0.0679441 0.0581645 0.0592617 0.0614191 
pop0_18    0.0517447 0.0549675 0.0538871 0.0517361 0.0646976 0.0581972 0.0603654 0.0528150 0.0528192 0.0506721 0.0527893 0.0538906 0.0496001 0.0495934 0.0560127 0.0453161 0.0410795 0.0442500 0.0000000 0.0453207 0.0756134 0.0745171 0.0745246 0.0756058 0.0811744 0.0646596 0.0745357 0.0690183 0.0700983 0.0668294 0.0701057 0.0712054 0.0712092 0.0745476 0.0635646 0.0679238 0.0745294 0.0689963 0.0745269 0.0723056 0.0924142 0.0935568 0.0958173 0.0947036 0.0958382 0.0958277 0.1003967 0.0969925 0.0878969 0.0868207 0.0947238 0.0913379 0.0935598 0.0970161 0.0958608 0.0947530 0.0789732 0.0856965 0.0879379 0.0924018 0.0913227 0.0913607 0.0767804 0.0789794 0.0789903 0.0935845 0.0890745 0.0834696 0.0723440 0.0734537 0.0778707 0.0845723 0.0823513 0.0867890 0.0800837 0.0789935 0.0845391 0.0745429 0.0756687 0.0778716 
pop0_19    0.0390052 0.0421747 0.0411135 0.0389994 0.0517447 0.0453516 0.0474821 0.0400588 0.0400620 0.0379515 0.0400396 0.0390074 0.0348006 0.0368927 0.0432094 0.0326910 0.0285244 0.0316438 0.0453207 0.0000000 0.0624853 0.0614065 0.0614127 0.0624791 0.0679485 0.0517147 0.0614216 0.0560016 0.0570660 0.0538501 0.0592261 0.0581528 0.0581558 0.0614313 0.0506394 0.0549256 0.0614165 0.0559839 0.0614144 0.0570757 0.0789901 0.0801111 0.0823329 0.0812359 0.0823507 0.0823416 0.0868285 0.0834824 0.0745527 0.0734887 0.0812530 0.0779251 0.0801137 0.0835025 0.0823698 0.0812780 0.0657815 0.0723842 0.0745872 0.0789793 0.0779123 0.0779445 0.0636224 0.0657866 0.0657957 0.0801347 0.0757024 0.0701943 0.0592652 0.0603545 0.0646968 0.0712802 0.0690955 0.0734619 0.0668731 0.0657983 0.0712523 0.0614275 0.0625306 0.0646975 
pop1_0     0.0625199 0.0657901 0.0646933 0.0625105 0.0756573 0.0690651 0.0712642 0.0636061 0.0636112 0.0614327 0.0635749 0.0646986 0.0603450 0.0603367 0.0668442 0.0603076 0.0559865 0.0592189 0.0756134 0.0624853 0.0000000 0.0050142 0.0110769 0.0182057 0.0337333 0.0243818 0.0400378 0.0347744 0.0358138 0.0316422 0.0410737 0.0400239 0.0400260 0.0453358 0.0337313 0.0379231 0.0442659 0.0389630 0.0463900 0.0442558 0.0789878 0.0801088 0.0823305 0.0812335 0.0823483 0.0823392 0.0868259 0.0812446 0.0745507 0.0734867 0.0812507 0.0779229 0.0801114 0.0835000 0.0823674 0.0812756 0.0657798 0.0723832 0.0745851 0.0789771 0.0779101 0.0779423 0.0636208 0.0657849 0.0657940 0.0801323 0.0757003 0.0690914 0.0592638 0.0603530 0.0646952 0.0712782 0.0690937 0.0734599 0.0668713 0.0657966 0.0712504 0.0614260 0.0625290 0.0646959 
pop1_1     0.0614404 0.0647062 0.0636109 0.0614312 0.0745603 0.0679769 0.0701730 0.0625252 0.0625302 0.0603547 0.0624946 0.0636162 0.0592685 0.0592603 0.0657595 0.0592318 0.0549165 0.0581446 0.0745171 0.0614065 0.0050142 0.0000000 0.0100641 0.0171844 0.0326918 0.0233522 0.0389880 0.0337317 0.0347700 0.0306035 0.0400231 0.0389745 0.0389765 0.0442790 0.0326898 0.0368763 0.0432106 0.0379152 0.0453320 0.0432008 0.0778862 0.0790056 0.0812243 0.0801286 0.0812418 0.0812328 0.0857133 0.0801395 0.0734552 0.0723922 0.0801455 0.0768221 0.0790081 0.0823915 0.0812606 0.0801701 0.0646961 0.0712892 0.0734892 0.0778756 0.0768095 0.0768412 0.0625396 0.0647011 0.0647100 0.0790288 0.0746027 0.0680027 0.0581887 0.0592764 0.0636128 0.0701868 0.0680050 0.0723658 0.0657861 0.0647133 0.0701594 0.0603481 0.0614500 0.0636135 
pop1_2     0.0614466 0.0647133 0.0636173 0.0614374 0.0745678 0.0679837 0.0701800 0.0625315 0.0625362 0.0603608 0.0625009 0.0636226 0.0592744 0.0592663 0.0657661 0.0592378 0.0538488 0.0581505 0.0745246 0.0614127 0.0110769 0.0100641 0.0000000 0.0171861 0.0326951 0.0233546 0.0389920 0.0337351 0.0347735 0.0306066 0.0400272 0.0389785 0.0389805 0.0442834 0.0326932 0.0368801 0.0432150 0.0379191 0.0453366 0.0432051 0.0778940 0.0790135 0.0812324 0.0801366 0.0812499 0.0812410 0.0857218 0.0812663 0.0734626 0.0723994 0.0801535 0.0768299 0.0790160 0.0823998 0.0812688 0.0801781 0.0647026 0.0712964 0.0734965 0.0778835 0.0768173 0.0768489 0.0625459 0.0647076 0.0647166 0.0790367 0.0746102 0.0680096 0.0581946 0.0592824 0.0636192 0.0701938 0.0680119 0.0723730 0.0657927 0.0647191 0.0701664 0.0603542 0.0614556 0.0636199 
pop1_3     0.0625137 0.0657835 0.0646868 0.0625043 0.0756496 0.0690582 0.0712571 0.0635998 0.0636049 0.0614266 0.0635686 0.0646922 0.0603390 0.0603307 0.0668376 0.0603016 0.0559810 0.0592130 0.0756058 0.0624791 0.0182057 0.0171844 0.0171861 0.0000000 0.0337301 0.0243794 0.0400339 0.0347710 0.0358104 0.0326799 0.0410698 0.0400201 0.0400221 0.0453314 0.0337280 0.0379195 0.0442616 0.0389593 0.0463855 0.0442514 0.0789798 0.0801007 0.0823221 0.0812253 0.0823399 0.0823308 0.0868170 0.0823565 0.0745432 0.0734793 0.0812424 0.0779150 0.0801033 0.0834915 0.0823590 0.0812674 0.0657733 0.0723750 0.0745776 0.0789691 0.0779022 0.0779344 0.0636145 0.0657783 0.0657875 0.0801243 0.0756926 0.0690845 0.0592579 0.0603471 0.0646887 0.0712711 0.0690865 0.0734525 0.0668646 0.0657901 0.0712433 0.0614199 0.0625228 0.0646894 
pop1_4     0.0679862 0.0712812 0.0701756 0.0679759 0.0812216 0.0745804 0.0767964 0.0690804 0.0690865 0.0668907 0.0690464 0.0701814 0.0657945 0.0657855 0.0723402 0.0657536 0.0614002 0.0646562 0.0811744 0.0679485 0.0337333 0.0326918 0.0326951 0.0337301 0.0000000 0.0295684 0.0453377 0.0400348 0.0410806 0.0379282 0.0463788 0.0453220 0.0453243 0.0506752 0.0389846 0.0432066 0.0495965 0.0442524 0.0517362 0.0495851 0.0845779 0.0857081 0.0879465 0.0868423 0.0879655 0.0857048 0.0924778 0.0891069 0.0801064 0.0790371 0.0868607 0.0835080 0.0857109 0.0891284 0.0879861 0.0868874 0.0701670 0.0779242 0.0801436 0.0845665 0.0834942 0.0835288 0.0690964 0.0712755 0.0712854 0.0857334 0.0812679 0.0746087 0.0647054 0.0658042 0.0701777 0.0768115 0.0746113 0.0790083 0.0723696 0.0712882 0.0767815 0.0668834 0.0679961 0.0701784 
pop1_5     0.0517431 0.0549668 0.0538864 0.0517354 0.0646968 0.0581965 0.0603640 0.0528143 0.0528185 0.0506714 0.0527886 0.0538906 0.0495995 0.0495928 0.0560120 0.0474380 0.0453087 0.0484967 0.0646596 0.0517147 0.0243818 0.0233522 0.0233546 0.0243794 0.0295684 0.0000000 0.0295728 0.0243836 0.0254113 0.0223207 0.0305994 0.0295627 0.0295641 0.0347968 0.0233537 0.0274892 0.0337435 0.0285181 0.0358384 0.0337358 0.0679790 0.0690827 0.0712732 0.0701897 0.0712885 0.0712805 0.0757012 0.0724020 0.0636063 0.0625521 0.0702044 0.0669233 0.0690849 0.0724192 0.0713048 0.0702259 0.0549584 0.0614636 0.0636355 0.0679697 0.0658172 0.0658441 0.0517521 0.0538853 0.0538928 0.0680044 0.0636414 0.0571363 0.0474655 0.0485372 0.0528124 0.0592903 0.0571381 0.0614410 0.0549558 0.0538949 0.0592673 0.0495952 0.0506780 0.0528129 
pop1_6     0.0614555 0.0647222 0.0636266 0.0614463 0.0745789 0.0679937 0.0701904 0.0625406 0.0625456 0.0603695 0.0625100 0.0636319 0.0592824 0.0592749 0.0657758 0.0592464 0.0549300 0.0581589 0.0745357 0.0614216 0.0400378 0.0389880 0.0389920 0.0400339 0.0453377 0.0295728 0.0000000 0.0131140 0.0285283 0.0274939 0.0400328 0.0389840 0.0389859 0.0442897 0.0326977 0.0368852 0.0432218 0.0379244 0.0453435 0.0432112 0.0779057 0.0790253 0.0812446 0.0801486 0.0812621 0.0812532 0.0857348 0.0823924 0.0734735 0.0724101 0.0801655 0.0768413 0.0790278 0.0824121 0.0812810 0.0801901 0.0647121 0.0713069 0.0735074 0.0778951 0.0746126 0.0746433 0.0603812 0.0625374 0.0625460 0.0768258 0.0724115 0.0669259 0.0582030 0.0592910 0.0636285 0.0702042 0.0680219 0.0723832 0.0658024 0.0647286 0.0701768 0.0603630 0.0614645 0.0636292 
pop1_7     0.0560324 0.0592744 0.0581875 0.0560241 0.0690581 0.0625218 0.0647017 0.0571095 0.0571141 0.0549547 0.0570817 0.0581923 0.0538765 0.0538692 0.0603230 0.0538433 0.0495592 0.0527645 0.0690183 0.0560016 0.0347744 0.0337317 0.0337351 0.0347710 0.0400348 0.0243836 0.0131140 0.0000000 0.0233475 0.0223198 0.0347700 0.0337282 0.0337299 0.0389928 0.0274864 0.0316440 0.0379330 0.0326772 0.0400394 0.0379244 0.0723593 0.0734698 0.0756726 0.0745838 0.0756888 0.0756804 0.0801270 0.0768094 0.0679614 0.0669033 0.0745994 0.0713000 0.0734722 0.0768278 0.0757063 0.0746223 0.0592652 0.0658085 0.0679926 0.0723495 0.0690893 0.0691177 0.0549658 0.0571066 0.0571145 0.0712858 0.0669046 0.0614601 0.0528044 0.0538837 0.0581892 0.0647144 0.0625477 0.0668790 0.0603474 0.0592803 0.0646892 0.0549487 0.0560406 0.0581899 
pop1_8     0.0570975 0.0603434 0.0592551 0.0570890 0.0701388 0.0635947 0.0657773 0.0581759 0.0581805 0.0560184 0.0581474 0.0592600 0.0549389 0.0549314 0.0613927 0.0549050 0.0506157 0.0538248 0.0700983 0.0570660 0.0358138 0.0347700 0.0347735 0.0358104 0.0410806 0.0254113 0.0285283 0.0233475 0.0000000 0.0233450 0.0358093 0.0347664 0.0347681 0.0400377 0.0285176 0.0326799 0.0389764 0.0337140 0.0410853 0.0389676 0.0734441 0.0745561 0.0767615 0.0756716 0.0767780 0.0767695 0.0812217 0.0779002 0.0690406 0.0679819 0.0756875 0.0723832 0.0745585 0.0779188 0.0767957 0.0757107 0.0603340 0.0668857 0.0690724 0.0734341 0.0723723 0.0724021 0.0581892 0.0603387 0.0603470 0.0745780 0.0701786 0.0647116 0.0538655 0.0549462 0.0592569 0.0657902 0.0636210 0.0679571 0.0614175 0.0603494 0.0657646 0.0560123 0.0571058 0.0581761 
pop1_9     0.0538797 0.0571122 0.0560287 0.0538717 0.0668679 0.0603503 0.0625238 0.0549537 0.0549581 0.0528051 0.0549270 0.0560333 0.0517302 0.0517231 0.0581589 0.0516983 0.0474266 0.0506229 0.0668294 0.0538501 0.0316422 0.0306035 0.0306066 0.0326799 0.0379282 0.0223207 0.0274939 0.0223198 0.0233450 0.0000000 0.0326789 0.0316398 0.0316413 0.0368886 0.0254150 0.0295612 0.0358321 0.0305921 0.0379326 0.0358240 0.0701592 0.0712662 0.0734625 0.0723765 0.0734783 0.0734701 0.0779032 0.0745952 0.0657744 0.0647184 0.0723917 0.0691018 0.0712684 0.0746130 0.0734952 0.0724139 0.0571033 0.0636269 0.0658042 0.0701496 0.0690906 0.0691189 0.0549658 0.0571077 0.0571156 0.0712870 0.0669058 0.0614613 0.0506611 0.0517371 0.0560303 0.0625362 0.0603753 0.0646948 0.0581824 0.0571178 0.0625117 0.0527994 0.0538876 0.0560309 
pop1_10    0.0603383 0.0635984 0.0625051 0.0603293 0.0734355 0.0668634 0.0690557 0.0614213 0.0614262 0.0592545 0.0613912 0.0625103 0.0581702 0.0581623 0.0646504 0.0570585 0.0527568 0.0559750 0.0701057 0.0592261 0.0410737 0.0400231 0.0400272 0.0410698 0.0463788 0.0305994 0.0400328 0.0347700 0.0358093 0.0326789 0.0000000 0.0254047 0.0295527 0.0432064 0.0316372 0.0358167 0.0421401 0.0368541 0.0442578 0.0421304 0.0767555 0.0778727 0.0800875 0.0789936 0.0801048 0.0800959 0.0845683 0.0812326 0.0723324 0.0712707 0.0790102 0.0756927 0.0778752 0.0812520 0.0801234 0.0790345 0.0635885 0.0701697 0.0723658 0.0767450 0.0756803 0.0757115 0.0614354 0.0635934 0.0636022 0.0778956 0.0734772 0.0679865 0.0570923 0.0581780 0.0625070 0.0690692 0.0668911 0.0712447 0.0646766 0.0636047 0.0690423 0.0592481 0.0603472 0.0625076 
pop1_11    0.0592630 0.0625187 0.0614270 0.0592541 0.0723428 0.0657794 0.0679687 0.0603445 0.0603493 0.0581807 0.0603150 0.0614320 0.0570979 0.0570901 0.0635699 0.0559882 0.0516921 0.0549062 0.0712054 0.0581528 0.0400239 0.0389745 0.0389785 0.0400201 0.0453220 0.0295627 0.0389840 0.0337282 0.0347664 0.0316398 0.0254047 0.0000000 0.0285176 0.0421533 0.0305993 0.0347736 0.0410886 0.0358100 0.0432036 0.0400223 0.0756582 0.0767738 0.0789857 0.0778930 0.0790027 0.0789940 0.0834600 0.0801287 0.0712413 0.0701804 0.0779101 0.0745963 0.0767763 0.0801479 0.0790204 0.0779333 0.0625089 0.0690809 0.0712741 0.0756479 0.0745840 0.0746148 0.0603584 0.0625137 0.0625224 0.0767964 0.0723832 0.0669005 0.0560213 0.0571055 0.0614288 0.0679820 0.0658067 0.0701548 0.0635956 0.0625249 0.0679555 0.0581743 0.0592717 0.0614294 
pop1_12    0.0592661 0.0625220 0.0614302 0.0592572 0.0723467 0.0657829 0.0679723 0.0603477 0.0603525 0.0581837 0.0603182 0.0614353 0.0571008 0.0570930 0.0635733 0.0559911 0.0516948 0.0549090 0.0712092 0.0581558 0.0400260 0.0389765 0.0389805 0.0400221 0.0453243 0.0295641 0.0389859 0.0337299 0.0347681 0.0316413 0.0295527 0.0285176 0.0000000 0.0421555 0.0306009 0.0347753 0.0410907 0.0358118 0.0432058 0.0410813 0.0756623 0.0767780 0.0789900 0.0778972 0.0790070 0.0789983 0.0834646 0.0801323 0.0712451 0.0701838 0.0779136 0.0746003 0.0767804 0.0801523 0.0790253 0.0779375 0.0625122 0.0690846 0.0712779 0.0745483 0.0745881 0.0746188 0.0603616 0.0625170 0.0625257 0.0768015 0.0723878 0.0669041 0.0560243 0.0571085 0.0614320 0.0679856 0.0658102 0.0701586 0.0635990 0.0625282 0.0679591 0.0581774 0.0592748 0.0614327 
pop1_13    0.0614652 0.0647324 0.0636367 0.0614560 0.0745907 0.0680045 0.0702015 0.0625505 0.0625555 0.0603791 0.0625199 0.0636419 0.0592924 0.0592842 0.0657862 0.0592557 0.0549386 0.0581681 0.0745476 0.0614313 0.0453358 0.0442790 0.0442834 0.0453314 0.0506752 0.0347968 0.0442897 0.0389928 0.0400377 0.0368886 0.0432064 0.0421533 0.0421555 0.0000000 0.0212996 0.0274980 0.0358465 0.0347816 0.0464112 0.0442759 0.0790248 0.0801464 0.0823692 0.0812716 0.0823869 0.0823778 0.0868669 0.0835192 0.0745855 0.0735209 0.0812888 0.0779594 0.0801489 0.0835392 0.0824061 0.0813138 0.0658103 0.0724159 0.0746199 0.0790141 0.0779466 0.0779787 0.0636502 0.0658154 0.0658245 0.0801700 0.0757356 0.0702251 0.0592911 0.0603809 0.0647251 0.0713114 0.0691258 0.0734941 0.0669023 0.0658271 0.0712827 0.0614543 0.0625579 0.0647258 
pop1_14    0.0506672 0.0538860 0.0528073 0.0506597 0.0636011 0.0571107 0.0592748 0.0517368 0.0517409 0.0495972 0.0517117 0.0528116 0.0485270 0.0485204 0.0549301 0.0484972 0.0442434 0.0474266 0.0635646 0.0506394 0.0337313 0.0326898 0.0326932 0.0337280 0.0389846 0.0233537 0.0326977 0.0274864 0.0285176 0.0254150 0.0316372 0.0305993 0.0306009 0.0212996 0.0000000 0.0161679 0.0243868 0.0233436 0.0347868 0.0326876 0.0668781 0.0679799 0.0701671 0.0690850 0.0701821 0.0701743 0.0745879 0.0712937 0.0625124 0.0614593 0.0690995 0.0658234 0.0679821 0.0713106 0.0701982 0.0691207 0.0538777 0.0603724 0.0625410 0.0668689 0.0658127 0.0658397 0.0517487 0.0538817 0.0538892 0.0679998 0.0636371 0.0582157 0.0474623 0.0485335 0.0528089 0.0592864 0.0571343 0.0614369 0.0549521 0.0538906 0.0592633 0.0495919 0.0506740 0.0528094 
pop1_15    0.0549559 0.0581931 0.0571079 0.0549477 0.0679630 0.0614360 0.0636126 0.0549556 0.0560359 0.0538797 0.0560041 0.0571126 0.0528031 0.0527959 0.0592408 0.0527706 0.0484926 0.0516935 0.0679238 0.0549256 0.0379231 0.0368763 0.0368801 0.0379195 0.0432066 0.0274892 0.0368852 0.0316440 0.0326799 0.0295612 0.0358167 0.0347736 0.0347753 0.0274980 0.0161679 0.0000000 0.0285282 0.0274773 0.0389856 0.0368738 0.0712593 0.0723680 0.0745676 0.0734802 0.0745836 0.0745753 0.0767975 0.0757024 0.0668678 0.0658108 0.0734956 0.0702009 0.0723703 0.0757204 0.0746008 0.0735181 0.0581841 0.0647176 0.0668986 0.0712495 0.0701895 0.0702183 0.0560443 0.0581885 0.0581966 0.0723892 0.0680015 0.0625490 0.0517325 0.0528102 0.0571096 0.0636251 0.0614614 0.0657868 0.0592647 0.0581989 0.0636004 0.0538738 0.0549639 0.0571102 
pop1_16    0.0614500 0.0647167 0.0636213 0.0614412 0.0745726 0.0679880 0.0701838 0.0625362 0.0625404 0.0603654 0.0625047 0.0636265 0.0592781 0.0592699 0.0657702 0.0592414 0.0549254 0.0581540 0.0745294 0.0614165 0.0442659 0.0432106 0.0432150 0.0442616 0.0495965 0.0337435 0.0432218 0.0379330 0.0389764 0.0358321 0.0421401 0.0410886 0.0410907 0.0358465 0.0243868 0.0285282 0.0000000 0.0337288 0.0453392 0.0432076 0.0778991 0.0790186 0.0812377 0.0801418 0.0812552 0.0812459 0.0857275 0.0823854 0.0734673 0.0724040 0.0801587 0.0768348 0.0790204 0.0824052 0.0812741 0.0801834 0.0647066 0.0713009 0.0735012 0.0778885 0.0768222 0.0768539 0.0625498 0.0647116 0.0647206 0.0790419 0.0746149 0.0691136 0.0581981 0.0592860 0.0636240 0.0680001 0.0658242 0.0723776 0.0657968 0.0647231 0.0701709 0.0603579 0.0614594 0.0636240 
pop1_17    0.0560147 0.0592556 0.0581691 0.0560064 0.0690361 0.0625020 0.0646811 0.0570915 0.0570960 0.0549373 0.0570636 0.0581739 0.0527891 0.0538522 0.0603039 0.0538263 0.0495436 0.0527479 0.0689963 0.0559839 0.0389630 0.0379152 0.0379191 0.0389593 0.0442524 0.0285181 0.0379244 0.0326772 0.0337140 0.0305921 0.0368541 0.0358100 0.0358118 0.0347816 0.0233436 0.0274773 0.0337288 0.0000000 0.0400269 0.0358112 0.0723362 0.0734463 0.0756482 0.0745598 0.0756645 0.0756561 0.0801012 0.0767847 0.0679397 0.0668820 0.0745755 0.0712772 0.0734486 0.0768031 0.0756820 0.0745984 0.0592464 0.0657876 0.0679709 0.0723263 0.0712656 0.0712949 0.0571046 0.0592510 0.0592592 0.0734678 0.0690753 0.0636167 0.0527878 0.0538667 0.0581708 0.0646938 0.0625278 0.0646713 0.0581613 0.0570972 0.0624890 0.0527803 0.0560229 0.0581715 
pop1_18    0.0614483 0.0647146 0.0636191 0.0614391 0.0745701 0.0679857 0.0701821 0.0625333 0.0625383 0.0603625 0.0625027 0.0636240 0.0592761 0.0592680 0.0657680 0.0592394 0.0549235 0.0581521 0.0745269 0.0614144 0.0463900 0.0453320 0.0453366 0.0463855 0.0517362 0.0358384 0.0453435 0.0400394 0.0410853 0.0379326 0.0442578 0.0432036 0.0432058 0.0464112 0.0347868 0.0389856 0.0453392 0.0400269 0.0000000 0.0389832 0.0778965 0.0790160 0.0812350 0.0801392 0.0812526 0.0812436 0.0857247 0.0823827 0.0734649 0.0724016 0.0801561 0.0768323 0.0790185 0.0824024 0.0812714 0.0801807 0.0647045 0.0712985 0.0734988 0.0778859 0.0768197 0.0768513 0.0625477 0.0647094 0.0647184 0.0790392 0.0746124 0.0691113 0.0581962 0.0592840 0.0636210 0.0701959 0.0680139 0.0723752 0.0657946 0.0647210 0.0701685 0.0603559 0.0614573 0.0636217 
pop1_19    0.0592667 0.0625226 0.0614308 0.0592578 0.0723474 0.0657836 0.0679729 0.0603483 0.0603531 0.0581843 0.0592392 0.0592701 0.0549482 0.0570936 0.0635739 0.0570661 0.0527638 0.0559824 0.0723056 0.0570757 0.0442558 0.0432008 0.0432051 0.0442514 0.0495851 0.0337358 0.0432112 0.0379244 0.0389676 0.0358240 0.0421304 0.0400223 0.0410813 0.0442759 0.0326876 0.0368738 0.0432076 0.0358112 0.0389832 0.0000000 0.0756631 0.0767787 0.0789908 0.0778980 0.0790078 0.0789991 0.0834654 0.0801339 0.0712458 0.0701848 0.0779144 0.0746010 0.0767812 0.0801531 0.0790261 0.0779383 0.0625128 0.0690853 0.0712786 0.0756528 0.0745891 0.0746195 0.0603622 0.0625176 0.0625263 0.0768015 0.0723885 0.0669047 0.0560248 0.0571090 0.0614326 0.0679863 0.0658108 0.0679626 0.0614225 0.0603543 0.0657699 0.0560169 0.0592753 0.0614332 
pop2_0     0.0790341 0.0823794 0.0801465 0.0790222 0.0924685 0.0857277 0.0879780 0.0801447 0.0801511 0.0779220 0.0801049 0.0812630 0.0768087 0.0767980 0.0834485 0.0767605 0.0723415 0.0756456 0.0924142 0.0789901 0.0789878 0.0778862 0.0778940 0.0789798 0.0845779 0.0679790 0.0779057 0.0723593 0.0734441 0.0701592 0.0767555 0.0756582 0.0756623 0.0790248 0.0668781 0.0712593 0.0778991 0.0723362 0.0778965 0.0756631 0.0000000 0.0030060 0.0080417 0.0182171 0.0192422 0.0192401 0.0233570 0.0202715 0.0285247 0.0275015 0.0432378 0.0400694 0.0421658 0.0453692 0.0442990 0.0432509 0.0347936 0.0411191 0.0432338 0.0474612 0.0702051 0.0702339 0.0560568 0.0582009 0.0582096 0.0724053 0.0680166 0.0625629 0.0517447 0.0528220 0.0571223 0.0614663 0.0614751 0.0658015 0.0592779 0.0582119 0.0636145 0.0538858 0.0560594 0.0571230 
pop2_1     0.0801559 0.0835066 0.0812700 0.0801437 0.0936118 0.0868602 0.0891142 0.0812682 0.0812747 0.0790418 0.0812278 0.0823883 0.0779267 0.0779159 0.0845768 0.0778778 0.0734517 0.0767610 0.0935568 0.0801111 0.0801088 0.0790056 0.0790135 0.0801007 0.0857081 0.0690827 0.0790253 0.0734698 0.0745561 0.0712662 0.0778727 0.0767738 0.0767780 0.0801464 0.0679799 0.0723680 0.0790186 0.0734463 0.0790160 0.0767787 0.0030060 0.0000000 0.0090544 0.0192448 0.0202715 0.0202688 0.0243924 0.0213028 0.0295672 0.0285430 0.0443034 0.0411303 0.0432295 0.0464383 0.0453663 0.0443169 0.0358459 0.0421815 0.0442994 0.0485327 0.0691219 0.0691502 0.0571422 0.0592900 0.0592982 0.0735165 0.0691209 0.0636587 0.0528224 0.0539021 0.0582091 0.0625601 0.0625691 0.0669018 0.0603680 0.0593005 0.0647113 0.0549675 0.0571448 0.0582098 
pop2_2     0.0823789 0.0857395 0.0834963 0.0823664 0.0958737 0.0891027 0.0913634 0.0834944 0.0835011 0.0812616 0.0834529 0.0846179 0.0801432 0.0801323 0.0868115 0.0800928 0.0756538 0.0789726 0.0958173 0.0823329 0.0823305 0.0812243 0.0812324 0.0823221 0.0879465 0.0712732 0.0812446 0.0756726 0.0767615 0.0734625 0.0800875 0.0789857 0.0789900 0.0823692 0.0701671 0.0745676 0.0812377 0.0756482 0.0812350 0.0789908 0.0080417 0.0090544 0.0000000 0.0223271 0.0233580 0.0233553 0.0274956 0.0243944 0.0326912 0.0316644 0.0474910 0.0443049 0.0464115 0.0496355 0.0485583 0.0475054 0.0389965 0.0453600 0.0474866 0.0517363 0.0746154 0.0746461 0.0603836 0.0625399 0.0625485 0.0768287 0.0724143 0.0669285 0.0560447 0.0571293 0.0614544 0.0658248 0.0658342 0.0701838 0.0636222 0.0625510 0.0679840 0.0581986 0.0593008 0.0614551 
pop2_3     0.0812813 0.0846376 0.0823972 0.0812689 0.0947593 0.0879966 0.0902545 0.0823954 0.0824020 0.0801654 0.0823544 0.0835174 0.0790484 0.0790373 0.0857089 0.0789988 0.0745653 0.0778800 0.0947036 0.0812359 0.0812335 0.0801286 0.0801366 0.0812253 0.0868423 0.0701897 0.0801486 0.0745838 0.0756716 0.0723765 0.0789936 0.0778930 0.0778972 0.0812716 0.0690850 0.0734802 0.0801418 0.0745598 0.0801392 0.0778980 0.0182171 0.0192448 0.0223271 0.0000000 0.0110815 0.0151520 0.0254290 0.0223354 0.0306119 0.0295866 0.0453716 0.0421936 0.0442956 0.0475100 0.0464361 0.0453853 0.0369006 0.0432463 0.0453674 0.0496069 0.0724238 0.0724536 0.0582304 0.0603814 0.0603898 0.0746311 0.0702285 0.0647575 0.0539036 0.0549851 0.0592989 0.0658369 0.0636661 0.0680054 0.0614610 0.0603922 0.0658113 0.0560519 0.0582331 0.0592995 
pop2_4     0.0823967 0.0857580 0.0835143 0.0823842 0.0958946 0.0891220 0.0913833 0.0835125 0.0835192 0.0812792 0.0834709 0.0846362 0.0801604 0.0801492 0.0868304 0.0801101 0.0756701 0.0789896 0.0958382 0.0823507 0.0823483 0.0812418 0.0812499 0.0823399 0.0879655 0.0712885 0.0812621 0.0756888 0.0767780 0.0734783 0.0801048 0.0790027 0.0790070 0.0823869 0.0701821 0.0745836 0.0812552 0.0756645 0.0812526 0.0790078 0.0192422 0.0202715 0.0233580 0.0110815 0.0000000 0.0161731 0.0264644 0.0233666 0.0316541 0.0306279 0.0464353 0.0432530 0.0453575 0.0485770 0.0475013 0.0464494 0.0379519 0.0443069 0.0464310 0.0506760 0.0735264 0.0735566 0.0593123 0.0614662 0.0614747 0.0757369 0.0713279 0.0658490 0.0549790 0.0560622 0.0603821 0.0669298 0.0647560 0.0691011 0.0625473 0.0614771 0.0669037 0.0571304 0.0593151 0.0603827 
pop2_5     0.0823876 0.0857486 0.0835051 0.0823751 0.0958841 0.0891122 0.0913732 0.0835032 0.0835099 0.0812702 0.0834617 0.0846269 0.0801516 0.0801404 0.0868208 0.0801012 0.0756617 0.0789808 0.0958277 0.0823416 0.0823392 0.0812328 0.0812410 0.0823308 0.0857048 0.0712805 0.0812532 0.0756804 0.0767695 0.0734701 0.0800959 0.0789940 0.0789983 0.0823778 0.0701743 0.0745753 0.0812459 0.0756561 0.0812436 0.0789991 0.0192401 0.0202688 0.0233553 0.0151520 0.0161731 0.0000000 0.0264614 0.0233640 0.0316506 0.0306245 0.0464301 0.0432481 0.0453524 0.0485716 0.0474960 0.0464442 0.0379477 0.0443020 0.0464258 0.0506704 0.0735182 0.0735485 0.0593057 0.0614593 0.0614678 0.0757285 0.0713200 0.0658417 0.0549729 0.0560559 0.0603754 0.0669224 0.0647488 0.0690935 0.0625403 0.0614703 0.0668967 0.0571240 0.0593085 0.0603760 
pop2_6     0.0868772 0.0902590 0.0880015 0.0868640 0.1004560 0.0936429 0.0959181 0.0879996 0.0880066 0.0857528 0.0879556 0.0891304 0.0846272 0.0846153 0.0913353 0.0845738 0.0801072 0.0834462 0.1003967 0.0868285 0.0868259 0.0857133 0.0857218 0.0868170 0.0924778 0.0757012 0.0857348 0.0801270 0.0812217 0.0779032 0.0845683 0.0834600 0.0834646 0.0868669 0.0745879 0.0767975 0.0857275 0.0801012 0.0857247 0.0834654 0.0233570 0.0243924 0.0274956 0.0254290 0.0264644 0.0264614 0.0000000 0.0254318 0.0358377 0.0348079 0.0507057 0.0475057 0.0496205 0.0528605 0.0517779 0.0507211 0.0421725 0.0485650 0.0507011 0.0549684 0.0779544 0.0779865 0.0636566 0.0658220 0.0658311 0.0801780 0.0757432 0.0702321 0.0592970 0.0603869 0.0636348 0.0713186 0.0691327 0.0735015 0.0669090 0.0658337 0.0712907 0.0614605 0.0636596 0.0647323 
pop2_7     0.0835291 0.0868961 0.0846486 0.0835164 0.0970497 0.0902657 0.0925309 0.0846467 0.0846535 0.0824097 0.0846046 0.0857724 0.0812890 0.0812776 0.0879697 0.0812379 0.0767904 0.0801154 0.0969925 0.0834824 0.0812446 0.0801395 0.0812663 0.0823565 0.0891069 0.0724020 0.0823924 0.0768094 0.0779002 0.0745952 0.0812326 0.0801287 0.0801323 0.0835192 0.0712937 0.0757024 0.0823854 0.0767847 0.0823827 0.0801339 0.0202715 0.0213028 0.0243944 0.0223354 0.0233666 0.0233640 0.0254318 0.0000000 0.0327027 0.0316762 0.0475089 0.0443216 0.0464290 0.0496542 0.0485766 0.0475233 0.0390116 0.0453770 0.0475045 0.0517558 0.0746441 0.0746748 0.0604066 0.0625637 0.0625724 0.0768583 0.0724421 0.0669541 0.0560660 0.0571510 0.0614778 0.0680365 0.0658594 0.0702112 0.0636465 0.0625748 0.0680100 0.0582207 0.0604094 0.0614785 
pop2_8     0.0745942 0.0779192 0.0756999 0.0745830 0.0879483 0.0812477 0.0812529 0.0756982 0.0757043 0.0734888 0.0756608 0.0768095 0.0712827 0.0723724 0.0789842 0.0723372 0.0679446 0.0712293 0.0878969 0.0745527 0.0745507 0.0734552 0.0734626 0.0745432 0.0801064 0.0636063 0.0734735 0.0679614 0.0690406 0.0657744 0.0723324 0.0712413 0.0712451 0.0745855 0.0625124 0.0668678 0.0734673 0.0679397 0.0734649 0.0712458 0.0285247 0.0295672 0.0326912 0.0306119 0.0316541 0.0316506 0.0358377 0.0327027 0.0000000 0.0213020 0.0390068 0.0358561 0.0379422 0.0411252 0.0400618 0.0390186 0.0306123 0.0369005 0.0390032 0.0421485 0.0658173 0.0658442 0.0517523 0.0538855 0.0538930 0.0680045 0.0636415 0.0582197 0.0474657 0.0485372 0.0528126 0.0592905 0.0571383 0.0614411 0.0549560 0.0538951 0.0592675 0.0495953 0.0517547 0.0528131 
