75
pop1.indv1  0.0000000 0.0279343 0.0241474 0.0296557 0.0268130 0.0277590 0.0304827 0.0311337 0.0244917 0.0305674 0.0242272 0.0308843 0.0310864 0.0289973 0.0278051 0.0279553 0.0281573 0.0241612 0.0243334 0.0267444 0.0255957 0.0312868 0.0302507 0.0291954 0.0262150 0.0321003 0.0297684 0.0279012 0.0297276 0.0294856 0.0312111 0.0312714 0.0296863 0.0282869 0.0279034 0.0289973 0.0332516 0.0265185 0.0262253 0.0314832 0.0245233 0.0309722 0.0280165 0.0290328 0.0279631 0.0302813 0.0261730 0.0337513 0.0288529 0.0261213 0.0313801 0.0287682 0.0299553 0.0274374 0.0296408 0.0283383 0.0272496 0.0260828 0.0391954 0.0317184 0.0307978 0.0355719 0.0284899 0.0303000 0.0339521 0.0343663 0.0320494 0.0273356 0.0326199 0.0336895 0.0316416 0.0340294 0.0321300 0.0304515 0.0315624 
pop1.indv2  0.0279343 0.0000000 0.0291910 0.0261675 0.0274819 0.0260508 0.0288843 0.0292075 0.0263561 0.0287030 0.0284938 0.0300366 0.0355867 0.0323698 0.0284324 0.0306295 0.0280404 0.0248394 0.0270894 0.0286323 0.0247664 0.0254916 0.0279896 0.0330241 0.0316447 0.0324300 0.0294627 0.0340916 0.0303267 0.0293046 0.0274957 0.0262770 0.0287079 0.0305833 0.0264772 0.0281523 0.0336582 0.0301820 0.0274553 0.0326184 0.0280897 0.0291224 0.0277196 0.0293330 0.0300151 0.0298317 0.0302456 0.0309040 0.0280124 0.0299671 0.0325138 0.0326217 0.0271088 0.0274134 0.0338369 0.0365668 0.0309235 0.0329573 0.0355371 0.0285850 0.0334462 0.0320338 0.0268962 0.0259738 0.0350771 0.0316693 0.0354882 0.0315772 0.0273199 0.0293261 0.0370594 0.0347791 0.0274790 0.0305084 0.0312542 
pop1.indv3  0.0241474 0.0291910 0.0000000 0.0248938 0.0262843 0.0259222 0.0253828 0.0277625 0.0218451 0.0274950 0.0227510 0.0287323 0.0275625 0.0282885 0.0280880 0.0277986 0.0260374 0.0247710 0.0265389 0.0282053 0.0273679 0.0283551 0.0242008 0.0300231 0.0262687 0.0288331 0.0313591 0.0299623 0.0267390 0.0273062 0.0300214 0.0258844 0.0303571 0.0276738 0.0322107 0.0321919 0.0359739 0.0227113 0.0277026 0.0264080 0.0281134 0.0298610 0.0233037 0.0256296 0.0281846 0.0292045 0.0277207 0.0304393 0.0235792 0.0270827 0.0285960 0.0230540 0.0261284 0.0226445 0.0315858 0.0328857 0.0223848 0.0308094 0.0379722 0.0305869 0.0250926 0.0334936 0.0214317 0.0326997 0.0298350 0.0335400 0.0292638 0.0283601 0.0241684 0.0292489 0.0300811 0.0310495 0.0272454 0.0280364 0.0276373 
pop1.indv4  0.0296557 0.0261675 0.0248938 0.0000000 0.0247410 0.0266389 0.0272437 0.0292776 0.0241111 0.0317184 0.0314271 0.0262740 0.0324643 0.0304180 0.0256747 0.0319014 0.0319232 0.0230834 0.0296455 0.0282581 0.0260677 0.0254309 0.0293619 0.0313594 0.0276992 0.0284219 0.0336042 0.0280572 0.0288304 0.0274116 0.0306805 0.0286137 0.0336930 0.0325324 0.0334744 0.0334933 0.0325974 0.0262501 0.0259080 0.0306045 0.0252935 0.0341653 0.0229391 0.0299129 0.0270051 0.0298930 0.0271054 0.0277585 0.0284147 0.0344992 0.0280664 0.0279465 0.0307007 0.0259149 0.0254346 0.0336931 0.0302600 0.0288832 0.0360515 0.0357930 0.0338409 0.0396431 0.0254797 0.0291572 0.0326795 0.0325005 0.0330223 0.0293225 0.0334107 0.0310159 0.0325694 0.0383052 0.0301817 0.0352303 0.0321638 
pop1.indv5  0.0268130 0.0274819 0.0262843 0.0247410 0.0000000 0.0302551 0.0273639 0.0265667 0.0247734 0.0326863 0.0273983 0.0318825 0.0344985 0.0310160 0.0320727 0.0302920 0.0295499 0.0255967 0.0356478 0.0262135 0.0267648 0.0267056 0.0314004 0.0310774 0.0290650 0.0338585 0.0355879 0.0260159 0.0305850 0.0255372 0.0234790 0.0268471 0.0309080 0.0307124 0.0300723 0.0358851 0.0308155 0.0312666 0.0253192 0.0309646 0.0264250 0.0301903 0.0247171 0.0264955 0.0275024 0.0307531 0.0281925 0.0295019 0.0280752 0.0320057 0.0299006 0.0309913 0.0289025 0.0275752 0.0303061 0.0351807 0.0287764 0.0283129 0.0355386 0.0298292 0.0340647 0.0307036 0.0297592 0.0315427 0.0380875 0.0318002 0.0299036 0.0341056 0.0354818 0.0274484 0.0296408 0.0326410 0.0325891 0.0269895 0.0332664 
pop1.indv6  0.0277590 0.0260508 0.0259222 0.0266389 0.0302551 0.0000000 0.0295926 0.0346343 0.0257483 0.0284377 0.0304368 0.0266757 0.0339239 0.0328211 0.0298619 0.0258984 0.0302706 0.0275513 0.0313438 0.0267398 0.0276375 0.0297099 0.0277544 0.0346867 0.0267401 0.0298127 0.0316678 0.0370610 0.0319786 0.0303770 0.0343101 0.0263353 0.0329291 0.0304911 0.0316835 0.0308251 0.0312221 0.0239931 0.0307902 0.0316255 0.0266562 0.0289556 0.0314791 0.0302126 0.0284497 0.0325168 0.0280439 0.0326893 0.0314858 0.0305620 0.0368487 0.0334707 0.0339731 0.0317163 0.0350652 0.0305254 0.0281754 0.0340824 0.0369559 0.0346689 0.0328605 0.0382388 0.0254166 0.0324685 0.0329078 0.0335968 0.0377296 0.0316562 0.0309568 0.0298144 0.0315395 0.0378708 0.0287669 0.0359560 0.0347962 
pop1.indv7  0.0304827 0.0288843 0.0253828 0.0272437 0.0273639 0.0295926 0.0000000 0.0290387 0.0267542 0.0296226 0.0277293 0.0291568 0.0339274 0.0331821 0.0297137 0.0282931 0.0365014 0.0234670 0.0296223 0.0301263 0.0313591 0.0293053 0.0282665 0.0304836 0.0295111 0.0301263 0.0263111 0.0267493 0.0287672 0.0243117 0.0278067 0.0252863 0.0337245 0.0289055 0.0309455 0.0289911 0.0323667 0.0312206 0.0303029 0.0286666 0.0286146 0.0284177 0.0260784 0.0262468 0.0282128 0.0298220 0.0283845 0.0324432 0.0291875 0.0330274 0.0293928 0.0296562 0.0249288 0.0261084 0.0261992 0.0344956 0.0257995 0.0276796 0.0347539 0.0356528 0.0347794 0.0324371 0.0226879 0.0343866 0.0328382 0.0312785 0.0344977 0.0315327 0.0293945 0.0309582 0.0338644 0.0379222 0.0268846 0.0339397 0.0298762 
pop1.indv8  0.0311337 0.0292075 0.0277625 0.0292776 0.0265667 0.0346343 0.0290387 0.0000000 0.0277093 0.0292846 0.0288360 0.0287852 0.0317443 0.0282675 0.0320140 0.0267171 0.0288038 0.0281527 0.0300979 0.0336611 0.0255667 0.0314348 0.0316227 0.0304364 0.0327696 0.0315888 0.0301263 0.0286711 0.0393669 0.0306396 0.0332262 0.0304873 0.0325106 0.0304058 0.0330353 0.0330543 0.0290614 0.0312429 0.0316935 0.0327664 0.0257958 0.0338741 0.0300627 0.0391380 0.0314806 0.0363558 0.0276566 0.0307810 0.0303089 0.0387754 0.0375409 0.0308173 0.0307878 0.0300491 0.0288431 0.0308298 0.0276817 0.0270112 0.0351773 0.0333422 0.0377965 0.0344258 0.0285807 0.0297868 0.0361906 0.0304364 0.0358071 0.0325190 0.0342365 0.0305538 0.0387372 0.0410335 0.0317159 0.0341900 0.0350113 
pop1.indv9  0.0244917 0.0263561 0.0218451 0.0241111 0.0247734 0.0257483 0.0267542 0.0277093 0.0000000 0.0305290 0.0276714 0.0274120 0.0309351 0.0286543 0.0297687 0.0299776 0.0299428 0.0255283 0.0273211 0.0259893 0.0221419 0.0297613 0.0280685 0.0335943 0.0251081 0.0266004 0.0300016 0.0279220 0.0267759 0.0311781 0.0305864 0.0269106 0.0296601 0.0251748 0.0297179 0.0312874 0.0305245 0.0265631 0.0276423 0.0277166 0.0259570 0.0291670 0.0282798 0.0273707 0.0275165 0.0274347 0.0265828 0.0294075 0.0306526 0.0304661 0.0320351 0.0312688 0.0308266 0.0240886 0.0315519 0.0348767 0.0252743 0.0311371 0.0344580 0.0295568 0.0358218 0.0387394 0.0265373 0.0288546 0.0328114 0.0307485 0.0315977 0.0322569 0.0348635 0.0276731 0.0352822 0.0375735 0.0288821 0.0338344 0.0324756 
pop1.indv10 0.0305674 0.0287030 0.0274950 0.0317184 0.0326863 0.0284377 0.0296226 0.0292846 0.0305290 0.0000000 0.0314072 0.0296510 0.0367053 0.0324046 0.0301968 0.0330672 0.0319088 0.0281598 0.0322768 0.0303887 0.0284043 0.0316227 0.0359785 0.0356337 0.0349018 0.0389444 0.0392070 0.0311208 0.0363979 0.0338261 0.0357274 0.0333519 0.0351919 0.0370283 0.0364897 0.0336474 0.0353062 0.0308921 0.0275992 0.0316159 0.0294385 0.0361276 0.0314263 0.0329749 0.0319939 0.0373310 0.0288500 0.0347266 0.0335488 0.0388105 0.0358926 0.0320542 0.0325323 0.0320113 0.0381658 0.0372507 0.0315180 0.0371603 0.0421912 0.0358200 0.0351571 0.0394308 0.0305865 0.0346697 0.0365554 0.0367798 0.0403500 0.0369881 0.0371913 0.0330958 0.0341021 0.0367448 0.0313880 0.0347212 0.0372012 
pop1.indv11 0.0242272 0.0284938 0.0227510 0.0314271 0.0273983 0.0304368 0.0277293 0.0288360 0.0276714 0.0314072 0.0000000 0.0236278 0.0313349 0.0317693 0.0289439 0.0329932 0.0319408 0.0265650 0.0321409 0.0311375 0.0231564 0.0308985 0.0306457 0.0329368 0.0263475 0.0278197 0.0349424 0.0262016 0.0297137 0.0255339 0.0324500 0.0281770 0.0327372 0.0349956 0.0312493 0.0259092 0.0316642 0.0283402 0.0325357 0.0321255 0.0248547 0.0293778 0.0234680 0.0312655 0.0290520 0.0300613 0.0281880 0.0293656 0.0313121 0.0331825 0.0324986 0.0262705 0.0306674 0.0266153 0.0288258 0.0328535 0.0261981 0.0284177 0.0361067 0.0320322 0.0298431 0.0378069 0.0297623 0.0342619 0.0362332 0.0293928 0.0369494 0.0293449 0.0328398 0.0294201 0.0351424 0.0325525 0.0340841 0.0305631 0.0325125 
pop1.indv12 0.0308843 0.0300366 0.0287323 0.0262740 0.0318825 0.0266757 0.0291568 0.0287852 0.0274120 0.0296510 0.0236278 0.0000000 0.0274528 0.0308312 0.0281068 0.0273358 0.0312986 0.0253302 0.0287742 0.0291991 0.0277499 0.0354437 0.0307422 0.0342960 0.0287749 0.0280451 0.0338400 0.0329098 0.0310974 0.0255056 0.0276936 0.0251925 0.0322901 0.0331516 0.0316306 0.0325689 0.0346486 0.0288613 0.0252341 0.0254097 0.0279813 0.0295141 0.0274145 0.0326124 0.0306494 0.0350771 0.0304600 0.0314070 0.0285696 0.0340947 0.0338924 0.0335197 0.0280963 0.0268523 0.0292436 0.0355386 0.0285384 0.0349576 0.0400348 0.0372021 0.0302192 0.0406900 0.0283386 0.0319687 0.0293915 0.0327890 0.0374371 0.0305524 0.0328583 0.0296090 0.0277445 0.0350103 0.0310455 0.0309612 0.0344214 
pop1.indv13 0.0310864 0.0355867 0.0275625 0.0324643 0.0344985 0.0339239 0.0339274 0.0317443 0.0309351 0.0367053 0.0313349 0.0274528 0.0000000 0.0299623 0.0327097 0.0402718 0.0383097 0.0342644 0.0340877 0.0294728 0.0298336 0.0363323 0.0325539 0.0321121 0.0293843 0.0331991 0.0401076 0.0329833 0.0355423 0.0358231 0.0313323 0.0330035 0.0370822 0.0369408 0.0355219 0.0401333 0.0381562 0.0330595 0.0299875 0.0360257 0.0306125 0.0385709 0.0355626 0.0344988 0.0320505 0.0356255 0.0301815 0.0397758 0.0348653 0.0382406 0.0332670 0.0366054 0.0367812 0.0333995 0.0348318 0.0328433 0.0343892 0.0345724 0.0406400 0.0332803 0.0335898 0.0415370 0.0317413 0.0384253 0.0393867 0.0401531 0.0344294 0.0324560 0.0341688 0.0361975 0.0377147 0.0410870 0.0379133 0.0365677 0.0400815 
pop1.indv14 0.0289973 0.0323698 0.0282885 0.0304180 0.0310160 0.0328211 0.0331821 0.0282675 0.0286543 0.0324046 0.0317693 0.0308312 0.0299623 0.0000000 0.0278611 0.0290019 0.0367665 0.0237591 0.0345046 0.0331195 0.0235174 0.0338310 0.0268526 0.0313990 0.0283283 0.0368621 0.0306944 0.0353965 0.0322287 0.0326862 0.0280905 0.0310818 0.0350427 0.0334522 0.0304500 0.0337756 0.0355861 0.0295970 0.0309237 0.0327228 0.0303089 0.0299233 0.0331531 0.0318572 0.0343847 0.0336872 0.0318344 0.0327533 0.0322454 0.0357997 0.0352986 0.0311150 0.0320181 0.0276078 0.0335496 0.0325757 0.0277675 0.0352560 0.0385240 0.0341533 0.0362729 0.0353923 0.0306345 0.0315960 0.0370130 0.0335573 0.0330429 0.0344776 0.0363679 0.0331020 0.0368197 0.0336895 0.0375857 0.0364074 0.0346589 
pop1.indv15 0.0278051 0.0284324 0.0280880 0.0256747 0.0320727 0.0298619 0.0297137 0.0320140 0.0297687 0.0301968 0.0289439 0.0281068 0.0327097 0.0278611 0.0000000 0.0284683 0.0292893 0.0273880 0.0271785 0.0289605 0.0288304 0.0273075 0.0224499 0.0362744 0.0297536 0.0304146 0.0340100 0.0287764 0.0321006 0.0291776 0.0242579 0.0285077 0.0332578 0.0318230 0.0259455 0.0368042 0.0312810 0.0262709 0.0322834 0.0315103 0.0305492 0.0348267 0.0241003 0.0328365 0.0296351 0.0326980 0.0300412 0.0305113 0.0265801 0.0273776 0.0303711 0.0281502 0.0294040 0.0263263 0.0277033 0.0320661 0.0312574 0.0280809 0.0410113 0.0312709 0.0281633 0.0370694 0.0255737 0.0316612 0.0323797 0.0309982 0.0356135 0.0293537 0.0267747 0.0326709 0.0341550 0.0334117 0.0329658 0.0285438 0.0352648 
pop1.indv16 0.0279553 0.0306295 0.0277986 0.0319014 0.0302920 0.0258984 0.0282931 0.0267171 0.0299776 0.0330672 0.0329932 0.0273358 0.0402718 0.0290019 0.0284683 0.0000000 0.0335366 0.0265855 0.0313817 0.0286188 0.0275282 0.0341423 0.0300547 0.0327789 0.0284975 0.0302523 0.0324986 0.0292347 0.0322571 0.0302322 0.0295698 0.0288274 0.0282692 0.0345878 0.0257842 0.0368025 0.0315977 0.0290788 0.0269216 0.0302347 0.0313290 0.0324869 0.0306406 0.0359317 0.0314563 0.0257655 0.0278441 0.0347527 0.0285608 0.0308107 0.0392634 0.0298102 0.0297323 0.0331826 0.0272482 0.0322455 0.0266514 0.0278779 0.0393215 0.0335951 0.0349056 0.0381780 0.0329897 0.0342280 0.0361506 0.0308441 0.0397186 0.0340717 0.0284236 0.0358945 0.0360875 0.0299608 0.0304992 0.0354228 0.0358121 
pop1.indv17 0.0281573 0.0280404 0.0260374 0.0319232 0.0295499 0.0302706 0.0365014 0.0288038 0.0299428 0.0319088 0.0319408 0.0312986 0.0383097 0.0367665 0.0292893 0.0335366 0.0000000 0.0262751 0.0361570 0.0293247 0.0274535 0.0304302 0.0353784 0.0346557 0.0327520 0.0328535 0.0334210 0.0386221 0.0403222 0.0317761 0.0288808 0.0307510 0.0303465 0.0404370 0.0300763 0.0354063 0.0338931 0.0306238 0.0294053 0.0355767 0.0299050 0.0258638 0.0290624 0.0343188 0.0328733 0.0340899 0.0326458 0.0369420 0.0343065 0.0347159 0.0333593 0.0386743 0.0420996 0.0315283 0.0377359 0.0341495 0.0305495 0.0292144 0.0414138 0.0358718 0.0383495 0.0382933 0.0276293 0.0335103 0.0411360 0.0352821 0.0363682 0.0290245 0.0332432 0.0283832 0.0344510 0.0387918 0.0327908 0.0331009 0.0386879 
pop1.indv18 0.0241612 0.0248394 0.0247710 0.0230834 0.0255967 0.0275513 0.0234670 0.0281527 0.0255283 0.0281598 0.0265650 0.0253302 0.0342644 0.0237591 0.0273880 0.0265855 0.0262751 0.0000000 0.0257918 0.0224134 0.0219932 0.0249514 0.0228198 0.0316301 0.0253755 0.0273581 0.0264212 0.0285293 0.0280393 0.0282010 0.0283760 0.0272579 0.0300395 0.0291845 0.0287689 0.0325540 0.0278705 0.0262101 0.0288344 0.0257494 0.0225898 0.0258952 0.0292290 0.0275329 0.0284685 0.0272068 0.0254764 0.0264442 0.0317628 0.0301723 0.0311749 0.0296178 0.0255259 0.0259077 0.0299708 0.0324199 0.0315312 0.0298155 0.0398010 0.0346414 0.0344615 0.0293165 0.0250066 0.0276414 0.0345255 0.0277573 0.0355632 0.0311023 0.0241813 0.0281339 0.0273358 0.0351055 0.0323299 0.0357739 0.0286206 
pop1.indv19 0.0243334 0.0270894 0.0265389 0.0296455 0.0356478 0.0313438 0.0296223 0.0300979 0.0273211 0.0322768 0.0321409 0.0287742 0.0340877 0.0345046 0.0271785 0.0313817 0.0361570 0.0257918 0.0000000 0.0293147 0.0262477 0.0294917 0.0293280 0.0350346 0.0294142 0.0303548 0.0317321 0.0341952 0.0309646 0.0324778 0.0315446 0.0304650 0.0302573 0.0293130 0.0299636 0.0327098 0.0340170 0.0277360 0.0329915 0.0318331 0.0278425 0.0331378 0.0318451 0.0277178 0.0338331 0.0322134 0.0307054 0.0299651 0.0266662 0.0304496 0.0349185 0.0306735 0.0296669 0.0296206 0.0333794 0.0356773 0.0311105 0.0353238 0.0377394 0.0307347 0.0325063 0.0322997 0.0261521 0.0328638 0.0285187 0.0339572 0.0400713 0.0301929 0.0295568 0.0381529 0.0374591 0.0414013 0.0317323 0.0345909 0.0384039 
pop1.indv20 0.0267444 0.0286323 0.0282053 0.0282581 0.0262135 0.0267398 0.0301263 0.0336611 0.0259893 0.0303887 0.0311375 0.0291991 0.0294728 0.0331195 0.0289605 0.0286188 0.0293247 0.0224134 0.0293147 0.0000000 0.0288903 0.0291497 0.0287171 0.0364280 0.0294113 0.0309048 0.0302566 0.0360463 0.0347997 0.0265373 0.0254028 0.0287230 0.0368539 0.0315831 0.0307616 0.0324875 0.0352918 0.0316193 0.0266273 0.0354092 0.0267608 0.0292876 0.0300871 0.0306463 0.0318924 0.0266592 0.0275414 0.0320986 0.0283282 0.0333833 0.0315871 0.0386092 0.0306802 0.0298082 0.0293589 0.0329039 0.0296991 0.0306554 0.0381254 0.0296578 0.0317199 0.0320295 0.0335462 0.0298991 0.0327329 0.0325291 0.0328144 0.0332908 0.0302662 0.0273046 0.0316852 0.0410517 0.0329275 0.0345196 0.0327291 
pop1.indv21 0.0255957 0.0247664 0.0273679 0.0260677 0.0267648 0.0276375 0.0313591 0.0255667 0.0221419 0.0284043 0.0231564 0.0277499 0.0298336 0.0235174 0.0288304 0.0275282 0.0274535 0.0219932 0.0262477 0.0288903 0.0000000 0.0274302 0.0289170 0.0284147 0.0282312 0.0250353 0.0320443 0.0308970 0.0330996 0.0311299 0.0294498 0.0267625 0.0302109 0.0286623 0.0310420 0.0321720 0.0306676 0.0248545 0.0278907 0.0287267 0.0215498 0.0294310 0.0230877 0.0272573 0.0261903 0.0305304 0.0297775 0.0316854 0.0297701 0.0319537 0.0314169 0.0333339 0.0306961 0.0257272 0.0322736 0.0352083 0.0274177 0.0319408 0.0366534 0.0315219 0.0332556 0.0384231 0.0265731 0.0316156 0.0359746 0.0259277 0.0337043 0.0323448 0.0303186 0.0310269 0.0317166 0.0326674 0.0291880 0.0316382 0.0294581 
pop1.indv22 0.0312868 0.0254916 0.0283551 0.0254309 0.0267056 0.0297099 0.0293053 0.0314348 0.0297613 0.0316227 0.0308985 0.0354437 0.0363323 0.0338310 0.0273075 0.0341423 0.0304302 0.0249514 0.0294917 0.0291497 0.0274302 0.0000000 0.0286168 0.0356043 0.0316967 0.0316499 0.0346467 0.0307832 0.0353113 0.0283285 0.0292995 0.0253981 0.0330374 0.0322614 0.0307772 0.0305475 0.0309085 0.0286336 0.0291042 0.0323126 0.0315927 0.0302603 0.0300200 0.0301373 0.0305250 0.0320958 0.0310600 0.0360146 0.0347873 0.0311322 0.0311911 0.0306646 0.0316709 0.0266791 0.0288257 0.0319409 0.0268157 0.0335548 0.0411872 0.0350752 0.0297289 0.0341870 0.0256710 0.0335017 0.0366418 0.0344880 0.0368273 0.0330086 0.0339036 0.0311386 0.0296991 0.0376483 0.0357718 0.0404440 0.0358796 
pop1.indv23 0.0302507 0.0279896 0.0242008 0.0293619 0.0314004 0.0277544 0.0282665 0.0316227 0.0280685 0.0359785 0.0306457 0.0307422 0.0325539 0.0268526 0.0224499 0.0300547 0.0353784 0.0228198 0.0293280 0.0287171 0.0289170 0.0286168 0.0000000 0.0364149 0.0290195 0.0351916 0.0335085 0.0344288 0.0277533 0.0300743 0.0372103 0.0325752 0.0291344 0.0332170 0.0290847 0.0302410 0.0310706 0.0324808 0.0310096 0.0327879 0.0300351 0.0353984 0.0309408 0.0314814 0.0342960 0.0337860 0.0305616 0.0324062 0.0311038 0.0318361 0.0344774 0.0320295 0.0308970 0.0311474 0.0309017 0.0401668 0.0307019 0.0306598 0.0350971 0.0318508 0.0332149 0.0387230 0.0314335 0.0321563 0.0353296 0.0296648 0.0365650 0.0365562 0.0309709 0.0362202 0.0322993 0.0338714 0.0336441 0.0342890 0.0333415 
pop1.indv24 0.0291954 0.0330241 0.0300231 0.0313594 0.0310774 0.0346867 0.0304836 0.0304364 0.0335943 0.0356337 0.0329368 0.0342960 0.0321121 0.0313990 0.0362744 0.0327789 0.0346557 0.0316301 0.0350346 0.0364280 0.0284147 0.0356043 0.0364149 0.0000000 0.0324317 0.0353898 0.0363490 0.0345583 0.0315573 0.0295337 0.0364786 0.0300366 0.0332081 0.0394633 0.0337826 0.0349721 0.0303089 0.0338952 0.0336959 0.0331208 0.0341161 0.0354044 0.0325678 0.0313688 0.0377911 0.0348013 0.0339713 0.0391401 0.0334813 0.0391770 0.0336838 0.0332016 0.0320527 0.0320288 0.0318624 0.0316889 0.0345326 0.0366284 0.0399332 0.0355555 0.0326184 0.0399912 0.0344850 0.0347671 0.0393009 0.0377728 0.0348670 0.0364848 0.0329781 0.0328704 0.0330187 0.0367747 0.0352357 0.0360010 0.0318004 
pop1.indv25 0.0262150 0.0316447 0.0262687 0.0276992 0.0290650 0.0267401 0.0295111 0.0327696 0.0251081 0.0349018 0.0263475 0.0287749 0.0293843 0.0283283 0.0297536 0.0284975 0.0327520 0.0253755 0.0294142 0.0294113 0.0282312 0.0316967 0.0290195 0.0324317 0.0000000 0.0307103 0.0300891 0.0304089 0.0277746 0.0322489 0.0319360 0.0289945 0.0375654 0.0321679 0.0225943 0.0345800 0.0286170 0.0248607 0.0291257 0.0270367 0.0292610 0.0313417 0.0258666 0.0338810 0.0268064 0.0337789 0.0259951 0.0293493 0.0312833 0.0297292 0.0301369 0.0335982 0.0299178 0.0266170 0.0258455 0.0318499 0.0257350 0.0250740 0.0379981 0.0306531 0.0266724 0.0372532 0.0322659 0.0314727 0.0365210 0.0324585 0.0338998 0.0320461 0.0296835 0.0308877 0.0321272 0.0325152 0.0351276 0.0308298 0.0314307 
pop2.indv1  0.0321003 0.0324300 0.0288331 0.0284219 0.0338585 0.0298127 0.0301263 0.0315888 0.0266004 0.0389444 0.0278197 0.0280451 0.0331991 0.0368621 0.0304146 0.0302523 0.0328535 0.0273581 0.0303548 0.0309048 0.0250353 0.0316499 0.0351916 0.0353898 0.0307103 0.0000000 0.0361919 0.0297313 0.0295456 0.0319736 0.0259519 0.0323965 0.0324451 0.0325111 0.0299408 0.0317678 0.0284794 0.0321073 0.0271599 0.0290740 0.0251852 0.0291858 0.0284232 0.0395801 0.0327194 0.0349216 0.0271899 0.0297456 0.0273803 0.0322387 0.0341407 0.0310383 0.0355313 0.0301319 0.0321120 0.0336077 0.0290489 0.0303123 0.0316562 0.0339608 0.0349082 0.0344652 0.0274489 0.0323399 0.0347071 0.0300780 0.0369471 0.0335226 0.0339903 0.0338837 0.0340392 0.0350012 0.0364335 0.0384594 0.0366605 
pop2.indv2  0.0297684 0.0294627 0.0313591 0.0336042 0.0355879 0.0316678 0.0263111 0.0301263 0.0300016 0.0392070 0.0349424 0.0338400 0.0401076 0.0306944 0.0340100 0.0324986 0.0334210 0.0264212 0.0317321 0.0302566 0.0320443 0.0346467 0.0335085 0.0363490 0.0300891 0.0361919 0.0000000 0.0310647 0.0348856 0.0327535 0.0275987 0.0312190 0.0343848 0.0286116 0.0286408 0.0317824 0.0338749 0.0282878 0.0318262 0.0307574 0.0326359 0.0302708 0.0273017 0.0294991 0.0273267 0.0312143 0.0258487 0.0332456 0.0262748 0.0274934 0.0323701 0.0304272 0.0277746 0.0302733 0.0340444 0.0329487 0.0312066 0.0325355 0.0380685 0.0287552 0.0317754 0.0372928 0.0311653 0.0336303 0.0309283 0.0338976 0.0327508 0.0348593 0.0328836 0.0309997 0.0319488 0.0332321 0.0308741 0.0355000 0.0290732 
pop2.indv3  0.0279012 0.0340916 0.0299623 0.0280572 0.0260159 0.0370610 0.0267493 0.0286711 0.0279220 0.0311208 0.0262016 0.0329098 0.0329833 0.0353965 0.0287764 0.0292347 0.0386221 0.0285293 0.0341952 0.0360463 0.0308970 0.0307832 0.0344288 0.0345583 0.0304089 0.0297313 0.0310647 0.0000000 0.0269034 0.0262491 0.0244327 0.0279394 0.0361962 0.0289824 0.0309831 0.0290430 0.0306037 0.0252604 0.0287920 0.0270035 0.0277426 0.0356435 0.0265157 0.0304178 0.0293441 0.0252877 0.0288618 0.0327145 0.0304878 0.0273239 0.0284828 0.0252069 0.0294255 0.0315182 0.0337707 0.0279183 0.0296229 0.0332911 0.0337496 0.0277675 0.0281148 0.0351248 0.0313288 0.0327496 0.0369587 0.0297135 0.0330288 0.0274819 0.0300529 0.0307205 0.0338482 0.0337845 0.0275352 0.0369172 0.0327958 
pop2.indv4  0.0297276 0.0303267 0.0267390 0.0288304 0.0305850 0.0319786 0.0287672 0.0393669 0.0267759 0.0363979 0.0297137 0.0310974 0.0355423 0.0322287 0.0321006 0.0322571 0.0403222 0.0280393 0.0309646 0.0347997 0.0330996 0.0353113 0.0277533 0.0315573 0.0277746 0.0295456 0.0348856 0.0269034 0.0000000 0.0296421 0.0312461 0.0299205 0.0316349 0.0304625 0.0285599 0.0296103 0.0307500 0.0292075 0.0316692 0.0300835 0.0255468 0.0286738 0.0251623 0.0345932 0.0262269 0.0297595 0.0282039 0.0287860 0.0341021 0.0297536 0.0281093 0.0312302 0.0332596 0.0311073 0.0322355 0.0337210 0.0304702 0.0370957 0.0369798 0.0343731 0.0307217 0.0309711 0.0319058 0.0327908 0.0335937 0.0353442 0.0351755 0.0279343 0.0312953 0.0317314 0.0371983 0.0308724 0.0332510 0.0321974 0.0296336 
pop2.indv5  0.0294856 0.0293046 0.0273062 0.0274116 0.0255372 0.0303770 0.0243117 0.0306396 0.0311781 0.0338261 0.0255339 0.0255056 0.0358231 0.0326862 0.0291776 0.0302322 0.0317761 0.0282010 0.0324778 0.0265373 0.0311299 0.0283285 0.0300743 0.0295337 0.0322489 0.0319736 0.0327535 0.0262491 0.0296421 0.0000000 0.0296726 0.0251461 0.0266211 0.0324389 0.0270655 0.0304413 0.0290135 0.0281695 0.0271899 0.0274621 0.0234927 0.0294724 0.0248326 0.0306503 0.0265916 0.0280323 0.0288892 0.0326542 0.0270509 0.0377949 0.0312961 0.0309935 0.0247634 0.0258360 0.0253844 0.0340515 0.0266196 0.0298975 0.0314044 0.0303175 0.0271288 0.0392030 0.0236451 0.0282085 0.0363585 0.0299539 0.0352996 0.0308566 0.0364902 0.0355608 0.0273662 0.0339714 0.0299798 0.0319715 0.0349883 
pop2.indv6  0.0312111 0.0274957 0.0300214 0.0306805 0.0234790 0.0343101 0.0278067 0.0332262 0.0305864 0.0357274 0.0324500 0.0276936 0.0313323 0.0280905 0.0242579 0.0295698 0.0288808 0.0283760 0.0315446 0.0254028 0.0294498 0.0292995 0.0372103 0.0364786 0.0319360 0.0259519 0.0275987 0.0244327 0.0312461 0.0296726 0.0000000 0.0255720 0.0347509 0.0295157 0.0249123 0.0319457 0.0327712 0.0261501 0.0247487 0.0290006 0.0275057 0.0270051 0.0268070 0.0273391 0.0285216 0.0293750 0.0286873 0.0250644 0.0285267 0.0297340 0.0293027 0.0302812 0.0314169 0.0276899 0.0278079 0.0303711 0.0294376 0.0364747 0.0363388 0.0326827 0.0349136 0.0351773 0.0266534 0.0325190 0.0301249 0.0320794 0.0331396 0.0323616 0.0316579 0.0301937 0.0258473 0.0344634 0.0303465 0.0360556 0.0261350 
pop2.indv7  0.0312714 0.0262770 0.0258844 0.0286137 0.0268471 0.0263353 0.0252863 0.0304873 0.0269106 0.0333519 0.0281770 0.0251925 0.0330035 0.0310818 0.0285077 0.0288274 0.0307510 0.0272579 0.0304650 0.0287230 0.0267625 0.0253981 0.0325752 0.0300366 0.0289945 0.0323965 0.0312190 0.0279394 0.0299205 0.0251461 0.0255720 0.0000000 0.0284683 0.0261001 0.0251722 0.0267381 0.0276681 0.0260936 0.0189289 0.0308016 0.0262811 0.0254790 0.0261528 0.0314312 0.0254539 0.0310566 0.0256450 0.0298607 0.0294093 0.0271921 0.0261664 0.0307373 0.0238348 0.0247664 0.0291230 0.0279069 0.0262372 0.0275568 0.0338837 0.0345045 0.0240025 0.0297258 0.0228263 0.0254293 0.0250008 0.0291010 0.0299221 0.0265197 0.0255325 0.0262123 0.0309678 0.0302115 0.0238316 0.0259433 0.0274990 
pop2.indv8  0.0296863 0.0287079 0.0303571 0.0336930 0.0309080 0.0329291 0.0337245 0.0325106 0.0296601 0.0351919 0.0327372 0.0322901 0.0370822 0.0350427 0.0332578 0.0282692 0.0303465 0.0300395 0.0302573 0.0368539 0.0302109 0.0330374 0.0291344 0.0332081 0.0375654 0.0324451 0.0343848 0.0361962 0.0316349 0.0266211 0.0347509 0.0284683 0.0000000 0.0365683 0.0267000 0.0345077 0.0332380 0.0285714 0.0326291 0.0317597 0.0251454 0.0256758 0.0338563 0.0299612 0.0263561 0.0313752 0.0323282 0.0300346 0.0308814 0.0321504 0.0363123 0.0296701 0.0342570 0.0306945 0.0360778 0.0350322 0.0304748 0.0322420 0.0428481 0.0303285 0.0322252 0.0378903 0.0300586 0.0361043 0.0326409 0.0296363 0.0327919 0.0307947 0.0400856 0.0314451 0.0369586 0.0378785 0.0308566 0.0347836 0.0317842 
pop2.indv9  0.0282869 0.0305833 0.0276738 0.0325324 0.0307124 0.0304911 0.0289055 0.0304058 0.0251748 0.0370283 0.0349956 0.0331516 0.0369408 0.0334522 0.0318230 0.0345878 0.0404370 0.0291845 0.0293130 0.0315831 0.0286623 0.0322614 0.0332170 0.0394633 0.0321679 0.0325111 0.0286116 0.0289824 0.0304625 0.0324389 0.0295157 0.0261001 0.0365683 0.0000000 0.0255826 0.0310396 0.0296096 0.0284419 0.0319652 0.0316913 0.0271002 0.0291203 0.0277435 0.0343030 0.0322259 0.0310818 0.0239878 0.0331498 0.0314772 0.0325657 0.0336628 0.0312093 0.0332204 0.0281854 0.0384234 0.0363960 0.0279004 0.0319993 0.0384595 0.0326527 0.0297488 0.0371174 0.0252794 0.0344882 0.0375707 0.0307672 0.0347617 0.0308765 0.0299886 0.0297746 0.0296587 0.0400999 0.0328716 0.0298566 0.0316798 
pop2.indv10 0.0279034 0.0264772 0.0322107 0.0334744 0.0300723 0.0316835 0.0309455 0.0330353 0.0297179 0.0364897 0.0312493 0.0316306 0.0355219 0.0304500 0.0259455 0.0257842 0.0300763 0.0287689 0.0299636 0.0307616 0.0310420 0.0307772 0.0290847 0.0337826 0.0225943 0.0299408 0.0286408 0.0309831 0.0285599 0.0270655 0.0249123 0.0251722 0.0267000 0.0255826 0.0000000 0.0315999 0.0305981 0.0270129 0.0246002 0.0349776 0.0242157 0.0254054 0.0238894 0.0279488 0.0267592 0.0258112 0.0297988 0.0311526 0.0260702 0.0328584 0.0325969 0.0291672 0.0289447 0.0254600 0.0339678 0.0359112 0.0270913 0.0272277 0.0309092 0.0343137 0.0321124 0.0328075 0.0224192 0.0306442 0.0275414 0.0321745 0.0306474 0.0322356 0.0253789 0.0315983 0.0357128 0.0331515 0.0325591 0.0313388 0.0284165 
pop2.indv11 0.0289973 0.0281523 0.0321919 0.0334933 0.0358851 0.0308251 0.0289911 0.0330543 0.0312874 0.0336474 0.0259092 0.0325689 0.0401333 0.0337756 0.0368042 0.0368025 0.0354063 0.0325540 0.0327098 0.0324875 0.0321720 0.0305475 0.0302410 0.0349721 0.0345800 0.0317678 0.0317824 0.0290430 0.0296103 0.0304413 0.0319457 0.0267381 0.0345077 0.0310396 0.0315999 0.0000000 0.0320955 0.0311725 0.0261103 0.0300423 0.0269833 0.0331515 0.0316742 0.0266426 0.0335387 0.0313202 0.0353625 0.0337513 0.0300729 0.0372121 0.0384651 0.0339820 0.0351535 0.0360306 0.0301694 0.0395734 0.0291580 0.0334778 0.0404200 0.0338969 0.0349355 0.0355313 0.0319339 0.0334588 0.0388009 0.0345675 0.0353258 0.0356006 0.0340270 0.0308391 0.0364526 0.0390065 0.0365134 0.0373573 0.0370660 
pop2.indv12 0.0332516 0.0336582 0.0359739 0.0325974 0.0308155 0.0312221 0.0323667 0.0290614 0.0305245 0.0353062 0.0316642 0.0346486 0.0381562 0.0355861 0.0312810 0.0315977 0.0338931 0.0278705 0.0340170 0.0352918 0.0306676 0.0309085 0.0310706 0.0303089 0.0286170 0.0284794 0.0338749 0.0306037 0.0307500 0.0290135 0.0327712 0.0276681 0.0332380 0.0296096 0.0305981 0.0320955 0.0000000 0.0306158 0.0247740 0.0317281 0.0244065 0.0308638 0.0314185 0.0295657 0.0295647 0.0364811 0.0251670 0.0287989 0.0315182 0.0347675 0.0253721 0.0312076 0.0344209 0.0279507 0.0360593 0.0321170 0.0251202 0.0385290 0.0374467 0.0283891 0.0294518 0.0328869 0.0316349 0.0316642 0.0333283 0.0299767 0.0383793 0.0344776 0.0327611 0.0278075 0.0319829 0.0423165 0.0282124 0.0305273 0.0280114 
pop2.indv13 0.0265185 0.0301820 0.0227113 0.0262501 0.0312666 0.0239931 0.0312206 0.0312429 0.0265631 0.0308921 0.0283402 0.0288613 0.0330595 0.0295970 0.0262709 0.0290788 0.0306238 0.0262101 0.0277360 0.0316193 0.0248545 0.0286336 0.0324808 0.0338952 0.0248607 0.0321073 0.0282878 0.0252604 0.0292075 0.0281695 0.0261501 0.0260936 0.0285714 0.0284419 0.0270129 0.0311725 0.0306158 0.0000000 0.0238903 0.0279161 0.0231408 0.0278796 0.0285586 0.0291434 0.0293381 0.0265451 0.0281147 0.0313169 0.0229374 0.0274460 0.0256233 0.0301553 0.0297062 0.0261310 0.0327013 0.0280867 0.0284468 0.0286801 0.0338652 0.0255259 0.0289235 0.0313785 0.0256673 0.0340259 0.0354908 0.0301104 0.0319672 0.0266897 0.0280468 0.0321156 0.0318295 0.0363758 0.0300290 0.0287438 0.0304223 
pop2.indv14 0.0262253 0.0274553 0.0277026 0.0259080 0.0253192 0.0307902 0.0303029 0.0316935 0.0276423 0.0275992 0.0325357 0.0252341 0.0299875 0.0309237 0.0322834 0.0269216 0.0294053 0.0288344 0.0329915 0.0266273 0.0278907 0.0291042 0.0310096 0.0336959 0.0291257 0.0271599 0.0318262 0.0287920 0.0316692 0.0271899 0.0247487 0.0189289 0.0326291 0.0319652 0.0246002 0.0261103 0.0247740 0.0238903 0.0000000 0.0294346 0.0222972 0.0342270 0.0289349 0.0282994 0.0258952 0.0278529 0.0305384 0.0291669 0.0260990 0.0323100 0.0300942 0.0292276 0.0304882 0.0268371 0.0232453 0.0307085 0.0298927 0.0273188 0.0370478 0.0273176 0.0322722 0.0316481 0.0240851 0.0355534 0.0310452 0.0323698 0.0340506 0.0327316 0.0314444 0.0294201 0.0299598 0.0333147 0.0305618 0.0307051 0.0322243 
pop2.indv15 0.0314832 0.0326184 0.0264080 0.0306045 0.0309646 0.0316255 0.0286666 0.0327664 0.0277166 0.0316159 0.0321255 0.0254097 0.0360257 0.0327228 0.0315103 0.0302347 0.0355767 0.0257494 0.0318331 0.0354092 0.0287267 0.0323126 0.0327879 0.0331208 0.0270367 0.0290740 0.0307574 0.0270035 0.0300835 0.0274621 0.0290006 0.0308016 0.0317597 0.0316913 0.0349776 0.0300423 0.0317281 0.0279161 0.0294346 0.0000000 0.0277005 0.0278907 0.0301167 0.0268869 0.0292616 0.0297761 0.0263627 0.0326409 0.0314864 0.0344472 0.0305524 0.0319257 0.0304072 0.0242892 0.0314554 0.0333781 0.0282956 0.0329223 0.0356180 0.0297412 0.0291719 0.0321056 0.0261779 0.0327485 0.0296947 0.0331668 0.0298373 0.0309504 0.0307844 0.0309425 0.0318744 0.0327503 0.0279896 0.0324179 0.0348595 
pop2.indv16 0.0245233 0.0280897 0.0281134 0.0252935 0.0264250 0.0266562 0.0286146 0.0257958 0.0259570 0.0294385 0.0248547 0.0279813 0.0306125 0.0303089 0.0305492 0.0313290 0.0299050 0.0225898 0.0278425 0.0267608 0.0215498 0.0315927 0.0300351 0.0341161 0.0292610 0.0251852 0.0326359 0.0277426 0.0255468 0.0234927 0.0275057 0.0262811 0.0251454 0.0271002 0.0242157 0.0269833 0.0244065 0.0231408 0.0222972 0.0277005 0.0000000 0.0316468 0.0259027 0.0283339 0.0286355 0.0233733 0.0258952 0.0240196 0.0297731 0.0355663 0.0278409 0.0304882 0.0310391 0.0200066 0.0320614 0.0329866 0.0231841 0.0250398 0.0333407 0.0293466 0.0311947 0.0303929 0.0280834 0.0275380 0.0373240 0.0285699 0.0315282 0.0269411 0.0287377 0.0251800 0.0328014 0.0343510 0.0289711 0.0311275 0.0301872 
pop2.indv17 0.0309722 0.0291224 0.0298610 0.0341653 0.0301903 0.0289556 0.0284177 0.0338741 0.0291670 0.0361276 0.0293778 0.0295141 0.0385709 0.0299233 0.0348267 0.0324869 0.0258638 0.0258952 0.0331378 0.0292876 0.0294310 0.0302603 0.0353984 0.0354044 0.0313417 0.0291858 0.0302708 0.0356435 0.0286738 0.0294724 0.0270051 0.0254790 0.0256758 0.0291203 0.0254054 0.0331515 0.0308638 0.0278796 0.0342270 0.0278907 0.0316468 0.0000000 0.0292610 0.0296800 0.0302544 0.0308234 0.0282382 0.0320562 0.0360372 0.0334986 0.0284594 0.0327250 0.0267398 0.0272444 0.0346059 0.0386157 0.0304453 0.0301173 0.0354815 0.0329028 0.0381521 0.0299463 0.0308645 0.0310993 0.0287529 0.0339886 0.0295995 0.0297401 0.0327763 0.0284916 0.0313417 0.0322752 0.0283530 0.0325291 0.0350201 
pop2.indv18 0.0280165 0.0277196 0.0233037 0.0229391 0.0247171 0.0314791 0.0260784 0.0300627 0.0282798 0.0314263 0.0234680 0.0274145 0.0355626 0.0331531 0.0241003 0.0306406 0.0290624 0.0292290 0.0318451 0.0300871 0.0230877 0.0300200 0.0309408 0.0325678 0.0258666 0.0284232 0.0273017 0.0265157 0.0251623 0.0248326 0.0268070 0.0261528 0.0338563 0.0277435 0.0238894 0.0316742 0.0314185 0.0285586 0.0289349 0.0301167 0.0259027 0.0292610 0.0000000 0.0299081 0.0199828 0.0301726 0.0261555 0.0300669 0.0249226 0.0298068 0.0281548 0.0243353 0.0255525 0.0263846 0.0289777 0.0311471 0.0247955 0.0259059 0.0305038 0.0335023 0.0259242 0.0349057 0.0239567 0.0286243 0.0315410 0.0271968 0.0330773 0.0232626 0.0346074 0.0314269 0.0307743 0.0310221 0.0270599 0.0291964 0.0290851 
pop2.indv19 0.0290328 0.0293330 0.0256296 0.0299129 0.0264955 0.0302126 0.0262468 0.0391380 0.0273707 0.0329749 0.0312655 0.0326124 0.0344988 0.0318572 0.0328365 0.0359317 0.0343188 0.0275329 0.0277178 0.0306463 0.0272573 0.0301373 0.0314814 0.0313688 0.0338810 0.0395801 0.0294991 0.0304178 0.0345932 0.0306503 0.0273391 0.0314312 0.0299612 0.0343030 0.0279488 0.0266426 0.0295657 0.0291434 0.0282994 0.0268869 0.0283339 0.0296800 0.0299081 0.0000000 0.0350241 0.0298641 0.0303169 0.0299337 0.0340549 0.0272362 0.0292041 0.0341888 0.0280153 0.0282949 0.0329088 0.0300180 0.0313816 0.0318825 0.0377749 0.0300550 0.0329436 0.0311685 0.0272468 0.0323632 0.0354347 0.0334325 0.0365806 0.0307734 0.0324660 0.0283756 0.0292041 0.0365998 0.0350953 0.0336734 0.0309504 
pop2.indv20 0.0279631 0.0300151 0.0281846 0.0270051 0.0275024 0.0284497 0.0282128 0.0314806 0.0275165 0.0319939 0.0290520 0.0306494 0.0320505 0.0343847 0.0296351 0.0314563 0.0328733 0.0284685 0.0338331 0.0318924 0.0261903 0.0305250 0.0342960 0.0377911 0.0268064 0.0327194 0.0273267 0.0293441 0.0262269 0.0265916 0.0285216 0.0254539 0.0263561 0.0322259 0.0267592 0.0335387 0.0295647 0.0293381 0.0258952 0.0292616 0.0286355 0.0302544 0.0199828 0.0350241 0.0000000 0.0289114 0.0293160 0.0285712 0.0286059 0.0265620 0.0305739 0.0296107 0.0274222 0.0227368 0.0314119 0.0297418 0.0269914 0.0245857 0.0339082 0.0277201 0.0302909 0.0308595 0.0282822 0.0277556 0.0339574 0.0262941 0.0318052 0.0307145 0.0314087 0.0290258 0.0308485 0.0270986 0.0308829 0.0294255 0.0377956 
pop2.indv21 0.0302813 0.0298317 0.0292045 0.0298930 0.0307531 0.0325168 0.0298220 0.0363558 0.0274347 0.0373310 0.0300613 0.0350771 0.0356255 0.0336872 0.0326980 0.0257655 0.0340899 0.0272068 0.0322134 0.0266592 0.0305304 0.0320958 0.0337860 0.0348013 0.0337789 0.0349216 0.0312143 0.0252877 0.0297595 0.0280323 0.0293750 0.0310566 0.0313752 0.0310818 0.0258112 0.0313202 0.0364811 0.0265451 0.0278529 0.0297761 0.0233733 0.0308234 0.0301726 0.0298641 0.0289114 0.0000000 0.0315912 0.0354082 0.0291003 0.0302815 0.0306600 0.0309776 0.0300644 0.0286664 0.0279009 0.0305570 0.0225866 0.0326159 0.0340453 0.0331067 0.0370944 0.0370478 0.0290522 0.0302798 0.0310865 0.0323117 0.0335530 0.0303651 0.0319161 0.0324300 0.0308185 0.0328195 0.0269813 0.0323797 0.0351930 
pop2.indv22 0.0261730 0.0302456 0.0277207 0.0271054 0.0281925 0.0280439 0.0283845 0.0276566 0.0265828 0.0288500 0.0281880 0.0304600 0.0301815 0.0318344 0.0300412 0.0278441 0.0326458 0.0254764 0.0307054 0.0275414 0.0297775 0.0310600 0.0305616 0.0339713 0.0259951 0.0271899 0.0258487 0.0288618 0.0282039 0.0288892 0.0286873 0.0256450 0.0323282 0.0239878 0.0297988 0.0353625 0.0251670 0.0281147 0.0305384 0.0263627 0.0258952 0.0282382 0.0261555 0.0303169 0.0293160 0.0315912 0.0000000 0.0283581 0.0231594 0.0385728 0.0273316 0.0275669 0.0295759 0.0330154 0.0310865 0.0300951 0.0258701 0.0283929 0.0308013 0.0320527 0.0304446 0.0293751 0.0261895 0.0295337 0.0342023 0.0291284 0.0303034 0.0315053 0.0297024 0.0244221 0.0253318 0.0329368 0.0275741 0.0300681 0.0262599 
pop2.indv23 0.0337513 0.0309040 0.0304393 0.0277585 0.0295019 0.0326893 0.0324432 0.0307810 0.0294075 0.0347266 0.0293656 0.0314070 0.0397758 0.0327533 0.0305113 0.0347527 0.0369420 0.0264442 0.0299651 0.0320986 0.0316854 0.0360146 0.0324062 0.0391401 0.0293493 0.0297456 0.0332456 0.0327145 0.0287860 0.0326542 0.0250644 0.0298607 0.0300346 0.0331498 0.0311526 0.0337513 0.0287989 0.0313169 0.0291669 0.0326409 0.0240196 0.0320562 0.0300669 0.0299337 0.0285712 0.0354082 0.0283581 0.0000000 0.0274524 0.0315197 0.0314537 0.0309340 0.0298381 0.0311555 0.0310371 0.0332149 0.0318686 0.0301536 0.0425968 0.0290015 0.0279796 0.0319931 0.0314644 0.0319128 0.0384719 0.0352671 0.0310765 0.0323932 0.0320299 0.0346451 0.0366135 0.0328550 0.0328180 0.0344723 0.0317823 
pop2.indv24 0.0288529 0.0280124 0.0235792 0.0284147 0.0280752 0.0314858 0.0291875 0.0303089 0.0306526 0.0335488 0.0313121 0.0285696 0.0348653 0.0322454 0.0265801 0.0285608 0.0343065 0.0317628 0.0266662 0.0283282 0.0297701 0.0347873 0.0311038 0.0334813 0.0312833 0.0273803 0.0262748 0.0304878 0.0341021 0.0270509 0.0285267 0.0294093 0.0308814 0.0314772 0.0260702 0.0300729 0.0315182 0.0229374 0.0260990 0.0314864 0.0297731 0.0360372 0.0249226 0.0340549 0.0286059 0.0291003 0.0231594 0.0274524 0.0000000 0.0358082 0.0291935 0.0324467 0.0317242 0.0272611 0.0304426 0.0304859 0.0286284 0.0319490 0.0324099 0.0285102 0.0303331 0.0329865 0.0224893 0.0299674 0.0322044 0.0337115 0.0297716 0.0291669 0.0268697 0.0261050 0.0318551 0.0341071 0.0286293 0.0325090 0.0329670 
pop2.indv25 0.0261213 0.0299671 0.0270827 0.0344992 0.0320057 0.0305620 0.0330274 0.0387754 0.0304661 0.0388105 0.0331825 0.0340947 0.0382406 0.0357997 0.0273776 0.0308107 0.0347159 0.0301723 0.0304496 0.0333833 0.0319537 0.0311322 0.0318361 0.0391770 0.0297292 0.0322387 0.0274934 0.0273239 0.0297536 0.0377949 0.0297340 0.0271921 0.0321504 0.0325657 0.0328584 0.0372121 0.0347675 0.0274460 0.0323100 0.0344472 0.0355663 0.0334986 0.0298068 0.0272362 0.0265620 0.0302815 0.0385728 0.0315197 0.0358082 0.0000000 0.0264362 0.0320388 0.0313430 0.0269889 0.0315006 0.0333286 0.0294669 0.0298297 0.0376824 0.0273430 0.0344037 0.0364892 0.0274496 0.0311792 0.0288112 0.0345567 0.0360362 0.0299437 0.0343421 0.0302579 0.0358795 0.0333165 0.0318679 0.0299477 0.0288401 
pop3.indv1  0.0313801 0.0325138 0.0285960 0.0280664 0.0299006 0.0368487 0.0293928 0.0375409 0.0320351 0.0358926 0.0324986 0.0338924 0.0332670 0.0352986 0.0303711 0.0392634 0.0333593 0.0311749 0.0349185 0.0315871 0.0314169 0.0311911 0.0344774 0.0336838 0.0301369 0.0341407 0.0323701 0.0284828 0.0281093 0.0312961 0.0293027 0.0261664 0.0363123 0.0336628 0.0325969 0.0384651 0.0253721 0.0256233 0.0300942 0.0305524 0.0278409 0.0284594 0.0281548 0.0292041 0.0305739 0.0306600 0.0273316 0.0314537 0.0291935 0.0264362 0.0000000 0.0267430 0.0252836 0.0271951 0.0339625 0.0344492 0.0235146 0.0304657 0.0307007 0.0307337 0.0293748 0.0296619 0.0247499 0.0290298 0.0333978 0.0306488 0.0344956 0.0267426 0.0287604 0.0312748 0.0313432 0.0322519 0.0281768 0.0319714 0.0320050 
pop3.indv2  0.0287682 0.0326217 0.0230540 0.0279465 0.0309913 0.0334707 0.0296562 0.0308173 0.0312688 0.0320542 0.0262705 0.0335197 0.0366054 0.0311150 0.0281502 0.0298102 0.0386743 0.0296178 0.0306735 0.0386092 0.0333339 0.0306646 0.0320295 0.0332016 0.0335982 0.0310383 0.0304272 0.0252069 0.0312302 0.0309935 0.0302812 0.0307373 0.0296701 0.0312093 0.0291672 0.0339820 0.0312076 0.0301553 0.0292276 0.0319257 0.0304882 0.0327250 0.0243353 0.0341888 0.0296107 0.0309776 0.0275669 0.0309340 0.0324467 0.0320388 0.0267430 0.0000000 0.0252260 0.0224472 0.0317937 0.0322555 0.0298138 0.0285238 0.0306416 0.0278696 0.0280615 0.0296437 0.0266798 0.0297730 0.0327283 0.0283810 0.0355556 0.0297485 0.0322438 0.0266306 0.0281381 0.0319921 0.0277577 0.0284971 0.0280133 
