75
pop1.indv1  0.0000000 0.0277232 0.0262985 0.0347586 0.0267785 0.0306031 0.0294156 0.0298034 0.0240421 0.0308974 0.0263099 0.0323239 0.0296787 0.0317803 0.0264142 0.0313260 0.0296769 0.0242745 0.0240656 0.0252516 0.0280132 0.0341073 0.0307696 0.0275168 0.0248541 0.0335782 0.0285475 0.0286761 0.0301921 0.0301047 0.0251030 0.0266207 0.0311523 0.0270672 0.0305747 0.0311753 0.0330701 0.0215370 0.0271265 0.0347654 0.0268287 0.0242144 0.0317080 0.0261465 0.0270127 0.0307018 0.0290768 0.0299693 0.0285128 0.0277423 0.0298189 0.0324326 0.0316485 0.0295263 0.0273531 0.0336074 0.0298334 0.0291728 0.0406445 0.0304063 0.0317972 0.0375578 0.0294194 0.0300037 0.0319857 0.0315086 0.0327462 0.0283525 0.0313404 0.0343899 0.0344863 0.0350031 0.0309506 0.0303263 0.0298664 
pop1.indv2  0.0277232 0.0000000 0.0291304 0.0277142 0.0263303 0.0274243 0.0267887 0.0276696 0.0239142 0.0291243 0.0261361 0.0313779 0.0291772 0.0324841 0.0264560 0.0315747 0.0263268 0.0252297 0.0269926 0.0287480 0.0262385 0.0278859 0.0295928 0.0294327 0.0275737 0.0313861 0.0314732 0.0309759 0.0311235 0.0275640 0.0245541 0.0229659 0.0243248 0.0289295 0.0234203 0.0306694 0.0312715 0.0239935 0.0276208 0.0313577 0.0278564 0.0200202 0.0268476 0.0250911 0.0308160 0.0266679 0.0327609 0.0327892 0.0274553 0.0354614 0.0294469 0.0328508 0.0297062 0.0299058 0.0319200 0.0335548 0.0304030 0.0292749 0.0378458 0.0286433 0.0319913 0.0316217 0.0250655 0.0275300 0.0325028 0.0278266 0.0345462 0.0296369 0.0260036 0.0315657 0.0338864 0.0313225 0.0296063 0.0296251 0.0286889 
pop1.indv3  0.0262985 0.0291304 0.0000000 0.0264883 0.0272309 0.0268660 0.0258742 0.0289670 0.0227186 0.0258017 0.0224397 0.0316746 0.0268182 0.0314231 0.0264010 0.0285376 0.0258961 0.0282251 0.0277772 0.0276878 0.0294718 0.0295776 0.0265138 0.0280357 0.0289252 0.0288026 0.0278161 0.0342743 0.0295171 0.0305075 0.0304710 0.0223016 0.0293922 0.0316053 0.0302450 0.0317365 0.0337326 0.0190156 0.0302962 0.0334956 0.0370349 0.0282461 0.0246248 0.0245210 0.0257965 0.0280960 0.0302102 0.0341139 0.0232322 0.0266176 0.0297617 0.0275247 0.0272272 0.0247877 0.0301458 0.0347514 0.0228961 0.0320702 0.0362904 0.0340673 0.0245027 0.0322973 0.0232224 0.0321513 0.0281263 0.0310589 0.0318507 0.0299623 0.0268345 0.0302036 0.0319901 0.0327293 0.0266533 0.0308851 0.0304739 
pop1.indv4  0.0347586 0.0277142 0.0264883 0.0000000 0.0256652 0.0292360 0.0263914 0.0284512 0.0247068 0.0347813 0.0304367 0.0256947 0.0311657 0.0308495 0.0266677 0.0300856 0.0308445 0.0224387 0.0290551 0.0288029 0.0251562 0.0278978 0.0311734 0.0286352 0.0277772 0.0289536 0.0284162 0.0321887 0.0314643 0.0257203 0.0311714 0.0256636 0.0259146 0.0343233 0.0336405 0.0376134 0.0294325 0.0226003 0.0319891 0.0345080 0.0287286 0.0313455 0.0237317 0.0289906 0.0308170 0.0280933 0.0299595 0.0342083 0.0311220 0.0350851 0.0291663 0.0313992 0.0330992 0.0273377 0.0248921 0.0340438 0.0294927 0.0284570 0.0376012 0.0368810 0.0323028 0.0366084 0.0247088 0.0289730 0.0298032 0.0305717 0.0362745 0.0300322 0.0332934 0.0318732 0.0307974 0.0375004 0.0305867 0.0353562 0.0321082 
pop1.indv5  0.0267785 0.0263303 0.0272309 0.0256652 0.0000000 0.0286865 0.0294447 0.0254103 0.0262875 0.0295441 0.0275178 0.0314945 0.0348225 0.0302163 0.0319424 0.0312445 0.0307220 0.0237144 0.0333954 0.0244690 0.0295583 0.0284920 0.0278409 0.0285606 0.0280842 0.0333698 0.0335573 0.0261543 0.0323421 0.0331039 0.0229756 0.0211857 0.0349626 0.0316488 0.0295534 0.0325268 0.0312710 0.0257491 0.0301791 0.0297193 0.0312534 0.0305154 0.0294026 0.0255461 0.0272136 0.0287250 0.0356873 0.0224991 0.0358734 0.0322063 0.0312902 0.0295895 0.0285543 0.0278021 0.0301571 0.0369483 0.0288239 0.0294018 0.0335900 0.0331974 0.0318870 0.0318562 0.0293195 0.0288500 0.0345633 0.0336319 0.0287336 0.0333191 0.0310034 0.0252233 0.0302724 0.0321027 0.0319182 0.0268262 0.0305903 
pop1.indv6  0.0306031 0.0274243 0.0268660 0.0292360 0.0286865 0.0000000 0.0281028 0.0314283 0.0263473 0.0294463 0.0305380 0.0286573 0.0330698 0.0338639 0.0289643 0.0293117 0.0286381 0.0289703 0.0316937 0.0288356 0.0268550 0.0287433 0.0308598 0.0329993 0.0289595 0.0289689 0.0324291 0.0362214 0.0341550 0.0320346 0.0305878 0.0289892 0.0286598 0.0295372 0.0293542 0.0336576 0.0326517 0.0265898 0.0297152 0.0368074 0.0335075 0.0284274 0.0333618 0.0250829 0.0261821 0.0295199 0.0288014 0.0285933 0.0385409 0.0262295 0.0365553 0.0351693 0.0378143 0.0306260 0.0360040 0.0316610 0.0302561 0.0338799 0.0384494 0.0349533 0.0351530 0.0370966 0.0253838 0.0329332 0.0325147 0.0335834 0.0337637 0.0304230 0.0306451 0.0336776 0.0309677 0.0380739 0.0300921 0.0382511 0.0364278 
pop1.indv7  0.0294156 0.0267887 0.0258742 0.0263914 0.0294447 0.0281028 0.0000000 0.0255230 0.0240384 0.0287728 0.0276957 0.0286191 0.0320232 0.0345293 0.0242941 0.0253981 0.0390700 0.0219000 0.0283290 0.0275794 0.0293676 0.0269516 0.0306081 0.0258620 0.0293232 0.0278196 0.0246118 0.0262103 0.0280702 0.0201630 0.0269405 0.0206789 0.0349627 0.0362659 0.0278878 0.0277220 0.0250042 0.0253932 0.0299467 0.0303741 0.0290523 0.0256843 0.0268279 0.0291915 0.0278379 0.0259331 0.0259608 0.0272294 0.0337012 0.0324943 0.0269869 0.0285684 0.0254420 0.0272660 0.0249532 0.0315394 0.0246111 0.0264103 0.0349286 0.0324904 0.0321244 0.0317119 0.0242607 0.0322983 0.0283106 0.0270225 0.0314910 0.0287944 0.0295449 0.0281675 0.0307378 0.0363368 0.0244491 0.0336969 0.0282857 
pop1.indv8  0.0298034 0.0276696 0.0289670 0.0284512 0.0254103 0.0314283 0.0255230 0.0000000 0.0250603 0.0303301 0.0274856 0.0300644 0.0278662 0.0306239 0.0270832 0.0284809 0.0297461 0.0287223 0.0273594 0.0284911 0.0251911 0.0314155 0.0299640 0.0273439 0.0308727 0.0311225 0.0277608 0.0278088 0.0426598 0.0256363 0.0289559 0.0260694 0.0329041 0.0264864 0.0284159 0.0252765 0.0262517 0.0243451 0.0321136 0.0342677 0.0288843 0.0226538 0.0368277 0.0339515 0.0314945 0.0354924 0.0301481 0.0341044 0.0321972 0.0349805 0.0326996 0.0286273 0.0321379 0.0279341 0.0299957 0.0305810 0.0291509 0.0276965 0.0340350 0.0334993 0.0362969 0.0326318 0.0282405 0.0288405 0.0333689 0.0304215 0.0318829 0.0322618 0.0314458 0.0298862 0.0385901 0.0381337 0.0282234 0.0354400 0.0301710 
pop1.indv9  0.0240421 0.0239142 0.0227186 0.0247068 0.0262875 0.0263473 0.0240384 0.0250603 0.0000000 0.0293986 0.0305847 0.0275003 0.0287567 0.0277523 0.0286147 0.0303371 0.0327774 0.0272846 0.0269248 0.0257300 0.0209388 0.0318262 0.0280135 0.0332423 0.0239518 0.0278025 0.0266669 0.0329966 0.0280711 0.0303523 0.0304076 0.0278953 0.0309997 0.0262044 0.0316212 0.0278703 0.0248966 0.0227927 0.0316458 0.0315202 0.0307748 0.0285899 0.0305939 0.0225010 0.0284514 0.0257976 0.0286773 0.0269712 0.0302310 0.0318068 0.0318804 0.0347835 0.0351945 0.0254358 0.0307789 0.0374554 0.0255535 0.0312385 0.0354387 0.0333591 0.0369559 0.0352845 0.0285250 0.0286451 0.0330082 0.0285396 0.0315330 0.0317539 0.0332178 0.0271105 0.0317119 0.0395385 0.0299178 0.0330637 0.0311923 
pop1.indv10 0.0308974 0.0291243 0.0258017 0.0347813 0.0295441 0.0294463 0.0287728 0.0303301 0.0293986 0.0000000 0.0314643 0.0301405 0.0375245 0.0301709 0.0275964 0.0327339 0.0330204 0.0286403 0.0290553 0.0319565 0.0300435 0.0307410 0.0347727 0.0340169 0.0337356 0.0346448 0.0453871 0.0290328 0.0381396 0.0332818 0.0273660 0.0296445 0.0323013 0.0370619 0.0403320 0.0304836 0.0356798 0.0288612 0.0269892 0.0339612 0.0323058 0.0329114 0.0267033 0.0327850 0.0331637 0.0388026 0.0241622 0.0376909 0.0366317 0.0392408 0.0378931 0.0349357 0.0353022 0.0314758 0.0366674 0.0381125 0.0330293 0.0340082 0.0411465 0.0369537 0.0379388 0.0380879 0.0315321 0.0363870 0.0354095 0.0372864 0.0390756 0.0333410 0.0379061 0.0355982 0.0354220 0.0378775 0.0337244 0.0388038 0.0371521 
pop1.indv11 0.0263099 0.0261361 0.0224397 0.0304367 0.0275178 0.0305380 0.0276957 0.0274856 0.0305847 0.0314643 0.0000000 0.0265182 0.0309729 0.0311597 0.0266444 0.0316409 0.0320348 0.0269128 0.0291709 0.0292460 0.0260751 0.0304673 0.0313292 0.0295183 0.0249937 0.0246927 0.0280750 0.0283616 0.0256562 0.0244443 0.0311509 0.0251239 0.0331022 0.0335447 0.0283849 0.0243153 0.0360861 0.0281659 0.0381934 0.0299513 0.0239303 0.0313305 0.0256183 0.0297780 0.0281922 0.0259843 0.0328684 0.0295232 0.0307419 0.0252860 0.0339710 0.0265444 0.0306435 0.0270619 0.0299236 0.0359132 0.0262708 0.0294757 0.0387883 0.0286178 0.0290419 0.0337137 0.0306320 0.0341622 0.0328439 0.0303500 0.0344224 0.0253627 0.0322799 0.0310019 0.0338933 0.0326630 0.0310125 0.0311923 0.0318377 
pop1.indv12 0.0323239 0.0313779 0.0316746 0.0256947 0.0314945 0.0286573 0.0286191 0.0300644 0.0275003 0.0301405 0.0265182 0.0000000 0.0278371 0.0304228 0.0288393 0.0310572 0.0269500 0.0278393 0.0265256 0.0288651 0.0279894 0.0350661 0.0333872 0.0335194 0.0276510 0.0294664 0.0376451 0.0330342 0.0328251 0.0273526 0.0233203 0.0281194 0.0327966 0.0382140 0.0293658 0.0352851 0.0372373 0.0246139 0.0255059 0.0304524 0.0277363 0.0283847 0.0330729 0.0333556 0.0270952 0.0343484 0.0321936 0.0375331 0.0313278 0.0331079 0.0332842 0.0352710 0.0319491 0.0291178 0.0316800 0.0358830 0.0309563 0.0340438 0.0399496 0.0350221 0.0331469 0.0396680 0.0272384 0.0354441 0.0282838 0.0352584 0.0369351 0.0305371 0.0314310 0.0347509 0.0315850 0.0385006 0.0294726 0.0303789 0.0339984 
pop1.indv13 0.0296787 0.0291772 0.0268182 0.0311657 0.0348225 0.0330698 0.0320232 0.0278662 0.0287567 0.0375245 0.0309729 0.0278371 0.0000000 0.0289698 0.0308537 0.0362661 0.0380262 0.0327101 0.0331746 0.0272309 0.0271917 0.0348512 0.0322823 0.0310712 0.0300541 0.0348219 0.0360865 0.0318445 0.0356424 0.0306885 0.0261524 0.0318126 0.0323704 0.0342781 0.0321267 0.0370439 0.0393181 0.0293724 0.0294470 0.0373820 0.0332496 0.0302197 0.0390174 0.0336710 0.0344233 0.0310611 0.0344196 0.0387140 0.0347161 0.0331822 0.0342808 0.0364161 0.0370012 0.0320318 0.0366155 0.0292275 0.0331863 0.0338418 0.0355200 0.0307827 0.0342034 0.0379704 0.0295934 0.0369867 0.0338601 0.0365231 0.0355122 0.0328839 0.0342715 0.0329847 0.0368973 0.0414754 0.0368223 0.0375518 0.0365508 
pop1.indv14 0.0317803 0.0324841 0.0314231 0.0308495 0.0302163 0.0338639 0.0345293 0.0306239 0.0277523 0.0301709 0.0311597 0.0304228 0.0289698 0.0000000 0.0282407 0.0319300 0.0366493 0.0261260 0.0335529 0.0324773 0.0252377 0.0340776 0.0288835 0.0321701 0.0328718 0.0334326 0.0352231 0.0376087 0.0305352 0.0333687 0.0289536 0.0315156 0.0372483 0.0316418 0.0309173 0.0296663 0.0354672 0.0291943 0.0359955 0.0313729 0.0318184 0.0269273 0.0352727 0.0316246 0.0302136 0.0350253 0.0277387 0.0380059 0.0354787 0.0292704 0.0338830 0.0340017 0.0344518 0.0304467 0.0322014 0.0341000 0.0288262 0.0355679 0.0390187 0.0347489 0.0361420 0.0326189 0.0286838 0.0355702 0.0355714 0.0317471 0.0342059 0.0345804 0.0356069 0.0328928 0.0376111 0.0344864 0.0367163 0.0395418 0.0346981 
pop1.indv15 0.0264142 0.0264560 0.0264010 0.0266677 0.0319424 0.0289643 0.0242941 0.0270832 0.0286147 0.0275964 0.0266444 0.0288393 0.0308537 0.0282407 0.0000000 0.0307754 0.0292062 0.0284397 0.0243960 0.0289998 0.0289286 0.0255015 0.0240269 0.0291579 0.0285409 0.0275895 0.0254230 0.0253587 0.0310422 0.0269455 0.0255241 0.0240534 0.0278883 0.0329345 0.0275673 0.0298389 0.0327834 0.0238735 0.0295998 0.0298868 0.0298946 0.0294362 0.0196390 0.0278212 0.0283530 0.0334624 0.0287654 0.0235769 0.0302731 0.0260654 0.0300637 0.0294520 0.0281430 0.0268863 0.0261674 0.0317631 0.0297074 0.0285136 0.0415322 0.0302489 0.0271144 0.0337439 0.0263005 0.0340847 0.0294507 0.0292020 0.0322367 0.0262636 0.0265130 0.0302085 0.0313870 0.0328150 0.0299463 0.0305625 0.0360139 
pop1.indv16 0.0313260 0.0315747 0.0285376 0.0300856 0.0312445 0.0293117 0.0253981 0.0284809 0.0303371 0.0327339 0.0316409 0.0310572 0.0362661 0.0319300 0.0307754 0.0000000 0.0347828 0.0269509 0.0339150 0.0282407 0.0292738 0.0331564 0.0314004 0.0299207 0.0327455 0.0333067 0.0407528 0.0319061 0.0347342 0.0292304 0.0281549 0.0265240 0.0277728 0.0309254 0.0269433 0.0384907 0.0346580 0.0281415 0.0267683 0.0369012 0.0384361 0.0290150 0.0347843 0.0335770 0.0320372 0.0270139 0.0314260 0.0394684 0.0285544 0.0300218 0.0391359 0.0315167 0.0340274 0.0318467 0.0289929 0.0341480 0.0304738 0.0312205 0.0389754 0.0356471 0.0379668 0.0351301 0.0348939 0.0347392 0.0358672 0.0342401 0.0408937 0.0335188 0.0276972 0.0341040 0.0360750 0.0324877 0.0314730 0.0386836 0.0330418 
pop1.indv17 0.0296769 0.0263268 0.0258961 0.0308445 0.0307220 0.0286381 0.0390700 0.0297461 0.0327774 0.0330204 0.0320348 0.0269500 0.0380262 0.0366493 0.0292062 0.0347828 0.0000000 0.0304538 0.0355916 0.0282238 0.0316466 0.0286641 0.0371704 0.0330375 0.0297786 0.0418523 0.0341194 0.0422350 0.0432409 0.0292389 0.0281512 0.0267206 0.0307480 0.0402189 0.0267906 0.0381274 0.0332647 0.0295585 0.0294538 0.0390479 0.0346001 0.0310418 0.0318135 0.0347118 0.0367835 0.0308748 0.0332005 0.0333726 0.0382510 0.0294364 0.0333006 0.0363155 0.0410021 0.0319566 0.0357917 0.0338482 0.0292049 0.0308007 0.0397708 0.0365171 0.0386228 0.0380501 0.0283531 0.0345839 0.0382990 0.0335115 0.0376430 0.0304183 0.0342808 0.0275565 0.0357518 0.0391210 0.0330419 0.0349851 0.0373235 
pop1.indv18 0.0242745 0.0252297 0.0282251 0.0224387 0.0237144 0.0289703 0.0219000 0.0287223 0.0272846 0.0286403 0.0269128 0.0278393 0.0327101 0.0261260 0.0284397 0.0269509 0.0304538 0.0000000 0.0257410 0.0246926 0.0236016 0.0237128 0.0268530 0.0298029 0.0256491 0.0272561 0.0286687 0.0293631 0.0272844 0.0268518 0.0288310 0.0308324 0.0334764 0.0330406 0.0306154 0.0318790 0.0287933 0.0218137 0.0297298 0.0279290 0.0232596 0.0283178 0.0324416 0.0276957 0.0262964 0.0288029 0.0247925 0.0224967 0.0324001 0.0276395 0.0309816 0.0303145 0.0265792 0.0275284 0.0281844 0.0317786 0.0302517 0.0294210 0.0356846 0.0336211 0.0334684 0.0302772 0.0228274 0.0270681 0.0322026 0.0287379 0.0319436 0.0266168 0.0286514 0.0285040 0.0270913 0.0344544 0.0310652 0.0369860 0.0284824 
pop1.indv19 0.0240656 0.0269926 0.0277772 0.0290551 0.0333954 0.0316937 0.0283290 0.0273594 0.0269248 0.0290553 0.0291709 0.0265256 0.0331746 0.0335529 0.0243960 0.0339150 0.0355916 0.0257410 0.0000000 0.0270172 0.0274886 0.0314311 0.0307574 0.0336281 0.0299265 0.0301913 0.0304061 0.0344553 0.0324887 0.0345824 0.0255844 0.0301486 0.0319893 0.0305384 0.0345486 0.0262809 0.0350780 0.0233347 0.0379325 0.0259199 0.0303415 0.0332486 0.0328397 0.0300508 0.0378358 0.0319380 0.0267271 0.0319785 0.0305493 0.0295115 0.0335147 0.0299416 0.0285693 0.0314003 0.0311614 0.0343445 0.0300597 0.0322586 0.0405721 0.0318009 0.0330778 0.0327539 0.0263596 0.0343545 0.0288187 0.0342459 0.0368751 0.0267056 0.0305597 0.0360288 0.0347571 0.0383483 0.0321071 0.0369709 0.0354509 
pop1.indv20 0.0252516 0.0287480 0.0276878 0.0288029 0.0244690 0.0288356 0.0275794 0.0284911 0.0257300 0.0319565 0.0292460 0.0288651 0.0272309 0.0324773 0.0289998 0.0282407 0.0282238 0.0246926 0.0270172 0.0000000 0.0261602 0.0284583 0.0295634 0.0345868 0.0296582 0.0362185 0.0329936 0.0373766 0.0329127 0.0277910 0.0247448 0.0219762 0.0418861 0.0247856 0.0284195 0.0376883 0.0361574 0.0264304 0.0281958 0.0321655 0.0295455 0.0286021 0.0285377 0.0274614 0.0326739 0.0253087 0.0281436 0.0383005 0.0333832 0.0395319 0.0334287 0.0382553 0.0293072 0.0257750 0.0268832 0.0306604 0.0298875 0.0294251 0.0341720 0.0318408 0.0291491 0.0301558 0.0337973 0.0298578 0.0321756 0.0313860 0.0332253 0.0315898 0.0312033 0.0287582 0.0287197 0.0400383 0.0312772 0.0328057 0.0312967 
pop1.indv21 0.0280132 0.0262385 0.0294718 0.0251562 0.0295583 0.0268550 0.0293676 0.0251911 0.0209388 0.0300435 0.0260751 0.0279894 0.0271917 0.0252377 0.0289286 0.0292738 0.0316466 0.0236016 0.0274886 0.0261602 0.0000000 0.0274737 0.0314484 0.0296041 0.0309187 0.0294924 0.0320497 0.0291964 0.0349732 0.0277062 0.0279227 0.0307862 0.0367374 0.0257509 0.0292617 0.0216870 0.0296211 0.0218635 0.0232570 0.0299711 0.0285402 0.0279893 0.0262787 0.0259199 0.0345760 0.0280428 0.0299979 0.0327075 0.0347706 0.0296167 0.0313555 0.0337851 0.0320165 0.0248809 0.0308947 0.0335205 0.0286559 0.0344887 0.0353450 0.0325341 0.0337605 0.0351701 0.0282974 0.0294260 0.0335929 0.0256534 0.0311935 0.0283349 0.0308647 0.0303864 0.0321524 0.0347518 0.0292192 0.0334656 0.0304769 
pop1.indv22 0.0341073 0.0278859 0.0295776 0.0278978 0.0284920 0.0287433 0.0269516 0.0314155 0.0318262 0.0307410 0.0304673 0.0350661 0.0348512 0.0340776 0.0255015 0.0331564 0.0286641 0.0237128 0.0314311 0.0284583 0.0274737 0.0000000 0.0290184 0.0321176 0.0285868 0.0322464 0.0319000 0.0272991 0.0318989 0.0259877 0.0306977 0.0212752 0.0382666 0.0347419 0.0283678 0.0299005 0.0304162 0.0228461 0.0293085 0.0339386 0.0326716 0.0307785 0.0300822 0.0342067 0.0309821 0.0242599 0.0250246 0.0306651 0.0337986 0.0341064 0.0310657 0.0327911 0.0322498 0.0274980 0.0282057 0.0294469 0.0266161 0.0328454 0.0390947 0.0341975 0.0300581 0.0320638 0.0254351 0.0301252 0.0346916 0.0324432 0.0339645 0.0305137 0.0316138 0.0296089 0.0280841 0.0375580 0.0328671 0.0373245 0.0335867 
pop1.indv23 0.0307696 0.0295928 0.0265138 0.0311734 0.0278409 0.0308598 0.0306081 0.0299640 0.0280135 0.0347727 0.0313292 0.0333872 0.0322823 0.0288835 0.0240269 0.0314004 0.0371704 0.0268530 0.0307574 0.0295634 0.0314484 0.0290184 0.0000000 0.0344724 0.0301834 0.0364804 0.0354813 0.0350987 0.0291928 0.0322943 0.0296503 0.0310042 0.0299518 0.0412053 0.0292824 0.0318251 0.0327379 0.0280323 0.0301723 0.0396061 0.0382354 0.0313608 0.0361197 0.0292281 0.0331971 0.0376944 0.0327875 0.0333282 0.0346937 0.0257899 0.0365051 0.0322035 0.0322753 0.0304901 0.0330361 0.0424832 0.0296928 0.0326932 0.0367260 0.0314946 0.0365319 0.0356293 0.0304124 0.0354741 0.0333182 0.0323563 0.0372747 0.0366797 0.0330551 0.0327412 0.0342801 0.0336468 0.0353062 0.0363862 0.0347419 
pop1.indv24 0.0275168 0.0294327 0.0280357 0.0286352 0.0285606 0.0329993 0.0258620 0.0273439 0.0332423 0.0340169 0.0295183 0.0335194 0.0310712 0.0321701 0.0291579 0.0299207 0.0330375 0.0298029 0.0336281 0.0345868 0.0296041 0.0321176 0.0344724 0.0000000 0.0309880 0.0353200 0.0375734 0.0318143 0.0301666 0.0327340 0.0292429 0.0282763 0.0364763 0.0347397 0.0265804 0.0353523 0.0276555 0.0295647 0.0333561 0.0358113 0.0338507 0.0332324 0.0357148 0.0354819 0.0396827 0.0346937 0.0279860 0.0312192 0.0309501 0.0347305 0.0306766 0.0317561 0.0329331 0.0301651 0.0298204 0.0328058 0.0303860 0.0342041 0.0341383 0.0318475 0.0319582 0.0382443 0.0312044 0.0314234 0.0330717 0.0333464 0.0296836 0.0322821 0.0302667 0.0308594 0.0311656 0.0355796 0.0344106 0.0372929 0.0318866 
pop1.indv25 0.0248541 0.0275737 0.0289252 0.0277772 0.0280842 0.0289595 0.0293232 0.0308727 0.0239518 0.0337356 0.0249937 0.0276510 0.0300541 0.0328718 0.0285409 0.0327455 0.0297786 0.0256491 0.0299265 0.0296582 0.0309187 0.0285868 0.0301834 0.0309880 0.0000000 0.0308648 0.0289926 0.0312603 0.0306790 0.0264411 0.0270978 0.0288554 0.0293053 0.0306858 0.0224129 0.0342811 0.0277560 0.0227725 0.0335087 0.0259751 0.0288587 0.0253924 0.0241898 0.0293410 0.0240579 0.0245581 0.0254816 0.0283071 0.0338234 0.0289024 0.0277909 0.0312939 0.0334678 0.0282203 0.0266732 0.0319774 0.0243340 0.0272551 0.0384095 0.0314279 0.0295542 0.0350747 0.0328307 0.0315237 0.0295918 0.0315917 0.0331704 0.0320166 0.0318290 0.0316779 0.0306104 0.0306910 0.0332528 0.0298987 0.0321633 
pop2.indv1  0.0335782 0.0313861 0.0288026 0.0289536 0.0333698 0.0289689 0.0278196 0.0311225 0.0278025 0.0346448 0.0246927 0.0294664 0.0348219 0.0334326 0.0275895 0.0333067 0.0418523 0.0272561 0.0301913 0.0362185 0.0294924 0.0322464 0.0364804 0.0353200 0.0308648 0.0000000 0.0314223 0.0353299 0.0281286 0.0354645 0.0214989 0.0306828 0.0385085 0.0378947 0.0343620 0.0320722 0.0406266 0.0290766 0.0292585 0.0308125 0.0316396 0.0283738 0.0276354 0.0295192 0.0455729 0.0322168 0.0333553 0.0336455 0.0293080 0.0281963 0.0364982 0.0326000 0.0365194 0.0314750 0.0334316 0.0360089 0.0333400 0.0317183 0.0378011 0.0392120 0.0404991 0.0346252 0.0342579 0.0393024 0.0381484 0.0271262 0.0395749 0.0330536 0.0299252 0.0338494 0.0289278 0.0307773 0.0344318 0.0421479 0.0362840 
pop2.indv2  0.0285475 0.0314732 0.0278161 0.0284162 0.0335573 0.0324291 0.0246118 0.0277608 0.0266669 0.0453871 0.0280750 0.0376451 0.0360865 0.0352231 0.0254230 0.0407528 0.0341194 0.0286687 0.0304061 0.0329936 0.0320497 0.0319000 0.0354813 0.0375734 0.0289926 0.0314223 0.0000000 0.0257060 0.0273991 0.0308978 0.0249117 0.0221545 0.0286251 0.0307508 0.0236716 0.0169623 0.0300828 0.0221744 0.0357580 0.0357789 0.0415487 0.0267112 0.0281168 0.0184506 0.0267071 0.0313611 0.0237462 0.0456982 0.0267182 0.0313036 0.0317596 0.0305254 0.0250800 0.0327220 0.0340840 0.0326556 0.0305251 0.0294214 0.0308236 0.0232439 0.0308705 0.0399777 0.0283784 0.0307621 0.0291342 0.0321606 0.0347150 0.0296173 0.0307514 0.0332991 0.0320168 0.0384844 0.0315981 0.0322893 0.0261378 
pop2.indv3  0.0286761 0.0309759 0.0342743 0.0321887 0.0261543 0.0362214 0.0262103 0.0278088 0.0329966 0.0290328 0.0283616 0.0330342 0.0318445 0.0376087 0.0253587 0.0319061 0.0422350 0.0293631 0.0344553 0.0373766 0.0291964 0.0272991 0.0350987 0.0318143 0.0312603 0.0353299 0.0257060 0.0000000 0.0321333 0.0211973 0.0300848 0.0201429 0.0380878 0.0361022 0.0262670 0.0234999 0.0230484 0.0293778 0.0312444 0.0300774 0.0254117 0.0345979 0.0245881 0.0275379 0.0226134 0.0223917 0.0243754 0.0409448 0.0343092 0.0324032 0.0258427 0.0267900 0.0326563 0.0350966 0.0339746 0.0336511 0.0275547 0.0293313 0.0321939 0.0324088 0.0280193 0.0361063 0.0300107 0.0322720 0.0345017 0.0291169 0.0337446 0.0269863 0.0253674 0.0292943 0.0352699 0.0352049 0.0289090 0.0363568 0.0305150 
pop2.indv4  0.0301921 0.0311235 0.0295171 0.0314643 0.0323421 0.0341550 0.0280702 0.0426598 0.0280711 0.0381396 0.0256562 0.0328251 0.0356424 0.0305352 0.0310422 0.0347342 0.0432409 0.0272844 0.0324887 0.0329127 0.0349732 0.0318989 0.0291928 0.0301666 0.0306790 0.0281286 0.0273991 0.0321333 0.0000000 0.0318845 0.0328019 0.0227795 0.0310989 0.0306491 0.0260878 0.0281854 0.0270468 0.0245330 0.0349647 0.0371131 0.0273801 0.0284115 0.0328296 0.0353841 0.0265471 0.0239792 0.0261245 0.0290394 0.0412056 0.0361787 0.0214621 0.0323614 0.0341260 0.0319332 0.0385455 0.0381467 0.0319082 0.0309883 0.0348842 0.0308153 0.0327154 0.0314533 0.0290224 0.0324269 0.0273919 0.0425804 0.0383560 0.0247467 0.0351714 0.0328086 0.0366711 0.0360951 0.0336688 0.0303394 0.0307548 
pop2.indv5  0.0301047 0.0275640 0.0305075 0.0257203 0.0331039 0.0320346 0.0201630 0.0256363 0.0303523 0.0332818 0.0244443 0.0273526 0.0306885 0.0333687 0.0269455 0.0292304 0.0292389 0.0268518 0.0345824 0.0277910 0.0277062 0.0259877 0.0322943 0.0327340 0.0264411 0.0354645 0.0308978 0.0211973 0.0318845 0.0000000 0.0249229 0.0254142 0.0234551 0.0397767 0.0269751 0.0308322 0.0271015 0.0393865 0.0287766 0.0258165 0.0276299 0.0342116 0.0248438 0.0247540 0.0225960 0.0201848 0.0228973 0.0372633 0.0320476 0.0244758 0.0263262 0.0344106 0.0262442 0.0277872 0.0214482 0.0312847 0.0258675 0.0254680 0.0266298 0.0274855 0.0280859 0.0332874 0.0259690 0.0215130 0.0323836 0.0234058 0.0314607 0.0355755 0.0320829 0.0312907 0.0328959 0.0300490 0.0354792 0.0254560 0.0312065 
pop2.indv6  0.0251030 0.0245541 0.0304710 0.0311714 0.0229756 0.0305878 0.0269405 0.0289559 0.0304076 0.0273660 0.0311509 0.0233203 0.0261524 0.0289536 0.0255241 0.0281549 0.0281512 0.0288310 0.0255844 0.0247448 0.0279227 0.0306977 0.0296503 0.0292429 0.0270978 0.0214989 0.0249117 0.0300848 0.0328019 0.0249229 0.0000000 0.0168844 0.0267584 0.0277746 0.0280680 0.0277574 0.0350802 0.0201655 0.0228052 0.0233895 0.0236294 0.0202732 0.0283572 0.0209636 0.0236702 0.0275802 0.0192975 0.0297582 0.0234028 0.0310796 0.0245216 0.0341622 0.0323508 0.0253291 0.0239324 0.0266045 0.0276227 0.0317204 0.0337532 0.0252714 0.0306336 0.0288475 0.0249610 0.0289060 0.0267791 0.0313272 0.0323517 0.0268473 0.0256303 0.0224027 0.0250888 0.0303206 0.0270800 0.0314871 0.0322976 
pop2.indv7  0.0266207 0.0229659 0.0223016 0.0256636 0.0211857 0.0289892 0.0206789 0.0260694 0.0278953 0.0296445 0.0251239 0.0281194 0.0318126 0.0315156 0.0240534 0.0265240 0.0267206 0.0308324 0.0301486 0.0219762 0.0307862 0.0212752 0.0310042 0.0282763 0.0288554 0.0306828 0.0221545 0.0201429 0.0227795 0.0254142 0.0168844 0.0000000 0.0248118 0.0315763 0.0174619 0.0252280 0.0272847 0.0232708 0.0166333 0.0321525 0.0267439 0.0273382 0.0217277 0.0219573 0.0205568 0.0275389 0.0197175 0.0252674 0.0459929 0.0268984 0.0247598 0.0256692 0.0197338 0.0231937 0.0218048 0.0230948 0.0206201 0.0241234 0.0315799 0.0285775 0.0203301 0.0268929 0.0183666 0.0190580 0.0219671 0.0283387 0.0243464 0.0194988 0.0200378 0.0256587 0.0310094 0.0257027 0.0191753 0.0236720 0.0272607 
pop2.indv8  0.0311523 0.0243248 0.0293922 0.0259146 0.0349626 0.0286598 0.0349627 0.0329041 0.0309997 0.0323013 0.0331022 0.0327966 0.0323704 0.0372483 0.0278883 0.0277728 0.0307480 0.0334764 0.0319893 0.0418861 0.0367374 0.0382666 0.0299518 0.0364763 0.0293053 0.0385085 0.0286251 0.0380878 0.0310989 0.0234551 0.0267584 0.0248118 0.0000000 0.0245293 0.0251116 0.0334293 0.0311426 0.0323873 0.0328292 0.0300291 0.0335328 0.0207886 0.0369471 0.0369412 0.0290749 0.0321153 0.0313428 0.0335644 0.0323896 0.0281710 0.0420648 0.0292648 0.0414506 0.0433275 0.0381209 0.0364263 0.0352722 0.0347826 0.0471223 0.0341950 0.0281309 0.0314127 0.0273025 0.0345344 0.0304501 0.0335027 0.0416332 0.0283081 0.0417256 0.0322738 0.0357217 0.0357029 0.0363302 0.0351507 0.0277525 
pop2.indv9  0.0270672 0.0289295 0.0316053 0.0343233 0.0316488 0.0295372 0.0362659 0.0264864 0.0262044 0.0370619 0.0335447 0.0382140 0.0342781 0.0316418 0.0329345 0.0309254 0.0402189 0.0330406 0.0305384 0.0247856 0.0257509 0.0347419 0.0412053 0.0347397 0.0306858 0.0378947 0.0307508 0.0361022 0.0306491 0.0397767 0.0277746 0.0315763 0.0245293 0.0000000 0.0195418 0.0323495 0.0266695 0.0185774 0.0472010 0.0304010 0.0235765 0.0252372 0.0288754 0.0292168 0.0278002 0.0319416 0.0277426 0.0340635 0.0392906 0.0375407 0.0294952 0.0324528 0.0366090 0.0256791 0.0350083 0.0353761 0.0291496 0.0310259 0.0419223 0.0343445 0.0340841 0.0369881 0.0277227 0.0391889 0.0365597 0.0303713 0.0334664 0.0288808 0.0294511 0.0331705 0.0300877 0.0488778 0.0316010 0.0318293 0.0353458 
pop2.indv10 0.0305747 0.0234203 0.0302450 0.0336405 0.0295534 0.0293542 0.0278878 0.0284159 0.0316212 0.0403320 0.0283849 0.0293658 0.0321267 0.0309173 0.0275673 0.0269433 0.0267906 0.0306154 0.0345486 0.0284195 0.0292617 0.0283678 0.0292824 0.0265804 0.0224129 0.0343620 0.0236716 0.0262670 0.0260878 0.0269751 0.0280680 0.0174619 0.0251116 0.0195418 0.0000000 0.0404983 0.0346264 0.0273147 0.0333633 0.0301355 0.0260733 0.0216230 0.0273972 0.0209325 0.0301431 0.0214258 0.0320679 0.0382784 0.0308372 0.0273616 0.0345657 0.0271541 0.0316077 0.0259648 0.0306081 0.0328774 0.0282920 0.0284689 0.0321866 0.0330491 0.0304587 0.0241073 0.0276163 0.0250288 0.0211869 0.0286782 0.0280281 0.0311980 0.0236891 0.0347616 0.0353394 0.0339363 0.0313323 0.0261664 0.0299168 
pop2.indv11 0.0311753 0.0306694 0.0317365 0.0376134 0.0325268 0.0336576 0.0277220 0.0252765 0.0278703 0.0304836 0.0243153 0.0352851 0.0370439 0.0296663 0.0298389 0.0384907 0.0381274 0.0318790 0.0262809 0.0376883 0.0216870 0.0299005 0.0318251 0.0353523 0.0342811 0.0320722 0.0169623 0.0234999 0.0281854 0.0308322 0.0277574 0.0252280 0.0334293 0.0323495 0.0404983 0.0000000 0.0257152 0.0278838 0.0313237 0.0300963 0.0254329 0.0237277 0.0453875 0.0337988 0.0373368 0.0193618 0.0349570 0.0379112 0.0300664 0.0367450 0.0322996 0.0366810 0.0293202 0.0353163 0.0310740 0.0388413 0.0269908 0.0297884 0.0356024 0.0323341 0.0340843 0.0348492 0.0293081 0.0321958 0.0369197 0.0314960 0.0284744 0.0291092 0.0320235 0.0302960 0.0343720 0.0422224 0.0307383 0.0384835 0.0371142 
pop2.indv12 0.0330701 0.0312715 0.0337326 0.0294325 0.0312710 0.0326517 0.0250042 0.0262517 0.0248966 0.0356798 0.0360861 0.0372373 0.0393181 0.0354672 0.0327834 0.0346580 0.0332647 0.0287933 0.0350780 0.0361574 0.0296211 0.0304162 0.0327379 0.0276555 0.0277560 0.0406266 0.0300828 0.0230484 0.0270468 0.0271015 0.0350802 0.0272847 0.0311426 0.0266695 0.0346264 0.0257152 0.0000000 0.0233904 0.0276998 0.0357843 0.0174247 0.0324395 0.0290589 0.0240261 0.0273212 0.0410871 0.0249276 0.0316460 0.0406991 0.0387882 0.0273463 0.0280220 0.0416398 0.0284764 0.0360299 0.0318840 0.0239548 0.0374913 0.0346931 0.0253914 0.0281531 0.0262416 0.0317802 0.0325320 0.0344254 0.0276408 0.0376648 0.0339144 0.0333359 0.0279097 0.0323999 0.0496265 0.0307063 0.0373705 0.0264557 
pop2.indv13 0.0215370 0.0239935 0.0190156 0.0226003 0.0257491 0.0265898 0.0253932 0.0243451 0.0227927 0.0288612 0.0281659 0.0246139 0.0293724 0.0291943 0.0238735 0.0281415 0.0295585 0.0218137 0.0233347 0.0264304 0.0218635 0.0228461 0.0280323 0.0295647 0.0227725 0.0290766 0.0221744 0.0293778 0.0245330 0.0393865 0.0201655 0.0232708 0.0323873 0.0185774 0.0273147 0.0278838 0.0233904 0.0000000 0.0216673 0.0218365 0.0200982 0.0245030 0.0261559 0.0206887 0.0240794 0.0256464 0.0303898 0.0182765 0.0233726 0.0217936 0.0220254 0.0222388 0.0232993 0.0166264 0.0269694 0.0229631 0.0273514 0.0255110 0.0315536 0.0236734 0.0249751 0.0277932 0.0218501 0.0278086 0.0294376 0.0241168 0.0269727 0.0209419 0.0208309 0.0293492 0.0275480 0.0343461 0.0223543 0.0318072 0.0223934 
pop2.indv14 0.0271265 0.0276208 0.0302962 0.0319891 0.0301791 0.0297152 0.0299467 0.0321136 0.0316458 0.0269892 0.0381934 0.0255059 0.0294470 0.0359955 0.0295998 0.0267683 0.0294538 0.0297298 0.0379325 0.0281958 0.0232570 0.0293085 0.0301723 0.0333561 0.0335087 0.0292585 0.0357580 0.0312444 0.0349647 0.0287766 0.0228052 0.0166333 0.0328292 0.0472010 0.0333633 0.0313237 0.0276998 0.0216673 0.0000000 0.0377903 0.0264048 0.0331850 0.0259323 0.0339584 0.0235333 0.0204156 0.0299833 0.0300335 0.0336448 0.0311580 0.0291524 0.0262712 0.0384912 0.0271455 0.0210522 0.0271520 0.0302471 0.0283176 0.0364346 0.0248034 0.0316296 0.0304679 0.0262496 0.0354477 0.0287161 0.0369191 0.0348885 0.0319646 0.0289511 0.0293212 0.0316585 0.0368266 0.0289350 0.0253619 0.0273948 
pop2.indv15 0.0347654 0.0313577 0.0334956 0.0345080 0.0297193 0.0368074 0.0303741 0.0342677 0.0315202 0.0339612 0.0299513 0.0304524 0.0373820 0.0313729 0.0298868 0.0369012 0.0390479 0.0279290 0.0259199 0.0321655 0.0299711 0.0339386 0.0396061 0.0358113 0.0259751 0.0308125 0.0357789 0.0300774 0.0371131 0.0258165 0.0233895 0.0321525 0.0300291 0.0304010 0.0301355 0.0300963 0.0357843 0.0218365 0.0377903 0.0000000 0.0254062 0.0248722 0.0315898 0.0274210 0.0238188 0.0299851 0.0197860 0.0337610 0.0316466 0.0326232 0.0326229 0.0317368 0.0330228 0.0238778 0.0273930 0.0308117 0.0271408 0.0327729 0.0364612 0.0356552 0.0304264 0.0319185 0.0297060 0.0319544 0.0283595 0.0310291 0.0274053 0.0345682 0.0338060 0.0301268 0.0350864 0.0311755 0.0298205 0.0348598 0.0380902 
pop2.indv16 0.0268287 0.0278564 0.0370349 0.0287286 0.0312534 0.0335075 0.0290523 0.0288843 0.0307748 0.0323058 0.0239303 0.0277363 0.0332496 0.0318184 0.0298946 0.0384361 0.0346001 0.0232596 0.0303415 0.0295455 0.0285402 0.0326716 0.0382354 0.0338507 0.0288587 0.0316396 0.0415487 0.0254117 0.0273801 0.0276299 0.0236294 0.0267439 0.0335328 0.0235765 0.0260733 0.0254329 0.0174247 0.0200982 0.0264048 0.0254062 0.0000000 0.0222034 0.0293182 0.0270406 0.0288778 0.0227473 0.0312182 0.0348390 0.0317071 0.0280257 0.0289548 0.0309712 0.0383084 0.0217650 0.0329161 0.0299883 0.0271240 0.0249808 0.0371221 0.0282497 0.0345258 0.0312979 0.0329620 0.0293128 0.0333568 0.0348246 0.0356888 0.0203680 0.0305324 0.0254017 0.0279913 0.0381032 0.0230144 0.0315985 0.0293092 
pop2.indv17 0.0242144 0.0200202 0.0282461 0.0313455 0.0305154 0.0284274 0.0256843 0.0226538 0.0285899 0.0329114 0.0313305 0.0283847 0.0302197 0.0269273 0.0294362 0.0290150 0.0310418 0.0283178 0.0332486 0.0286021 0.0279893 0.0307785 0.0313608 0.0332324 0.0253924 0.0283738 0.0267112 0.0345979 0.0284115 0.0342116 0.0202732 0.0273382 0.0207886 0.0252372 0.0216230 0.0237277 0.0324395 0.0245030 0.0331850 0.0248722 0.0222034 0.0000000 0.0277348 0.0186980 0.0278107 0.0294311 0.0244736 0.0296499 0.0353417 0.0326011 0.0266901 0.0282346 0.0349211 0.0253287 0.0297299 0.0373543 0.0242235 0.0332862 0.0340400 0.0289915 0.0313328 0.0266095 0.0313392 0.0269530 0.0261971 0.0300107 0.0283791 0.0272482 0.0304325 0.0302693 0.0302844 0.0347803 0.0248863 0.0329533 0.0326120 
pop2.indv18 0.0317080 0.0268476 0.0246248 0.0237317 0.0294026 0.0333618 0.0268279 0.0368277 0.0305939 0.0267033 0.0256183 0.0330729 0.0390174 0.0352727 0.0196390 0.0347843 0.0318135 0.0324416 0.0328397 0.0285377 0.0262787 0.0300822 0.0361197 0.0357148 0.0241898 0.0276354 0.0281168 0.0245881 0.0328296 0.0248438 0.0283572 0.0217277 0.0369471 0.0288754 0.0273972 0.0453875 0.0290589 0.0261559 0.0259323 0.0315898 0.0293182 0.0277348 0.0000000 0.0342357 0.0262721 0.0394644 0.0271250 0.0285852 0.0275200 0.0251814 0.0310316 0.0312704 0.0306331 0.0319576 0.0327276 0.0315461 0.0270604 0.0323021 0.0377616 0.0351082 0.0351701 0.0398745 0.0278659 0.0307999 0.0302298 0.0282692 0.0398612 0.0272220 0.0382458 0.0329153 0.0366514 0.0257537 0.0292812 0.0236891 0.0281658 
pop2.indv19 0.0261465 0.0250911 0.0245210 0.0289906 0.0255461 0.0250829 0.0291915 0.0339515 0.0225010 0.0327850 0.0297780 0.0333556 0.0336710 0.0316246 0.0278212 0.0335770 0.0347118 0.0276957 0.0300508 0.0274614 0.0259199 0.0342067 0.0292281 0.0354819 0.0293410 0.0295192 0.0184506 0.0275379 0.0353841 0.0247540 0.0209636 0.0219573 0.0369412 0.0292168 0.0209325 0.0337988 0.0240261 0.0206887 0.0339584 0.0274210 0.0270406 0.0186980 0.0342357 0.0000000 0.0359779 0.0247097 0.0241662 0.0258058 0.0342790 0.0262774 0.0267471 0.0369043 0.0248100 0.0293939 0.0342464 0.0314255 0.0288238 0.0273805 0.0364498 0.0276153 0.0355857 0.0299314 0.0279150 0.0291016 0.0333840 0.0287479 0.0357125 0.0275821 0.0357186 0.0287281 0.0277218 0.0373686 0.0332877 0.0315552 0.0214233 
pop2.indv20 0.0270127 0.0308160 0.0257965 0.0308170 0.0272136 0.0261821 0.0278379 0.0314945 0.0284514 0.0331637 0.0281922 0.0270952 0.0344233 0.0302136 0.0283530 0.0320372 0.0367835 0.0262964 0.0378358 0.0326739 0.0345760 0.0309821 0.0331971 0.0396827 0.0240579 0.0455729 0.0267071 0.0226134 0.0265471 0.0225960 0.0236702 0.0205568 0.0290749 0.0278002 0.0301431 0.0373368 0.0273212 0.0240794 0.0235333 0.0238188 0.0288778 0.0278107 0.0262721 0.0359779 0.0000000 0.0248795 0.0270104 0.0322839 0.0332008 0.0295112 0.0276159 0.0336061 0.0287970 0.0247538 0.0299286 0.0305794 0.0228880 0.0255502 0.0380302 0.0309710 0.0304301 0.0326363 0.0314411 0.0260197 0.0334767 0.0241148 0.0248982 0.0251062 0.0282029 0.0250639 0.0242413 0.0260592 0.0277075 0.0300354 0.0368258 
pop2.indv21 0.0307018 0.0266679 0.0280960 0.0280933 0.0287250 0.0295199 0.0259331 0.0354924 0.0257976 0.0388026 0.0259843 0.0343484 0.0310611 0.0350253 0.0334624 0.0270139 0.0308748 0.0288029 0.0319380 0.0253087 0.0280428 0.0242599 0.0376944 0.0346937 0.0245581 0.0322168 0.0313611 0.0223917 0.0239792 0.0201848 0.0275802 0.0275389 0.0321153 0.0319416 0.0214258 0.0193618 0.0410871 0.0256464 0.0204156 0.0299851 0.0227473 0.0294311 0.0394644 0.0247097 0.0248795 0.0000000 0.0459561 0.0328032 0.0328056 0.0245817 0.0301176 0.0323546 0.0344367 0.0291365 0.0290737 0.0365968 0.0220646 0.0290556 0.0337030 0.0366339 0.0325148 0.0385994 0.0320203 0.0270593 0.0275941 0.0293912 0.0263532 0.0258009 0.0317255 0.0255753 0.0330107 0.0331042 0.0283474 0.0322167 0.0345929 
pop2.indv22 0.0290768 0.0327609 0.0302102 0.0299595 0.0356873 0.0288014 0.0259608 0.0301481 0.0286773 0.0241622 0.0328684 0.0321936 0.0344196 0.0277387 0.0287654 0.0314260 0.0332005 0.0247925 0.0267271 0.0281436 0.0299979 0.0250246 0.0327875 0.0279860 0.0254816 0.0333553 0.0237462 0.0243754 0.0261245 0.0228973 0.0192975 0.0197175 0.0313428 0.0277426 0.0320679 0.0349570 0.0249276 0.0303898 0.0299833 0.0197860 0.0312182 0.0244736 0.0271250 0.0241662 0.0270104 0.0459561 0.0000000 0.0270522 0.0174835 0.0288553 0.0294247 0.0329164 0.0286863 0.0309596 0.0301498 0.0300740 0.0295823 0.0289743 0.0295612 0.0373022 0.0340113 0.0262650 0.0240610 0.0298369 0.0322258 0.0281291 0.0247119 0.0272297 0.0270110 0.0251734 0.0264009 0.0381808 0.0323502 0.0328794 0.0268889 
pop2.indv23 0.0299693 0.0327892 0.0341139 0.0342083 0.0224991 0.0285933 0.0272294 0.0341044 0.0269712 0.0376909 0.0295232 0.0375331 0.0387140 0.0380059 0.0235769 0.0394684 0.0333726 0.0224967 0.0319785 0.0383005 0.0327075 0.0306651 0.0333282 0.0312192 0.0283071 0.0336455 0.0456982 0.0409448 0.0290394 0.0372633 0.0297582 0.0252674 0.0335644 0.0340635 0.0382784 0.0379112 0.0316460 0.0182765 0.0300335 0.0337610 0.0348390 0.0296499 0.0285852 0.0258058 0.0322839 0.0328032 0.0270522 0.0000000 0.0284711 0.0288621 0.0265537 0.0297668 0.0248624 0.0304790 0.0321831 0.0370072 0.0326355 0.0297353 0.0421852 0.0256382 0.0313680 0.0366663 0.0324483 0.0360724 0.0436167 0.0376343 0.0291305 0.0327232 0.0368578 0.0345595 0.0309982 0.0347730 0.0347915 0.0382307 0.0352613 
pop2.indv24 0.0285128 0.0274553 0.0232322 0.0311220 0.0358734 0.0385409 0.0337012 0.0321972 0.0302310 0.0366317 0.0307419 0.0313278 0.0347161 0.0354787 0.0302731 0.0285544 0.0382510 0.0324001 0.0305493 0.0333832 0.0347706 0.0337986 0.0346937 0.0309501 0.0338234 0.0293080 0.0267182 0.0343092 0.0412056 0.0320476 0.0234028 0.0459929 0.0323896 0.0392906 0.0308372 0.0300664 0.0406991 0.0233726 0.0336448 0.0316466 0.0317071 0.0353417 0.0275200 0.0342790 0.0332008 0.0328056 0.0174835 0.0284711 0.0000000 0.0390907 0.0340694 0.0339977 0.0391852 0.0287783 0.0284821 0.0348187 0.0252594 0.0324835 0.0385571 0.0344698 0.0303620 0.0363423 0.0301484 0.0311323 0.0357703 0.0354645 0.0367542 0.0347289 0.0286012 0.0224197 0.0393739 0.0446352 0.0305475 0.0389792 0.0350021 
pop2.indv25 0.0277423 0.0354614 0.0266176 0.0350851 0.0322063 0.0262295 0.0324943 0.0349805 0.0318068 0.0392408 0.0252860 0.0331079 0.0331822 0.0292704 0.0260654 0.0300218 0.0294364 0.0276395 0.0295115 0.0395319 0.0296167 0.0341064 0.0257899 0.0347305 0.0289024 0.0281963 0.0313036 0.0324032 0.0361787 0.0244758 0.0310796 0.0268984 0.0281710 0.0375407 0.0273616 0.0367450 0.0387882 0.0217936 0.0311580 0.0326232 0.0280257 0.0326011 0.0251814 0.0262774 0.0295112 0.0245817 0.0288553 0.0288621 0.0390907 0.0000000 0.0266247 0.0294346 0.0331315 0.0254253 0.0224572 0.0372806 0.0331257 0.0320493 0.0380862 0.0270778 0.0290110 0.0378866 0.0279943 0.0339185 0.0295907 0.0338311 0.0333870 0.0278697 0.0344554 0.0295484 0.0309909 0.0300135 0.0298971 0.0286451 0.0242536 
pop3.indv1  0.0298189 0.0294469 0.0297617 0.0291663 0.0312902 0.0365553 0.0269869 0.0326996 0.0318804 0.0378931 0.0339710 0.0332842 0.0342808 0.0338830 0.0300637 0.0391359 0.0333006 0.0309816 0.0335147 0.0334287 0.0313555 0.0310657 0.0365051 0.0306766 0.0277909 0.0364982 0.0317596 0.0258427 0.0214621 0.0263262 0.0245216 0.0247598 0.0420648 0.0294952 0.0345657 0.0322996 0.0273463 0.0220254 0.0291524 0.0326229 0.0289548 0.0266901 0.0310316 0.0267471 0.0276159 0.0301176 0.0294247 0.0265537 0.0340694 0.0266247 0.0000000 0.0261048 0.0287435 0.0243035 0.0293412 0.0336633 0.0275384 0.0323791 0.0310088 0.0294314 0.0260598 0.0293299 0.0257433 0.0281651 0.0287483 0.0300791 0.0311135 0.0243869 0.0294738 0.0310567 0.0316449 0.0308398 0.0272823 0.0288390 0.0303367 
pop3.indv2  0.0324326 0.0328508 0.0275247 0.0313992 0.0295895 0.0351693 0.0285684 0.0286273 0.0347835 0.0349357 0.0265444 0.0352710 0.0364161 0.0340017 0.0294520 0.0315167 0.0363155 0.0303145 0.0299416 0.0382553 0.0337851 0.0327911 0.0322035 0.0317561 0.0312939 0.0326000 0.0305254 0.0267900 0.0323614 0.0344106 0.0341622 0.0256692 0.0292648 0.0324528 0.0271541 0.0366810 0.0280220 0.0222388 0.0262712 0.0317368 0.0309712 0.0282346 0.0312704 0.0369043 0.0336061 0.0323546 0.0329164 0.0297668 0.0339977 0.0294346 0.0261048 0.0000000 0.0281410 0.0241154 0.0306624 0.0329840 0.0301062 0.0302838 0.0317595 0.0256383 0.0278056 0.0289223 0.0263555 0.0321636 0.0306336 0.0255522 0.0348076 0.0292738 0.0343647 0.0284324 0.0317926 0.0324163 0.0250246 0.0301629 0.0267129 
