75
pop1.indv2  0.0000000 0.0278817 0.0297429 0.0293247 0.0288408 0.0268087 0.0299320 0.0263339 0.0281806 0.0311931 0.0266972 0.0287346 0.0285164 0.0308689 0.0324296 0.0277548 0.0311779 0.0258952 0.0292710 0.0291095 0.0276306 0.0276469 0.0296775 0.0305738 0.0283459 0.0297258 0.0331421 0.0284099 0.0295171 0.0288611 0.0315574 0.0275601 0.0319519 0.0285326 0.0303769 0.0258795 0.0288377 0.0268424 0.0310195 0.0339068 0.0295224 0.0300267 0.0335477 0.0271958 0.0264656 0.0331473 0.0312439 0.0307027 0.0292791 0.0280599 0.0278193 0.0338128 0.0313660 0.0300182 0.0337196 0.0322240 0.0327676 0.0306861 0.0294273 0.0341846 0.0367553 0.0327989 0.0291023 0.0359820 0.0292317 0.0320769 0.0320733 0.0288228 0.0345290 0.0300758 0.0275637 0.0309295 0.0343799 0.0284402 0.0294335 
pop1.indv5  0.0278817 0.0000000 0.0308074 0.0297184 0.0251682 0.0259494 0.0274098 0.0289938 0.0284831 0.0263880 0.0267032 0.0301496 0.0273366 0.0341019 0.0303746 0.0315922 0.0297218 0.0234970 0.0323503 0.0257251 0.0298809 0.0277089 0.0299566 0.0301606 0.0289116 0.0323239 0.0267092 0.0278371 0.0251379 0.0305902 0.0338195 0.0317497 0.0295880 0.0272718 0.0266558 0.0267102 0.0310472 0.0311026 0.0338561 0.0300725 0.0295700 0.0248103 0.0305664 0.0267527 0.0278602 0.0278631 0.0296598 0.0286387 0.0313522 0.0330410 0.0306280 0.0329215 0.0263145 0.0330358 0.0283636 0.0305085 0.0304072 0.0291381 0.0293416 0.0315624 0.0366011 0.0284321 0.0283128 0.0325023 0.0335139 0.0334003 0.0331320 0.0274113 0.0359366 0.0342932 0.0316263 0.0268343 0.0275391 0.0310458 0.0310029 
pop1.indv12 0.0297429 0.0308074 0.0000000 0.0302607 0.0254763 0.0311868 0.0289693 0.0278595 0.0281651 0.0297911 0.0278638 0.0304017 0.0245496 0.0275848 0.0293066 0.0293574 0.0293341 0.0283911 0.0296534 0.0308892 0.0276276 0.0341626 0.0313803 0.0341607 0.0291026 0.0332123 0.0318590 0.0342767 0.0302388 0.0323396 0.0307536 0.0316978 0.0336901 0.0284397 0.0290381 0.0276004 0.0306136 0.0310051 0.0333929 0.0345229 0.0281576 0.0263245 0.0270439 0.0300302 0.0286246 0.0302465 0.0304124 0.0334545 0.0288133 0.0323199 0.0353374 0.0388960 0.0295096 0.0334623 0.0349777 0.0316562 0.0351016 0.0301653 0.0286094 0.0326662 0.0350493 0.0298634 0.0342739 0.0386294 0.0352757 0.0331542 0.0384993 0.0275230 0.0292340 0.0306566 0.0326180 0.0316396 0.0308033 0.0288818 0.0334199 
pop1.indv17 0.0293247 0.0297184 0.0302607 0.0000000 0.0307289 0.0304457 0.0254925 0.0294536 0.0376449 0.0306474 0.0343779 0.0334498 0.0305397 0.0389980 0.0366990 0.0301981 0.0345771 0.0287880 0.0362747 0.0301504 0.0301536 0.0292533 0.0371335 0.0342081 0.0302578 0.0307976 0.0373242 0.0351365 0.0338385 0.0391439 0.0334746 0.0337444 0.0391309 0.0349005 0.0286573 0.0297997 0.0320479 0.0312273 0.0358132 0.0338361 0.0313527 0.0296553 0.0354789 0.0320277 0.0329567 0.0354641 0.0326405 0.0350157 0.0350869 0.0347183 0.0343550 0.0400810 0.0342221 0.0352782 0.0365245 0.0329999 0.0374600 0.0410102 0.0319362 0.0363067 0.0343916 0.0295701 0.0323158 0.0378696 0.0372018 0.0390612 0.0376980 0.0285211 0.0386662 0.0315942 0.0344275 0.0288189 0.0349914 0.0350052 0.0377877 
pop1.indv4  0.0288408 0.0251682 0.0254763 0.0307289 0.0000000 0.0312464 0.0262026 0.0271021 0.0254719 0.0300560 0.0262850 0.0321467 0.0300515 0.0311585 0.0298095 0.0271894 0.0321337 0.0237343 0.0290646 0.0309557 0.0267007 0.0281682 0.0304038 0.0317409 0.0269699 0.0349047 0.0285526 0.0289737 0.0302471 0.0324473 0.0284185 0.0313473 0.0290100 0.0282835 0.0307317 0.0277948 0.0352733 0.0317256 0.0345057 0.0330640 0.0261281 0.0289838 0.0307342 0.0286129 0.0240064 0.0292948 0.0303357 0.0309162 0.0289076 0.0328522 0.0317555 0.0370266 0.0369690 0.0314069 0.0345361 0.0294209 0.0305816 0.0338734 0.0263269 0.0257810 0.0355173 0.0286577 0.0283628 0.0374262 0.0358809 0.0333086 0.0381332 0.0245986 0.0320462 0.0301735 0.0326357 0.0328708 0.0325151 0.0299817 0.0318435 
pop1.indv1  0.0268087 0.0259494 0.0311868 0.0304457 0.0312464 0.0000000 0.0263064 0.0287165 0.0287988 0.0307783 0.0260336 0.0314909 0.0255291 0.0301266 0.0280164 0.0270456 0.0298241 0.0255650 0.0251674 0.0278709 0.0269289 0.0324960 0.0296549 0.0274583 0.0255862 0.0308838 0.0271490 0.0300824 0.0296764 0.0275979 0.0312172 0.0283102 0.0286421 0.0293134 0.0294116 0.0296450 0.0305055 0.0274678 0.0281643 0.0322018 0.0260136 0.0284075 0.0307597 0.0259503 0.0303440 0.0285693 0.0269815 0.0333385 0.0292221 0.0278681 0.0301363 0.0346613 0.0299842 0.0306550 0.0299350 0.0299052 0.0312933 0.0306249 0.0283005 0.0279905 0.0331618 0.0285684 0.0279549 0.0389066 0.0316429 0.0313810 0.0359801 0.0282353 0.0330840 0.0276415 0.0310679 0.0338099 0.0315498 0.0311652 0.0305050 
pop1.indv3  0.0299320 0.0274098 0.0289693 0.0254925 0.0262026 0.0263064 0.0000000 0.0280121 0.0258573 0.0284675 0.0253256 0.0274233 0.0219625 0.0275845 0.0300965 0.0278809 0.0288814 0.0273529 0.0270657 0.0277950 0.0297047 0.0301190 0.0252159 0.0292120 0.0275710 0.0302349 0.0329626 0.0277413 0.0261777 0.0309152 0.0283344 0.0301137 0.0315370 0.0285428 0.0302112 0.0246950 0.0312601 0.0304266 0.0322098 0.0341844 0.0217467 0.0276859 0.0287795 0.0317089 0.0271432 0.0294751 0.0289249 0.0324683 0.0247202 0.0280245 0.0327036 0.0334696 0.0303391 0.0326049 0.0304449 0.0309689 0.0279547 0.0289032 0.0255501 0.0303438 0.0350102 0.0225713 0.0307630 0.0364679 0.0326607 0.0250495 0.0330026 0.0232912 0.0298034 0.0291500 0.0272372 0.0301795 0.0317334 0.0287329 0.0291152 
pop1.indv6  0.0263339 0.0289938 0.0278595 0.0294536 0.0271021 0.0287165 0.0280121 0.0000000 0.0282191 0.0315750 0.0261153 0.0289966 0.0291376 0.0326247 0.0312859 0.0313137 0.0274294 0.0277664 0.0305404 0.0300570 0.0259679 0.0292652 0.0297883 0.0340708 0.0278404 0.0315620 0.0350363 0.0317034 0.0323772 0.0307390 0.0280201 0.0305049 0.0336758 0.0302194 0.0347081 0.0252032 0.0314306 0.0319736 0.0311992 0.0333232 0.0260393 0.0292252 0.0310016 0.0297961 0.0335719 0.0297265 0.0297419 0.0312909 0.0331868 0.0299462 0.0349758 0.0399954 0.0366235 0.0329552 0.0334277 0.0361487 0.0351064 0.0360167 0.0311358 0.0354135 0.0314689 0.0291424 0.0315770 0.0369659 0.0340467 0.0336134 0.0360934 0.0258867 0.0325103 0.0314341 0.0310503 0.0323021 0.0318658 0.0302448 0.0360523 
pop1.indv7  0.0281806 0.0284831 0.0281651 0.0376449 0.0254719 0.0287988 0.0258573 0.0282191 0.0000000 0.0283229 0.0267977 0.0287961 0.0266043 0.0317623 0.0325898 0.0279072 0.0272639 0.0229727 0.0291635 0.0285575 0.0297382 0.0269964 0.0298167 0.0298529 0.0288589 0.0296191 0.0288535 0.0273104 0.0243805 0.0274337 0.0266460 0.0276774 0.0281930 0.0254675 0.0291373 0.0237427 0.0338555 0.0278643 0.0281506 0.0309966 0.0280308 0.0301977 0.0287860 0.0290917 0.0260404 0.0272855 0.0297752 0.0288278 0.0298542 0.0306400 0.0348612 0.0369096 0.0329870 0.0285064 0.0299891 0.0269848 0.0297836 0.0256850 0.0272039 0.0261051 0.0321636 0.0241129 0.0264104 0.0343062 0.0337207 0.0316257 0.0318274 0.0235432 0.0310505 0.0296453 0.0297037 0.0279922 0.0322857 0.0270508 0.0297858 
pop1.indv8  0.0311931 0.0263880 0.0297911 0.0306474 0.0300560 0.0307783 0.0284675 0.0315750 0.0283229 0.0000000 0.0285615 0.0311249 0.0305122 0.0304166 0.0310138 0.0303600 0.0310904 0.0290957 0.0295285 0.0325929 0.0269318 0.0323872 0.0296238 0.0297994 0.0330522 0.0370161 0.0313446 0.0323611 0.0369209 0.0294472 0.0315347 0.0294193 0.0406337 0.0317525 0.0318594 0.0315686 0.0336672 0.0331051 0.0343284 0.0294462 0.0309437 0.0297167 0.0346626 0.0270047 0.0324164 0.0313583 0.0296335 0.0309536 0.0321840 0.0394041 0.0315614 0.0402277 0.0355818 0.0312873 0.0329177 0.0356610 0.0301819 0.0327519 0.0303154 0.0312199 0.0331280 0.0287895 0.0291022 0.0353667 0.0349512 0.0374171 0.0349303 0.0297260 0.0360043 0.0322498 0.0322376 0.0314015 0.0385741 0.0311273 0.0344635 
pop1.indv9  0.0266972 0.0267032 0.0278638 0.0343779 0.0262850 0.0260336 0.0253256 0.0261153 0.0267977 0.0285615 0.0000000 0.0304032 0.0315283 0.0297164 0.0272054 0.0303731 0.0312023 0.0284070 0.0278742 0.0264752 0.0243927 0.0319821 0.0296995 0.0339585 0.0251137 0.0327957 0.0282874 0.0291767 0.0309898 0.0288683 0.0273104 0.0290615 0.0288254 0.0310508 0.0324540 0.0268263 0.0312411 0.0300271 0.0301060 0.0293749 0.0295459 0.0300767 0.0294401 0.0290510 0.0328193 0.0285009 0.0285855 0.0296117 0.0314689 0.0306266 0.0305082 0.0392830 0.0320493 0.0302772 0.0311531 0.0336862 0.0351233 0.0352099 0.0256357 0.0334224 0.0375541 0.0265779 0.0311024 0.0358790 0.0320342 0.0376032 0.0355141 0.0299170 0.0349415 0.0325451 0.0361050 0.0282311 0.0341692 0.0324213 0.0336609 
pop1.indv10 0.0287346 0.0301496 0.0304017 0.0334498 0.0321467 0.0314909 0.0274233 0.0289966 0.0287961 0.0311249 0.0304032 0.0000000 0.0318606 0.0372621 0.0324285 0.0309182 0.0325325 0.0277844 0.0302909 0.0313946 0.0287515 0.0306627 0.0354328 0.0345288 0.0338742 0.0391595 0.0322540 0.0356963 0.0337110 0.0346375 0.0367103 0.0363917 0.0365024 0.0342616 0.0357816 0.0301232 0.0357663 0.0359654 0.0313079 0.0354394 0.0312838 0.0297675 0.0332182 0.0307105 0.0324398 0.0335920 0.0284326 0.0331715 0.0349899 0.0371013 0.0355831 0.0375852 0.0369562 0.0376100 0.0366666 0.0351913 0.0340543 0.0344278 0.0327919 0.0371544 0.0387490 0.0328019 0.0344157 0.0403518 0.0364513 0.0367729 0.0384495 0.0319837 0.0354277 0.0357556 0.0376920 0.0351498 0.0349238 0.0344277 0.0365631 
pop1.indv11 0.0285164 0.0273366 0.0245496 0.0305397 0.0300515 0.0255291 0.0219625 0.0291376 0.0266043 0.0305122 0.0315283 0.0318606 0.0000000 0.0306566 0.0313598 0.0281309 0.0331492 0.0267493 0.0319583 0.0298423 0.0242893 0.0314732 0.0310556 0.0309175 0.0262809 0.0308729 0.0278710 0.0285114 0.0309107 0.0336271 0.0265569 0.0328671 0.0300385 0.0255452 0.0327911 0.0260831 0.0334345 0.0304428 0.0276185 0.0338790 0.0269405 0.0322868 0.0287229 0.0260290 0.0257027 0.0290436 0.0308683 0.0285519 0.0312392 0.0305201 0.0355999 0.0347288 0.0314260 0.0301236 0.0334220 0.0344581 0.0278551 0.0316159 0.0273296 0.0302615 0.0350348 0.0265717 0.0294984 0.0377627 0.0325494 0.0301416 0.0343906 0.0292477 0.0322196 0.0278965 0.0312534 0.0295345 0.0333274 0.0329648 0.0339982 
pop1.indv13 0.0308689 0.0341019 0.0275848 0.0389980 0.0311585 0.0301266 0.0275845 0.0326247 0.0317623 0.0304166 0.0297164 0.0372621 0.0306566 0.0000000 0.0302483 0.0345382 0.0369393 0.0339311 0.0337371 0.0300782 0.0282237 0.0362560 0.0312580 0.0328108 0.0301048 0.0386511 0.0344323 0.0323571 0.0339508 0.0332180 0.0312507 0.0373298 0.0361680 0.0330466 0.0303875 0.0317404 0.0355332 0.0338669 0.0357126 0.0370215 0.0320275 0.0297921 0.0347899 0.0318546 0.0366991 0.0343394 0.0306515 0.0381434 0.0341075 0.0342751 0.0395191 0.0417186 0.0351951 0.0382850 0.0337134 0.0338550 0.0374283 0.0386558 0.0323625 0.0371631 0.0305449 0.0325879 0.0336410 0.0384451 0.0318624 0.0336696 0.0384582 0.0297388 0.0362774 0.0333239 0.0348699 0.0337566 0.0363875 0.0375219 0.0386787 
pop1.indv14 0.0324296 0.0303746 0.0293066 0.0366990 0.0298095 0.0280164 0.0300965 0.0312859 0.0325898 0.0310138 0.0272054 0.0324285 0.0313598 0.0302483 0.0000000 0.0291981 0.0309732 0.0252522 0.0335870 0.0330602 0.0257846 0.0335697 0.0275468 0.0318860 0.0308116 0.0290981 0.0341694 0.0313331 0.0307070 0.0341795 0.0346135 0.0311811 0.0312025 0.0334328 0.0290497 0.0320639 0.0351445 0.0313634 0.0313619 0.0337509 0.0294084 0.0308487 0.0301099 0.0302254 0.0335209 0.0320282 0.0302116 0.0312047 0.0350848 0.0326573 0.0350476 0.0339370 0.0357647 0.0335022 0.0342145 0.0335593 0.0330635 0.0333092 0.0305475 0.0325580 0.0345129 0.0274113 0.0340559 0.0384323 0.0329135 0.0360289 0.0333930 0.0285538 0.0355581 0.0344172 0.0355909 0.0317577 0.0358437 0.0377257 0.0340063 
pop1.indv15 0.0277548 0.0315922 0.0293574 0.0301981 0.0271894 0.0270456 0.0278809 0.0313137 0.0279072 0.0303600 0.0303731 0.0309182 0.0281309 0.0345382 0.0291981 0.0000000 0.0306006 0.0293944 0.0270618 0.0301324 0.0302030 0.0269356 0.0247943 0.0343925 0.0288137 0.0352360 0.0289236 0.0317810 0.0319700 0.0322768 0.0293873 0.0321416 0.0341885 0.0312039 0.0269471 0.0279034 0.0311221 0.0268892 0.0349154 0.0327986 0.0284164 0.0339567 0.0305643 0.0321142 0.0245169 0.0293865 0.0313190 0.0305536 0.0279165 0.0279064 0.0351392 0.0346964 0.0302719 0.0321166 0.0354594 0.0312850 0.0293357 0.0313711 0.0280961 0.0269034 0.0322119 0.0303136 0.0278988 0.0432409 0.0300909 0.0279941 0.0354177 0.0282288 0.0340156 0.0290971 0.0285630 0.0322917 0.0327874 0.0323553 0.0369888 
pop1.indv16 0.0311779 0.0297218 0.0293341 0.0345771 0.0321337 0.0298241 0.0288814 0.0274294 0.0272639 0.0310904 0.0312023 0.0325325 0.0331492 0.0369393 0.0309732 0.0306006 0.0000000 0.0270148 0.0313398 0.0298070 0.0273662 0.0342493 0.0303750 0.0302938 0.0314478 0.0308066 0.0318285 0.0267674 0.0357061 0.0345785 0.0312405 0.0348780 0.0363982 0.0302900 0.0312443 0.0291578 0.0299813 0.0261134 0.0356263 0.0341962 0.0276488 0.0281334 0.0299885 0.0342108 0.0306655 0.0330344 0.0297065 0.0346480 0.0291659 0.0324208 0.0358453 0.0346511 0.0355856 0.0353346 0.0388832 0.0395639 0.0328972 0.0316154 0.0315851 0.0300048 0.0345508 0.0292159 0.0305501 0.0389690 0.0352657 0.0370658 0.0365123 0.0326497 0.0361850 0.0336744 0.0289442 0.0351656 0.0353044 0.0311984 0.0342483 
pop1.indv18 0.0258952 0.0234970 0.0283911 0.0287880 0.0237343 0.0255650 0.0273529 0.0277664 0.0229727 0.0290957 0.0284070 0.0277844 0.0267493 0.0339311 0.0252522 0.0293944 0.0270148 0.0000000 0.0275172 0.0245036 0.0235727 0.0256253 0.0252108 0.0301115 0.0252567 0.0294052 0.0290613 0.0246357 0.0278274 0.0279197 0.0274776 0.0296892 0.0282872 0.0290029 0.0283056 0.0266212 0.0317750 0.0281758 0.0297386 0.0285374 0.0256081 0.0297448 0.0270538 0.0236504 0.0303019 0.0280214 0.0274629 0.0266056 0.0313531 0.0303895 0.0301326 0.0356813 0.0363723 0.0290223 0.0326784 0.0311130 0.0309316 0.0267657 0.0271084 0.0302406 0.0315351 0.0302792 0.0290445 0.0397217 0.0347349 0.0337671 0.0318190 0.0244861 0.0315239 0.0287774 0.0280334 0.0280633 0.0277737 0.0320203 0.0291717 
pop1.indv19 0.0292710 0.0323503 0.0296534 0.0362747 0.0290646 0.0251674 0.0270657 0.0305404 0.0291635 0.0295285 0.0278742 0.0302909 0.0319583 0.0337371 0.0335870 0.0270618 0.0313398 0.0275172 0.0000000 0.0297696 0.0283958 0.0307618 0.0301626 0.0340877 0.0291661 0.0344082 0.0321285 0.0312513 0.0290103 0.0287409 0.0294238 0.0318470 0.0333831 0.0319965 0.0317784 0.0279682 0.0309722 0.0294457 0.0320555 0.0332479 0.0263966 0.0320100 0.0308585 0.0322408 0.0331334 0.0364339 0.0319580 0.0306181 0.0292827 0.0299238 0.0348579 0.0372818 0.0358945 0.0329399 0.0372699 0.0324388 0.0319939 0.0297997 0.0296886 0.0324576 0.0350202 0.0318763 0.0335596 0.0392750 0.0330461 0.0329001 0.0328718 0.0263809 0.0298380 0.0288597 0.0316432 0.0359747 0.0350506 0.0325068 0.0365482 
pop1.indv20 0.0291095 0.0257251 0.0308892 0.0301504 0.0309557 0.0278709 0.0277950 0.0300570 0.0285575 0.0325929 0.0264752 0.0313946 0.0298423 0.0300782 0.0330602 0.0301324 0.0298070 0.0245036 0.0297696 0.0000000 0.0279083 0.0282152 0.0302977 0.0346113 0.0302116 0.0296598 0.0361642 0.0257170 0.0317874 0.0295247 0.0302365 0.0298135 0.0347154 0.0274257 0.0271475 0.0281114 0.0364598 0.0306866 0.0323257 0.0353219 0.0298335 0.0271984 0.0342660 0.0279663 0.0330100 0.0308903 0.0304253 0.0328969 0.0307490 0.0348493 0.0326690 0.0426548 0.0329484 0.0306667 0.0334285 0.0321330 0.0389432 0.0318545 0.0282716 0.0298641 0.0327423 0.0290511 0.0302329 0.0363230 0.0327138 0.0304122 0.0326158 0.0335477 0.0314731 0.0328424 0.0313382 0.0296909 0.0302931 0.0317693 0.0327069 
pop1.indv21 0.0276306 0.0298809 0.0276276 0.0301536 0.0267007 0.0269289 0.0297047 0.0259679 0.0297382 0.0269318 0.0243927 0.0287515 0.0242893 0.0282237 0.0257846 0.0302030 0.0273662 0.0235727 0.0283958 0.0279083 0.0000000 0.0274360 0.0299651 0.0299926 0.0293555 0.0318629 0.0326132 0.0275437 0.0256760 0.0273961 0.0266596 0.0305614 0.0349894 0.0325123 0.0295902 0.0290174 0.0311099 0.0302285 0.0292023 0.0311431 0.0259461 0.0269323 0.0295728 0.0245561 0.0270325 0.0273349 0.0300189 0.0310656 0.0317713 0.0305016 0.0336946 0.0341669 0.0328378 0.0262563 0.0321037 0.0315732 0.0344973 0.0332016 0.0257176 0.0324452 0.0355148 0.0292720 0.0333430 0.0352233 0.0323485 0.0338085 0.0359668 0.0275396 0.0333052 0.0296044 0.0309035 0.0296772 0.0316317 0.0301199 0.0310142 
pop1.indv22 0.0276469 0.0277089 0.0341626 0.0292533 0.0281682 0.0324960 0.0301190 0.0292652 0.0269964 0.0323872 0.0319821 0.0306627 0.0314732 0.0362560 0.0335697 0.0269356 0.0342493 0.0256253 0.0307618 0.0282152 0.0274360 0.0000000 0.0285225 0.0319803 0.0298679 0.0321829 0.0325464 0.0292995 0.0282676 0.0333490 0.0316090 0.0318784 0.0353268 0.0281110 0.0310438 0.0243750 0.0351909 0.0309379 0.0293180 0.0296994 0.0286307 0.0292063 0.0319060 0.0314849 0.0327157 0.0320131 0.0319699 0.0324725 0.0343942 0.0296060 0.0319847 0.0378998 0.0365990 0.0348979 0.0350566 0.0315276 0.0332801 0.0326697 0.0277792 0.0301107 0.0319559 0.0274913 0.0335073 0.0383025 0.0354542 0.0307849 0.0335755 0.0264118 0.0352006 0.0314395 0.0342422 0.0307076 0.0297899 0.0354617 0.0352058 
pop1.indv23 0.0296775 0.0299566 0.0313803 0.0371335 0.0304038 0.0296549 0.0252159 0.0297883 0.0298167 0.0296238 0.0296995 0.0354328 0.0310556 0.0312580 0.0275468 0.0247943 0.0303750 0.0252108 0.0301626 0.0302977 0.0299651 0.0285225 0.0000000 0.0342836 0.0292072 0.0334460 0.0344499 0.0309164 0.0312624 0.0327135 0.0350042 0.0328759 0.0279347 0.0320969 0.0346386 0.0307628 0.0307397 0.0284933 0.0306017 0.0332643 0.0327685 0.0298635 0.0325228 0.0300385 0.0315059 0.0341826 0.0320615 0.0317978 0.0312128 0.0300259 0.0344635 0.0334073 0.0341897 0.0309647 0.0375719 0.0352778 0.0316789 0.0326263 0.0288048 0.0324075 0.0415411 0.0304624 0.0300352 0.0344919 0.0313281 0.0344318 0.0355141 0.0302807 0.0339876 0.0343211 0.0326571 0.0323275 0.0322356 0.0334944 0.0333949 
pop1.indv24 0.0305738 0.0301606 0.0341607 0.0342081 0.0317409 0.0274583 0.0292120 0.0340708 0.0298529 0.0297994 0.0339585 0.0345288 0.0309175 0.0328108 0.0318860 0.0343925 0.0302938 0.0301115 0.0340877 0.0346113 0.0299926 0.0319803 0.0342836 0.0000000 0.0316520 0.0359257 0.0326745 0.0321103 0.0302577 0.0347234 0.0333860 0.0345437 0.0326983 0.0292468 0.0333933 0.0285461 0.0330631 0.0313155 0.0339229 0.0319638 0.0311871 0.0335031 0.0306468 0.0334325 0.0331213 0.0369621 0.0345190 0.0363387 0.0309049 0.0369019 0.0341580 0.0363470 0.0359904 0.0359776 0.0314427 0.0326049 0.0333587 0.0342840 0.0303128 0.0303779 0.0348982 0.0318859 0.0350585 0.0376368 0.0353450 0.0320892 0.0389898 0.0337959 0.0357530 0.0340647 0.0311192 0.0319299 0.0323676 0.0336909 0.0320906 
pop1.indv25 0.0283459 0.0289116 0.0291026 0.0302578 0.0269699 0.0255862 0.0275710 0.0278404 0.0288589 0.0330522 0.0251137 0.0338742 0.0262809 0.0301048 0.0308116 0.0288137 0.0314478 0.0252567 0.0291661 0.0302116 0.0293555 0.0298679 0.0292072 0.0316520 0.0000000 0.0298176 0.0307056 0.0307936 0.0319054 0.0304020 0.0314334 0.0286514 0.0288775 0.0297726 0.0306476 0.0286339 0.0348824 0.0246511 0.0350242 0.0276100 0.0238505 0.0293588 0.0274486 0.0278024 0.0274129 0.0274364 0.0272760 0.0274264 0.0309963 0.0291525 0.0318731 0.0321148 0.0277047 0.0300115 0.0341251 0.0278851 0.0314489 0.0323507 0.0284406 0.0263270 0.0320909 0.0249063 0.0257592 0.0381456 0.0327685 0.0280926 0.0364261 0.0322665 0.0326069 0.0327047 0.0297021 0.0302072 0.0311440 0.0328772 0.0324400 
pop2.indv17 0.0297258 0.0323239 0.0332123 0.0307976 0.0349047 0.0308838 0.0302349 0.0315620 0.0296191 0.0370161 0.0327957 0.0391595 0.0308729 0.0386511 0.0290981 0.0352360 0.0308066 0.0294052 0.0344082 0.0296598 0.0318629 0.0321829 0.0334460 0.0359257 0.0298176 0.0000000 0.0352611 0.0304407 0.0298861 0.0292951 0.0290859 0.0306486 0.0298023 0.0347239 0.0288602 0.0256244 0.0273830 0.0273316 0.0327527 0.0335333 0.0290954 0.0358304 0.0291776 0.0343636 0.0331755 0.0291413 0.0305153 0.0328802 0.0346252 0.0320188 0.0325504 0.0350384 0.0333099 0.0336213 0.0318711 0.0317500 0.0345275 0.0298114 0.0290137 0.0340176 0.0416482 0.0298966 0.0324821 0.0330593 0.0328019 0.0371125 0.0328982 0.0305226 0.0283378 0.0317106 0.0350410 0.0320303 0.0326753 0.0279541 0.0345043 
pop2.indv3  0.0331421 0.0267092 0.0318590 0.0373242 0.0285526 0.0271490 0.0329626 0.0350363 0.0288535 0.0313446 0.0282874 0.0322540 0.0278710 0.0344323 0.0341694 0.0289236 0.0318285 0.0290613 0.0321285 0.0361642 0.0326132 0.0325464 0.0344499 0.0326745 0.0307056 0.0352611 0.0000000 0.0228823 0.0316435 0.0316120 0.0300961 0.0309645 0.0278832 0.0275569 0.0268671 0.0257522 0.0330133 0.0292203 0.0262122 0.0303526 0.0256475 0.0286637 0.0264617 0.0274044 0.0295818 0.0289459 0.0299139 0.0326604 0.0309359 0.0257552 0.0339105 0.0314307 0.0367139 0.0285065 0.0315911 0.0297541 0.0277240 0.0309312 0.0313196 0.0333983 0.0287658 0.0280872 0.0316152 0.0334463 0.0292041 0.0281334 0.0338314 0.0298478 0.0335774 0.0286639 0.0293316 0.0291480 0.0318770 0.0288369 0.0338181 
pop2.indv21 0.0284099 0.0278371 0.0342767 0.0351365 0.0289737 0.0300824 0.0277413 0.0317034 0.0273104 0.0323611 0.0291767 0.0356963 0.0285114 0.0323571 0.0313331 0.0317810 0.0267674 0.0246357 0.0312513 0.0257170 0.0275437 0.0292995 0.0309164 0.0321103 0.0307936 0.0304407 0.0228823 0.0000000 0.0285590 0.0289318 0.0303667 0.0309320 0.0280104 0.0251469 0.0281681 0.0299560 0.0311713 0.0242506 0.0290869 0.0326466 0.0265684 0.0268654 0.0275201 0.0247391 0.0285477 0.0283502 0.0289721 0.0305998 0.0300012 0.0286597 0.0288181 0.0312669 0.0282141 0.0311676 0.0305810 0.0281482 0.0306085 0.0291197 0.0290443 0.0284324 0.0294704 0.0235181 0.0308362 0.0335101 0.0318253 0.0341763 0.0334449 0.0287717 0.0280474 0.0295367 0.0321993 0.0293991 0.0297589 0.0284676 0.0334838 
pop2.indv19 0.0295171 0.0251379 0.0302388 0.0338385 0.0302471 0.0296764 0.0261777 0.0323772 0.0243805 0.0369209 0.0309898 0.0337110 0.0309107 0.0339508 0.0307070 0.0319700 0.0357061 0.0278274 0.0290103 0.0317874 0.0256760 0.0282676 0.0312624 0.0302577 0.0319054 0.0298861 0.0316435 0.0285590 0.0000000 0.0342768 0.0371828 0.0309293 0.0325763 0.0292995 0.0264242 0.0288233 0.0311436 0.0265141 0.0245756 0.0288796 0.0280326 0.0290504 0.0254352 0.0309910 0.0297268 0.0346026 0.0296567 0.0296766 0.0333504 0.0258457 0.0321887 0.0350587 0.0314312 0.0304966 0.0339579 0.0286057 0.0329641 0.0289935 0.0294632 0.0317935 0.0287060 0.0298634 0.0307048 0.0356182 0.0302522 0.0334992 0.0291879 0.0257268 0.0325341 0.0275827 0.0327816 0.0295499 0.0296115 0.0341332 0.0294628 
pop2.indv9  0.0288611 0.0305902 0.0323396 0.0391439 0.0324473 0.0275979 0.0309152 0.0307390 0.0274337 0.0294472 0.0288683 0.0346375 0.0336271 0.0332180 0.0341795 0.0322768 0.0345785 0.0279197 0.0287409 0.0295247 0.0273961 0.0333490 0.0327135 0.0347234 0.0304020 0.0292951 0.0316120 0.0289318 0.0342768 0.0000000 0.0314953 0.0291236 0.0298703 0.0311674 0.0327112 0.0265720 0.0359225 0.0252400 0.0327296 0.0287900 0.0266219 0.0307067 0.0297684 0.0298130 0.0284085 0.0308554 0.0247976 0.0307449 0.0312085 0.0301318 0.0345758 0.0429627 0.0283236 0.0318214 0.0314227 0.0310382 0.0311589 0.0354736 0.0269102 0.0362793 0.0370177 0.0279240 0.0294393 0.0347112 0.0328006 0.0308424 0.0375178 0.0225861 0.0362930 0.0297352 0.0303343 0.0273187 0.0292598 0.0319951 0.0307298 
pop2.indv1  0.0315574 0.0338195 0.0307536 0.0334746 0.0284185 0.0312172 0.0283344 0.0280201 0.0266460 0.0315347 0.0273104 0.0367103 0.0265569 0.0312507 0.0346135 0.0293873 0.0312405 0.0274776 0.0294238 0.0302365 0.0266596 0.0316090 0.0350042 0.0333860 0.0314334 0.0290859 0.0300961 0.0303667 0.0371828 0.0314953 0.0000000 0.0330164 0.0296774 0.0319835 0.0260204 0.0291267 0.0325257 0.0312077 0.0302142 0.0322023 0.0286502 0.0266613 0.0270687 0.0261948 0.0278507 0.0321309 0.0278895 0.0278452 0.0271379 0.0288738 0.0324501 0.0341453 0.0349435 0.0313732 0.0355032 0.0351530 0.0324939 0.0356960 0.0296800 0.0309880 0.0316427 0.0293069 0.0292120 0.0320743 0.0360019 0.0359852 0.0327394 0.0262510 0.0330053 0.0326034 0.0330580 0.0318377 0.0338701 0.0350670 0.0352119 
pop2.indv2  0.0275601 0.0317497 0.0316978 0.0337444 0.0313473 0.0283102 0.0301137 0.0305049 0.0276774 0.0294193 0.0290615 0.0363917 0.0328671 0.0373298 0.0311811 0.0321416 0.0348780 0.0296892 0.0318470 0.0298135 0.0305614 0.0318784 0.0328759 0.0345437 0.0286514 0.0306486 0.0309645 0.0309320 0.0309293 0.0291236 0.0330164 0.0000000 0.0326410 0.0285692 0.0293199 0.0269049 0.0332388 0.0289163 0.0304740 0.0308044 0.0275370 0.0311414 0.0304776 0.0321277 0.0296002 0.0292588 0.0258379 0.0329698 0.0270340 0.0288630 0.0335242 0.0356096 0.0327307 0.0337149 0.0321588 0.0313494 0.0317603 0.0302139 0.0302235 0.0323890 0.0325853 0.0301363 0.0301302 0.0375750 0.0283907 0.0312686 0.0369292 0.0280998 0.0286328 0.0312951 0.0325478 0.0292571 0.0302881 0.0320438 0.0289121 
pop2.indv4  0.0319519 0.0295880 0.0336901 0.0391309 0.0290100 0.0286421 0.0315370 0.0336758 0.0281930 0.0406337 0.0288254 0.0365024 0.0300385 0.0361680 0.0312025 0.0341885 0.0363982 0.0282872 0.0333831 0.0347154 0.0349894 0.0353268 0.0279347 0.0326983 0.0288775 0.0298023 0.0278832 0.0280104 0.0325763 0.0298703 0.0296774 0.0326410 0.0000000 0.0293603 0.0340094 0.0292028 0.0334584 0.0301692 0.0301273 0.0301865 0.0297251 0.0321511 0.0307738 0.0270433 0.0285800 0.0283540 0.0300082 0.0286531 0.0342991 0.0322829 0.0341708 0.0322616 0.0313732 0.0358227 0.0330516 0.0273945 0.0332609 0.0338659 0.0308086 0.0313938 0.0343565 0.0294656 0.0353545 0.0350172 0.0361880 0.0331023 0.0327860 0.0307147 0.0341457 0.0287829 0.0326835 0.0312893 0.0362751 0.0334559 0.0301258 
pop2.indv5  0.0285326 0.0272718 0.0284397 0.0349005 0.0282835 0.0293134 0.0285428 0.0302194 0.0254675 0.0317525 0.0310508 0.0342616 0.0255452 0.0330466 0.0334328 0.0312039 0.0302900 0.0290029 0.0319965 0.0274257 0.0325123 0.0281110 0.0320969 0.0292468 0.0297726 0.0347239 0.0275569 0.0251469 0.0292995 0.0311674 0.0319835 0.0285692 0.0293603 0.0000000 0.0272945 0.0245420 0.0277180 0.0266984 0.0323707 0.0285013 0.0271725 0.0274080 0.0284602 0.0251590 0.0251120 0.0263529 0.0280673 0.0329927 0.0285632 0.0352194 0.0270937 0.0346897 0.0299841 0.0287386 0.0333102 0.0296878 0.0325017 0.0263946 0.0269842 0.0257348 0.0312927 0.0264586 0.0294382 0.0305897 0.0287459 0.0278816 0.0369448 0.0244137 0.0346107 0.0312582 0.0334251 0.0322155 0.0297344 0.0335774 0.0355457 
pop2.indv6  0.0303769 0.0266558 0.0290381 0.0286573 0.0307317 0.0294116 0.0302112 0.0347081 0.0291373 0.0318594 0.0324540 0.0357816 0.0327911 0.0303875 0.0290497 0.0269471 0.0312443 0.0283056 0.0317784 0.0271475 0.0295902 0.0310438 0.0346386 0.0333933 0.0306476 0.0288602 0.0268671 0.0281681 0.0264242 0.0327112 0.0260204 0.0293199 0.0340094 0.0272945 0.0000000 0.0245460 0.0340568 0.0241144 0.0317124 0.0323334 0.0248391 0.0260195 0.0290093 0.0301022 0.0291858 0.0258277 0.0281798 0.0270387 0.0277299 0.0288339 0.0317281 0.0375215 0.0331817 0.0322916 0.0311957 0.0285137 0.0303997 0.0328781 0.0260059 0.0274972 0.0287900 0.0308904 0.0337646 0.0359867 0.0322423 0.0333957 0.0356487 0.0260771 0.0285292 0.0311446 0.0315275 0.0303747 0.0259943 0.0334696 0.0286858 
pop2.indv7  0.0258795 0.0267102 0.0276004 0.0297997 0.0277948 0.0296450 0.0246950 0.0252032 0.0237427 0.0315686 0.0268263 0.0301232 0.0260831 0.0317404 0.0320639 0.0279034 0.0291578 0.0266212 0.0279682 0.0281114 0.0290174 0.0243750 0.0307628 0.0285461 0.0286339 0.0256244 0.0257522 0.0299560 0.0288233 0.0265720 0.0291267 0.0269049 0.0292028 0.0245420 0.0245460 0.0000000 0.0274098 0.0251842 0.0267655 0.0259329 0.0242797 0.0191950 0.0277318 0.0259489 0.0258746 0.0237982 0.0272375 0.0280948 0.0280899 0.0280648 0.0243658 0.0307922 0.0250673 0.0292074 0.0279057 0.0255282 0.0278748 0.0244680 0.0248825 0.0263770 0.0286895 0.0259128 0.0273954 0.0331623 0.0329232 0.0262062 0.0280519 0.0227486 0.0253106 0.0248068 0.0231842 0.0247960 0.0310982 0.0245833 0.0282853 
pop2.indv8  0.0288377 0.0310472 0.0306136 0.0320479 0.0352733 0.0305055 0.0312601 0.0314306 0.0338555 0.0336672 0.0312411 0.0357663 0.0334345 0.0355332 0.0351445 0.0311221 0.0299813 0.0317750 0.0309722 0.0364598 0.0311099 0.0351909 0.0307397 0.0330631 0.0348824 0.0273830 0.0330133 0.0311713 0.0311436 0.0359225 0.0325257 0.0332388 0.0334584 0.0277180 0.0340568 0.0274098 0.0000000 0.0269966 0.0350661 0.0338662 0.0293203 0.0324003 0.0309474 0.0294177 0.0362603 0.0298058 0.0320297 0.0297271 0.0319742 0.0312623 0.0370218 0.0380170 0.0352638 0.0289688 0.0322688 0.0372306 0.0318919 0.0374204 0.0325142 0.0380903 0.0358167 0.0326208 0.0332234 0.0416977 0.0318956 0.0319549 0.0352235 0.0309164 0.0334765 0.0315880 0.0390693 0.0318425 0.0342047 0.0335937 0.0322543 
pop2.indv10 0.0268424 0.0311026 0.0310051 0.0312273 0.0317256 0.0274678 0.0304266 0.0319736 0.0278643 0.0331051 0.0300271 0.0359654 0.0304428 0.0338669 0.0313634 0.0268892 0.0261134 0.0281758 0.0294457 0.0306866 0.0302285 0.0309379 0.0284933 0.0313155 0.0246511 0.0273316 0.0292203 0.0242506 0.0265141 0.0252400 0.0312077 0.0289163 0.0301692 0.0266984 0.0241144 0.0251842 0.0269966 0.0000000 0.0309906 0.0294495 0.0271006 0.0255824 0.0310142 0.0254240 0.0265643 0.0267081 0.0298904 0.0319432 0.0273255 0.0318706 0.0292933 0.0328752 0.0321665 0.0315388 0.0290058 0.0332627 0.0279542 0.0308810 0.0257535 0.0318607 0.0335446 0.0276393 0.0283698 0.0333330 0.0343300 0.0304637 0.0307272 0.0234803 0.0252981 0.0321349 0.0257277 0.0311208 0.0331061 0.0312718 0.0272369 
pop2.indv11 0.0310195 0.0338561 0.0333929 0.0358132 0.0345057 0.0281643 0.0322098 0.0311992 0.0281506 0.0343284 0.0301060 0.0313079 0.0276185 0.0357126 0.0313619 0.0349154 0.0356263 0.0297386 0.0320555 0.0323257 0.0292023 0.0293180 0.0306017 0.0339229 0.0350242 0.0327527 0.0262122 0.0290869 0.0245756 0.0327296 0.0302142 0.0304740 0.0301273 0.0323707 0.0317124 0.0267655 0.0350661 0.0309906 0.0000000 0.0315159 0.0285848 0.0287501 0.0291832 0.0269175 0.0331694 0.0312324 0.0360557 0.0314822 0.0306166 0.0340986 0.0350246 0.0393000 0.0356196 0.0322672 0.0324201 0.0349316 0.0346482 0.0333761 0.0341627 0.0303224 0.0385279 0.0259009 0.0334531 0.0361879 0.0337065 0.0343211 0.0343979 0.0312296 0.0349375 0.0328602 0.0319437 0.0301888 0.0332510 0.0335230 0.0349595 
pop2.indv12 0.0339068 0.0300725 0.0345229 0.0338361 0.0330640 0.0322018 0.0341844 0.0333232 0.0309966 0.0294462 0.0293749 0.0354394 0.0338790 0.0370215 0.0337509 0.0327986 0.0341962 0.0285374 0.0332479 0.0353219 0.0311431 0.0296994 0.0332643 0.0319638 0.0276100 0.0335333 0.0303526 0.0326466 0.0288796 0.0287900 0.0322023 0.0308044 0.0301865 0.0285013 0.0323334 0.0259329 0.0338662 0.0294495 0.0315159 0.0000000 0.0296052 0.0265631 0.0332660 0.0248446 0.0310362 0.0308954 0.0267987 0.0290067 0.0333301 0.0343067 0.0326183 0.0432285 0.0315935 0.0292322 0.0358828 0.0254140 0.0318076 0.0353463 0.0292365 0.0344377 0.0327953 0.0241972 0.0373150 0.0349958 0.0296424 0.0294443 0.0323723 0.0307478 0.0318689 0.0325808 0.0333549 0.0294769 0.0312427 0.0300472 0.0302699 
pop2.indv13 0.0295224 0.0295700 0.0281576 0.0313527 0.0261281 0.0260136 0.0217467 0.0260393 0.0280308 0.0309437 0.0295459 0.0312838 0.0269405 0.0320275 0.0294084 0.0284164 0.0276488 0.0256081 0.0263966 0.0298335 0.0259461 0.0286307 0.0327685 0.0311871 0.0238505 0.0290954 0.0256475 0.0265684 0.0280326 0.0266219 0.0286502 0.0275370 0.0297251 0.0271725 0.0248391 0.0242797 0.0293203 0.0271006 0.0285848 0.0296052 0.0000000 0.0241615 0.0261589 0.0256703 0.0279293 0.0298368 0.0271937 0.0287133 0.0243093 0.0272791 0.0336985 0.0336335 0.0285474 0.0288594 0.0307595 0.0246224 0.0287715 0.0307211 0.0251161 0.0312478 0.0274892 0.0285416 0.0282343 0.0335786 0.0280284 0.0264430 0.0307535 0.0247123 0.0316132 0.0253384 0.0277130 0.0322569 0.0303698 0.0286486 0.0281851 
pop2.indv14 0.0300267 0.0248103 0.0263245 0.0296553 0.0289838 0.0284075 0.0276859 0.0292252 0.0301977 0.0297167 0.0300767 0.0297675 0.0322868 0.0297921 0.0308487 0.0339567 0.0281334 0.0297448 0.0320100 0.0271984 0.0269323 0.0292063 0.0298635 0.0335031 0.0293588 0.0358304 0.0286637 0.0268654 0.0290504 0.0307067 0.0266613 0.0311414 0.0321511 0.0274080 0.0260195 0.0191950 0.0324003 0.0255824 0.0287501 0.0265631 0.0241615 0.0000000 0.0286774 0.0250492 0.0289702 0.0263298 0.0297704 0.0282813 0.0289663 0.0303981 0.0337579 0.0344089 0.0279704 0.0322506 0.0322105 0.0302454 0.0279558 0.0329131 0.0271610 0.0258089 0.0310486 0.0300217 0.0279743 0.0350002 0.0278344 0.0324859 0.0308083 0.0253849 0.0294755 0.0316807 0.0296315 0.0285311 0.0285259 0.0294680 0.0329100 
pop2.indv15 0.0335477 0.0305664 0.0270439 0.0354789 0.0307342 0.0307597 0.0287795 0.0310016 0.0287860 0.0346626 0.0294401 0.0332182 0.0287229 0.0347899 0.0301099 0.0305643 0.0299885 0.0270538 0.0308585 0.0342660 0.0295728 0.0319060 0.0325228 0.0306468 0.0274486 0.0291776 0.0264617 0.0275201 0.0254352 0.0297684 0.0270687 0.0304776 0.0307738 0.0284602 0.0290093 0.0277318 0.0309474 0.0310142 0.0291832 0.0332660 0.0261589 0.0286774 0.0000000 0.0269213 0.0333349 0.0290416 0.0267073 0.0306111 0.0290344 0.0326426 0.0319274 0.0318268 0.0319477 0.0301861 0.0275587 0.0318361 0.0318146 0.0308195 0.0254083 0.0308423 0.0334821 0.0289081 0.0306495 0.0362017 0.0323935 0.0300121 0.0320327 0.0266312 0.0286015 0.0295628 0.0299524 0.0316943 0.0322999 0.0294861 0.0337824 
pop2.indv16 0.0271958 0.0267527 0.0300302 0.0320277 0.0286129 0.0259503 0.0317089 0.0297961 0.0290917 0.0270047 0.0290510 0.0307105 0.0260290 0.0318546 0.0302254 0.0321142 0.0342108 0.0236504 0.0322408 0.0279663 0.0245561 0.0314849 0.0300385 0.0334325 0.0278024 0.0343636 0.0274044 0.0247391 0.0309910 0.0298130 0.0261948 0.0321277 0.0270433 0.0251590 0.0301022 0.0259489 0.0294177 0.0254240 0.0269175 0.0248446 0.0256703 0.0250492 0.0269213 0.0000000 0.0293058 0.0295316 0.0264387 0.0294065 0.0309601 0.0335482 0.0306747 0.0372882 0.0299667 0.0293351 0.0334842 0.0293506 0.0327692 0.0357215 0.0222997 0.0334832 0.0342003 0.0251513 0.0277469 0.0353514 0.0315142 0.0339121 0.0312553 0.0281756 0.0355245 0.0273653 0.0322045 0.0257616 0.0330747 0.0300064 0.0301462 
pop2.indv18 0.0264656 0.0278602 0.0286246 0.0329567 0.0240064 0.0303440 0.0271432 0.0335719 0.0260404 0.0324164 0.0328193 0.0324398 0.0257027 0.0366991 0.0335209 0.0245169 0.0306655 0.0303019 0.0331334 0.0330100 0.0270325 0.0327157 0.0315059 0.0331213 0.0274129 0.0331755 0.0295818 0.0285477 0.0297268 0.0284085 0.0278507 0.0296002 0.0285800 0.0251120 0.0291858 0.0258746 0.0362603 0.0265643 0.0331694 0.0310362 0.0279293 0.0289702 0.0333349 0.0293058 0.0000000 0.0259144 0.0288210 0.0314577 0.0244491 0.0304736 0.0329367 0.0310532 0.0305855 0.0299962 0.0333860 0.0282729 0.0288410 0.0269104 0.0269292 0.0315135 0.0321720 0.0255687 0.0264687 0.0310455 0.0343282 0.0280758 0.0345607 0.0269683 0.0327288 0.0267006 0.0373886 0.0323920 0.0335114 0.0277992 0.0299523 
pop2.indv20 0.0331473 0.0278631 0.0302465 0.0354641 0.0292948 0.0285693 0.0294751 0.0297265 0.0272855 0.0313583 0.0285009 0.0335920 0.0290436 0.0343394 0.0320282 0.0293865 0.0330344 0.0280214 0.0364339 0.0308903 0.0273349 0.0320131 0.0341826 0.0369621 0.0274364 0.0291413 0.0289459 0.0283502 0.0346026 0.0308554 0.0321309 0.0292588 0.0283540 0.0263529 0.0258277 0.0237982 0.0298058 0.0267081 0.0312324 0.0308954 0.0298368 0.0263298 0.0290416 0.0295316 0.0259144 0.0000000 0.0283657 0.0288561 0.0294963 0.0273366 0.0303032 0.0285642 0.0302841 0.0258112 0.0295101 0.0301075 0.0324869 0.0302341 0.0243607 0.0304353 0.0314780 0.0269214 0.0268530 0.0343319 0.0311781 0.0325573 0.0296839 0.0290818 0.0360139 0.0318261 0.0320023 0.0299607 0.0315235 0.0303744 0.0364411 
pop2.indv22 0.0312439 0.0296598 0.0304124 0.0326405 0.0303357 0.0269815 0.0289249 0.0297419 0.0297752 0.0296335 0.0285855 0.0284326 0.0308683 0.0306515 0.0302116 0.0313190 0.0297065 0.0274629 0.0319580 0.0304253 0.0300189 0.0319699 0.0320615 0.0345190 0.0272760 0.0305153 0.0299139 0.0289721 0.0296567 0.0247976 0.0278895 0.0258379 0.0300082 0.0280673 0.0281798 0.0272375 0.0320297 0.0298904 0.0360557 0.0267987 0.0271937 0.0297704 0.0267073 0.0264387 0.0288210 0.0283657 0.0000000 0.0294551 0.0256726 0.0363304 0.0312148 0.0345973 0.0329333 0.0288153 0.0299289 0.0283830 0.0295717 0.0326207 0.0320596 0.0301391 0.0301143 0.0254486 0.0285219 0.0308296 0.0327576 0.0320417 0.0289421 0.0295492 0.0332630 0.0333528 0.0298170 0.0259108 0.0269391 0.0289053 0.0291783 
pop2.indv23 0.0307027 0.0286387 0.0334545 0.0350157 0.0309162 0.0333385 0.0324683 0.0312909 0.0288278 0.0309536 0.0296117 0.0331715 0.0285519 0.0381434 0.0312047 0.0305536 0.0346480 0.0266056 0.0306181 0.0328969 0.0310656 0.0324725 0.0317978 0.0363387 0.0274264 0.0328802 0.0326604 0.0305998 0.0296766 0.0307449 0.0278452 0.0329698 0.0286531 0.0329927 0.0270387 0.0280948 0.0297271 0.0319432 0.0314822 0.0290067 0.0287133 0.0282813 0.0306111 0.0294065 0.0314577 0.0288561 0.0294551 0.0000000 0.0281469 0.0289282 0.0322259 0.0339847 0.0349487 0.0344252 0.0295163 0.0303391 0.0321676 0.0316961 0.0308652 0.0304770 0.0335164 0.0320058 0.0279404 0.0408660 0.0303776 0.0302438 0.0321820 0.0315072 0.0359299 0.0312293 0.0321286 0.0319596 0.0327453 0.0305288 0.0328137 
pop2.indv24 0.0292791 0.0313522 0.0288133 0.0350869 0.0289076 0.0292221 0.0247202 0.0331868 0.0298542 0.0321840 0.0314689 0.0349899 0.0312392 0.0341075 0.0350848 0.0279165 0.0291659 0.0313531 0.0292827 0.0307490 0.0317713 0.0343942 0.0312128 0.0309049 0.0309963 0.0346252 0.0309359 0.0300012 0.0333504 0.0312085 0.0271379 0.0270340 0.0342991 0.0285632 0.0277299 0.0280899 0.0319742 0.0273255 0.0306166 0.0333301 0.0243093 0.0289663 0.0290344 0.0309601 0.0244491 0.0294963 0.0256726 0.0281469 0.0000000 0.0336578 0.0312545 0.0365268 0.0329717 0.0329047 0.0332966 0.0317197 0.0319737 0.0333231 0.0258714 0.0307666 0.0310884 0.0275753 0.0299710 0.0345577 0.0301410 0.0293514 0.0316514 0.0237787 0.0316822 0.0299071 0.0291206 0.0246396 0.0317068 0.0290680 0.0347140 
pop2.indv25 0.0280599 0.0330410 0.0323199 0.0347183 0.0328522 0.0278681 0.0280245 0.0299462 0.0306400 0.0394041 0.0306266 0.0371013 0.0305201 0.0342751 0.0326573 0.0279064 0.0324208 0.0303895 0.0299238 0.0348493 0.0305016 0.0296060 0.0300259 0.0369019 0.0291525 0.0320188 0.0257552 0.0286597 0.0258457 0.0301318 0.0288738 0.0288630 0.0322829 0.0352194 0.0288339 0.0280648 0.0312623 0.0318706 0.0340986 0.0343067 0.0272791 0.0303981 0.0326426 0.0335482 0.0304736 0.0273366 0.0363304 0.0289282 0.0336578 0.0000000 0.0325755 0.0354031 0.0308971 0.0303284 0.0330947 0.0242543 0.0307219 0.0321700 0.0286764 0.0295399 0.0366833 0.0312062 0.0291112 0.0368501 0.0276890 0.0324820 0.0332539 0.0265608 0.0285969 0.0273639 0.0317629 0.0291075 0.0333897 0.0306789 0.0289533 
pop3.indv14 0.0278193 0.0306280 0.0353374 0.0343550 0.0317555 0.0301363 0.0327036 0.0349758 0.0348612 0.0315614 0.0305082 0.0355831 0.0355999 0.0395191 0.0350476 0.0351392 0.0358453 0.0301326 0.0348579 0.0326690 0.0336946 0.0319847 0.0344635 0.0341580 0.0318731 0.0325504 0.0339105 0.0288181 0.0321887 0.0345758 0.0324501 0.0335242 0.0341708 0.0270937 0.0317281 0.0243658 0.0370218 0.0292933 0.0350246 0.0326183 0.0336985 0.0337579 0.0319274 0.0306747 0.0329367 0.0303032 0.0312148 0.0322259 0.0312545 0.0325755 0.0000000 0.0349554 0.0287335 0.0302355 0.0293071 0.0290209 0.0327313 0.0298842 0.0250177 0.0295839 0.0310365 0.0291068 0.0278172 0.0365673 0.0318840 0.0345161 0.0307267 0.0269401 0.0314964 0.0290785 0.0320669 0.0260603 0.0312154 0.0318466 0.0320914 
pop3.indv22 0.0338128 0.0329215 0.0388960 0.0400810 0.0370266 0.0346613 0.0334696 0.0399954 0.0369096 0.0402277 0.0392830 0.0375852 0.0347288 0.0417186 0.0339370 0.0346964 0.0346511 0.0356813 0.0372818 0.0426548 0.0341669 0.0378998 0.0334073 0.0363470 0.0321148 0.0350384 0.0314307 0.0312669 0.0350587 0.0429627 0.0341453 0.0356096 0.0322616 0.0346897 0.0375215 0.0307922 0.0380170 0.0328752 0.0393000 0.0432285 0.0336335 0.0344089 0.0318268 0.0372882 0.0310532 0.0285642 0.0345973 0.0339847 0.0365268 0.0354031 0.0349554 0.0000000 0.0296246 0.0311425 0.0315856 0.0321218 0.0345130 0.0325056 0.0344524 0.0302882 0.0319421 0.0297723 0.0303199 0.0390124 0.0348761 0.0320521 0.0350836 0.0312877 0.0333414 0.0307969 0.0335533 0.0320373 0.0329086 0.0313890 0.0303417 
