75
pop1.indv1  0.0000000 0.0228760 0.0275866 0.0288332 0.0225379 0.0267246 0.0252235 0.0359563 0.0298981 0.0323081 0.0302975 0.0316518 0.0284764 0.0258774 0.0323945 0.0301996 0.0316837 0.0266982 0.0301388 0.0296148 0.0251736 0.0300481 0.0293638 0.0274814 0.0275671 0.0358568 0.0284788 0.0270160 0.0346616 0.0304765 0.0348382 0.0326883 0.0279518 0.0308472 0.0299280 0.0309862 0.0341403 0.0264997 0.0307706 0.0289454 0.0295850 0.0315882 0.0321132 0.0359928 0.0298981 0.0322591 0.0312896 0.0353516 0.0287593 0.0255268 0.0386542 0.0280672 0.0491648 0.0299130 0.0229303 0.0312522 0.0340187 0.0322754 0.0300782 0.0317797 0.0346759 0.0255843 0.0277414 0.0333503 0.0288881 0.0341403 0.0341352 0.0319526 0.0277965 0.0275626 0.0355314 0.0344996 0.0334403 0.0269786 0.0332493 
pop1.indv24 0.0228760 0.0000000 0.0354421 0.0359891 0.0295975 0.0319846 0.0322978 0.0349448 0.0346501 0.0331823 0.0311347 0.0297790 0.0361607 0.0289596 0.0358884 0.0338289 0.0301923 0.0391516 0.0328841 0.0343425 0.0353337 0.0410799 0.0310578 0.0388742 0.0352980 0.0373932 0.0343491 0.0327145 0.0335458 0.0293389 0.0338289 0.0369488 0.0341471 0.0387369 0.0368002 0.0299253 0.0340837 0.0385354 0.0314492 0.0335115 0.0392893 0.0368560 0.0324431 0.0269186 0.0366705 0.0365050 0.0369214 0.0365417 0.0338795 0.0374838 0.0338791 0.0243262 0.0431952 0.0370280 0.0312554 0.0322496 0.0397917 0.0356307 0.0325571 0.0339984 0.0372756 0.0328841 0.0372756 0.0352623 0.0361231 0.0352445 0.0363607 0.0346845 0.0352802 0.0330764 0.0337616 0.0353695 0.0361594 0.0351029 0.0330600 
pop1.indv18 0.0275866 0.0354421 0.0000000 0.0297178 0.0157175 0.0240452 0.0287196 0.0249573 0.0255285 0.0236276 0.0228975 0.0319124 0.0296788 0.0255285 0.0298227 0.0347018 0.0286359 0.0286498 0.0276520 0.0306790 0.0258274 0.0219031 0.0255531 0.0235132 0.0277745 0.0302767 0.0318030 0.0321743 0.0267184 0.0284454 0.0289167 0.0266963 0.0310066 0.0289587 0.0285803 0.0270953 0.0319008 0.0260912 0.0287364 0.0328812 0.0296485 0.0282956 0.0331322 0.0284973 0.0257395 0.0300973 0.0279107 0.0270822 0.0322878 0.0281991 0.0356186 0.0357780 0.0341532 0.0238234 0.0343504 0.0320584 0.0330160 0.0297935 0.0281580 0.0305277 0.0389333 0.0268005 0.0311578 0.0353287 0.0380518 0.0315424 0.0297353 0.0279003 0.0298812 0.0270953 0.0297644 0.0280897 0.0385425 0.0307553 0.0345411 
pop1.indv9  0.0288332 0.0359891 0.0297178 0.0000000 0.0239963 0.0231362 0.0265415 0.0249693 0.0249334 0.0237818 0.0212204 0.0245911 0.0271121 0.0256568 0.0257548 0.0246141 0.0232240 0.0258908 0.0289447 0.0328812 0.0287196 0.0226916 0.0255595 0.0256324 0.0224159 0.0304085 0.0251492 0.0295327 0.0286723 0.0219905 0.0254916 0.0259281 0.0231144 0.0268482 0.0305895 0.0247788 0.0281717 0.0239874 0.0276199 0.0277932 0.0296629 0.0275850 0.0286081 0.0261125 0.0238956 0.0245446 0.0274388 0.0267839 0.0284149 0.0281034 0.0327688 0.0292081 0.0370108 0.0259032 0.0223640 0.0335446 0.0335612 0.0300097 0.0252608 0.0296612 0.0335280 0.0238272 0.0317892 0.0330437 0.0365196 0.0298519 0.0290148 0.0232903 0.0293704 0.0328006 0.0223306 0.0292271 0.0340122 0.0254060 0.0269517 
pop1.indv22 0.0225379 0.0295975 0.0157175 0.0239963 0.0000000 0.0244253 0.0238159 0.0262053 0.0239759 0.0243499 0.0218199 0.0263885 0.0270477 0.0280082 0.0286637 0.0293848 0.0355862 0.0267222 0.0297935 0.0273203 0.0303184 0.0246260 0.0230627 0.0288889 0.0272272 0.0262959 0.0208562 0.0291307 0.0257013 0.0316273 0.0256202 0.0292271 0.0285388 0.0324788 0.0289587 0.0224373 0.0313566 0.0290007 0.0252485 0.0244253 0.0237479 0.0292129 0.0286359 0.0222039 0.0275317 0.0273728 0.0266833 0.0272007 0.0276386 0.0270953 0.0291135 0.0273423 0.0300473 0.0261291 0.0365102 0.0240799 0.0297935 0.0275984 0.0240452 0.0268529 0.0294137 0.0245667 0.0265671 0.0340290 0.0315580 0.0246380 0.0318538 0.0264903 0.0267092 0.0333141 0.0266689 0.0285388 0.0357278 0.0336778 0.0332814 
pop1.indv2  0.0267246 0.0319846 0.0240452 0.0231362 0.0244253 0.0000000 0.0288506 0.0284128 0.0288238 0.0268499 0.0280812 0.0302698 0.0277291 0.0273944 0.0293495 0.0322855 0.0310817 0.0277252 0.0316518 0.0269231 0.0266655 0.0290078 0.0281493 0.0285978 0.0286470 0.0319087 0.0261205 0.0221829 0.0337280 0.0282404 0.0325687 0.0285634 0.0348940 0.0299902 0.0295576 0.0245522 0.0296732 0.0286843 0.0270600 0.0299811 0.0270165 0.0295105 0.0267385 0.0299447 0.0348608 0.0279040 0.0315643 0.0302239 0.0313621 0.0304916 0.0336570 0.0290310 0.0366705 0.0278797 0.0274388 0.0322458 0.0334076 0.0297916 0.0300293 0.0339205 0.0377824 0.0320977 0.0291815 0.0301181 0.0327592 0.0275522 0.0344833 0.0282334 0.0310570 0.0277252 0.0304451 0.0350450 0.0332941 0.0293093 0.0295105 
pop1.indv3  0.0252235 0.0322978 0.0287196 0.0265415 0.0238159 0.0288506 0.0000000 0.0256404 0.0286323 0.0276408 0.0264820 0.0264741 0.0282823 0.0217435 0.0282759 0.0283785 0.0289377 0.0270653 0.0292697 0.0254071 0.0268256 0.0281740 0.0304291 0.0232272 0.0270653 0.0318926 0.0257646 0.0315901 0.0234353 0.0199160 0.0284605 0.0297554 0.0335495 0.0305119 0.0286866 0.0233786 0.0311292 0.0291025 0.0305594 0.0271733 0.0305674 0.0297734 0.0268418 0.0252185 0.0285806 0.0267751 0.0286410 0.0323811 0.0254053 0.0276159 0.0327218 0.0314802 0.0356824 0.0222423 0.0222671 0.0303065 0.0280812 0.0282844 0.0253238 0.0302881 0.0351854 0.0223433 0.0305136 0.0328878 0.0257774 0.0319341 0.0289028 0.0319867 0.0285978 0.0268711 0.0292608 0.0316228 0.0325588 0.0274357 0.0280219 
pop1.indv4  0.0359563 0.0349448 0.0249573 0.0249693 0.0262053 0.0284128 0.0256404 0.0000000 0.0258098 0.0270816 0.0256557 0.0303832 0.0327967 0.0303988 0.0257803 0.0333906 0.0298453 0.0272957 0.0312953 0.0303895 0.0292557 0.0311769 0.0278260 0.0308931 0.0272540 0.0337952 0.0271046 0.0327043 0.0285326 0.0306032 0.0266407 0.0306138 0.0275331 0.0292255 0.0301418 0.0275084 0.0343613 0.0313909 0.0324894 0.0290328 0.0285806 0.0359382 0.0241571 0.0305582 0.0297192 0.0290502 0.0301365 0.0300357 0.0291551 0.0328189 0.0346759 0.0317777 0.0381860 0.0241999 0.0318225 0.0282521 0.0308858 0.0349364 0.0266332 0.0263190 0.0364430 0.0290341 0.0280050 0.0362619 0.0334491 0.0309142 0.0308386 0.0310249 0.0303400 0.0325687 0.0328492 0.0315256 0.0362169 0.0305757 0.0324676 
pop1.indv5  0.0298981 0.0346501 0.0255285 0.0249334 0.0239759 0.0288238 0.0286323 0.0258098 0.0000000 0.0287626 0.0290870 0.0275166 0.0296039 0.0279020 0.0313621 0.0349040 0.0309683 0.0331916 0.0323881 0.0299558 0.0337428 0.0256864 0.0305010 0.0299357 0.0299649 0.0308344 0.0269715 0.0355862 0.0295151 0.0283927 0.0355929 0.0328978 0.0275827 0.0289639 0.0282164 0.0263142 0.0310284 0.0318151 0.0313744 0.0259962 0.0269355 0.0330390 0.0291312 0.0264568 0.0284128 0.0297465 0.0303214 0.0298633 0.0321519 0.0322656 0.0313631 0.0291315 0.0349273 0.0299579 0.0234465 0.0306226 0.0325676 0.0303803 0.0287259 0.0325175 0.0370540 0.0280473 0.0293978 0.0331508 0.0339216 0.0304053 0.0369502 0.0326284 0.0354044 0.0339415 0.0276325 0.0292378 0.0310912 0.0315256 0.0306324 
pop1.indv6  0.0323081 0.0331823 0.0236276 0.0237818 0.0243499 0.0268499 0.0276408 0.0270816 0.0287626 0.0000000 0.0291903 0.0315460 0.0281983 0.0294297 0.0274523 0.0332018 0.0326783 0.0321567 0.0270246 0.0290711 0.0310344 0.0294566 0.0261684 0.0288767 0.0282865 0.0323187 0.0285119 0.0264012 0.0292129 0.0296026 0.0277336 0.0307258 0.0356477 0.0326384 0.0339818 0.0244862 0.0318874 0.0310438 0.0327380 0.0303434 0.0296831 0.0321370 0.0341633 0.0322893 0.0303803 0.0310154 0.0308669 0.0320682 0.0331768 0.0308386 0.0383405 0.0292762 0.0407894 0.0302453 0.0299082 0.0375585 0.0361713 0.0362845 0.0323553 0.0367371 0.0319833 0.0296006 0.0319023 0.0346329 0.0332480 0.0348824 0.0333353 0.0322893 0.0316128 0.0311769 0.0326883 0.0326178 0.0386883 0.0312343 0.0357358 
pop1.indv7  0.0302975 0.0311347 0.0228975 0.0212204 0.0218199 0.0280812 0.0264820 0.0256557 0.0290870 0.0291903 0.0000000 0.0278977 0.0288168 0.0263300 0.0287899 0.0317486 0.0325488 0.0264488 0.0273449 0.0367557 0.0287277 0.0280727 0.0295219 0.0293625 0.0287888 0.0290041 0.0247938 0.0294763 0.0260534 0.0305127 0.0264583 0.0274192 0.0271990 0.0280981 0.0282234 0.0233371 0.0339730 0.0272466 0.0276373 0.0301874 0.0307904 0.0292520 0.0260586 0.0241339 0.0277336 0.0277872 0.0296741 0.0282334 0.0305869 0.0317292 0.0302453 0.0248180 0.0366705 0.0240690 0.0287917 0.0274027 0.0295555 0.0256787 0.0270165 0.0261684 0.0327987 0.0234063 0.0264112 0.0340654 0.0319932 0.0345366 0.0316904 0.0292255 0.0305570 0.0298543 0.0286323 0.0325687 0.0361384 0.0267852 0.0273696 
pop1.indv8  0.0316518 0.0297790 0.0319124 0.0245911 0.0263885 0.0302698 0.0264741 0.0303832 0.0275166 0.0315460 0.0278977 0.0000000 0.0303680 0.0295130 0.0299429 0.0309213 0.0310028 0.0298093 0.0304474 0.0295487 0.0298995 0.0324302 0.0271327 0.0277043 0.0328577 0.0304337 0.0300582 0.0336301 0.0290167 0.0303481 0.0323223 0.0286180 0.0310925 0.0387423 0.0295685 0.0313649 0.0337640 0.0297286 0.0328859 0.0278121 0.0270923 0.0357401 0.0315450 0.0347766 0.0316709 0.0319963 0.0292697 0.0306513 0.0307893 0.0393224 0.0385354 0.0309204 0.0372060 0.0306638 0.0319434 0.0348726 0.0303618 0.0325092 0.0304474 0.0313239 0.0330289 0.0277788 0.0286095 0.0341462 0.0360811 0.0316904 0.0362283 0.0307893 0.0324676 0.0319384 0.0293889 0.0378398 0.0384410 0.0307633 0.0337540 
pop1.indv10 0.0284764 0.0361607 0.0296788 0.0271121 0.0270477 0.0277291 0.0282823 0.0327967 0.0296039 0.0281983 0.0288168 0.0303680 0.0000000 0.0313460 0.0282908 0.0374324 0.0318519 0.0314219 0.0323615 0.0343511 0.0300782 0.0308354 0.0280561 0.0343358 0.0338261 0.0341695 0.0386589 0.0310460 0.0331584 0.0326405 0.0363387 0.0347573 0.0320219 0.0345129 0.0343254 0.0295774 0.0349690 0.0359298 0.0366024 0.0285074 0.0303558 0.0392360 0.0318635 0.0318423 0.0336208 0.0359216 0.0273691 0.0325993 0.0354364 0.0366422 0.0399963 0.0316518 0.0384732 0.0302523 0.0339760 0.0358499 0.0330558 0.0347766 0.0321129 0.0368532 0.0389103 0.0333031 0.0348947 0.0376985 0.0377225 0.0349798 0.0356419 0.0372036 0.0347427 0.0379872 0.0348629 0.0347448 0.0355165 0.0335166 0.0355659 
pop1.indv11 0.0258774 0.0289596 0.0255285 0.0256568 0.0280082 0.0273944 0.0217435 0.0303988 0.0279020 0.0294297 0.0263300 0.0295130 0.0313460 0.0000000 0.0260664 0.0303493 0.0306417 0.0285598 0.0330491 0.0311673 0.0322656 0.0302881 0.0244132 0.0299447 0.0253094 0.0316996 0.0245052 0.0264139 0.0277474 0.0268529 0.0262514 0.0329683 0.0274755 0.0287017 0.0329857 0.0263063 0.0339730 0.0324179 0.0309189 0.0325389 0.0261966 0.0310912 0.0256528 0.0306417 0.0291223 0.0292255 0.0314581 0.0279376 0.0306697 0.0308197 0.0378129 0.0285889 0.0438944 0.0283981 0.0290711 0.0339730 0.0273952 0.0318264 0.0271552 0.0305476 0.0354706 0.0262000 0.0295487 0.0324975 0.0300478 0.0355593 0.0310912 0.0288941 0.0277044 0.0317583 0.0305767 0.0342233 0.0335347 0.0334420 0.0327184 
pop1.indv12 0.0323945 0.0358884 0.0298227 0.0257548 0.0286637 0.0293495 0.0282759 0.0257803 0.0313621 0.0274523 0.0287899 0.0299429 0.0282908 0.0260664 0.0000000 0.0288680 0.0288680 0.0294745 0.0295665 0.0294656 0.0300540 0.0305489 0.0272302 0.0304107 0.0281664 0.0345523 0.0269318 0.0282785 0.0231071 0.0281991 0.0294420 0.0308463 0.0312987 0.0321031 0.0282908 0.0265770 0.0309142 0.0322204 0.0300059 0.0252785 0.0286064 0.0322696 0.0293093 0.0321519 0.0299176 0.0343720 0.0311007 0.0337746 0.0293361 0.0315450 0.0352665 0.0344892 0.0428899 0.0302148 0.0241819 0.0311769 0.0352617 0.0304266 0.0280727 0.0317486 0.0357759 0.0292697 0.0333031 0.0351728 0.0329302 0.0353384 0.0285251 0.0329582 0.0288150 0.0322008 0.0312003 0.0314773 0.0379696 0.0303895 0.0338160 
pop1.indv13 0.0301996 0.0338289 0.0347018 0.0246141 0.0293848 0.0322855 0.0283785 0.0333906 0.0349040 0.0332018 0.0317486 0.0309213 0.0374324 0.0303493 0.0288680 0.0000000 0.0305383 0.0344253 0.0376176 0.0405968 0.0346008 0.0303526 0.0290693 0.0308650 0.0308306 0.0413054 0.0323572 0.0376176 0.0323622 0.0291892 0.0316807 0.0368469 0.0348405 0.0355652 0.0295576 0.0320878 0.0357381 0.0341284 0.0350121 0.0303803 0.0321173 0.0393859 0.0370376 0.0344302 0.0342127 0.0332681 0.0303400 0.0380846 0.0340526 0.0349473 0.0405363 0.0335241 0.0366889 0.0292089 0.0302000 0.0334283 0.0375585 0.0396093 0.0328290 0.0364089 0.0313015 0.0319341 0.0347213 0.0304730 0.0341102 0.0385877 0.0368867 0.0385556 0.0324857 0.0340046 0.0343667 0.0359243 0.0413696 0.0384010 0.0398796 
pop1.indv14 0.0316837 0.0301923 0.0286359 0.0232240 0.0355862 0.0310817 0.0289377 0.0298453 0.0309683 0.0326783 0.0325488 0.0310028 0.0318519 0.0306417 0.0288680 0.0305383 0.0000000 0.0293673 0.0317862 0.0343506 0.0339940 0.0330694 0.0257017 0.0269113 0.0314292 0.0370930 0.0322336 0.0284423 0.0278697 0.0320426 0.0350661 0.0308931 0.0357949 0.0301145 0.0280394 0.0317195 0.0355593 0.0330187 0.0322540 0.0313649 0.0299629 0.0293940 0.0324254 0.0307164 0.0322303 0.0312987 0.0303895 0.0313335 0.0349690 0.0327585 0.0362692 0.0335073 0.0371257 0.0287593 0.0330706 0.0340151 0.0338995 0.0318753 0.0301917 0.0326077 0.0356315 0.0267127 0.0336295 0.0341599 0.0347406 0.0340573 0.0352836 0.0322499 0.0334625 0.0356039 0.0308370 0.0344514 0.0327987 0.0367027 0.0330086 
pop1.indv15 0.0266982 0.0391516 0.0286498 0.0258908 0.0267222 0.0277252 0.0270653 0.0272957 0.0331916 0.0321567 0.0264488 0.0298093 0.0314219 0.0285598 0.0294745 0.0344253 0.0293673 0.0000000 0.0301181 0.0283210 0.0271634 0.0300449 0.0310628 0.0247806 0.0291157 0.0337260 0.0321378 0.0360533 0.0299695 0.0310425 0.0303710 0.0329481 0.0302422 0.0320977 0.0273367 0.0280812 0.0314854 0.0320682 0.0275910 0.0341074 0.0323090 0.0338473 0.0245588 0.0320388 0.0295645 0.0324894 0.0309522 0.0307727 0.0285634 0.0292022 0.0378719 0.0346628 0.0424829 0.0271415 0.0263632 0.0316518 0.0290444 0.0320030 0.0290622 0.0276612 0.0330015 0.0305663 0.0286237 0.0293183 0.0285825 0.0348380 0.0351105 0.0327786 0.0297187 0.0283185 0.0325175 0.0330935 0.0338682 0.0328694 0.0373943 
pop1.indv16 0.0301388 0.0328841 0.0276520 0.0289447 0.0297935 0.0316518 0.0292697 0.0312953 0.0323881 0.0270246 0.0273449 0.0304474 0.0323615 0.0330491 0.0295665 0.0376176 0.0317862 0.0301181 0.0000000 0.0338995 0.0316518 0.0296113 0.0270571 0.0308744 0.0316807 0.0349258 0.0276717 0.0339786 0.0285045 0.0236618 0.0315172 0.0337746 0.0311248 0.0361945 0.0307532 0.0286496 0.0304804 0.0348178 0.0267751 0.0275744 0.0344561 0.0313239 0.0315837 0.0346253 0.0329783 0.0274837 0.0305196 0.0349690 0.0300964 0.0332428 0.0355395 0.0370812 0.0376744 0.0370739 0.0340627 0.0374411 0.0332838 0.0314581 0.0312343 0.0299008 0.0357648 0.0283871 0.0303193 0.0352836 0.0361827 0.0344468 0.0369502 0.0350661 0.0347730 0.0286930 0.0350769 0.0343187 0.0330795 0.0319047 0.0346679 
pop1.indv17 0.0296148 0.0343425 0.0306790 0.0328812 0.0273203 0.0269231 0.0254071 0.0303895 0.0299558 0.0290711 0.0367557 0.0295487 0.0343511 0.0311673 0.0294656 0.0405968 0.0343506 0.0283210 0.0338995 0.0000000 0.0347838 0.0288940 0.0308953 0.0341599 0.0291336 0.0321699 0.0321941 0.0314337 0.0317304 0.0299400 0.0332428 0.0333559 0.0373152 0.0369732 0.0276824 0.0272210 0.0307357 0.0375824 0.0302789 0.0278260 0.0320878 0.0306884 0.0335011 0.0319899 0.0332428 0.0347534 0.0319833 0.0334009 0.0342929 0.0346222 0.0355763 0.0352623 0.0395892 0.0267542 0.0318381 0.0311338 0.0374042 0.0389932 0.0310762 0.0368752 0.0331038 0.0289292 0.0306511 0.0361940 0.0389306 0.0324957 0.0367142 0.0344408 0.0300847 0.0328593 0.0274689 0.0340256 0.0377470 0.0318775 0.0352290 
pop1.indv19 0.0251736 0.0353337 0.0258274 0.0287196 0.0303184 0.0266655 0.0268256 0.0292557 0.0337428 0.0310344 0.0287277 0.0298995 0.0300782 0.0322656 0.0300540 0.0346008 0.0339940 0.0271634 0.0316518 0.0347838 0.0000000 0.0306602 0.0285511 0.0297825 0.0297553 0.0288442 0.0288022 0.0303481 0.0320426 0.0252977 0.0296921 0.0316904 0.0348512 0.0338369 0.0317486 0.0274772 0.0322717 0.0289292 0.0306324 0.0327384 0.0331100 0.0348608 0.0339005 0.0287975 0.0377706 0.0310628 0.0316810 0.0298370 0.0304173 0.0300293 0.0346894 0.0341055 0.0423959 0.0280334 0.0340290 0.0334907 0.0324957 0.0290622 0.0300847 0.0336160 0.0362393 0.0325576 0.0335141 0.0333973 0.0330560 0.0349033 0.0297192 0.0327384 0.0300940 0.0312438 0.0353055 0.0354817 0.0378179 0.0330423 0.0354663 
pop1.indv20 0.0300481 0.0410799 0.0219031 0.0226916 0.0246260 0.0290078 0.0281740 0.0311769 0.0256864 0.0294566 0.0280727 0.0324302 0.0308354 0.0302881 0.0305489 0.0303526 0.0330694 0.0300449 0.0296113 0.0288940 0.0306602 0.0000000 0.0276325 0.0302239 0.0305196 0.0385082 0.0329499 0.0321774 0.0352408 0.0313566 0.0317862 0.0291991 0.0343825 0.0328978 0.0281150 0.0272957 0.0376410 0.0309119 0.0308817 0.0282589 0.0276408 0.0283699 0.0333456 0.0314695 0.0311007 0.0251438 0.0305953 0.0331667 0.0304935 0.0354335 0.0317958 0.0318570 0.0327533 0.0283839 0.0293343 0.0311197 0.0393735 0.0317972 0.0292022 0.0301641 0.0335451 0.0285720 0.0313270 0.0326983 0.0313111 0.0317006 0.0319997 0.0305119 0.0353714 0.0315556 0.0291046 0.0302194 0.0411092 0.0305663 0.0314196 
pop1.indv21 0.0293638 0.0310578 0.0255531 0.0255595 0.0230627 0.0281493 0.0304291 0.0278260 0.0305010 0.0261684 0.0295219 0.0271327 0.0280561 0.0244132 0.0272302 0.0290693 0.0257017 0.0310628 0.0270571 0.0308953 0.0285511 0.0276325 0.0000000 0.0301691 0.0302194 0.0287132 0.0323300 0.0260031 0.0305730 0.0256150 0.0277420 0.0313048 0.0335268 0.0344408 0.0297375 0.0288854 0.0310093 0.0281750 0.0307253 0.0276408 0.0240693 0.0332120 0.0273869 0.0275579 0.0283356 0.0278121 0.0305010 0.0318635 0.0335064 0.0305196 0.0363064 0.0266718 0.0351534 0.0262370 0.0287476 0.0315450 0.0364544 0.0331406 0.0265607 0.0338369 0.0367945 0.0290517 0.0339505 0.0335969 0.0345004 0.0332941 0.0339520 0.0253844 0.0297735 0.0314388 0.0296561 0.0305103 0.0332633 0.0309047 0.0302698 
pop1.indv23 0.0274814 0.0388742 0.0235132 0.0256324 0.0288889 0.0285978 0.0232272 0.0308931 0.0299357 0.0288767 0.0293625 0.0277043 0.0343358 0.0299447 0.0304107 0.0308650 0.0269113 0.0247806 0.0308744 0.0341599 0.0297825 0.0302239 0.0301691 0.0000000 0.0287451 0.0328705 0.0253718 0.0293061 0.0311578 0.0291844 0.0355165 0.0313554 0.0353505 0.0271814 0.0342988 0.0306975 0.0296006 0.0338261 0.0281815 0.0290589 0.0304935 0.0330860 0.0321469 0.0310215 0.0338986 0.0333031 0.0323287 0.0317284 0.0325796 0.0294119 0.0374242 0.0377695 0.0361248 0.0331322 0.0288055 0.0347748 0.0310344 0.0314981 0.0290253 0.0324378 0.0424042 0.0293406 0.0294420 0.0321324 0.0338264 0.0338160 0.0333395 0.0315172 0.0347856 0.0329380 0.0328177 0.0318538 0.0324697 0.0333804 0.0328277 
pop1.indv25 0.0275671 0.0352980 0.0277745 0.0224159 0.0272272 0.0286470 0.0270653 0.0272540 0.0299649 0.0282865 0.0287888 0.0328577 0.0338261 0.0253094 0.0281664 0.0308306 0.0314292 0.0291157 0.0316807 0.0291336 0.0297553 0.0305196 0.0302194 0.0287451 0.0000000 0.0283892 0.0313472 0.0348937 0.0231853 0.0253594 0.0318460 0.0277755 0.0320780 0.0288676 0.0295487 0.0284473 0.0360570 0.0302009 0.0253087 0.0299266 0.0278513 0.0305851 0.0275801 0.0315837 0.0278682 0.0309777 0.0267711 0.0280643 0.0308386 0.0296006 0.0347292 0.0311421 0.0413110 0.0374411 0.0280353 0.0284512 0.0326679 0.0330423 0.0291247 0.0271700 0.0332791 0.0249521 0.0260274 0.0330730 0.0293863 0.0312592 0.0322756 0.0318655 0.0338688 0.0305944 0.0292914 0.0313980 0.0324454 0.0332480 0.0329099 
pop2.indv12 0.0358568 0.0373932 0.0302767 0.0304085 0.0262959 0.0319087 0.0318926 0.0337952 0.0308344 0.0323187 0.0290041 0.0304337 0.0341695 0.0316996 0.0345523 0.0413054 0.0370930 0.0337260 0.0349258 0.0321699 0.0288442 0.0385082 0.0287132 0.0328705 0.0283892 0.0000000 0.0254901 0.0333273 0.0224879 0.0226702 0.0299729 0.0278658 0.0267644 0.0272525 0.0280053 0.0245655 0.0344748 0.0289172 0.0329829 0.0294372 0.0249085 0.0337432 0.0298247 0.0291208 0.0299004 0.0325244 0.0274021 0.0261334 0.0355857 0.0336398 0.0319989 0.0334909 0.0299090 0.0303936 0.0195403 0.0243081 0.0312838 0.0379658 0.0303065 0.0345996 0.0286554 0.0256982 0.0386139 0.0291062 0.0299460 0.0322428 0.0308813 0.0307565 0.0314268 0.0324064 0.0312364 0.0301996 0.0355676 0.0288884 0.0279075 
pop2.indv5  0.0284788 0.0343491 0.0318030 0.0251492 0.0208562 0.0261205 0.0257646 0.0271046 0.0269715 0.0285119 0.0247938 0.0300582 0.0386589 0.0245052 0.0269318 0.0323572 0.0322336 0.0321378 0.0276717 0.0321941 0.0288022 0.0329499 0.0323300 0.0253718 0.0313472 0.0254901 0.0000000 0.0288576 0.0260465 0.0324293 0.0329829 0.0262691 0.0268266 0.0280759 0.0249762 0.0212254 0.0259795 0.0330764 0.0238272 0.0262180 0.0226101 0.0330325 0.0261592 0.0282404 0.0260306 0.0246260 0.0243618 0.0352408 0.0289028 0.0362690 0.0376176 0.0284557 0.0372430 0.0280665 0.0288576 0.0291171 0.0309397 0.0246857 0.0244094 0.0279633 0.0292532 0.0313676 0.0326721 0.0316361 0.0263022 0.0220747 0.0328677 0.0298812 0.0306945 0.0315736 0.0298666 0.0234920 0.0354233 0.0329038 0.0313051 
pop2.indv11 0.0270160 0.0327145 0.0321743 0.0295327 0.0291307 0.0221829 0.0315901 0.0327043 0.0355862 0.0264012 0.0294763 0.0336301 0.0310460 0.0264139 0.0282785 0.0376176 0.0284423 0.0360533 0.0339786 0.0314337 0.0303481 0.0321774 0.0260031 0.0293061 0.0348937 0.0333273 0.0288576 0.0000000 0.0351166 0.0249617 0.0298649 0.0282108 0.0274520 0.0266689 0.0292639 0.0244253 0.0341810 0.0254182 0.0290268 0.0277532 0.0261125 0.0322089 0.0302591 0.0243320 0.0348079 0.0245678 0.0347567 0.0336301 0.0269517 0.0341254 0.0384506 0.0307760 0.0400333 0.0280459 0.0332712 0.0351883 0.0345302 0.0314337 0.0297063 0.0331419 0.0362326 0.0246611 0.0329102 0.0307677 0.0370140 0.0303332 0.0334949 0.0291100 0.0282266 0.0252847 0.0272679 0.0327203 0.0379756 0.0331584 0.0350652 
pop2.indv15 0.0346616 0.0335458 0.0267184 0.0286723 0.0257013 0.0337280 0.0234353 0.0285326 0.0295151 0.0292129 0.0260534 0.0290167 0.0331584 0.0277474 0.0231071 0.0323622 0.0278697 0.0299695 0.0285045 0.0317304 0.0320426 0.0352408 0.0305730 0.0311578 0.0231853 0.0224879 0.0260465 0.0351166 0.0000000 0.0294182 0.0290429 0.0329136 0.0257302 0.0316827 0.0289167 0.0254060 0.0309356 0.0260534 0.0289307 0.0264139 0.0265800 0.0277069 0.0312429 0.0197287 0.0253452 0.0259781 0.0265415 0.0283057 0.0276252 0.0266703 0.0298606 0.0202651 0.0340634 0.0259032 0.0314276 0.0295296 0.0263976 0.0302673 0.0245430 0.0260282 0.0344030 0.0251995 0.0294478 0.0301706 0.0315268 0.0306638 0.0267613 0.0279272 0.0275984 0.0280218 0.0322089 0.0332977 0.0298519 0.0293704 0.0357101 
pop2.indv13 0.0304765 0.0293389 0.0284454 0.0219905 0.0316273 0.0282404 0.0199160 0.0306032 0.0283927 0.0296026 0.0305127 0.0303481 0.0326405 0.0268529 0.0281991 0.0291892 0.0320426 0.0310425 0.0236618 0.0299400 0.0252977 0.0313566 0.0256150 0.0291844 0.0253594 0.0226702 0.0324293 0.0249617 0.0294182 0.0000000 0.0282956 0.0251507 0.0207937 0.0275984 0.0285942 0.0258784 0.0316204 0.0229963 0.0312035 0.0234802 0.0262308 0.0335944 0.0303276 0.0287056 0.0319794 0.0243204 0.0268660 0.0299547 0.0255778 0.0311810 0.0268748 0.0269303 0.0326102 0.0273643 0.0230715 0.0229633 0.0288462 0.0305730 0.0280353 0.0283927 0.0278016 0.0307691 0.0312645 0.0262691 0.0243262 0.0345238 0.0306183 0.0317913 0.0225667 0.0271216 0.0312340 0.0295442 0.0351382 0.0263332 0.0240105 
pop2.indv1  0.0348382 0.0338289 0.0289167 0.0254916 0.0256202 0.0325687 0.0284605 0.0266407 0.0355929 0.0277336 0.0264583 0.0323223 0.0363387 0.0262514 0.0294420 0.0316807 0.0350661 0.0303710 0.0315172 0.0332428 0.0296921 0.0317862 0.0277420 0.0355165 0.0318460 0.0299729 0.0329829 0.0298649 0.0290429 0.0282956 0.0000000 0.0339183 0.0301380 0.0283839 0.0260645 0.0280561 0.0327987 0.0320157 0.0325403 0.0261343 0.0261576 0.0304291 0.0276242 0.0375943 0.0321715 0.0292571 0.0277085 0.0282739 0.0267751 0.0295665 0.0351944 0.0320901 0.0338950 0.0295880 0.0349118 0.0344090 0.0337122 0.0365971 0.0300084 0.0293584 0.0320290 0.0288332 0.0293801 0.0347873 0.0358576 0.0324975 0.0336924 0.0308744 0.0330491 0.0318441 0.0324499 0.0343034 0.0349583 0.0340340 0.0338261 
pop2.indv2  0.0326883 0.0369488 0.0266963 0.0259281 0.0292271 0.0285634 0.0297554 0.0306138 0.0328978 0.0307258 0.0274192 0.0286180 0.0347573 0.0329683 0.0308463 0.0368469 0.0308931 0.0329481 0.0337746 0.0333559 0.0316904 0.0291991 0.0313048 0.0313554 0.0277755 0.0278658 0.0262691 0.0282108 0.0329136 0.0251507 0.0339183 0.0000000 0.0295067 0.0315280 0.0279976 0.0265452 0.0327585 0.0273854 0.0273203 0.0312893 0.0312098 0.0311248 0.0290341 0.0298003 0.0279629 0.0285839 0.0263458 0.0327181 0.0264426 0.0273696 0.0373283 0.0291171 0.0378240 0.0288022 0.0268096 0.0295398 0.0306697 0.0302606 0.0288150 0.0326284 0.0334214 0.0298633 0.0306883 0.0287364 0.0306885 0.0315940 0.0289377 0.0323125 0.0314388 0.0319963 0.0278789 0.0302514 0.0318828 0.0310628 0.0283271 
pop2.indv3  0.0279518 0.0341471 0.0310066 0.0231144 0.0285388 0.0348940 0.0335495 0.0275331 0.0275827 0.0356477 0.0271990 0.0310925 0.0320219 0.0274755 0.0312987 0.0348405 0.0357949 0.0302422 0.0311248 0.0373152 0.0348512 0.0343825 0.0335268 0.0353505 0.0320780 0.0267644 0.0268266 0.0274520 0.0257302 0.0207937 0.0301380 0.0295067 0.0000000 0.0279809 0.0271427 0.0241612 0.0342194 0.0314807 0.0298088 0.0295774 0.0285414 0.0351925 0.0278288 0.0317849 0.0295685 0.0241737 0.0305119 0.0321859 0.0328264 0.0265136 0.0317476 0.0282680 0.0339117 0.0319846 0.0302366 0.0294243 0.0284349 0.0308557 0.0316709 0.0338572 0.0300873 0.0276703 0.0337035 0.0303649 0.0282419 0.0338986 0.0332930 0.0290573 0.0293228 0.0302828 0.0296128 0.0323811 0.0324106 0.0277705 0.0332930 
pop2.indv4  0.0308472 0.0387369 0.0289587 0.0268482 0.0324788 0.0299902 0.0305119 0.0292255 0.0289639 0.0326384 0.0280981 0.0387423 0.0345129 0.0287017 0.0321031 0.0355652 0.0301145 0.0320977 0.0361945 0.0369732 0.0338369 0.0328978 0.0344408 0.0271814 0.0288676 0.0272525 0.0280759 0.0266689 0.0316827 0.0275984 0.0283839 0.0315280 0.0279809 0.0000000 0.0317372 0.0281656 0.0330897 0.0291903 0.0298088 0.0315556 0.0275166 0.0304199 0.0262475 0.0323811 0.0281740 0.0269957 0.0299629 0.0279040 0.0335292 0.0331869 0.0339841 0.0279655 0.0352058 0.0311421 0.0236021 0.0263695 0.0328492 0.0322106 0.0305582 0.0317098 0.0342021 0.0284691 0.0344035 0.0352376 0.0325475 0.0324577 0.0329380 0.0354403 0.0284473 0.0316805 0.0308650 0.0350121 0.0300964 0.0331304 0.0285204 
pop2.indv6  0.0299280 0.0368002 0.0285803 0.0305895 0.0289587 0.0295576 0.0286866 0.0301418 0.0282164 0.0339818 0.0282234 0.0295685 0.0343254 0.0329857 0.0282908 0.0295576 0.0280394 0.0273367 0.0307532 0.0276824 0.0317486 0.0281150 0.0297375 0.0342988 0.0295487 0.0280053 0.0249762 0.0292639 0.0289167 0.0285942 0.0260645 0.0279976 0.0271427 0.0317372 0.0000000 0.0238564 0.0341179 0.0317476 0.0243512 0.0260105 0.0295774 0.0291639 0.0292520 0.0269957 0.0254354 0.0284313 0.0283100 0.0279143 0.0282655 0.0275166 0.0316518 0.0281580 0.0405053 0.0312522 0.0278600 0.0292167 0.0297463 0.0334044 0.0258262 0.0266247 0.0292255 0.0300330 0.0339070 0.0297734 0.0326683 0.0305860 0.0285376 0.0320157 0.0306977 0.0321031 0.0284349 0.0252936 0.0358719 0.0337744 0.0282079 
pop2.indv7  0.0309862 0.0299253 0.0270953 0.0247788 0.0224373 0.0245522 0.0233786 0.0275084 0.0263142 0.0244862 0.0233371 0.0313649 0.0295774 0.0263063 0.0265770 0.0320878 0.0317195 0.0280812 0.0286496 0.0272210 0.0274772 0.0272957 0.0288854 0.0306975 0.0284473 0.0245655 0.0212254 0.0244253 0.0254060 0.0258784 0.0280561 0.0265452 0.0241612 0.0281656 0.0238564 0.0000000 0.0271061 0.0260118 0.0251215 0.0192604 0.0252861 0.0251960 0.0255294 0.0272384 0.0230866 0.0284264 0.0264012 0.0279124 0.0277208 0.0283185 0.0240572 0.0212356 0.0351883 0.0194018 0.0210811 0.0261763 0.0274938 0.0250600 0.0240693 0.0264727 0.0288588 0.0258801 0.0267193 0.0325290 0.0256605 0.0233775 0.0250002 0.0277208 0.0258021 0.0227405 0.0246553 0.0296561 0.0279713 0.0241124 0.0280897 
pop2.indv8  0.0341403 0.0340837 0.0319008 0.0281717 0.0313566 0.0296732 0.0311292 0.0343613 0.0310284 0.0318874 0.0339730 0.0337640 0.0349690 0.0339730 0.0309142 0.0357381 0.0355593 0.0314854 0.0304804 0.0307357 0.0322717 0.0376410 0.0310093 0.0296006 0.0360570 0.0344748 0.0259795 0.0341810 0.0309356 0.0316204 0.0327987 0.0327585 0.0342194 0.0330897 0.0341179 0.0271061 0.0000000 0.0343933 0.0260352 0.0306138 0.0298188 0.0275105 0.0349470 0.0291578 0.0295555 0.0316228 0.0316031 0.0315063 0.0327184 0.0300385 0.0343684 0.0303579 0.0455688 0.0307100 0.0298959 0.0378773 0.0325664 0.0371700 0.0318676 0.0380684 0.0357381 0.0329302 0.0333804 0.0306696 0.0319270 0.0365229 0.0340784 0.0293584 0.0332688 0.0385634 0.0319440 0.0344789 0.0366570 0.0330935 0.0325977 
pop2.indv9  0.0264997 0.0385354 0.0260912 0.0239874 0.0290007 0.0286843 0.0291025 0.0313909 0.0318151 0.0310438 0.0272466 0.0297286 0.0359298 0.0324179 0.0322204 0.0341284 0.0330187 0.0320682 0.0348178 0.0375824 0.0289292 0.0309119 0.0281750 0.0338261 0.0302009 0.0289172 0.0330764 0.0254182 0.0260534 0.0229963 0.0320157 0.0273854 0.0314807 0.0291903 0.0317476 0.0260118 0.0343933 0.0000000 0.0249038 0.0315172 0.0295308 0.0302698 0.0281921 0.0325588 0.0306884 0.0279725 0.0258176 0.0308931 0.0311859 0.0320290 0.0428175 0.0309966 0.0357456 0.0277276 0.0264139 0.0309871 0.0317195 0.0344196 0.0277420 0.0361496 0.0372662 0.0283271 0.0298093 0.0326384 0.0304053 0.0339100 0.0371506 0.0301691 0.0292914 0.0311342 0.0280135 0.0290605 0.0411446 0.0309119 0.0319411 
pop2.indv10 0.0307706 0.0314492 0.0287364 0.0276199 0.0252485 0.0270600 0.0305594 0.0324894 0.0313744 0.0327380 0.0276373 0.0328859 0.0366024 0.0309189 0.0300059 0.0350121 0.0322540 0.0275910 0.0267751 0.0302789 0.0306324 0.0308817 0.0307253 0.0281815 0.0253087 0.0329829 0.0238272 0.0290268 0.0289307 0.0312035 0.0325403 0.0273203 0.0298088 0.0298088 0.0243512 0.0251215 0.0260352 0.0249038 0.0000000 0.0262242 0.0260259 0.0268919 0.0265611 0.0258423 0.0277539 0.0240760 0.0298093 0.0312422 0.0275308 0.0337129 0.0283556 0.0221352 0.0338617 0.0251751 0.0294669 0.0339492 0.0291288 0.0300782 0.0258878 0.0325687 0.0336090 0.0273447 0.0287058 0.0342260 0.0307727 0.0295308 0.0249112 0.0319480 0.0317862 0.0257497 0.0312046 0.0331566 0.0332930 0.0313744 0.0267193 
pop2.indv14 0.0289454 0.0335115 0.0328812 0.0277932 0.0244253 0.0299811 0.0271733 0.0290328 0.0259962 0.0303434 0.0301874 0.0278121 0.0285074 0.0325389 0.0252785 0.0303803 0.0313649 0.0341074 0.0275744 0.0278260 0.0327384 0.0282589 0.0276408 0.0290589 0.0299266 0.0294372 0.0262180 0.0277532 0.0264139 0.0234802 0.0261343 0.0312893 0.0295774 0.0315556 0.0260105 0.0192604 0.0306138 0.0315172 0.0262242 0.0000000 0.0253011 0.0361838 0.0281579 0.0284009 0.0263695 0.0266560 0.0302973 0.0277125 0.0280394 0.0294686 0.0287165 0.0272272 0.0349109 0.0248664 0.0260630 0.0305304 0.0281921 0.0329683 0.0276574 0.0265047 0.0303341 0.0295398 0.0276868 0.0279208 0.0324975 0.0335451 0.0293139 0.0327479 0.0319899 0.0281656 0.0275496 0.0282929 0.0341671 0.0298723 0.0313554 
pop2.indv16 0.0295850 0.0392893 0.0296485 0.0296629 0.0237479 0.0270165 0.0305674 0.0285806 0.0269355 0.0296831 0.0307904 0.0270923 0.0303558 0.0261966 0.0286064 0.0321173 0.0299629 0.0323090 0.0344561 0.0320878 0.0331100 0.0276408 0.0240693 0.0304935 0.0278513 0.0249085 0.0226101 0.0261125 0.0265800 0.0262308 0.0261576 0.0312098 0.0285414 0.0275166 0.0295774 0.0252861 0.0298188 0.0295308 0.0260259 0.0253011 0.0000000 0.0344877 0.0296741 0.0306883 0.0296382 0.0254203 0.0264648 0.0297734 0.0297823 0.0332986 0.0318602 0.0321537 0.0380137 0.0306020 0.0281434 0.0292111 0.0332325 0.0367102 0.0225691 0.0344621 0.0349581 0.0250450 0.0286180 0.0320192 0.0342444 0.0304916 0.0344621 0.0306513 0.0270571 0.0324401 0.0255564 0.0326384 0.0355820 0.0299811 0.0303157 
pop2.indv17 0.0315882 0.0368560 0.0282956 0.0275850 0.0292129 0.0295105 0.0297734 0.0359382 0.0330390 0.0321370 0.0292520 0.0357401 0.0392360 0.0310912 0.0322696 0.0393859 0.0293940 0.0338473 0.0313239 0.0306884 0.0348608 0.0283699 0.0332120 0.0330860 0.0305851 0.0337432 0.0330325 0.0322089 0.0277069 0.0335944 0.0304291 0.0311248 0.0351925 0.0304199 0.0291639 0.0251960 0.0275105 0.0302698 0.0268919 0.0361838 0.0344877 0.0000000 0.0327384 0.0290763 0.0313813 0.0313081 0.0313621 0.0318538 0.0341431 0.0321173 0.0293931 0.0296319 0.0348055 0.0293638 0.0363578 0.0313048 0.0359132 0.0307071 0.0287626 0.0330289 0.0412219 0.0301418 0.0322637 0.0329985 0.0381721 0.0322062 0.0281994 0.0340215 0.0327485 0.0363065 0.0325290 0.0332986 0.0349047 0.0291578 0.0351190 
pop2.indv18 0.0321132 0.0324431 0.0331322 0.0286081 0.0286359 0.0267385 0.0268418 0.0241571 0.0291312 0.0341633 0.0260586 0.0315450 0.0318635 0.0256528 0.0293093 0.0370376 0.0324254 0.0245588 0.0315837 0.0335011 0.0339005 0.0333456 0.0273869 0.0321469 0.0275801 0.0298247 0.0261592 0.0302591 0.0312429 0.0303276 0.0276242 0.0290341 0.0278288 0.0262475 0.0292520 0.0255294 0.0349470 0.0281921 0.0265611 0.0281579 0.0296741 0.0327384 0.0000000 0.0281664 0.0256296 0.0293317 0.0296550 0.0314100 0.0248400 0.0302564 0.0359336 0.0305100 0.0295006 0.0232137 0.0273470 0.0271285 0.0300847 0.0262713 0.0267385 0.0331448 0.0319270 0.0252637 0.0264170 0.0337114 0.0281586 0.0318281 0.0320129 0.0281067 0.0270624 0.0365432 0.0322161 0.0334803 0.0308009 0.0277721 0.0292378 
pop2.indv19 0.0359928 0.0269186 0.0284973 0.0261125 0.0222039 0.0299447 0.0252185 0.0305582 0.0264568 0.0322893 0.0241339 0.0347766 0.0318423 0.0306417 0.0321519 0.0344302 0.0307164 0.0320388 0.0346253 0.0319899 0.0287975 0.0314695 0.0275579 0.0310215 0.0315837 0.0291208 0.0282404 0.0243320 0.0197287 0.0287056 0.0375943 0.0298003 0.0317849 0.0323811 0.0269957 0.0272384 0.0291578 0.0325588 0.0258423 0.0284009 0.0306883 0.0290763 0.0281664 0.0000000 0.0339714 0.0279143 0.0293228 0.0287468 0.0337952 0.0263774 0.0275118 0.0282818 0.0347363 0.0266718 0.0303680 0.0283956 0.0317195 0.0286410 0.0283100 0.0311007 0.0284645 0.0285290 0.0302647 0.0295130 0.0332223 0.0312438 0.0318248 0.0318635 0.0279629 0.0320934 0.0290851 0.0299176 0.0348940 0.0341074 0.0288941 
pop2.indv20 0.0298981 0.0366705 0.0257395 0.0238956 0.0275317 0.0348608 0.0285806 0.0297192 0.0284128 0.0303803 0.0277336 0.0316709 0.0336208 0.0291223 0.0299176 0.0342127 0.0322303 0.0295645 0.0329783 0.0332428 0.0377706 0.0311007 0.0283356 0.0338986 0.0278682 0.0299004 0.0260306 0.0348079 0.0253452 0.0319794 0.0321715 0.0279629 0.0295685 0.0281740 0.0254354 0.0230866 0.0295555 0.0306884 0.0277539 0.0263695 0.0296382 0.0313813 0.0256296 0.0339714 0.0000000 0.0283924 0.0274606 0.0279292 0.0292255 0.0269840 0.0294078 0.0275491 0.0368578 0.0329540 0.0215539 0.0300175 0.0323054 0.0294297 0.0234760 0.0306417 0.0317389 0.0266567 0.0264583 0.0310628 0.0325375 0.0305289 0.0367898 0.0258339 0.0314870 0.0325488 0.0302239 0.0314292 0.0283356 0.0301273 0.0373961 
pop2.indv21 0.0322591 0.0365050 0.0300973 0.0245446 0.0273728 0.0279040 0.0267751 0.0290502 0.0297465 0.0310154 0.0277872 0.0319963 0.0359216 0.0292255 0.0343720 0.0332681 0.0312987 0.0324894 0.0274837 0.0347534 0.0310628 0.0251438 0.0278121 0.0333031 0.0309777 0.0325244 0.0246260 0.0245678 0.0259781 0.0243204 0.0292571 0.0285839 0.0241737 0.0269957 0.0284313 0.0284264 0.0316228 0.0279725 0.0240760 0.0266560 0.0254203 0.0313081 0.0293317 0.0279143 0.0283924 0.0000000 0.0301783 0.0343511 0.0296039 0.0292608 0.0326062 0.0272670 0.0316363 0.0288039 0.0288610 0.0296831 0.0308370 0.0298723 0.0286410 0.0286064 0.0302973 0.0238776 0.0314901 0.0321519 0.0357137 0.0288767 0.0274837 0.0301922 0.0289902 0.0316231 0.0283839 0.0297734 0.0326191 0.0288159 0.0326883 
pop2.indv22 0.0312896 0.0369214 0.0279107 0.0274388 0.0266833 0.0315643 0.0286410 0.0301365 0.0303214 0.0308669 0.0296741 0.0292697 0.0273691 0.0314581 0.0311007 0.0303400 0.0303895 0.0309522 0.0305196 0.0319833 0.0316810 0.0305953 0.0305010 0.0323287 0.0267711 0.0274021 0.0243618 0.0347567 0.0265415 0.0268660 0.0277085 0.0263458 0.0305119 0.0299629 0.0283100 0.0264012 0.0316031 0.0258176 0.0298093 0.0302973 0.0264648 0.0313621 0.0296550 0.0293228 0.0274606 0.0301783 0.0000000 0.0295665 0.0267910 0.0369387 0.0314108 0.0264494 0.0318069 0.0268577 0.0294193 0.0298007 0.0298461 0.0328694 0.0324876 0.0306132 0.0307263 0.0251275 0.0285634 0.0327284 0.0310666 0.0305663 0.0326178 0.0302239 0.0341102 0.0306790 0.0263695 0.0266332 0.0343456 0.0292735 0.0294297 
pop2.indv23 0.0353516 0.0365417 0.0270822 0.0267839 0.0272007 0.0302239 0.0323811 0.0300357 0.0298633 0.0320682 0.0282334 0.0306513 0.0325993 0.0279376 0.0337746 0.0380846 0.0313335 0.0307727 0.0349690 0.0334009 0.0298370 0.0331667 0.0318635 0.0317284 0.0280643 0.0261334 0.0352408 0.0336301 0.0283057 0.0299547 0.0282739 0.0327181 0.0321859 0.0279040 0.0279143 0.0279124 0.0315063 0.0308931 0.0312422 0.0277125 0.0297734 0.0318538 0.0314100 0.0287468 0.0279292 0.0343511 0.0295665 0.0000000 0.0297465 0.0285548 0.0315565 0.0263847 0.0445503 0.0341868 0.0275804 0.0308650 0.0315256 0.0312288 0.0301965 0.0310060 0.0327987 0.0312668 0.0281899 0.0298904 0.0300815 0.0310817 0.0355601 0.0344561 0.0294476 0.0327579 0.0320642 0.0336295 0.0330593 0.0309307 0.0325389 
pop2.indv24 0.0287593 0.0338795 0.0322878 0.0284149 0.0276386 0.0313621 0.0254053 0.0291551 0.0321519 0.0331768 0.0305869 0.0307893 0.0354364 0.0306697 0.0293361 0.0340526 0.0349690 0.0285634 0.0300964 0.0342929 0.0304173 0.0304935 0.0335064 0.0325796 0.0308386 0.0355857 0.0289028 0.0269517 0.0276252 0.0255778 0.0267751 0.0264426 0.0328264 0.0335292 0.0282655 0.0277208 0.0327184 0.0311859 0.0275308 0.0280394 0.0297823 0.0341431 0.0248400 0.0337952 0.0292255 0.0296039 0.0267910 0.0297465 0.0000000 0.0348824 0.0332158 0.0322817 0.0395232 0.0276717 0.0332325 0.0322696 0.0326583 0.0345299 0.0262158 0.0312668 0.0312763 0.0265373 0.0293185 0.0307904 0.0304359 0.0311769 0.0321519 0.0343511 0.0293851 0.0290851 0.0250151 0.0317958 0.0358609 0.0286323 0.0347873 
pop2.indv25 0.0255268 0.0374838 0.0281991 0.0281034 0.0270953 0.0304916 0.0276159 0.0328189 0.0322656 0.0308386 0.0317292 0.0393224 0.0366422 0.0308197 0.0315450 0.0349473 0.0327585 0.0292022 0.0332428 0.0346222 0.0300293 0.0354335 0.0305196 0.0294119 0.0296006 0.0336398 0.0362690 0.0341254 0.0266703 0.0311810 0.0295665 0.0273696 0.0265136 0.0331869 0.0275166 0.0283185 0.0300385 0.0320290 0.0337129 0.0294686 0.0332986 0.0321173 0.0302564 0.0263774 0.0269840 0.0292608 0.0369387 0.0285548 0.0348824 0.0000000 0.0328539 0.0358290 0.0362687 0.0297794 0.0310820 0.0241134 0.0303400 0.0323054 0.0291489 0.0296550 0.0371933 0.0299008 0.0290078 0.0271963 0.0320426 0.0304053 0.0281579 0.0293051 0.0283383 0.0314966 0.0293406 0.0331814 0.0348070 0.0313400 0.0291046 
pop3.indv12 0.0386542 0.0338791 0.0356186 0.0327688 0.0291135 0.0336570 0.0327218 0.0346759 0.0313631 0.0383405 0.0302453 0.0385354 0.0399963 0.0378129 0.0352665 0.0405363 0.0362692 0.0378719 0.0355395 0.0355763 0.0346894 0.0317958 0.0363064 0.0374242 0.0347292 0.0319989 0.0376176 0.0384506 0.0298606 0.0268748 0.0351944 0.0373283 0.0317476 0.0339841 0.0316518 0.0240572 0.0343684 0.0428175 0.0283556 0.0287165 0.0318602 0.0293931 0.0359336 0.0275118 0.0294078 0.0326062 0.0314108 0.0315565 0.0332158 0.0328539 0.0000000 0.0361880 0.0341335 0.0431374 0.0363681 0.0285691 0.0248837 0.0323572 0.0298247 0.0291062 0.0361568 0.0289172 0.0319366 0.0292762 0.0304297 0.0281746 0.0289751 0.0303428 0.0309598 0.0376367 0.0326226 0.0272660 0.0331053 0.0294666 0.0378296 
pop3.indv17 0.0280672 0.0243262 0.0357780 0.0292081 0.0273423 0.0290310 0.0314802 0.0317777 0.0291315 0.0292762 0.0248180 0.0309204 0.0316518 0.0285889 0.0344892 0.0335241 0.0335073 0.0346628 0.0370812 0.0352623 0.0341055 0.0318570 0.0266718 0.0377695 0.0311421 0.0334909 0.0284557 0.0307760 0.0202651 0.0269303 0.0320901 0.0291171 0.0282680 0.0279655 0.0281580 0.0212356 0.0303579 0.0309966 0.0221352 0.0272272 0.0321537 0.0296319 0.0305100 0.0282818 0.0275491 0.0272670 0.0264494 0.0263847 0.0322817 0.0358290 0.0361880 0.0000000 0.0339320 0.0289028 0.0230893 0.0228300 0.0271180 0.0307859 0.0238928 0.0299547 0.0342212 0.0262819 0.0279244 0.0320327 0.0264235 0.0276034 0.0274006 0.0241849 0.0266191 0.0246857 0.0247697 0.0251873 0.0260912 0.0372568 0.0289170 
