75
pop1.indv1  0.0000000 0.0275272 0.0263292 0.0317273 0.0269810 0.0290182 0.0294726 0.0310526 0.0260196 0.0314046 0.0251928 0.0305833 0.0298531 0.0286144 0.0270874 0.0300310 0.0295957 0.0254926 0.0254591 0.0277842 0.0269052 0.0325517 0.0296309 0.0277823 0.0256132 0.0315412 0.0285346 0.0274238 0.0288583 0.0292451 0.0297352 0.0299168 0.0308694 0.0273382 0.0275025 0.0282488 0.0318464 0.0262881 0.0283848 0.0310574 0.0259377 0.0302486 0.0306928 0.0293549 0.0288740 0.0299343 0.0269619 0.0335534 0.0295540 0.0278624 0.0297414 0.0318269 0.0301358 0.0281903 0.0273229 0.0318787 0.0286209 0.0275883 0.0395251 0.0323282 0.0312744 0.0360228 0.0294785 0.0296126 0.0326580 0.0314960 0.0332476 0.0279987 0.0314889 0.0340439 0.0308701 0.0344395 0.0310497 0.0308169 0.0312415 
pop1.indv2  0.0275272 0.0000000 0.0296161 0.0270035 0.0284879 0.0259264 0.0282592 0.0305463 0.0264700 0.0286301 0.0269991 0.0305746 0.0309081 0.0326502 0.0272766 0.0317078 0.0283093 0.0263803 0.0290348 0.0287572 0.0280642 0.0274066 0.0293828 0.0309539 0.0287617 0.0315117 0.0294881 0.0353943 0.0311382 0.0287815 0.0300500 0.0248254 0.0291377 0.0294746 0.0264043 0.0297917 0.0334066 0.0298709 0.0297229 0.0337416 0.0272482 0.0292911 0.0269982 0.0282908 0.0333600 0.0293320 0.0305635 0.0300060 0.0302013 0.0297266 0.0319883 0.0322054 0.0301248 0.0296905 0.0345132 0.0359554 0.0312402 0.0288236 0.0359456 0.0289075 0.0322988 0.0313688 0.0278249 0.0277771 0.0343401 0.0299221 0.0349609 0.0310651 0.0290108 0.0313785 0.0349791 0.0326405 0.0287237 0.0307792 0.0295315 
pop1.indv3  0.0263292 0.0296161 0.0000000 0.0259860 0.0275568 0.0277169 0.0256262 0.0285032 0.0253662 0.0273846 0.0216404 0.0290517 0.0273768 0.0300769 0.0275957 0.0291166 0.0260834 0.0270473 0.0271343 0.0277471 0.0297180 0.0302173 0.0252299 0.0292501 0.0276441 0.0283636 0.0300947 0.0333207 0.0314095 0.0291119 0.0302216 0.0247125 0.0313459 0.0312948 0.0301867 0.0319995 0.0335708 0.0220379 0.0276910 0.0288216 0.0317268 0.0296624 0.0271963 0.0260841 0.0294503 0.0277354 0.0282838 0.0324096 0.0247800 0.0283286 0.0301515 0.0287768 0.0290638 0.0257829 0.0307338 0.0345119 0.0228132 0.0308875 0.0351139 0.0327119 0.0248129 0.0330137 0.0232295 0.0321116 0.0298973 0.0326644 0.0312231 0.0288656 0.0282654 0.0309946 0.0323452 0.0317035 0.0290347 0.0308209 0.0291888 
pop1.indv4  0.0317273 0.0270035 0.0259860 0.0000000 0.0251529 0.0271758 0.0256908 0.0296981 0.0260377 0.0323036 0.0295851 0.0260713 0.0321173 0.0294080 0.0266375 0.0312906 0.0307888 0.0232819 0.0287446 0.0307582 0.0264979 0.0269852 0.0303596 0.0315781 0.0264684 0.0275178 0.0302162 0.0284367 0.0291892 0.0282335 0.0302935 0.0277805 0.0350645 0.0328768 0.0319179 0.0349083 0.0331745 0.0255547 0.0288799 0.0305922 0.0272644 0.0351515 0.0239336 0.0305078 0.0282498 0.0292296 0.0302694 0.0297759 0.0285863 0.0320196 0.0284502 0.0307288 0.0338687 0.0264252 0.0264684 0.0352827 0.0274790 0.0273485 0.0359193 0.0348824 0.0317933 0.0370470 0.0246743 0.0307051 0.0310988 0.0297747 0.0346083 0.0288442 0.0325130 0.0325445 0.0319538 0.0360668 0.0304950 0.0352639 0.0321564 
pop1.indv5  0.0269810 0.0284879 0.0275568 0.0251529 0.0000000 0.0283176 0.0282708 0.0256595 0.0267885 0.0300728 0.0264898 0.0306158 0.0339904 0.0299988 0.0315388 0.0306012 0.0296660 0.0231744 0.0332363 0.0252237 0.0295614 0.0271867 0.0296300 0.0295015 0.0283586 0.0336524 0.0325839 0.0259001 0.0294571 0.0272956 0.0274330 0.0258992 0.0314392 0.0311298 0.0310953 0.0338181 0.0300888 0.0292282 0.0252661 0.0305511 0.0271888 0.0316457 0.0279940 0.0264856 0.0282026 0.0291640 0.0305880 0.0289515 0.0312738 0.0326381 0.0307163 0.0309159 0.0293299 0.0280586 0.0315112 0.0368182 0.0279555 0.0283017 0.0325865 0.0324175 0.0332768 0.0333046 0.0278138 0.0294584 0.0349368 0.0318137 0.0295329 0.0349331 0.0329913 0.0264008 0.0282316 0.0320089 0.0319765 0.0267596 0.0313101 
pop1.indv6  0.0290182 0.0259264 0.0277169 0.0271758 0.0283176 0.0000000 0.0282887 0.0309564 0.0261190 0.0286619 0.0287491 0.0273946 0.0326744 0.0315917 0.0310845 0.0273740 0.0293076 0.0271429 0.0309130 0.0303142 0.0259909 0.0287114 0.0298116 0.0340750 0.0275665 0.0274141 0.0301100 0.0357354 0.0335967 0.0298153 0.0343493 0.0252111 0.0311389 0.0303939 0.0320217 0.0306419 0.0330092 0.0260294 0.0292140 0.0303901 0.0294643 0.0306355 0.0336754 0.0319698 0.0299579 0.0308927 0.0300106 0.0312471 0.0331898 0.0293192 0.0364446 0.0347554 0.0355559 0.0315071 0.0348540 0.0308292 0.0298784 0.0316058 0.0368153 0.0341469 0.0329256 0.0358082 0.0258131 0.0343447 0.0327368 0.0314695 0.0338671 0.0308646 0.0311860 0.0321437 0.0311968 0.0377077 0.0305298 0.0370377 0.0363282 
pop1.indv7  0.0294726 0.0282592 0.0256262 0.0256908 0.0282708 0.0282887 0.0000000 0.0280739 0.0265831 0.0287789 0.0266007 0.0283398 0.0318737 0.0323092 0.0273702 0.0272567 0.0368440 0.0226785 0.0289836 0.0284975 0.0291480 0.0267921 0.0295692 0.0295727 0.0292927 0.0264031 0.0273654 0.0266523 0.0281719 0.0254129 0.0288733 0.0237632 0.0339948 0.0278491 0.0282464 0.0279806 0.0307382 0.0277406 0.0296169 0.0285233 0.0297346 0.0288069 0.0257806 0.0243466 0.0269639 0.0273898 0.0294959 0.0285201 0.0299390 0.0309895 0.0260942 0.0303460 0.0248323 0.0272220 0.0263875 0.0316512 0.0240926 0.0257472 0.0346007 0.0338758 0.0316549 0.0312005 0.0225659 0.0339569 0.0312263 0.0290450 0.0317894 0.0297160 0.0288931 0.0277414 0.0330106 0.0357877 0.0276724 0.0333984 0.0302152 
pop1.indv8  0.0310526 0.0305463 0.0285032 0.0296981 0.0256595 0.0309564 0.0280739 0.0000000 0.0286253 0.0313995 0.0301600 0.0295955 0.0301672 0.0309972 0.0297661 0.0310210 0.0304156 0.0284434 0.0295375 0.0325271 0.0269713 0.0318157 0.0299861 0.0295090 0.0324494 0.0315797 0.0290645 0.0314547 0.0405052 0.0313638 0.0315469 0.0322415 0.0330643 0.0295028 0.0334138 0.0340906 0.0288276 0.0308862 0.0294096 0.0344130 0.0269971 0.0354784 0.0318308 0.0369515 0.0319680 0.0341186 0.0289873 0.0309142 0.0322043 0.0390609 0.0352944 0.0306768 0.0326996 0.0302832 0.0312381 0.0331751 0.0285961 0.0284434 0.0356076 0.0356322 0.0374506 0.0356069 0.0290573 0.0316634 0.0356075 0.0307671 0.0339134 0.0323028 0.0327054 0.0318762 0.0387375 0.0397370 0.0310048 0.0359264 0.0349474 
pop1.indv9  0.0260196 0.0264700 0.0253662 0.0260377 0.0267885 0.0261190 0.0265831 0.0286253 0.0000000 0.0303585 0.0311609 0.0279775 0.0294843 0.0275045 0.0304302 0.0310860 0.0336752 0.0284208 0.0282179 0.0264266 0.0244081 0.0317585 0.0296925 0.0343236 0.0251813 0.0273655 0.0290000 0.0284927 0.0284448 0.0319565 0.0324425 0.0268437 0.0313162 0.0282538 0.0300966 0.0305240 0.0290894 0.0294977 0.0300765 0.0294260 0.0290603 0.0328129 0.0328769 0.0312792 0.0284237 0.0290649 0.0285491 0.0302191 0.0315127 0.0306798 0.0338580 0.0348467 0.0361540 0.0262323 0.0338282 0.0361204 0.0265915 0.0318358 0.0353581 0.0323619 0.0376471 0.0352544 0.0301502 0.0299380 0.0348220 0.0310954 0.0325573 0.0329686 0.0360411 0.0279754 0.0332688 0.0383281 0.0329792 0.0324666 0.0338601 
pop1.indv10 0.0314046 0.0286301 0.0273846 0.0323036 0.0300728 0.0286619 0.0287789 0.0313995 0.0303585 0.0000000 0.0318307 0.0297261 0.0369610 0.0326666 0.0309152 0.0327493 0.0327350 0.0277090 0.0306012 0.0312643 0.0287250 0.0303761 0.0353810 0.0347815 0.0335650 0.0366141 0.0362287 0.0331738 0.0359780 0.0340687 0.0357373 0.0300975 0.0357451 0.0362807 0.0363012 0.0313398 0.0357361 0.0312182 0.0293830 0.0328442 0.0309739 0.0390838 0.0324662 0.0334406 0.0337372 0.0362476 0.0277016 0.0334125 0.0349609 0.0376868 0.0344243 0.0346463 0.0336047 0.0334938 0.0371987 0.0388477 0.0329487 0.0344711 0.0399462 0.0365086 0.0368147 0.0388508 0.0313049 0.0354547 0.0346096 0.0372037 0.0375464 0.0351917 0.0375506 0.0356440 0.0342960 0.0369636 0.0340349 0.0373122 0.0371024 
pop1.indv11 0.0251928 0.0269991 0.0216404 0.0295851 0.0264898 0.0287491 0.0266007 0.0301600 0.0311609 0.0318307 0.0000000 0.0256667 0.0303833 0.0313156 0.0278112 0.0329852 0.0305792 0.0263864 0.0319538 0.0294045 0.0242317 0.0308656 0.0303699 0.0305883 0.0262897 0.0265623 0.0327173 0.0276909 0.0295873 0.0257239 0.0328028 0.0257496 0.0333967 0.0331536 0.0301421 0.0276548 0.0332229 0.0265802 0.0321955 0.0287043 0.0256604 0.0305961 0.0250756 0.0308592 0.0286546 0.0294049 0.0308122 0.0284822 0.0312468 0.0307997 0.0336730 0.0280075 0.0318363 0.0278925 0.0302284 0.0344674 0.0262158 0.0291418 0.0376723 0.0319453 0.0294158 0.0350280 0.0291642 0.0355900 0.0321001 0.0296415 0.0334485 0.0278623 0.0319613 0.0301930 0.0323006 0.0338806 0.0335417 0.0308859 0.0341457 
pop1.indv12 0.0305833 0.0305746 0.0290517 0.0260713 0.0306158 0.0273946 0.0283398 0.0295955 0.0279775 0.0297261 0.0256667 0.0000000 0.0274924 0.0296076 0.0288388 0.0286466 0.0295403 0.0279106 0.0294691 0.0311039 0.0271464 0.0328448 0.0311014 0.0333661 0.0285949 0.0301553 0.0318894 0.0323552 0.0331747 0.0282172 0.0294376 0.0274195 0.0319859 0.0328427 0.0310895 0.0344224 0.0344213 0.0291577 0.0264618 0.0265728 0.0291495 0.0328315 0.0290903 0.0319558 0.0311951 0.0349088 0.0304337 0.0327956 0.0280189 0.0319161 0.0315871 0.0359058 0.0307416 0.0289924 0.0320222 0.0349515 0.0288465 0.0342519 0.0393385 0.0358517 0.0337386 0.0369909 0.0279677 0.0355539 0.0290882 0.0337799 0.0369159 0.0304340 0.0323084 0.0328237 0.0307894 0.0371134 0.0304854 0.0305032 0.0338287 
pop1.indv13 0.0298531 0.0309081 0.0273768 0.0321173 0.0339904 0.0326744 0.0318737 0.0301672 0.0294843 0.0369610 0.0303833 0.0274924 0.0000000 0.0303074 0.0343365 0.0372202 0.0381870 0.0339978 0.0338717 0.0300936 0.0279729 0.0360900 0.0313546 0.0328893 0.0301992 0.0310085 0.0376804 0.0342250 0.0358593 0.0333533 0.0304365 0.0318177 0.0353453 0.0344340 0.0340061 0.0362130 0.0367977 0.0320864 0.0301431 0.0351886 0.0319412 0.0385046 0.0364825 0.0335435 0.0343440 0.0326168 0.0303800 0.0385478 0.0345158 0.0343060 0.0337931 0.0382069 0.0394738 0.0314562 0.0370790 0.0309931 0.0328056 0.0338358 0.0367787 0.0318577 0.0336986 0.0387208 0.0304611 0.0374259 0.0363279 0.0369798 0.0343855 0.0331536 0.0344744 0.0330474 0.0369046 0.0401725 0.0382736 0.0349868 0.0387175 
pop1.indv14 0.0286144 0.0326502 0.0300769 0.0294080 0.0299988 0.0315917 0.0323092 0.0309972 0.0275045 0.0326666 0.0313156 0.0296076 0.0303074 0.0000000 0.0292448 0.0311400 0.0358462 0.0255245 0.0339090 0.0326535 0.0254840 0.0332275 0.0281517 0.0318758 0.0311616 0.0349124 0.0314135 0.0356837 0.0317143 0.0333060 0.0290452 0.0323623 0.0351434 0.0346391 0.0317116 0.0317427 0.0340083 0.0293405 0.0314436 0.0303778 0.0302132 0.0295553 0.0335068 0.0309231 0.0328773 0.0323562 0.0301453 0.0317324 0.0351264 0.0326261 0.0337128 0.0349492 0.0332112 0.0315647 0.0329099 0.0348439 0.0274638 0.0338006 0.0380355 0.0328938 0.0357366 0.0343581 0.0287924 0.0343673 0.0361008 0.0335704 0.0339862 0.0355895 0.0353848 0.0322211 0.0359159 0.0327915 0.0381041 0.0378236 0.0344849 
pop1.indv15 0.0270874 0.0272766 0.0275957 0.0266375 0.0315388 0.0310845 0.0273702 0.0297661 0.0304302 0.0309152 0.0278112 0.0288388 0.0343365 0.0292448 0.0000000 0.0308530 0.0294206 0.0287876 0.0274479 0.0303906 0.0302232 0.0267171 0.0245734 0.0340707 0.0288891 0.0294209 0.0324719 0.0285283 0.0338272 0.0311704 0.0266980 0.0276292 0.0305933 0.0322349 0.0266445 0.0347560 0.0322099 0.0281130 0.0340007 0.0309375 0.0317926 0.0345137 0.0242953 0.0316573 0.0290615 0.0319622 0.0310413 0.0305429 0.0276953 0.0279433 0.0301799 0.0299239 0.0316173 0.0280702 0.0275394 0.0316507 0.0291639 0.0279251 0.0418820 0.0304478 0.0269131 0.0352153 0.0275517 0.0345135 0.0342843 0.0314366 0.0357960 0.0288291 0.0280188 0.0328859 0.0325399 0.0335708 0.0326397 0.0318060 0.0372844 
pop1.indv16 0.0300310 0.0317078 0.0291166 0.0312906 0.0306012 0.0273740 0.0272567 0.0310210 0.0310860 0.0327493 0.0329852 0.0286466 0.0372202 0.0311400 0.0308530 0.0000000 0.0340543 0.0265677 0.0315768 0.0296517 0.0272847 0.0338760 0.0302939 0.0301948 0.0314235 0.0311772 0.0346828 0.0318532 0.0358780 0.0301180 0.0311793 0.0293826 0.0299404 0.0353900 0.0260589 0.0359645 0.0340899 0.0275201 0.0280078 0.0299058 0.0340994 0.0301133 0.0306902 0.0352941 0.0328736 0.0273429 0.0296010 0.0347660 0.0291198 0.0326280 0.0390760 0.0336921 0.0317148 0.0312062 0.0305607 0.0342602 0.0292474 0.0298725 0.0398257 0.0345371 0.0367502 0.0364523 0.0335592 0.0354209 0.0356608 0.0359342 0.0400419 0.0346640 0.0286172 0.0349212 0.0356063 0.0330968 0.0320221 0.0364986 0.0343916 
pop1.indv17 0.0295957 0.0283093 0.0260834 0.0307888 0.0296660 0.0293076 0.0368440 0.0304156 0.0336752 0.0327350 0.0305792 0.0295403 0.0381870 0.0358462 0.0294206 0.0340543 0.0000000 0.0282698 0.0355656 0.0292505 0.0300004 0.0300821 0.0363280 0.0345729 0.0298043 0.0331146 0.0339285 0.0370467 0.0384663 0.0328531 0.0284960 0.0292433 0.0314846 0.0377129 0.0307003 0.0358121 0.0331686 0.0304013 0.0285180 0.0351476 0.0314442 0.0307207 0.0340443 0.0334331 0.0347361 0.0342817 0.0323209 0.0348763 0.0347007 0.0336683 0.0321512 0.0366597 0.0404256 0.0313452 0.0363933 0.0324064 0.0294563 0.0308267 0.0376695 0.0367822 0.0391647 0.0379216 0.0282692 0.0344625 0.0377716 0.0332514 0.0375438 0.0310845 0.0332995 0.0288270 0.0342959 0.0379719 0.0348770 0.0342175 0.0375415 
pop1.indv18 0.0254926 0.0263803 0.0270473 0.0232819 0.0231744 0.0271429 0.0226785 0.0284434 0.0284208 0.0277090 0.0263864 0.0279106 0.0339978 0.0255245 0.0287876 0.0265677 0.0282698 0.0000000 0.0271824 0.0244105 0.0232621 0.0253276 0.0252157 0.0300948 0.0252793 0.0271474 0.0295579 0.0289502 0.0272781 0.0285895 0.0280179 0.0259791 0.0317857 0.0286017 0.0275387 0.0294577 0.0285020 0.0249500 0.0293569 0.0267369 0.0233212 0.0285769 0.0299718 0.0275593 0.0279314 0.0261917 0.0271110 0.0265277 0.0310004 0.0294403 0.0302603 0.0314478 0.0265529 0.0273299 0.0302347 0.0299101 0.0299894 0.0293829 0.0388648 0.0347521 0.0337260 0.0317215 0.0237221 0.0283539 0.0297758 0.0282800 0.0323814 0.0284909 0.0287020 0.0284367 0.0273112 0.0341187 0.0322122 0.0360380 0.0295296 
pop1.indv19 0.0254591 0.0290348 0.0271343 0.0287446 0.0332363 0.0309130 0.0289836 0.0295375 0.0282179 0.0306012 0.0319538 0.0294691 0.0338717 0.0339090 0.0274479 0.0315768 0.0355656 0.0271824 0.0000000 0.0294310 0.0281186 0.0308672 0.0308672 0.0344518 0.0295732 0.0294714 0.0321506 0.0344811 0.0332893 0.0319774 0.0324826 0.0283060 0.0316836 0.0304001 0.0298489 0.0321945 0.0330030 0.0264001 0.0320199 0.0312108 0.0325852 0.0347449 0.0335479 0.0290764 0.0371122 0.0311590 0.0316374 0.0306065 0.0293529 0.0299406 0.0323989 0.0325941 0.0300089 0.0306829 0.0328658 0.0354167 0.0327539 0.0339883 0.0396535 0.0334530 0.0322579 0.0329451 0.0269918 0.0352422 0.0300087 0.0344366 0.0376600 0.0285581 0.0324259 0.0358683 0.0354651 0.0381175 0.0328598 0.0372760 0.0357862 
pop1.indv20 0.0277842 0.0287572 0.0277471 0.0307582 0.0252237 0.0303142 0.0284975 0.0325271 0.0264266 0.0312643 0.0294045 0.0311039 0.0300936 0.0326535 0.0303906 0.0296517 0.0292505 0.0244105 0.0294310 0.0000000 0.0278310 0.0285129 0.0295774 0.0345584 0.0301854 0.0301795 0.0296936 0.0349677 0.0345495 0.0273052 0.0270773 0.0280696 0.0364100 0.0309628 0.0309666 0.0320141 0.0348589 0.0293947 0.0274274 0.0338738 0.0281746 0.0287895 0.0329657 0.0322375 0.0310392 0.0260438 0.0303408 0.0327591 0.0306730 0.0344207 0.0325027 0.0389784 0.0323191 0.0284555 0.0301235 0.0321015 0.0290811 0.0288755 0.0371102 0.0316572 0.0295735 0.0328494 0.0331587 0.0329339 0.0306289 0.0304946 0.0340882 0.0328767 0.0320181 0.0303318 0.0301311 0.0409031 0.0319339 0.0341860 0.0337363 
pop1.indv21 0.0269052 0.0280642 0.0297180 0.0264979 0.0295614 0.0259909 0.0291480 0.0269713 0.0244081 0.0287250 0.0242317 0.0271464 0.0279729 0.0254840 0.0302232 0.0272847 0.0300004 0.0232621 0.0281186 0.0278310 0.0000000 0.0272150 0.0296825 0.0300152 0.0290968 0.0269987 0.0305034 0.0326313 0.0349060 0.0324212 0.0295924 0.0290184 0.0311766 0.0287726 0.0302815 0.0292229 0.0311494 0.0262335 0.0269197 0.0296015 0.0245762 0.0322800 0.0267978 0.0273724 0.0272695 0.0281475 0.0296144 0.0313229 0.0318006 0.0301759 0.0310843 0.0348824 0.0331482 0.0259646 0.0331915 0.0353536 0.0293989 0.0337676 0.0348128 0.0320204 0.0334036 0.0357375 0.0281331 0.0324650 0.0332439 0.0265996 0.0328226 0.0296876 0.0316277 0.0297442 0.0319795 0.0327227 0.0310474 0.0329815 0.0314533 
pop1.indv22 0.0325517 0.0274066 0.0302173 0.0269852 0.0271867 0.0287114 0.0267921 0.0318157 0.0317585 0.0303761 0.0308656 0.0328448 0.0360900 0.0332275 0.0267171 0.0338760 0.0300821 0.0253276 0.0308672 0.0285129 0.0272150 0.0000000 0.0285666 0.0320914 0.0299459 0.0316762 0.0315758 0.0317856 0.0352554 0.0280382 0.0308140 0.0250674 0.0352846 0.0336089 0.0307041 0.0291362 0.0294841 0.0286737 0.0289044 0.0316522 0.0312198 0.0322271 0.0325498 0.0280889 0.0319812 0.0296581 0.0320074 0.0324593 0.0341711 0.0293593 0.0310736 0.0333323 0.0329796 0.0278018 0.0305560 0.0317371 0.0269924 0.0327227 0.0363125 0.0352644 0.0314502 0.0339735 0.0260031 0.0324784 0.0341958 0.0344059 0.0365033 0.0312621 0.0341545 0.0309150 0.0294639 0.0370181 0.0361300 0.0376555 0.0355056 
pop1.indv23 0.0296309 0.0293828 0.0252299 0.0303596 0.0296300 0.0298116 0.0295692 0.0299861 0.0296925 0.0353810 0.0303699 0.0311014 0.0313546 0.0281517 0.0245734 0.0302939 0.0363280 0.0252157 0.0308672 0.0295774 0.0296825 0.0285666 0.0000000 0.0349588 0.0289539 0.0350186 0.0324898 0.0341318 0.0281498 0.0320046 0.0346443 0.0307683 0.0307856 0.0335055 0.0284971 0.0307313 0.0335581 0.0327587 0.0298523 0.0324891 0.0300451 0.0324573 0.0315442 0.0315774 0.0347603 0.0330354 0.0316947 0.0323604 0.0309357 0.0300091 0.0352232 0.0322378 0.0332124 0.0294728 0.0327901 0.0404326 0.0306370 0.0300453 0.0336571 0.0316450 0.0351243 0.0358292 0.0302506 0.0335212 0.0342412 0.0321734 0.0364975 0.0351118 0.0324947 0.0338226 0.0322425 0.0332484 0.0344228 0.0343168 0.0335814 
pop1.indv24 0.0277823 0.0309539 0.0292501 0.0315781 0.0295015 0.0340750 0.0295727 0.0295090 0.0343236 0.0347815 0.0305883 0.0333661 0.0328893 0.0318758 0.0340707 0.0301948 0.0345729 0.0300948 0.0344518 0.0345584 0.0300152 0.0320914 0.0349588 0.0000000 0.0317645 0.0337859 0.0348192 0.0327985 0.0329604 0.0291985 0.0334735 0.0285706 0.0330823 0.0355999 0.0316760 0.0340360 0.0319575 0.0314945 0.0331734 0.0310435 0.0334172 0.0361195 0.0335446 0.0302194 0.0368874 0.0329031 0.0347947 0.0362810 0.0309509 0.0365870 0.0317726 0.0339980 0.0342050 0.0309941 0.0301126 0.0340560 0.0310952 0.0342114 0.0368843 0.0350423 0.0313339 0.0377960 0.0338871 0.0338957 0.0359285 0.0360368 0.0308767 0.0348481 0.0309091 0.0318325 0.0328125 0.0354506 0.0343354 0.0360272 0.0325793 
pop1.indv25 0.0256132 0.0287617 0.0276441 0.0264684 0.0283586 0.0275665 0.0292927 0.0324494 0.0251813 0.0335650 0.0262897 0.0285949 0.0301992 0.0311616 0.0288891 0.0314235 0.0298043 0.0252793 0.0295732 0.0301854 0.0290968 0.0299459 0.0289539 0.0317645 0.0000000 0.0315032 0.0286381 0.0314585 0.0288188 0.0300572 0.0307160 0.0287081 0.0349877 0.0313402 0.0247078 0.0348748 0.0276447 0.0238779 0.0296709 0.0275190 0.0278582 0.0293517 0.0271953 0.0314813 0.0271123 0.0304215 0.0272863 0.0274568 0.0311002 0.0292230 0.0276805 0.0314130 0.0330374 0.0287977 0.0266578 0.0315501 0.0252568 0.0254636 0.0384218 0.0325209 0.0286271 0.0358799 0.0320234 0.0320497 0.0322015 0.0314882 0.0346424 0.0328986 0.0298687 0.0304284 0.0315055 0.0314461 0.0339945 0.0282405 0.0326743 
pop2.indv1  0.0315412 0.0315117 0.0283636 0.0275178 0.0336524 0.0274141 0.0264031 0.0315797 0.0273655 0.0366141 0.0265623 0.0301553 0.0310085 0.0349124 0.0294209 0.0311772 0.0331146 0.0271474 0.0294714 0.0301795 0.0269987 0.0316762 0.0350186 0.0337859 0.0315032 0.0000000 0.0329617 0.0299511 0.0296311 0.0322210 0.0260526 0.0291578 0.0325494 0.0317606 0.0309347 0.0303125 0.0319058 0.0286316 0.0266710 0.0271207 0.0262101 0.0292018 0.0285406 0.0369504 0.0321301 0.0309342 0.0278844 0.0281549 0.0271962 0.0289204 0.0350902 0.0330860 0.0367683 0.0296905 0.0316771 0.0307293 0.0294647 0.0282931 0.0325814 0.0368395 0.0357635 0.0327781 0.0265649 0.0325375 0.0326207 0.0304956 0.0348306 0.0323907 0.0333116 0.0323637 0.0346616 0.0329479 0.0353745 0.0363468 0.0351513 
pop2.indv2  0.0285346 0.0294881 0.0300947 0.0302162 0.0325839 0.0301100 0.0273654 0.0290645 0.0290000 0.0362287 0.0327173 0.0318894 0.0376804 0.0314135 0.0324719 0.0346828 0.0339285 0.0295579 0.0321506 0.0296936 0.0305034 0.0315758 0.0324898 0.0348192 0.0286381 0.0329617 0.0000000 0.0303876 0.0321612 0.0287767 0.0292999 0.0271936 0.0331841 0.0293655 0.0289195 0.0308390 0.0307666 0.0277620 0.0307717 0.0304141 0.0320900 0.0303451 0.0299059 0.0302081 0.0291558 0.0310947 0.0257313 0.0331710 0.0267296 0.0287968 0.0308271 0.0319343 0.0306871 0.0301976 0.0323641 0.0328642 0.0305400 0.0294381 0.0381286 0.0283270 0.0317710 0.0372851 0.0283509 0.0325076 0.0283813 0.0331134 0.0341521 0.0320039 0.0332609 0.0286126 0.0304973 0.0336568 0.0322693 0.0335145 0.0292232 
pop2.indv3  0.0274238 0.0353943 0.0333207 0.0284367 0.0259001 0.0357354 0.0266523 0.0314547 0.0284927 0.0331738 0.0276909 0.0323552 0.0342250 0.0356837 0.0285283 0.0318532 0.0370467 0.0289502 0.0344811 0.0349677 0.0326313 0.0317856 0.0341318 0.0327985 0.0314585 0.0299511 0.0303876 0.0000000 0.0286517 0.0277299 0.0262246 0.0260897 0.0343604 0.0313293 0.0296762 0.0265601 0.0313985 0.0246909 0.0291148 0.0279726 0.0279531 0.0348442 0.0291229 0.0310724 0.0306609 0.0246700 0.0297400 0.0326862 0.0314643 0.0260427 0.0299451 0.0278164 0.0315172 0.0314388 0.0335940 0.0292896 0.0281196 0.0327477 0.0316183 0.0295653 0.0279750 0.0336191 0.0304174 0.0340991 0.0338935 0.0292888 0.0330108 0.0282560 0.0296386 0.0297541 0.0325502 0.0321353 0.0283359 0.0364504 0.0336948 
pop2.indv4  0.0288583 0.0311382 0.0314095 0.0291892 0.0294571 0.0335967 0.0281719 0.0405052 0.0284448 0.0359780 0.0295873 0.0331747 0.0358593 0.0317143 0.0338272 0.0358780 0.0384663 0.0272781 0.0332893 0.0345495 0.0349060 0.0352554 0.0281498 0.0329604 0.0288188 0.0296311 0.0321612 0.0286517 0.0000000 0.0295208 0.0339392 0.0290987 0.0333874 0.0311017 0.0300894 0.0294655 0.0300978 0.0292716 0.0320089 0.0307010 0.0269377 0.0304405 0.0282003 0.0333381 0.0288338 0.0285654 0.0299404 0.0284946 0.0345230 0.0319030 0.0270152 0.0324343 0.0330291 0.0313364 0.0316971 0.0333454 0.0301130 0.0353461 0.0341093 0.0361867 0.0332472 0.0320054 0.0303237 0.0337989 0.0333692 0.0365152 0.0336998 0.0283783 0.0333829 0.0319715 0.0358664 0.0309657 0.0337065 0.0323760 0.0298279 
pop2.indv5  0.0292451 0.0287815 0.0291119 0.0282335 0.0272956 0.0298153 0.0254129 0.0313638 0.0319565 0.0340687 0.0257239 0.0282172 0.0333533 0.0333060 0.0311704 0.0301180 0.0328531 0.0285895 0.0319774 0.0273052 0.0324212 0.0280382 0.0320046 0.0291985 0.0300572 0.0322210 0.0287767 0.0277299 0.0295208 0.0000000 0.0272454 0.0251194 0.0276973 0.0325600 0.0266667 0.0327159 0.0287547 0.0270608 0.0273195 0.0287227 0.0250974 0.0348842 0.0250805 0.0288538 0.0268430 0.0264000 0.0279685 0.0331816 0.0288193 0.0347562 0.0291052 0.0325977 0.0270335 0.0281580 0.0258947 0.0321922 0.0269594 0.0294072 0.0302677 0.0288823 0.0279718 0.0362592 0.0245166 0.0268502 0.0350805 0.0292325 0.0349655 0.0312731 0.0340751 0.0329364 0.0295657 0.0328483 0.0335160 0.0303564 0.0359900 
pop2.indv6  0.0297352 0.0300500 0.0302216 0.0302935 0.0274330 0.0343493 0.0288733 0.0315469 0.0324425 0.0357373 0.0328028 0.0294376 0.0304365 0.0290452 0.0266980 0.0311793 0.0284960 0.0280179 0.0324826 0.0270773 0.0295924 0.0308140 0.0346443 0.0334735 0.0307160 0.0260526 0.0292999 0.0262246 0.0339392 0.0272454 0.0000000 0.0245584 0.0341382 0.0316595 0.0241882 0.0317987 0.0320499 0.0247998 0.0260049 0.0290241 0.0301310 0.0283721 0.0292376 0.0268375 0.0257860 0.0286923 0.0278988 0.0273169 0.0280507 0.0288726 0.0276582 0.0309677 0.0334440 0.0259677 0.0280742 0.0271649 0.0310361 0.0335713 0.0362932 0.0316381 0.0330387 0.0360224 0.0266342 0.0314466 0.0283210 0.0321336 0.0317011 0.0302590 0.0323314 0.0311233 0.0261101 0.0356147 0.0340790 0.0332681 0.0290827 
pop2.indv7  0.0299168 0.0248254 0.0247125 0.0277805 0.0258992 0.0252111 0.0237632 0.0322415 0.0268437 0.0300975 0.0257496 0.0274195 0.0318177 0.0323623 0.0276292 0.0293826 0.0292433 0.0259791 0.0283060 0.0280696 0.0290184 0.0250674 0.0307683 0.0285706 0.0287081 0.0291578 0.0271936 0.0260897 0.0290987 0.0251194 0.0245584 0.0000000 0.0274357 0.0269258 0.0255234 0.0268233 0.0262466 0.0242567 0.0191960 0.0277810 0.0259148 0.0258304 0.0259105 0.0282456 0.0240747 0.0304694 0.0269110 0.0280297 0.0281111 0.0280355 0.0251910 0.0279952 0.0238527 0.0244462 0.0272346 0.0286529 0.0250059 0.0273508 0.0333428 0.0322556 0.0266698 0.0279544 0.0228864 0.0245588 0.0246878 0.0285007 0.0283313 0.0253602 0.0237527 0.0250977 0.0313652 0.0296721 0.0253349 0.0245858 0.0280177 
pop2.indv8  0.0308694 0.0291377 0.0313459 0.0350645 0.0314392 0.0311389 0.0339948 0.0330643 0.0313162 0.0357451 0.0333967 0.0319859 0.0353453 0.0351434 0.0305933 0.0299404 0.0314846 0.0317857 0.0316836 0.0364100 0.0311766 0.0352846 0.0307856 0.0330823 0.0349877 0.0325494 0.0331841 0.0343604 0.0333874 0.0276973 0.0341382 0.0274357 0.0000000 0.0357165 0.0270550 0.0348736 0.0338587 0.0296282 0.0320770 0.0312883 0.0297415 0.0269517 0.0363321 0.0301045 0.0297990 0.0310772 0.0316997 0.0303667 0.0320381 0.0315976 0.0365701 0.0318066 0.0378624 0.0328639 0.0379440 0.0343486 0.0328373 0.0339244 0.0406696 0.0325529 0.0316141 0.0353840 0.0306139 0.0369927 0.0337825 0.0294985 0.0346693 0.0317297 0.0393755 0.0317134 0.0339375 0.0367891 0.0339176 0.0354025 0.0323165 
pop2.indv9  0.0273382 0.0294746 0.0312948 0.0328768 0.0311298 0.0303939 0.0278491 0.0295028 0.0282538 0.0362807 0.0331536 0.0328427 0.0344340 0.0346391 0.0322349 0.0353900 0.0377129 0.0286017 0.0304001 0.0309628 0.0287726 0.0336089 0.0335055 0.0355999 0.0313402 0.0317606 0.0293655 0.0313293 0.0311017 0.0325600 0.0316595 0.0269258 0.0357165 0.0000000 0.0253571 0.0339261 0.0291453 0.0276113 0.0309568 0.0303449 0.0291633 0.0307330 0.0287962 0.0340409 0.0314128 0.0298084 0.0251932 0.0319058 0.0314444 0.0319664 0.0318685 0.0339691 0.0356974 0.0281492 0.0354722 0.0379644 0.0296550 0.0301211 0.0354550 0.0334335 0.0310382 0.0379991 0.0248419 0.0350247 0.0366809 0.0316171 0.0322448 0.0307775 0.0317085 0.0287492 0.0298251 0.0403446 0.0328158 0.0295543 0.0333157 
pop2.indv10 0.0275025 0.0264043 0.0301867 0.0319179 0.0310953 0.0320217 0.0282464 0.0334138 0.0300966 0.0363012 0.0301421 0.0310895 0.0340061 0.0317116 0.0266445 0.0260589 0.0307003 0.0275387 0.0298489 0.0309666 0.0302815 0.0307041 0.0284971 0.0316760 0.0247078 0.0309347 0.0289195 0.0296762 0.0300894 0.0266667 0.0241882 0.0255234 0.0270550 0.0253571 0.0000000 0.0311435 0.0291715 0.0277481 0.0256093 0.0307459 0.0254439 0.0269403 0.0266467 0.0262865 0.0276556 0.0253750 0.0295963 0.0319376 0.0270978 0.0319527 0.0332111 0.0290890 0.0314231 0.0260224 0.0316385 0.0326610 0.0277330 0.0290351 0.0322320 0.0347241 0.0294257 0.0310439 0.0239764 0.0294746 0.0250626 0.0313431 0.0284783 0.0323133 0.0260426 0.0319468 0.0328329 0.0317676 0.0325014 0.0320268 0.0270107 
pop2.indv11 0.0282488 0.0297917 0.0319995 0.0349083 0.0338181 0.0306419 0.0279806 0.0340906 0.0305240 0.0313398 0.0276548 0.0344224 0.0362130 0.0317427 0.0347560 0.0359645 0.0358121 0.0294577 0.0321945 0.0320141 0.0292229 0.0291362 0.0307313 0.0340360 0.0348748 0.0303125 0.0308390 0.0265601 0.0294655 0.0327159 0.0317987 0.0268233 0.0348736 0.0339261 0.0311435 0.0000000 0.0319185 0.0286326 0.0285136 0.0296183 0.0269556 0.0321230 0.0330022 0.0238958 0.0312656 0.0294467 0.0361526 0.0318012 0.0307078 0.0335344 0.0353199 0.0344783 0.0337226 0.0349793 0.0307720 0.0384913 0.0266683 0.0333475 0.0365400 0.0338847 0.0341490 0.0338682 0.0312938 0.0352046 0.0345743 0.0312096 0.0324683 0.0330971 0.0318522 0.0307216 0.0327608 0.0373910 0.0335361 0.0381403 0.0363649 
pop2.indv12 0.0318464 0.0334066 0.0335708 0.0331745 0.0300888 0.0330092 0.0307382 0.0288276 0.0290894 0.0357361 0.0332229 0.0344213 0.0367977 0.0340083 0.0322099 0.0340899 0.0331686 0.0285020 0.0330030 0.0348589 0.0311494 0.0294841 0.0335581 0.0319575 0.0276447 0.0319058 0.0307666 0.0313985 0.0300978 0.0287547 0.0320499 0.0262466 0.0338587 0.0291453 0.0291715 0.0319185 0.0000000 0.0298553 0.0265303 0.0336110 0.0248524 0.0331064 0.0307405 0.0289202 0.0305233 0.0320768 0.0261625 0.0290205 0.0326937 0.0342822 0.0257230 0.0313922 0.0359671 0.0285813 0.0338599 0.0328701 0.0244586 0.0364959 0.0335242 0.0292772 0.0293406 0.0310476 0.0304022 0.0313588 0.0314667 0.0297523 0.0375927 0.0336237 0.0335276 0.0295557 0.0301936 0.0408021 0.0299299 0.0317283 0.0303375 
pop2.indv13 0.0262881 0.0298709 0.0220379 0.0255547 0.0292282 0.0260294 0.0277406 0.0308862 0.0294977 0.0312182 0.0265802 0.0291577 0.0320864 0.0293405 0.0281130 0.0275201 0.0304013 0.0249500 0.0264001 0.0293947 0.0262335 0.0286737 0.0327587 0.0314945 0.0238779 0.0286316 0.0277620 0.0246909 0.0292716 0.0270608 0.0247998 0.0242567 0.0296282 0.0276113 0.0277481 0.0286326 0.0298553 0.0000000 0.0235458 0.0255179 0.0259377 0.0298175 0.0282471 0.0274317 0.0297396 0.0266263 0.0271606 0.0286147 0.0243270 0.0275296 0.0248651 0.0295212 0.0298968 0.0253168 0.0315512 0.0268076 0.0286295 0.0275407 0.0333664 0.0273409 0.0265663 0.0316278 0.0245472 0.0337311 0.0314924 0.0297052 0.0324936 0.0255775 0.0283724 0.0327258 0.0299483 0.0328355 0.0291547 0.0283460 0.0281505 
pop2.indv14 0.0283848 0.0297229 0.0276910 0.0288799 0.0252661 0.0292140 0.0296169 0.0294096 0.0300765 0.0293830 0.0321955 0.0264618 0.0301431 0.0314436 0.0340007 0.0280078 0.0285180 0.0293569 0.0320199 0.0274274 0.0269197 0.0289044 0.0298523 0.0331734 0.0296709 0.0266710 0.0307717 0.0291148 0.0320089 0.0273195 0.0260049 0.0191960 0.0320770 0.0309568 0.0256093 0.0285136 0.0265303 0.0235458 0.0000000 0.0286406 0.0250126 0.0352987 0.0289845 0.0283696 0.0262866 0.0268753 0.0293796 0.0278960 0.0286663 0.0301110 0.0300138 0.0283758 0.0330420 0.0277121 0.0263730 0.0304015 0.0294755 0.0279094 0.0348463 0.0274063 0.0321099 0.0301449 0.0258946 0.0331605 0.0292613 0.0313678 0.0329402 0.0314624 0.0293682 0.0292001 0.0284033 0.0328907 0.0303018 0.0294207 0.0337082 
pop2.indv15 0.0310574 0.0337416 0.0288216 0.0305922 0.0305511 0.0303901 0.0285233 0.0344130 0.0294260 0.0328442 0.0287043 0.0265728 0.0351886 0.0303778 0.0309375 0.0299058 0.0351476 0.0267369 0.0312108 0.0338738 0.0296015 0.0316522 0.0324891 0.0310435 0.0275190 0.0271207 0.0304141 0.0279726 0.0307010 0.0287227 0.0290241 0.0277810 0.0312883 0.0303449 0.0307459 0.0296183 0.0336110 0.0255179 0.0286406 0.0000000 0.0269460 0.0289911 0.0337029 0.0252647 0.0293226 0.0278147 0.0266781 0.0305737 0.0290764 0.0323320 0.0314022 0.0317322 0.0309836 0.0253156 0.0312598 0.0331757 0.0283699 0.0306647 0.0351684 0.0327164 0.0295971 0.0323201 0.0265718 0.0323210 0.0284118 0.0303704 0.0286658 0.0298979 0.0307283 0.0324481 0.0316157 0.0314457 0.0306906 0.0318395 0.0339996 
pop2.indv16 0.0259377 0.0272482 0.0317268 0.0272644 0.0271888 0.0294643 0.0297346 0.0269971 0.0290603 0.0309739 0.0256604 0.0291495 0.0319412 0.0302132 0.0317926 0.0340994 0.0314442 0.0233212 0.0325852 0.0281746 0.0245762 0.0312198 0.0300451 0.0334172 0.0278582 0.0262101 0.0320900 0.0279531 0.0269377 0.0250974 0.0301310 0.0259148 0.0297415 0.0291633 0.0254439 0.0269556 0.0248524 0.0259377 0.0250126 0.0269460 0.0000000 0.0335921 0.0293210 0.0306378 0.0294895 0.0254998 0.0264126 0.0293434 0.0310047 0.0332112 0.0291371 0.0324093 0.0360431 0.0227565 0.0338883 0.0336109 0.0254965 0.0277065 0.0352917 0.0317776 0.0342767 0.0318267 0.0287239 0.0304060 0.0351226 0.0298482 0.0338942 0.0279730 0.0330453 0.0260922 0.0327297 0.0347039 0.0305776 0.0294391 0.0305867 
pop2.indv17 0.0302486 0.0292911 0.0296624 0.0351515 0.0316457 0.0306355 0.0288069 0.0354784 0.0328129 0.0390838 0.0305961 0.0328315 0.0385046 0.0295553 0.0345137 0.0301133 0.0307207 0.0285769 0.0347449 0.0287895 0.0322800 0.0322271 0.0324573 0.0361195 0.0293517 0.0292018 0.0303451 0.0348442 0.0304405 0.0348842 0.0283721 0.0258304 0.0269517 0.0307330 0.0269403 0.0321230 0.0331064 0.0298175 0.0352987 0.0289911 0.0335921 0.0000000 0.0328072 0.0294045 0.0301146 0.0311582 0.0302193 0.0322038 0.0342540 0.0312743 0.0305390 0.0343469 0.0303884 0.0291357 0.0330191 0.0397111 0.0291246 0.0312220 0.0338156 0.0331136 0.0373326 0.0328128 0.0301258 0.0323847 0.0275596 0.0346225 0.0322873 0.0317495 0.0367784 0.0325226 0.0320100 0.0349536 0.0292438 0.0356125 0.0352666 
pop2.indv18 0.0306928 0.0269982 0.0271963 0.0239336 0.0279940 0.0336754 0.0257806 0.0318308 0.0328769 0.0324662 0.0250756 0.0290903 0.0364825 0.0335068 0.0242953 0.0306902 0.0340443 0.0299718 0.0335479 0.0329657 0.0267978 0.0325498 0.0315442 0.0335446 0.0271953 0.0285406 0.0299059 0.0291229 0.0282003 0.0250805 0.0292376 0.0259105 0.0363321 0.0287962 0.0266467 0.0330022 0.0307405 0.0282471 0.0289845 0.0337029 0.0293210 0.0328072 0.0000000 0.0291929 0.0259208 0.0301799 0.0288152 0.0317589 0.0245071 0.0308201 0.0277288 0.0293197 0.0270278 0.0272328 0.0312191 0.0316121 0.0256284 0.0261086 0.0302680 0.0344753 0.0263592 0.0343229 0.0275418 0.0323336 0.0326113 0.0282581 0.0345997 0.0266640 0.0373251 0.0326377 0.0342420 0.0303591 0.0283821 0.0301724 0.0300956 
pop2.indv19 0.0293549 0.0282908 0.0260841 0.0305078 0.0264856 0.0319698 0.0243466 0.0369515 0.0312792 0.0334406 0.0308592 0.0319558 0.0335435 0.0309231 0.0316573 0.0352941 0.0334331 0.0275593 0.0290764 0.0322375 0.0273724 0.0280889 0.0315774 0.0302194 0.0314813 0.0369504 0.0302081 0.0310724 0.0333381 0.0288538 0.0268375 0.0282456 0.0301045 0.0340409 0.0262865 0.0238958 0.0289202 0.0274317 0.0283696 0.0252647 0.0306378 0.0294045 0.0291929 0.0000000 0.0337306 0.0283040 0.0296062 0.0290736 0.0331928 0.0262823 0.0284608 0.0321022 0.0291322 0.0298403 0.0313718 0.0274123 0.0289773 0.0300411 0.0355467 0.0295138 0.0316074 0.0291429 0.0270983 0.0318586 0.0316379 0.0320571 0.0352604 0.0286215 0.0331115 0.0292965 0.0295482 0.0340960 0.0345895 0.0319055 0.0299067 
pop2.indv20 0.0288740 0.0333600 0.0294503 0.0282498 0.0282026 0.0299579 0.0269639 0.0319680 0.0284237 0.0337372 0.0286546 0.0311951 0.0343440 0.0328773 0.0290615 0.0328736 0.0347361 0.0279314 0.0371122 0.0310392 0.0272695 0.0319812 0.0347603 0.0368874 0.0271123 0.0321301 0.0291558 0.0306609 0.0288338 0.0268430 0.0257860 0.0240747 0.0297990 0.0314128 0.0276556 0.0312656 0.0305233 0.0297396 0.0262866 0.0293226 0.0294895 0.0301146 0.0259208 0.0337306 0.0000000 0.0289222 0.0280171 0.0287639 0.0294593 0.0273361 0.0298495 0.0333300 0.0309642 0.0244999 0.0310271 0.0311397 0.0272558 0.0271046 0.0347366 0.0310822 0.0321016 0.0299465 0.0290845 0.0300126 0.0358765 0.0256712 0.0302568 0.0321787 0.0328087 0.0290527 0.0308226 0.0277501 0.0309086 0.0310083 0.0378842 
pop2.indv21 0.0299343 0.0293320 0.0277354 0.0292296 0.0291640 0.0308927 0.0273898 0.0341186 0.0290649 0.0362476 0.0294049 0.0349088 0.0326168 0.0323562 0.0319622 0.0273429 0.0342817 0.0261917 0.0311590 0.0260438 0.0281475 0.0296581 0.0330354 0.0329031 0.0304215 0.0309342 0.0310947 0.0246700 0.0285654 0.0264000 0.0286923 0.0304694 0.0310772 0.0298084 0.0253750 0.0294467 0.0320768 0.0266263 0.0268753 0.0278147 0.0254998 0.0311582 0.0301799 0.0283040 0.0289222 0.0000000 0.0301735 0.0338986 0.0299263 0.0289123 0.0283212 0.0329945 0.0305053 0.0289818 0.0291081 0.0293990 0.0239976 0.0314867 0.0335734 0.0323062 0.0346183 0.0336541 0.0294156 0.0297309 0.0278337 0.0305614 0.0326740 0.0291594 0.0328302 0.0291117 0.0302540 0.0313671 0.0293707 0.0310481 0.0353632 
pop2.indv22 0.0269619 0.0305635 0.0282838 0.0302694 0.0305880 0.0300106 0.0294959 0.0289873 0.0285491 0.0277016 0.0308122 0.0304337 0.0303800 0.0301453 0.0310413 0.0296010 0.0323209 0.0271110 0.0316374 0.0303408 0.0296144 0.0320074 0.0316947 0.0347947 0.0272863 0.0278844 0.0257313 0.0297400 0.0299404 0.0279685 0.0278988 0.0269110 0.0316997 0.0251932 0.0295963 0.0361526 0.0261625 0.0271606 0.0293796 0.0266781 0.0264126 0.0302193 0.0288152 0.0296062 0.0280171 0.0301735 0.0000000 0.0293759 0.0257137 0.0362979 0.0281139 0.0287667 0.0325113 0.0314474 0.0295027 0.0297830 0.0247738 0.0285439 0.0308874 0.0317641 0.0319897 0.0282455 0.0292213 0.0306908 0.0324335 0.0299884 0.0300295 0.0334401 0.0301653 0.0259617 0.0261030 0.0337090 0.0291181 0.0327327 0.0289292 
pop2.indv23 0.0335534 0.0300060 0.0324096 0.0297759 0.0289515 0.0312471 0.0285201 0.0309142 0.0302191 0.0334125 0.0284822 0.0327956 0.0385478 0.0317324 0.0305429 0.0347660 0.0348763 0.0265277 0.0306065 0.0327591 0.0313229 0.0324593 0.0323604 0.0362810 0.0274568 0.0281549 0.0331710 0.0326862 0.0284946 0.0331816 0.0273169 0.0280297 0.0303667 0.0319058 0.0319376 0.0318012 0.0290205 0.0286147 0.0278960 0.0305737 0.0293434 0.0322038 0.0317589 0.0290736 0.0287639 0.0338986 0.0293759 0.0000000 0.0284428 0.0291722 0.0301127 0.0311039 0.0318887 0.0314977 0.0304413 0.0325407 0.0327519 0.0275610 0.0411367 0.0306472 0.0304597 0.0318257 0.0324972 0.0321984 0.0351682 0.0341482 0.0302085 0.0308890 0.0325436 0.0330022 0.0340437 0.0327578 0.0314193 0.0352512 0.0328862 
pop2.indv24 0.0295540 0.0302013 0.0247800 0.0285863 0.0312738 0.0331898 0.0299390 0.0322043 0.0315127 0.0349609 0.0312468 0.0280189 0.0345158 0.0351264 0.0276953 0.0291198 0.0347007 0.0310004 0.0293529 0.0306730 0.0318006 0.0341711 0.0309357 0.0309509 0.0311002 0.0271962 0.0267296 0.0314643 0.0345230 0.0288193 0.0280507 0.0281111 0.0320381 0.0314444 0.0270978 0.0307078 0.0326937 0.0243270 0.0286663 0.0290764 0.0310047 0.0342540 0.0245071 0.0331928 0.0294593 0.0299263 0.0257137 0.0284428 0.0000000 0.0333694 0.0309660 0.0316789 0.0336502 0.0261444 0.0308312 0.0312509 0.0273574 0.0293882 0.0341542 0.0298571 0.0296219 0.0316623 0.0246319 0.0310528 0.0312578 0.0343694 0.0317421 0.0293721 0.0292768 0.0246815 0.0320304 0.0360571 0.0292742 0.0331463 0.0349463 
pop2.indv25 0.0278624 0.0297266 0.0283286 0.0320196 0.0326381 0.0293192 0.0309895 0.0390609 0.0306798 0.0376868 0.0307997 0.0319161 0.0343060 0.0326261 0.0279433 0.0326280 0.0336683 0.0294403 0.0299406 0.0344207 0.0301759 0.0293593 0.0300091 0.0365870 0.0292230 0.0289204 0.0287968 0.0260427 0.0319030 0.0347562 0.0288726 0.0280355 0.0315976 0.0319664 0.0319527 0.0335344 0.0342822 0.0275296 0.0301110 0.0323320 0.0332112 0.0312743 0.0308201 0.0262823 0.0273361 0.0289123 0.0362979 0.0291722 0.0333694 0.0000000 0.0242531 0.0318582 0.0324158 0.0286856 0.0298888 0.0361373 0.0309702 0.0288137 0.0364398 0.0279442 0.0311503 0.0332498 0.0274718 0.0320305 0.0287314 0.0305216 0.0341457 0.0270512 0.0318980 0.0288473 0.0330959 0.0329199 0.0309218 0.0316597 0.0293970 
pop3.indv1  0.0297414 0.0319883 0.0301515 0.0284502 0.0307163 0.0364446 0.0260942 0.0352944 0.0338580 0.0344243 0.0336730 0.0315871 0.0337931 0.0337128 0.0301799 0.0390760 0.0321512 0.0302603 0.0323989 0.0325027 0.0310843 0.0310736 0.0352232 0.0317726 0.0276805 0.0350902 0.0308271 0.0299451 0.0270152 0.0291052 0.0276582 0.0251910 0.0365701 0.0318685 0.0332111 0.0353199 0.0257230 0.0248651 0.0300138 0.0314022 0.0291371 0.0305390 0.0277288 0.0284608 0.0298495 0.0283212 0.0281139 0.0301127 0.0309660 0.0242531 0.0000000 0.0268989 0.0284442 0.0242936 0.0312335 0.0310963 0.0247839 0.0311422 0.0302727 0.0298286 0.0265813 0.0304637 0.0247045 0.0278052 0.0307502 0.0313640 0.0308702 0.0257735 0.0282878 0.0292304 0.0289400 0.0317154 0.0283696 0.0292113 0.0315045 
pop3.indv2  0.0318269 0.0322054 0.0287768 0.0307288 0.0309159 0.0347554 0.0303460 0.0306768 0.0348467 0.0346463 0.0280075 0.0359058 0.0382069 0.0349492 0.0299239 0.0336921 0.0366597 0.0314478 0.0325941 0.0389784 0.0348824 0.0333323 0.0322378 0.0339980 0.0314130 0.0330860 0.0319343 0.0278164 0.0324343 0.0325977 0.0309677 0.0279952 0.0318066 0.0339691 0.0290890 0.0344783 0.0313922 0.0295212 0.0283758 0.0317322 0.0324093 0.0343469 0.0293197 0.0321022 0.0333300 0.0329945 0.0287667 0.0311039 0.0316789 0.0318582 0.0268989 0.0000000 0.0281775 0.0250417 0.0313273 0.0338372 0.0283766 0.0288670 0.0319179 0.0274141 0.0273868 0.0294803 0.0252545 0.0316687 0.0327964 0.0278954 0.0348376 0.0291214 0.0357102 0.0275390 0.0318974 0.0327773 0.0275886 0.0293389 0.0292184 
