75
pop1.indv1  0.0000000 0.0272718 0.0274635 0.0323936 0.0256858 0.0294899 0.0287617 0.0309894 0.0262175 0.0328955 0.0264650 0.0300263 0.0293185 0.0287705 0.0278840 0.0303769 0.0289212 0.0244648 0.0257014 0.0269163 0.0266105 0.0328081 0.0296920 0.0275307 0.0250979 0.0314954 0.0287352 0.0264027 0.0286913 0.0288235 0.0297461 0.0302006 0.0305067 0.0266994 0.0275033 0.0268838 0.0311234 0.0262454 0.0284084 0.0298915 0.0261654 0.0300661 0.0295262 0.0299023 0.0286826 0.0300994 0.0266347 0.0339807 0.0290960 0.0273631 0.0316435 0.0317553 0.0315047 0.0269525 0.0259885 0.0355278 0.0278260 0.0286615 0.0379191 0.0315561 0.0320702 0.0372777 0.0283502 0.0274983 0.0352633 0.0317415 0.0334615 0.0274766 0.0306476 0.0328325 0.0306114 0.0346476 0.0294497 0.0330441 0.0290699 
pop1.indv2  0.0272718 0.0000000 0.0305658 0.0287177 0.0283045 0.0248828 0.0274635 0.0307162 0.0258039 0.0299263 0.0275476 0.0313418 0.0310754 0.0336879 0.0286126 0.0318072 0.0274718 0.0276960 0.0297005 0.0296369 0.0288058 0.0280050 0.0291048 0.0305082 0.0287352 0.0323467 0.0283997 0.0354512 0.0297096 0.0284084 0.0314067 0.0252734 0.0297000 0.0295645 0.0267704 0.0294925 0.0341286 0.0307541 0.0304988 0.0325657 0.0286738 0.0281423 0.0276663 0.0285306 0.0338136 0.0290607 0.0314455 0.0302931 0.0314954 0.0300107 0.0313087 0.0347883 0.0289085 0.0295816 0.0308274 0.0398403 0.0340862 0.0292643 0.0393141 0.0293382 0.0319561 0.0334556 0.0259698 0.0282056 0.0372980 0.0307541 0.0327826 0.0314545 0.0242065 0.0280303 0.0329521 0.0329291 0.0253735 0.0361069 0.0286325 
pop1.indv3  0.0274635 0.0305658 0.0000000 0.0257481 0.0281586 0.0275223 0.0256858 0.0282099 0.0249995 0.0280480 0.0224862 0.0297371 0.0293724 0.0300845 0.0274132 0.0297188 0.0258816 0.0278403 0.0271382 0.0263687 0.0306785 0.0310562 0.0255007 0.0284868 0.0272718 0.0274286 0.0304612 0.0320274 0.0308205 0.0298102 0.0299007 0.0252734 0.0306311 0.0308756 0.0294566 0.0309419 0.0344543 0.0221505 0.0273798 0.0295555 0.0324840 0.0285865 0.0268791 0.0261336 0.0297096 0.0277503 0.0287705 0.0324857 0.0248050 0.0275867 0.0339432 0.0254105 0.0300882 0.0269104 0.0260883 0.0363540 0.0228679 0.0297576 0.0369229 0.0342647 0.0275851 0.0324233 0.0223796 0.0327971 0.0284287 0.0325659 0.0282944 0.0307687 0.0254730 0.0311678 0.0315063 0.0308296 0.0305743 0.0308296 0.0285529 
pop1.indv4  0.0323936 0.0287177 0.0257481 0.0000000 0.0246062 0.0275223 0.0249920 0.0291757 0.0248944 0.0325369 0.0297736 0.0249058 0.0326159 0.0304353 0.0269327 0.0306032 0.0303956 0.0230915 0.0280478 0.0307257 0.0261018 0.0271797 0.0310239 0.0305082 0.0243984 0.0278691 0.0298194 0.0286847 0.0306785 0.0283737 0.0313005 0.0274866 0.0343313 0.0318072 0.0324558 0.0345760 0.0344973 0.0256780 0.0288592 0.0290359 0.0280050 0.0356495 0.0239852 0.0311330 0.0282959 0.0292079 0.0310276 0.0296460 0.0280820 0.0320016 0.0287395 0.0321466 0.0331156 0.0252256 0.0247278 0.0364562 0.0286864 0.0315078 0.0358189 0.0338515 0.0332624 0.0387966 0.0227339 0.0329652 0.0288970 0.0307778 0.0329521 0.0303450 0.0327956 0.0300793 0.0294884 0.0397431 0.0249790 0.0365737 0.0293561 
pop1.indv5  0.0256858 0.0283045 0.0281586 0.0246062 0.0000000 0.0270392 0.0279539 0.0248795 0.0263473 0.0294330 0.0271631 0.0309485 0.0348896 0.0301545 0.0316798 0.0295736 0.0295353 0.0226664 0.0327776 0.0255775 0.0297096 0.0270886 0.0290080 0.0300291 0.0286039 0.0339579 0.0329281 0.0272967 0.0298733 0.0270309 0.0285170 0.0257266 0.0318565 0.0300080 0.0315350 0.0326164 0.0292737 0.0296188 0.0266267 0.0305845 0.0259442 0.0311950 0.0275700 0.0271051 0.0289473 0.0284951 0.0296823 0.0277838 0.0309015 0.0326159 0.0301427 0.0322090 0.0306355 0.0241247 0.0318031 0.0361946 0.0286206 0.0295404 0.0354286 0.0326662 0.0341614 0.0310048 0.0276348 0.0308052 0.0372073 0.0356744 0.0270619 0.0347308 0.0342432 0.0256161 0.0300602 0.0341342 0.0294768 0.0268894 0.0305743 
pop1.indv6  0.0294899 0.0248828 0.0275223 0.0275223 0.0270392 0.0000000 0.0274886 0.0300384 0.0263048 0.0276917 0.0276323 0.0262809 0.0335822 0.0308396 0.0305365 0.0264328 0.0288407 0.0265459 0.0310562 0.0288767 0.0256598 0.0290375 0.0291846 0.0317396 0.0265135 0.0270063 0.0293594 0.0340017 0.0332666 0.0303552 0.0334675 0.0247549 0.0307077 0.0292147 0.0295555 0.0300015 0.0336031 0.0252585 0.0292508 0.0287440 0.0289390 0.0301216 0.0312059 0.0310217 0.0298654 0.0299831 0.0301680 0.0311330 0.0332609 0.0294265 0.0398483 0.0315063 0.0381386 0.0309521 0.0330178 0.0347001 0.0303135 0.0295838 0.0383643 0.0323180 0.0336496 0.0317179 0.0248272 0.0344079 0.0316947 0.0301960 0.0362235 0.0314921 0.0312377 0.0338902 0.0305864 0.0406358 0.0293561 0.0361056 0.0381446 
pop1.indv7  0.0287617 0.0274635 0.0256858 0.0249920 0.0279539 0.0274886 0.0000000 0.0274120 0.0258427 0.0285466 0.0273631 0.0282935 0.0310085 0.0330402 0.0274383 0.0263927 0.0363486 0.0228643 0.0280906 0.0281164 0.0300845 0.0274467 0.0289816 0.0292418 0.0286738 0.0269691 0.0275476 0.0263631 0.0290270 0.0255116 0.0295195 0.0236262 0.0330128 0.0272635 0.0283705 0.0266751 0.0299648 0.0277807 0.0294355 0.0276203 0.0287881 0.0283045 0.0264087 0.0236499 0.0277383 0.0264265 0.0297096 0.0270639 0.0301504 0.0287001 0.0290988 0.0273155 0.0248625 0.0283244 0.0245380 0.0339881 0.0210169 0.0250913 0.0346476 0.0352318 0.0286247 0.0294725 0.0233857 0.0354994 0.0323525 0.0247073 0.0308296 0.0343804 0.0260913 0.0288189 0.0326277 0.0382096 0.0288285 0.0344079 0.0317585 
pop1.indv8  0.0309894 0.0307162 0.0282099 0.0291757 0.0248795 0.0300384 0.0274120 0.0000000 0.0287556 0.0314205 0.0306879 0.0301595 0.0297371 0.0317860 0.0292916 0.0312525 0.0310180 0.0285083 0.0288680 0.0319524 0.0266025 0.0316116 0.0302234 0.0296188 0.0335528 0.0313514 0.0295736 0.0318135 0.0405243 0.0320115 0.0319033 0.0317472 0.0340357 0.0298824 0.0323863 0.0329484 0.0288417 0.0319819 0.0300661 0.0352688 0.0272884 0.0353345 0.0332666 0.0379189 0.0321946 0.0333676 0.0299923 0.0308284 0.0321599 0.0388532 0.0350926 0.0318527 0.0317316 0.0321403 0.0304439 0.0353299 0.0298373 0.0288744 0.0353581 0.0354233 0.0369526 0.0326281 0.0294305 0.0332360 0.0396625 0.0279039 0.0316311 0.0344079 0.0282694 0.0301095 0.0383178 0.0393907 0.0301121 0.0369526 0.0333367 
pop1.indv9  0.0262175 0.0258039 0.0249995 0.0248944 0.0263473 0.0263048 0.0258427 0.0287556 0.0000000 0.0299155 0.0310145 0.0273945 0.0290784 0.0271893 0.0292202 0.0313705 0.0339386 0.0271155 0.0274286 0.0254548 0.0235627 0.0314569 0.0290154 0.0342519 0.0249019 0.0275258 0.0290960 0.0286353 0.0280480 0.0309419 0.0318153 0.0266421 0.0313970 0.0278860 0.0295040 0.0288329 0.0290960 0.0301453 0.0287542 0.0296380 0.0284651 0.0326064 0.0326662 0.0308095 0.0291137 0.0299604 0.0285517 0.0292167 0.0300686 0.0297461 0.0365805 0.0341434 0.0367455 0.0228062 0.0324233 0.0380104 0.0263678 0.0333646 0.0331048 0.0309447 0.0359509 0.0366052 0.0305274 0.0315686 0.0336243 0.0284683 0.0322162 0.0345924 0.0323052 0.0264276 0.0321782 0.0372562 0.0330917 0.0374064 0.0329521 
pop1.indv10 0.0328955 0.0299263 0.0280480 0.0325369 0.0294330 0.0276917 0.0285466 0.0314205 0.0299155 0.0000000 0.0323962 0.0302276 0.0374956 0.0328855 0.0303982 0.0333267 0.0340623 0.0286673 0.0305667 0.0318716 0.0296021 0.0309767 0.0358812 0.0340938 0.0339683 0.0369214 0.0378336 0.0328835 0.0363689 0.0355611 0.0368591 0.0304375 0.0368009 0.0369958 0.0363343 0.0309643 0.0363352 0.0322383 0.0309203 0.0332351 0.0318153 0.0392782 0.0331688 0.0341148 0.0347498 0.0367976 0.0285466 0.0323665 0.0353279 0.0370760 0.0382268 0.0337716 0.0355278 0.0323474 0.0334817 0.0427539 0.0332542 0.0358556 0.0417825 0.0339167 0.0372597 0.0387688 0.0334124 0.0377699 0.0358516 0.0361955 0.0375436 0.0353159 0.0370331 0.0346711 0.0359367 0.0384948 0.0353581 0.0397201 0.0380715 
pop1.indv11 0.0264650 0.0275476 0.0224862 0.0297736 0.0271631 0.0276323 0.0273631 0.0306879 0.0310145 0.0323962 0.0000000 0.0257575 0.0308110 0.0320609 0.0283245 0.0322301 0.0313070 0.0273299 0.0314164 0.0294899 0.0248224 0.0317091 0.0325557 0.0305270 0.0255427 0.0268594 0.0322602 0.0277754 0.0304706 0.0248601 0.0333433 0.0260385 0.0338564 0.0344973 0.0317569 0.0276539 0.0326965 0.0285218 0.0326053 0.0291788 0.0270803 0.0301866 0.0265865 0.0299300 0.0302239 0.0299007 0.0301309 0.0287617 0.0319819 0.0314358 0.0330006 0.0307930 0.0322833 0.0270723 0.0279534 0.0375730 0.0292869 0.0307313 0.0386502 0.0330526 0.0302971 0.0318899 0.0280291 0.0350958 0.0359886 0.0321216 0.0335151 0.0280846 0.0306596 0.0299636 0.0346301 0.0359767 0.0313919 0.0312502 0.0359564 
pop1.indv12 0.0300263 0.0313418 0.0297371 0.0249058 0.0309485 0.0262809 0.0282935 0.0301595 0.0273945 0.0302276 0.0257575 0.0000000 0.0268402 0.0293317 0.0282357 0.0286500 0.0289208 0.0264902 0.0287281 0.0309485 0.0276334 0.0309419 0.0316885 0.0338758 0.0286847 0.0307894 0.0321255 0.0318981 0.0330266 0.0285430 0.0297999 0.0275176 0.0316701 0.0333063 0.0301231 0.0337613 0.0351924 0.0290343 0.0254930 0.0259668 0.0297552 0.0319395 0.0293095 0.0317666 0.0309015 0.0353495 0.0306224 0.0333165 0.0292745 0.0286760 0.0291519 0.0348311 0.0310581 0.0292982 0.0305527 0.0349545 0.0336293 0.0352120 0.0378737 0.0352425 0.0319521 0.0374266 0.0279861 0.0348021 0.0278191 0.0317767 0.0358618 0.0278011 0.0313087 0.0314972 0.0317179 0.0370923 0.0276348 0.0342647 0.0331897 
pop1.indv13 0.0293185 0.0310754 0.0293724 0.0326159 0.0348896 0.0335822 0.0310085 0.0297371 0.0290784 0.0374956 0.0308110 0.0268402 0.0000000 0.0303210 0.0343099 0.0376469 0.0372579 0.0325657 0.0328471 0.0281842 0.0282873 0.0369859 0.0316600 0.0320807 0.0294446 0.0306783 0.0383342 0.0339996 0.0365524 0.0333601 0.0306220 0.0322243 0.0369692 0.0344115 0.0327866 0.0350622 0.0374237 0.0317679 0.0291250 0.0353455 0.0322839 0.0389249 0.0374696 0.0342564 0.0333329 0.0326164 0.0303676 0.0383519 0.0335036 0.0328471 0.0334520 0.0387351 0.0388226 0.0305394 0.0329521 0.0315063 0.0301375 0.0373218 0.0377243 0.0326662 0.0309605 0.0387504 0.0297461 0.0350802 0.0349686 0.0388756 0.0325235 0.0309398 0.0340426 0.0315336 0.0371815 0.0387440 0.0385673 0.0369526 0.0379729 
pop1.indv14 0.0287705 0.0336879 0.0300845 0.0304353 0.0301545 0.0308396 0.0330402 0.0317860 0.0271893 0.0328855 0.0320609 0.0293317 0.0303210 0.0000000 0.0303769 0.0314569 0.0365206 0.0251894 0.0344973 0.0324237 0.0267482 0.0335822 0.0287281 0.0314552 0.0312813 0.0356273 0.0318368 0.0355171 0.0323836 0.0338557 0.0305939 0.0316408 0.0369574 0.0351506 0.0309579 0.0319131 0.0351069 0.0294808 0.0322739 0.0308378 0.0306690 0.0299923 0.0344067 0.0313070 0.0336254 0.0315734 0.0323536 0.0324739 0.0335425 0.0329993 0.0370183 0.0366672 0.0346021 0.0281946 0.0265170 0.0375882 0.0258009 0.0354093 0.0390917 0.0322925 0.0354145 0.0349958 0.0249012 0.0339201 0.0333367 0.0341126 0.0340260 0.0370421 0.0347447 0.0335238 0.0374517 0.0340426 0.0385830 0.0401890 0.0319256 
pop1.indv15 0.0278840 0.0286126 0.0274132 0.0269327 0.0316798 0.0305365 0.0274383 0.0292916 0.0292202 0.0303982 0.0283245 0.0282357 0.0343099 0.0303769 0.0000000 0.0315820 0.0286362 0.0293141 0.0267238 0.0303956 0.0298746 0.0272882 0.0249995 0.0346809 0.0281768 0.0295645 0.0315527 0.0272388 0.0338346 0.0307920 0.0277383 0.0280050 0.0310796 0.0308396 0.0259913 0.0351178 0.0331942 0.0287705 0.0329511 0.0303583 0.0311618 0.0342670 0.0244330 0.0313167 0.0292147 0.0308378 0.0308682 0.0294990 0.0274617 0.0283131 0.0319561 0.0273999 0.0321662 0.0274874 0.0248431 0.0364269 0.0316923 0.0247543 0.0419989 0.0271776 0.0304773 0.0342992 0.0276505 0.0381541 0.0366522 0.0292080 0.0352917 0.0276287 0.0253339 0.0324997 0.0340563 0.0338124 0.0320115 0.0315425 0.0365032 
pop1.indv16 0.0303769 0.0318072 0.0297188 0.0306032 0.0295736 0.0264328 0.0263927 0.0312525 0.0313705 0.0333267 0.0322301 0.0286500 0.0376469 0.0314569 0.0315820 0.0000000 0.0336136 0.0270145 0.0317777 0.0293634 0.0267401 0.0346375 0.0308189 0.0301773 0.0299007 0.0316794 0.0346510 0.0313801 0.0364516 0.0301031 0.0309514 0.0291402 0.0295147 0.0354557 0.0260602 0.0349653 0.0349654 0.0284694 0.0277637 0.0307068 0.0345760 0.0310276 0.0302146 0.0359736 0.0332918 0.0260212 0.0284606 0.0345546 0.0283533 0.0338031 0.0414564 0.0320021 0.0341936 0.0316687 0.0298965 0.0360345 0.0301902 0.0299636 0.0368192 0.0353440 0.0353019 0.0340364 0.0329291 0.0335687 0.0359303 0.0337585 0.0405696 0.0349545 0.0275742 0.0382873 0.0319987 0.0310880 0.0306108 0.0384733 0.0342903 
pop1.indv17 0.0289212 0.0274718 0.0258816 0.0303956 0.0295353 0.0288407 0.0363486 0.0310180 0.0339386 0.0340623 0.0313070 0.0289208 0.0372579 0.0365206 0.0286362 0.0336136 0.0000000 0.0298746 0.0356669 0.0294899 0.0308873 0.0285921 0.0361217 0.0336871 0.0291519 0.0312488 0.0332724 0.0348465 0.0375288 0.0327786 0.0276876 0.0277807 0.0329021 0.0373282 0.0292827 0.0352716 0.0326357 0.0296541 0.0279097 0.0338768 0.0315331 0.0307162 0.0334647 0.0350532 0.0343206 0.0343262 0.0317000 0.0341392 0.0349653 0.0334571 0.0319561 0.0371517 0.0428221 0.0297698 0.0323052 0.0346021 0.0323348 0.0319896 0.0378767 0.0380868 0.0379995 0.0372301 0.0277713 0.0334443 0.0395876 0.0300909 0.0361797 0.0350533 0.0332564 0.0265170 0.0354914 0.0376951 0.0314904 0.0345048 0.0362382 
pop1.indv18 0.0244648 0.0276960 0.0278403 0.0230915 0.0226664 0.0265459 0.0228643 0.0285083 0.0271155 0.0286673 0.0273299 0.0264902 0.0325657 0.0251894 0.0293141 0.0270145 0.0298746 0.0000000 0.0275814 0.0243984 0.0228231 0.0248601 0.0250396 0.0283332 0.0247774 0.0258583 0.0295444 0.0289816 0.0282786 0.0288589 0.0284345 0.0266025 0.0310506 0.0273548 0.0273049 0.0278945 0.0276539 0.0257872 0.0287881 0.0257481 0.0228506 0.0297553 0.0297554 0.0277383 0.0283131 0.0251371 0.0264409 0.0259834 0.0310428 0.0289561 0.0331643 0.0311256 0.0258185 0.0280079 0.0290875 0.0301309 0.0311798 0.0279229 0.0399612 0.0334784 0.0311562 0.0323600 0.0231318 0.0281835 0.0329128 0.0260165 0.0326142 0.0301240 0.0279628 0.0291855 0.0298750 0.0350942 0.0314044 0.0379227 0.0329424 
pop1.indv19 0.0257014 0.0297005 0.0271382 0.0280478 0.0327776 0.0310562 0.0280906 0.0288680 0.0274286 0.0305667 0.0314164 0.0287281 0.0328471 0.0344973 0.0267238 0.0317777 0.0356669 0.0275814 0.0000000 0.0288856 0.0284868 0.0308682 0.0308095 0.0333601 0.0291340 0.0287020 0.0324438 0.0336577 0.0338031 0.0305837 0.0323936 0.0282700 0.0320651 0.0308491 0.0301821 0.0318445 0.0332252 0.0265459 0.0310467 0.0311664 0.0322201 0.0332712 0.0326662 0.0298286 0.0382258 0.0308001 0.0324739 0.0293724 0.0291225 0.0297279 0.0344688 0.0339318 0.0333770 0.0302256 0.0281504 0.0365589 0.0320347 0.0330787 0.0397593 0.0325635 0.0303689 0.0314099 0.0262964 0.0349123 0.0302494 0.0342457 0.0354484 0.0335285 0.0293095 0.0384853 0.0305514 0.0378614 0.0303929 0.0395982 0.0398241 
pop1.indv20 0.0269163 0.0296369 0.0263687 0.0307257 0.0255775 0.0288767 0.0281164 0.0319524 0.0254548 0.0318716 0.0294899 0.0309485 0.0281842 0.0324237 0.0303956 0.0293634 0.0294899 0.0243984 0.0288856 0.0000000 0.0287089 0.0290359 0.0294835 0.0350741 0.0286388 0.0297642 0.0300107 0.0344057 0.0344436 0.0279011 0.0273299 0.0288944 0.0371963 0.0298368 0.0303244 0.0313583 0.0344758 0.0302190 0.0274299 0.0346403 0.0274132 0.0286650 0.0344283 0.0318072 0.0314844 0.0257343 0.0296097 0.0336150 0.0305097 0.0343475 0.0309484 0.0371858 0.0350250 0.0292631 0.0270305 0.0355848 0.0305892 0.0315201 0.0365001 0.0338382 0.0301663 0.0323221 0.0356133 0.0318582 0.0306352 0.0302945 0.0329390 0.0322493 0.0330705 0.0297346 0.0285127 0.0388383 0.0318837 0.0328736 0.0345698 
pop1.indv21 0.0266105 0.0288058 0.0306785 0.0261018 0.0297096 0.0256598 0.0300845 0.0266025 0.0235627 0.0296021 0.0248224 0.0276334 0.0282873 0.0267482 0.0298746 0.0267401 0.0308873 0.0228231 0.0284868 0.0287089 0.0000000 0.0278754 0.0303982 0.0295535 0.0288058 0.0275366 0.0308682 0.0325958 0.0354379 0.0325344 0.0295195 0.0297552 0.0307359 0.0282635 0.0304911 0.0293185 0.0316994 0.0261495 0.0264973 0.0300476 0.0253881 0.0322602 0.0282896 0.0281337 0.0276371 0.0278090 0.0307825 0.0310180 0.0304911 0.0283824 0.0304439 0.0338115 0.0306964 0.0230517 0.0295262 0.0378767 0.0292530 0.0329357 0.0347608 0.0318931 0.0360345 0.0364655 0.0262860 0.0321339 0.0332831 0.0258894 0.0315425 0.0303091 0.0309398 0.0309687 0.0296989 0.0354341 0.0302200 0.0331499 0.0290120 
pop1.indv22 0.0328081 0.0280050 0.0310562 0.0271797 0.0270886 0.0290375 0.0274467 0.0316116 0.0314569 0.0309767 0.0317091 0.0309419 0.0369859 0.0335822 0.0272882 0.0346375 0.0285921 0.0248601 0.0308682 0.0290359 0.0278754 0.0000000 0.0278428 0.0316803 0.0295992 0.0317763 0.0315722 0.0321946 0.0367365 0.0278659 0.0303489 0.0242183 0.0346894 0.0331942 0.0311283 0.0290715 0.0287793 0.0289837 0.0285657 0.0316311 0.0325041 0.0327776 0.0323607 0.0282114 0.0322101 0.0302190 0.0316508 0.0324237 0.0342731 0.0277552 0.0319183 0.0321277 0.0337037 0.0268999 0.0263617 0.0343254 0.0279443 0.0295838 0.0381942 0.0339184 0.0324204 0.0327556 0.0263585 0.0316939 0.0371020 0.0327300 0.0356133 0.0302733 0.0353200 0.0308730 0.0295699 0.0372375 0.0356933 0.0414555 0.0365181 
pop1.indv23 0.0296920 0.0291048 0.0255007 0.0310239 0.0290080 0.0291846 0.0289816 0.0302234 0.0290154 0.0358812 0.0325557 0.0316885 0.0316600 0.0287281 0.0249995 0.0308189 0.0361217 0.0250396 0.0308095 0.0294835 0.0303982 0.0278428 0.0000000 0.0349979 0.0284737 0.0345370 0.0324957 0.0342745 0.0281501 0.0319131 0.0364590 0.0298539 0.0318368 0.0330367 0.0283758 0.0303244 0.0341779 0.0335115 0.0298459 0.0312941 0.0295285 0.0326762 0.0319819 0.0331790 0.0354951 0.0327855 0.0317763 0.0333063 0.0320819 0.0298368 0.0344607 0.0338374 0.0337179 0.0299898 0.0322090 0.0435987 0.0305307 0.0304937 0.0334256 0.0317292 0.0347195 0.0330308 0.0288180 0.0326277 0.0333949 0.0327293 0.0378434 0.0388718 0.0284682 0.0349002 0.0307074 0.0346784 0.0348851 0.0368488 0.0309030 
pop1.indv24 0.0275307 0.0305082 0.0284868 0.0305082 0.0300291 0.0317396 0.0292418 0.0296188 0.0342519 0.0340938 0.0305270 0.0338758 0.0320807 0.0314552 0.0346809 0.0301773 0.0336871 0.0283332 0.0333601 0.0350741 0.0295535 0.0316803 0.0349979 0.0000000 0.0308015 0.0320510 0.0343050 0.0317763 0.0319953 0.0293634 0.0322502 0.0279369 0.0310893 0.0363372 0.0315728 0.0326763 0.0322502 0.0305932 0.0332149 0.0301031 0.0314746 0.0352826 0.0327479 0.0298562 0.0371762 0.0324459 0.0348672 0.0335091 0.0319033 0.0344115 0.0297228 0.0312302 0.0398485 0.0296402 0.0263107 0.0367365 0.0325901 0.0317179 0.0347030 0.0345648 0.0336510 0.0383328 0.0310137 0.0309152 0.0334443 0.0356265 0.0326272 0.0322879 0.0273584 0.0314099 0.0292168 0.0356354 0.0296754 0.0385359 0.0325872 
pop1.indv25 0.0250979 0.0287352 0.0272718 0.0243984 0.0286039 0.0265135 0.0286738 0.0335528 0.0249019 0.0339683 0.0255427 0.0286847 0.0294446 0.0312813 0.0281768 0.0299007 0.0291519 0.0247774 0.0291340 0.0286388 0.0288058 0.0295992 0.0284737 0.0308015 0.0000000 0.0318348 0.0280136 0.0298277 0.0287089 0.0305554 0.0299007 0.0289296 0.0348445 0.0313873 0.0247680 0.0353565 0.0268462 0.0235855 0.0283477 0.0272223 0.0281078 0.0279794 0.0275645 0.0309447 0.0273215 0.0299716 0.0270803 0.0276455 0.0305284 0.0289738 0.0268790 0.0329746 0.0332564 0.0286022 0.0246801 0.0334215 0.0257618 0.0275772 0.0359479 0.0288405 0.0262037 0.0361237 0.0302441 0.0288399 0.0344494 0.0296429 0.0345048 0.0330309 0.0296050 0.0285177 0.0283167 0.0330969 0.0326399 0.0305621 0.0285189 
pop2.indv1  0.0314954 0.0323467 0.0274286 0.0278691 0.0339579 0.0270063 0.0269691 0.0313514 0.0275258 0.0369214 0.0268594 0.0307894 0.0306783 0.0356273 0.0295645 0.0316794 0.0312488 0.0258583 0.0287020 0.0297642 0.0275366 0.0317763 0.0345370 0.0320510 0.0318348 0.0000000 0.0336474 0.0292832 0.0293228 0.0302098 0.0260057 0.0298539 0.0314067 0.0299716 0.0310578 0.0303244 0.0314473 0.0282099 0.0277670 0.0275919 0.0273955 0.0295842 0.0291580 0.0374941 0.0320960 0.0303094 0.0284824 0.0285724 0.0265070 0.0298901 0.0343932 0.0335734 0.0385103 0.0309120 0.0281059 0.0327179 0.0310005 0.0295859 0.0324487 0.0364082 0.0386698 0.0315215 0.0253226 0.0328216 0.0337982 0.0293599 0.0339831 0.0340125 0.0324997 0.0278933 0.0316064 0.0368192 0.0348435 0.0365990 0.0385258 
pop2.indv2  0.0287352 0.0283997 0.0304612 0.0298194 0.0329281 0.0293594 0.0275476 0.0295736 0.0290960 0.0378336 0.0322602 0.0321255 0.0383342 0.0318368 0.0315527 0.0346510 0.0332724 0.0295444 0.0324438 0.0300107 0.0308682 0.0315722 0.0324957 0.0343050 0.0280136 0.0336474 0.0000000 0.0302968 0.0319720 0.0293904 0.0287001 0.0281671 0.0336871 0.0289120 0.0277586 0.0301453 0.0316214 0.0271382 0.0323437 0.0312813 0.0321503 0.0296460 0.0297736 0.0305365 0.0290715 0.0312371 0.0247400 0.0322541 0.0277838 0.0283131 0.0318775 0.0328454 0.0319730 0.0294884 0.0319814 0.0351082 0.0311918 0.0308515 0.0359767 0.0283134 0.0330441 0.0379909 0.0274120 0.0321723 0.0309152 0.0335627 0.0343941 0.0343666 0.0298750 0.0276302 0.0295350 0.0334215 0.0338524 0.0345048 0.0266932 
pop2.indv3  0.0264027 0.0354512 0.0320274 0.0286847 0.0272967 0.0340017 0.0263631 0.0318135 0.0286353 0.0328835 0.0277754 0.0318981 0.0339996 0.0355171 0.0272388 0.0313801 0.0348465 0.0289816 0.0336577 0.0344057 0.0325958 0.0321946 0.0342745 0.0317763 0.0298277 0.0292832 0.0302968 0.0000000 0.0279889 0.0268432 0.0268964 0.0262294 0.0343688 0.0304375 0.0303185 0.0250545 0.0319104 0.0241004 0.0287281 0.0275588 0.0283362 0.0338128 0.0287804 0.0316118 0.0295129 0.0237817 0.0291048 0.0319980 0.0306689 0.0266022 0.0324765 0.0264276 0.0338660 0.0315324 0.0282020 0.0302194 0.0267387 0.0328687 0.0314343 0.0291519 0.0285067 0.0346845 0.0301726 0.0327179 0.0325891 0.0293980 0.0319646 0.0307433 0.0288067 0.0283928 0.0342107 0.0319397 0.0280406 0.0384853 0.0326148 
pop2.indv4  0.0286913 0.0297096 0.0308205 0.0306785 0.0298733 0.0332666 0.0290270 0.0405243 0.0280480 0.0363689 0.0304706 0.0330266 0.0365524 0.0323836 0.0338346 0.0364516 0.0375288 0.0282786 0.0338031 0.0344436 0.0354379 0.0367365 0.0281501 0.0319953 0.0287089 0.0293228 0.0319720 0.0279889 0.0000000 0.0297553 0.0350839 0.0291935 0.0333497 0.0303769 0.0299716 0.0301361 0.0298459 0.0299923 0.0312391 0.0308001 0.0270721 0.0296007 0.0279526 0.0345726 0.0292648 0.0282000 0.0293364 0.0282873 0.0343951 0.0308095 0.0277475 0.0345828 0.0404216 0.0296763 0.0297695 0.0357423 0.0336930 0.0357387 0.0318303 0.0364971 0.0359623 0.0308610 0.0289762 0.0340974 0.0333683 0.0385062 0.0316311 0.0294536 0.0294189 0.0308849 0.0348563 0.0337179 0.0354198 0.0372263 0.0290467 
pop2.indv5  0.0288235 0.0284084 0.0298102 0.0283737 0.0270309 0.0303552 0.0255116 0.0320115 0.0309419 0.0355611 0.0248601 0.0285430 0.0333601 0.0338557 0.0307920 0.0301031 0.0327786 0.0288589 0.0305837 0.0279011 0.0325344 0.0278659 0.0319131 0.0293634 0.0305554 0.0302098 0.0293904 0.0268432 0.0297553 0.0000000 0.0267726 0.0260070 0.0271531 0.0329993 0.0264663 0.0322938 0.0289915 0.0268053 0.0264087 0.0284997 0.0248526 0.0344115 0.0260084 0.0291878 0.0267157 0.0254319 0.0288058 0.0329383 0.0293762 0.0340122 0.0306235 0.0307074 0.0275091 0.0264644 0.0239197 0.0352491 0.0278696 0.0281168 0.0316436 0.0299103 0.0281174 0.0322216 0.0251377 0.0258387 0.0350802 0.0299867 0.0335285 0.0292631 0.0365295 0.0368127 0.0298867 0.0323137 0.0343941 0.0330526 0.0362382 
pop2.indv6  0.0297461 0.0314067 0.0299007 0.0313005 0.0285170 0.0334675 0.0295195 0.0319033 0.0318153 0.0368591 0.0333433 0.0297999 0.0306220 0.0305939 0.0277383 0.0309514 0.0276876 0.0284345 0.0323936 0.0273299 0.0295195 0.0303489 0.0364590 0.0322502 0.0299007 0.0260057 0.0287001 0.0268964 0.0350839 0.0267726 0.0000000 0.0245399 0.0339932 0.0320609 0.0241220 0.0316794 0.0330402 0.0250524 0.0249844 0.0292113 0.0307907 0.0282271 0.0294175 0.0272635 0.0265302 0.0295485 0.0290537 0.0271647 0.0282594 0.0291580 0.0314833 0.0307793 0.0355990 0.0264232 0.0269056 0.0292923 0.0319976 0.0346274 0.0354852 0.0337716 0.0327567 0.0346409 0.0254301 0.0294884 0.0290445 0.0314851 0.0297578 0.0361360 0.0328606 0.0304114 0.0255088 0.0386814 0.0331234 0.0358905 0.0311005 
pop2.indv7  0.0302006 0.0252734 0.0252734 0.0274866 0.0257266 0.0247549 0.0236262 0.0317472 0.0266421 0.0304375 0.0260385 0.0275176 0.0322243 0.0316408 0.0280050 0.0291402 0.0277807 0.0266025 0.0282700 0.0288944 0.0297552 0.0242183 0.0298539 0.0279369 0.0289296 0.0298539 0.0281671 0.0262294 0.0291935 0.0260070 0.0245399 0.0000000 0.0267808 0.0259599 0.0257652 0.0250321 0.0274617 0.0246655 0.0195612 0.0283020 0.0255929 0.0260446 0.0267482 0.0277383 0.0245178 0.0311519 0.0280990 0.0284048 0.0284951 0.0271483 0.0288967 0.0267410 0.0265264 0.0277047 0.0265170 0.0298985 0.0259479 0.0298831 0.0331310 0.0344607 0.0275918 0.0255775 0.0213946 0.0261015 0.0251962 0.0259382 0.0299457 0.0243376 0.0239760 0.0225234 0.0296879 0.0308878 0.0226727 0.0273999 0.0300168 
pop2.indv8  0.0305067 0.0297000 0.0306311 0.0343313 0.0318565 0.0307077 0.0330128 0.0340357 0.0313970 0.0368009 0.0338564 0.0316701 0.0369692 0.0369574 0.0310796 0.0295147 0.0329021 0.0310506 0.0320651 0.0371963 0.0307359 0.0346894 0.0318368 0.0310893 0.0348445 0.0314067 0.0336871 0.0343688 0.0333497 0.0271531 0.0339932 0.0267808 0.0000000 0.0351524 0.0257559 0.0344222 0.0332252 0.0297185 0.0296633 0.0307162 0.0283070 0.0268626 0.0357298 0.0304118 0.0296449 0.0312141 0.0314941 0.0302333 0.0320214 0.0304706 0.0361946 0.0325623 0.0384199 0.0342979 0.0356562 0.0351242 0.0337053 0.0342647 0.0408187 0.0311809 0.0310509 0.0323727 0.0268197 0.0396038 0.0319347 0.0292982 0.0333099 0.0315425 0.0369608 0.0326534 0.0350958 0.0409025 0.0315931 0.0385359 0.0300928 
pop2.indv9  0.0266994 0.0295645 0.0308756 0.0318072 0.0300080 0.0292147 0.0272635 0.0298824 0.0278860 0.0369958 0.0344973 0.0333063 0.0344115 0.0351506 0.0308396 0.0354557 0.0373282 0.0273548 0.0308491 0.0298368 0.0282635 0.0331942 0.0330367 0.0363372 0.0313873 0.0299716 0.0289120 0.0304375 0.0303769 0.0329993 0.0320609 0.0259599 0.0351524 0.0000000 0.0252582 0.0335115 0.0295105 0.0275700 0.0297644 0.0299898 0.0292827 0.0289915 0.0288146 0.0331016 0.0316311 0.0289554 0.0257325 0.0311759 0.0307615 0.0315728 0.0323727 0.0348585 0.0359013 0.0281504 0.0338248 0.0428311 0.0295745 0.0305764 0.0344141 0.0364536 0.0315187 0.0366672 0.0219988 0.0342979 0.0371170 0.0326790 0.0311193 0.0336091 0.0304050 0.0258206 0.0318429 0.0393907 0.0298046 0.0307080 0.0324956 
pop2.indv10 0.0275033 0.0267704 0.0294566 0.0324558 0.0315350 0.0295555 0.0283705 0.0323863 0.0295040 0.0363343 0.0317569 0.0301231 0.0327866 0.0309579 0.0259913 0.0260602 0.0292827 0.0273049 0.0301821 0.0303244 0.0304911 0.0311283 0.0283758 0.0315728 0.0247680 0.0310578 0.0277586 0.0303185 0.0299716 0.0264663 0.0241220 0.0257652 0.0257559 0.0252582 0.0000000 0.0306410 0.0296560 0.0280650 0.0254395 0.0298720 0.0263552 0.0256575 0.0265062 0.0250695 0.0277251 0.0254824 0.0293140 0.0315542 0.0271419 0.0301686 0.0338242 0.0295973 0.0315063 0.0270096 0.0279873 0.0378283 0.0294314 0.0292816 0.0337849 0.0349137 0.0321151 0.0283820 0.0207947 0.0305154 0.0267123 0.0318011 0.0292809 0.0326791 0.0241508 0.0297121 0.0295262 0.0316807 0.0301663 0.0374681 0.0287716 
pop2.indv11 0.0268838 0.0294925 0.0309419 0.0345760 0.0326164 0.0300015 0.0266751 0.0329484 0.0288329 0.0309643 0.0276539 0.0337613 0.0350622 0.0319131 0.0351178 0.0349653 0.0352716 0.0278945 0.0318445 0.0313583 0.0293185 0.0290715 0.0303244 0.0326763 0.0353565 0.0303244 0.0301453 0.0250545 0.0301361 0.0322938 0.0316794 0.0250321 0.0344222 0.0335115 0.0306410 0.0000000 0.0313514 0.0272388 0.0287717 0.0282085 0.0259677 0.0312429 0.0337716 0.0243250 0.0317472 0.0291113 0.0350622 0.0313514 0.0295574 0.0314377 0.0367253 0.0343932 0.0341111 0.0341071 0.0262294 0.0384176 0.0246966 0.0335866 0.0325763 0.0311256 0.0310092 0.0302481 0.0328606 0.0359479 0.0343528 0.0310243 0.0314195 0.0353722 0.0284682 0.0292080 0.0351645 0.0374981 0.0316939 0.0384330 0.0374971 
pop2.indv12 0.0311234 0.0341286 0.0344543 0.0344973 0.0292737 0.0336031 0.0299648 0.0288417 0.0290960 0.0363352 0.0326965 0.0351924 0.0374237 0.0351069 0.0331942 0.0349654 0.0326357 0.0276539 0.0332252 0.0344758 0.0316994 0.0287793 0.0341779 0.0322502 0.0268462 0.0314473 0.0316214 0.0319104 0.0298459 0.0289915 0.0330402 0.0274617 0.0332252 0.0295105 0.0296560 0.0313514 0.0000000 0.0302283 0.0267482 0.0335632 0.0247849 0.0345403 0.0312778 0.0284432 0.0304706 0.0323072 0.0257637 0.0285604 0.0328269 0.0333778 0.0278549 0.0332944 0.0359449 0.0280406 0.0314195 0.0347169 0.0242403 0.0399588 0.0314072 0.0283244 0.0283464 0.0284900 0.0320702 0.0345786 0.0343804 0.0314221 0.0348159 0.0338795 0.0351223 0.0295291 0.0326142 0.0428662 0.0320500 0.0347030 0.0318455 
pop2.indv13 0.0262454 0.0307541 0.0221505 0.0256780 0.0296188 0.0252585 0.0277807 0.0319819 0.0301453 0.0322383 0.0285218 0.0290343 0.0317679 0.0294808 0.0287705 0.0284694 0.0296541 0.0257872 0.0265459 0.0302190 0.0261495 0.0289837 0.0335115 0.0305932 0.0235855 0.0282099 0.0271382 0.0241004 0.0299923 0.0268053 0.0250524 0.0246655 0.0297185 0.0275700 0.0280650 0.0272388 0.0302283 0.0000000 0.0238044 0.0256470 0.0264973 0.0291846 0.0288589 0.0274132 0.0302283 0.0276917 0.0273798 0.0286475 0.0245032 0.0272635 0.0275382 0.0287967 0.0333904 0.0272305 0.0261788 0.0266503 0.0285769 0.0276940 0.0308052 0.0286837 0.0279970 0.0331125 0.0262140 0.0348563 0.0342432 0.0298487 0.0316562 0.0252550 0.0267849 0.0311798 0.0335181 0.0333285 0.0296519 0.0299457 0.0263585 
pop2.indv14 0.0284084 0.0304988 0.0273798 0.0288592 0.0266267 0.0292508 0.0294355 0.0300661 0.0287542 0.0309203 0.0326053 0.0254930 0.0291250 0.0322739 0.0329511 0.0277637 0.0279097 0.0287881 0.0310467 0.0274299 0.0264973 0.0285657 0.0298459 0.0332149 0.0283477 0.0277670 0.0323437 0.0287281 0.0312391 0.0264087 0.0249844 0.0195612 0.0296633 0.0297644 0.0254395 0.0287717 0.0267482 0.0238044 0.0000000 0.0285604 0.0248224 0.0344222 0.0288856 0.0277298 0.0258264 0.0266261 0.0293814 0.0272470 0.0290519 0.0295736 0.0328970 0.0304677 0.0304894 0.0264851 0.0255582 0.0329259 0.0283101 0.0281276 0.0338660 0.0279752 0.0320702 0.0313005 0.0285910 0.0372828 0.0289314 0.0299061 0.0336644 0.0298046 0.0286923 0.0313612 0.0260102 0.0355848 0.0282833 0.0307687 0.0321595 
pop2.indv15 0.0298915 0.0325657 0.0295555 0.0290359 0.0305845 0.0287440 0.0276203 0.0352688 0.0296380 0.0332351 0.0291788 0.0259668 0.0353455 0.0308378 0.0303583 0.0307068 0.0338768 0.0257481 0.0311664 0.0346403 0.0300476 0.0316311 0.0312941 0.0301031 0.0272223 0.0275919 0.0312813 0.0275588 0.0308001 0.0284997 0.0292113 0.0283020 0.0307162 0.0299898 0.0298720 0.0282085 0.0335632 0.0256470 0.0285604 0.0000000 0.0272058 0.0286760 0.0341710 0.0248450 0.0289992 0.0276750 0.0275951 0.0303797 0.0295040 0.0302098 0.0333468 0.0356265 0.0298750 0.0242438 0.0306477 0.0395341 0.0275244 0.0309088 0.0349267 0.0291328 0.0282585 0.0316067 0.0245569 0.0315935 0.0276672 0.0294314 0.0271565 0.0299103 0.0272199 0.0312642 0.0313209 0.0309848 0.0300882 0.0332888 0.0345048 
pop2.indv16 0.0261654 0.0286738 0.0324840 0.0280050 0.0259442 0.0289390 0.0287881 0.0272884 0.0284651 0.0318153 0.0270803 0.0297552 0.0322839 0.0306690 0.0311618 0.0345760 0.0315331 0.0228506 0.0322201 0.0274132 0.0253881 0.0325041 0.0295285 0.0314746 0.0281078 0.0273955 0.0321503 0.0283362 0.0270721 0.0248526 0.0307907 0.0255929 0.0283070 0.0292827 0.0263552 0.0259677 0.0247849 0.0264973 0.0248224 0.0272058 0.0000000 0.0330095 0.0297827 0.0302375 0.0300107 0.0259901 0.0263687 0.0302560 0.0300263 0.0326562 0.0330526 0.0317678 0.0390442 0.0226727 0.0330526 0.0357855 0.0258009 0.0267717 0.0349128 0.0292010 0.0344414 0.0290403 0.0282500 0.0284287 0.0366074 0.0319236 0.0340935 0.0269736 0.0324204 0.0225913 0.0315811 0.0332564 0.0313669 0.0317064 0.0312502 
pop2.indv17 0.0300661 0.0281423 0.0285865 0.0356495 0.0311950 0.0301216 0.0283045 0.0353345 0.0326064 0.0392782 0.0301866 0.0319395 0.0389249 0.0299923 0.0342670 0.0310276 0.0307162 0.0297553 0.0332712 0.0286650 0.0322602 0.0327776 0.0326762 0.0352826 0.0279794 0.0295842 0.0296460 0.0338128 0.0296007 0.0344115 0.0282271 0.0260446 0.0268626 0.0289915 0.0256575 0.0312429 0.0345403 0.0291846 0.0344222 0.0286760 0.0330095 0.0000000 0.0337506 0.0293275 0.0307446 0.0302968 0.0302839 0.0315825 0.0349971 0.0308567 0.0331384 0.0355567 0.0337580 0.0314567 0.0272420 0.0448780 0.0310243 0.0330094 0.0319435 0.0335181 0.0367749 0.0340201 0.0268058 0.0330573 0.0272943 0.0335887 0.0313209 0.0340125 0.0337313 0.0312400 0.0341071 0.0375882 0.0283390 0.0380409 0.0370513 
pop2.indv18 0.0295262 0.0276663 0.0268791 0.0239852 0.0275700 0.0312059 0.0264087 0.0332666 0.0326662 0.0331688 0.0265865 0.0293095 0.0374696 0.0344067 0.0244330 0.0302146 0.0334647 0.0297554 0.0326662 0.0344283 0.0282896 0.0323607 0.0319819 0.0327479 0.0275645 0.0291580 0.0297736 0.0287804 0.0279526 0.0260084 0.0294175 0.0267482 0.0357298 0.0288146 0.0265062 0.0337716 0.0312778 0.0288589 0.0288856 0.0341710 0.0297827 0.0337506 0.0000000 0.0292779 0.0268053 0.0304911 0.0284868 0.0309609 0.0253039 0.0303303 0.0274849 0.0296069 0.0276943 0.0287036 0.0279752 0.0335822 0.0258697 0.0235737 0.0299103 0.0359335 0.0280180 0.0347902 0.0261627 0.0316565 0.0331499 0.0264458 0.0328736 0.0258286 0.0351223 0.0332162 0.0366771 0.0309398 0.0264627 0.0335956 0.0321922 
pop2.indv19 0.0299023 0.0285306 0.0261336 0.0311330 0.0271051 0.0310217 0.0236499 0.0379189 0.0308095 0.0341148 0.0299300 0.0317666 0.0342564 0.0313070 0.0313167 0.0359736 0.0350532 0.0277383 0.0298286 0.0318072 0.0281337 0.0282114 0.0331790 0.0298562 0.0309447 0.0374941 0.0305365 0.0316118 0.0345726 0.0291878 0.0272635 0.0277383 0.0304118 0.0331016 0.0250695 0.0243250 0.0284432 0.0274132 0.0277298 0.0248450 0.0302375 0.0293275 0.0292779 0.0000000 0.0324739 0.0283876 0.0298746 0.0269653 0.0330300 0.0263367 0.0285949 0.0318805 0.0297580 0.0288405 0.0283906 0.0316813 0.0299061 0.0301375 0.0354711 0.0270933 0.0334215 0.0271066 0.0280954 0.0315678 0.0326272 0.0329966 0.0341071 0.0296754 0.0317695 0.0291855 0.0283279 0.0356992 0.0332564 0.0362235 0.0294615 
pop2.indv20 0.0286826 0.0338136 0.0297096 0.0282959 0.0289473 0.0298654 0.0277383 0.0321946 0.0291137 0.0347498 0.0302239 0.0309015 0.0333329 0.0336254 0.0292147 0.0332918 0.0343206 0.0283131 0.0382258 0.0314844 0.0276371 0.0322101 0.0354951 0.0371762 0.0273215 0.0320960 0.0290715 0.0295129 0.0292648 0.0267157 0.0265302 0.0245178 0.0296449 0.0316311 0.0277251 0.0317472 0.0304706 0.0302283 0.0258264 0.0289992 0.0300107 0.0307446 0.0268053 0.0324739 0.0000000 0.0282509 0.0283390 0.0279709 0.0295842 0.0284134 0.0310772 0.0310530 0.0318709 0.0262192 0.0284957 0.0325364 0.0257228 0.0270963 0.0336510 0.0309848 0.0335181 0.0282452 0.0274983 0.0299339 0.0355420 0.0257716 0.0332888 0.0359479 0.0289762 0.0309928 0.0299694 0.0293382 0.0274874 0.0316061 0.0345464 
pop2.indv21 0.0300994 0.0290607 0.0277503 0.0292079 0.0284951 0.0299831 0.0264265 0.0333676 0.0299604 0.0367976 0.0299007 0.0353495 0.0326164 0.0315734 0.0308378 0.0260212 0.0343262 0.0251371 0.0308001 0.0257343 0.0278090 0.0302190 0.0327855 0.0324459 0.0299716 0.0303094 0.0312371 0.0237817 0.0282000 0.0254319 0.0295485 0.0311519 0.0312141 0.0289554 0.0254824 0.0291113 0.0323072 0.0276917 0.0266261 0.0276750 0.0259901 0.0302968 0.0304911 0.0283876 0.0282509 0.0000000 0.0302325 0.0335241 0.0293535 0.0296560 0.0308968 0.0314609 0.0307687 0.0281820 0.0253886 0.0313612 0.0246873 0.0328306 0.0335734 0.0337849 0.0335997 0.0308939 0.0281059 0.0307793 0.0266400 0.0318232 0.0320397 0.0283685 0.0314466 0.0259675 0.0282038 0.0302311 0.0295953 0.0300132 0.0357903 
pop2.indv22 0.0266347 0.0314455 0.0287705 0.0310276 0.0296823 0.0301680 0.0297096 0.0299923 0.0285517 0.0285466 0.0301309 0.0306224 0.0303676 0.0323536 0.0308682 0.0284606 0.0317000 0.0264409 0.0324739 0.0296097 0.0307825 0.0316508 0.0317763 0.0348672 0.0270803 0.0284824 0.0247400 0.0291048 0.0293364 0.0288058 0.0290537 0.0280990 0.0314941 0.0257325 0.0293140 0.0350622 0.0257637 0.0273798 0.0293814 0.0275951 0.0263687 0.0302839 0.0284868 0.0298746 0.0283390 0.0302325 0.0000000 0.0282014 0.0259358 0.0337926 0.0290424 0.0313855 0.0340153 0.0287036 0.0291782 0.0325105 0.0246043 0.0270549 0.0275169 0.0353257 0.0329390 0.0286060 0.0296402 0.0298985 0.0330441 0.0290403 0.0290331 0.0331366 0.0310948 0.0254368 0.0281504 0.0349963 0.0292053 0.0337313 0.0277603 
pop2.indv23 0.0339807 0.0302931 0.0324857 0.0296460 0.0277838 0.0311330 0.0270639 0.0308284 0.0292167 0.0323665 0.0287617 0.0333165 0.0383519 0.0324739 0.0294990 0.0345546 0.0341392 0.0259834 0.0293724 0.0336150 0.0310180 0.0324237 0.0333063 0.0335091 0.0276455 0.0285724 0.0322541 0.0319980 0.0282873 0.0329383 0.0271647 0.0284048 0.0302333 0.0311759 0.0315542 0.0313514 0.0285604 0.0286475 0.0272470 0.0303797 0.0302560 0.0315825 0.0309609 0.0269653 0.0279709 0.0335241 0.0282014 0.0000000 0.0279468 0.0281330 0.0318527 0.0345556 0.0347169 0.0305154 0.0289526 0.0324204 0.0357439 0.0277730 0.0391867 0.0320522 0.0287395 0.0328433 0.0305154 0.0295933 0.0325493 0.0325647 0.0286247 0.0321212 0.0296531 0.0284359 0.0304558 0.0353912 0.0294768 0.0395181 0.0325217 
pop2.indv24 0.0290960 0.0314954 0.0248050 0.0280820 0.0309015 0.0332609 0.0301504 0.0321599 0.0300686 0.0353279 0.0319819 0.0292745 0.0335036 0.0335425 0.0274617 0.0283533 0.0349653 0.0310428 0.0291225 0.0305097 0.0304911 0.0342731 0.0320819 0.0319033 0.0305284 0.0265070 0.0277838 0.0306689 0.0343951 0.0293762 0.0282594 0.0284951 0.0320214 0.0307615 0.0271419 0.0295574 0.0328269 0.0245032 0.0290519 0.0295040 0.0300263 0.0349971 0.0253039 0.0330300 0.0295842 0.0293535 0.0259358 0.0279468 0.0000000 0.0318055 0.0270034 0.0294725 0.0329128 0.0280297 0.0317415 0.0357049 0.0272842 0.0293711 0.0309362 0.0310289 0.0274105 0.0333258 0.0254595 0.0298515 0.0326920 0.0333738 0.0340260 0.0290988 0.0287731 0.0228937 0.0288411 0.0377680 0.0301782 0.0349128 0.0353343 
pop2.indv25 0.0273631 0.0300107 0.0275867 0.0320016 0.0326159 0.0294265 0.0287001 0.0388532 0.0297461 0.0370760 0.0314358 0.0286760 0.0328471 0.0329993 0.0283131 0.0338031 0.0334571 0.0289561 0.0297279 0.0343475 0.0283824 0.0277552 0.0298368 0.0344115 0.0289738 0.0298901 0.0283131 0.0266022 0.0308095 0.0340122 0.0291580 0.0271483 0.0304706 0.0315728 0.0301686 0.0314377 0.0333778 0.0272635 0.0295736 0.0302098 0.0326562 0.0308567 0.0303303 0.0263367 0.0284134 0.0296560 0.0337926 0.0281330 0.0318055 0.0000000 0.0233409 0.0305291 0.0331022 0.0250311 0.0242158 0.0403368 0.0297231 0.0298269 0.0382183 0.0304915 0.0322289 0.0313855 0.0261525 0.0326662 0.0294768 0.0290070 0.0348159 0.0278300 0.0288399 0.0274299 0.0331966 0.0322670 0.0284175 0.0354145 0.0249986 
pop3.indv1  0.0316435 0.0313087 0.0339432 0.0287395 0.0301427 0.0398483 0.0290988 0.0350926 0.0365805 0.0382268 0.0330006 0.0291519 0.0334520 0.0370183 0.0319561 0.0414564 0.0319561 0.0331643 0.0344688 0.0309484 0.0304439 0.0319183 0.0344607 0.0297228 0.0268790 0.0343932 0.0318775 0.0324765 0.0277475 0.0306235 0.0314833 0.0288967 0.0361946 0.0323727 0.0338242 0.0367253 0.0278549 0.0275382 0.0328970 0.0333468 0.0330526 0.0331384 0.0274849 0.0285949 0.0310772 0.0308968 0.0290424 0.0318527 0.0270034 0.0233409 0.0000000 0.0231967 0.0309354 0.0246379 0.0343786 0.0389798 0.0266170 0.0309615 0.0300990 0.0343786 0.0222107 0.0349717 0.0290709 0.0300803 0.0339948 0.0298753 0.0301200 0.0276971 0.0273593 0.0337220 0.0265130 0.0304485 0.0301655 0.0343007 0.0348468 
pop3.indv2  0.0317553 0.0347883 0.0254105 0.0321466 0.0322090 0.0315063 0.0273155 0.0318527 0.0341434 0.0337716 0.0307930 0.0348311 0.0387351 0.0366672 0.0273999 0.0320021 0.0371517 0.0311256 0.0339318 0.0371858 0.0338115 0.0321277 0.0338374 0.0312302 0.0329746 0.0335734 0.0328454 0.0264276 0.0345828 0.0307074 0.0307793 0.0267410 0.0325623 0.0348585 0.0295973 0.0343932 0.0332944 0.0287967 0.0304677 0.0356265 0.0317678 0.0355567 0.0296069 0.0318805 0.0310530 0.0314609 0.0313855 0.0345556 0.0294725 0.0305291 0.0231967 0.0000000 0.0290158 0.0261531 0.0317727 0.0342661 0.0305851 0.0297316 0.0329483 0.0295845 0.0239512 0.0258522 0.0243853 0.0292151 0.0326992 0.0314929 0.0307205 0.0281568 0.0374168 0.0247190 0.0304185 0.0322539 0.0285094 0.0297461 0.0284098 
