75
pop1.indv1  0.0000000 0.0275029 0.0260723 0.0318036 0.0264054 0.0287097 0.0298410 0.0310913 0.0256826 0.0314792 0.0255298 0.0305917 0.0300961 0.0283293 0.0274211 0.0295620 0.0297209 0.0253394 0.0248732 0.0275928 0.0269364 0.0315273 0.0297203 0.0268357 0.0255650 0.0318264 0.0282784 0.0275318 0.0290570 0.0301945 0.0297826 0.0281553 0.0307297 0.0273264 0.0284510 0.0279693 0.0323057 0.0267253 0.0287815 0.0305328 0.0263855 0.0306776 0.0297059 0.0300134 0.0282615 0.0299463 0.0269115 0.0344945 0.0290564 0.0284158 0.0299452 0.0317270 0.0300221 0.0282503 0.0280583 0.0332009 0.0286245 0.0283030 0.0388855 0.0316981 0.0314202 0.0359595 0.0292076 0.0296084 0.0331153 0.0310415 0.0322066 0.0280071 0.0313912 0.0337540 0.0315859 0.0349056 0.0311160 0.0310984 0.0308032 
pop1.indv2  0.0275029 0.0000000 0.0298761 0.0269807 0.0281496 0.0261659 0.0279130 0.0307746 0.0263686 0.0289741 0.0272978 0.0304879 0.0314231 0.0322984 0.0278237 0.0310775 0.0282964 0.0269632 0.0283046 0.0290990 0.0279505 0.0275863 0.0293875 0.0308534 0.0289316 0.0320206 0.0288278 0.0359357 0.0309745 0.0294109 0.0299560 0.0250810 0.0286549 0.0297490 0.0265628 0.0287812 0.0337757 0.0296177 0.0300253 0.0325346 0.0280100 0.0298873 0.0258799 0.0284624 0.0333893 0.0295895 0.0301235 0.0294055 0.0299881 0.0289759 0.0317564 0.0323369 0.0295978 0.0293290 0.0340814 0.0370356 0.0320521 0.0290609 0.0366114 0.0285966 0.0320711 0.0319208 0.0275784 0.0277566 0.0340492 0.0296523 0.0347327 0.0309743 0.0282439 0.0305202 0.0355088 0.0329886 0.0294170 0.0313748 0.0294354 
pop1.indv3  0.0260723 0.0298761 0.0000000 0.0260318 0.0278122 0.0276814 0.0256251 0.0284630 0.0250044 0.0274099 0.0216463 0.0293025 0.0272481 0.0300512 0.0273330 0.0282518 0.0261483 0.0270692 0.0267817 0.0278405 0.0293821 0.0294935 0.0249529 0.0292076 0.0272606 0.0281722 0.0298470 0.0331812 0.0306467 0.0291070 0.0295750 0.0224852 0.0315570 0.0317327 0.0305194 0.0320557 0.0350432 0.0216418 0.0277178 0.0278880 0.0319332 0.0297491 0.0271137 0.0259935 0.0281929 0.0273395 0.0287452 0.0329932 0.0244678 0.0286098 0.0307202 0.0280534 0.0285912 0.0258499 0.0303753 0.0346620 0.0223166 0.0305241 0.0364688 0.0323161 0.0251177 0.0329801 0.0230526 0.0323715 0.0298716 0.0323848 0.0298365 0.0288746 0.0275962 0.0298035 0.0318141 0.0321292 0.0287447 0.0307643 0.0288192 
pop1.indv4  0.0318036 0.0269807 0.0260318 0.0000000 0.0245493 0.0275308 0.0260472 0.0294268 0.0257480 0.0326975 0.0293264 0.0260734 0.0320728 0.0294447 0.0273297 0.0308184 0.0308608 0.0230532 0.0284493 0.0306206 0.0264895 0.0269491 0.0304849 0.0312567 0.0267649 0.0280485 0.0303480 0.0292113 0.0297464 0.0292049 0.0299641 0.0260050 0.0357050 0.0327123 0.0319639 0.0335060 0.0334133 0.0247059 0.0289740 0.0301106 0.0268109 0.0354125 0.0241171 0.0308293 0.0289330 0.0291625 0.0308818 0.0299806 0.0287645 0.0317839 0.0278428 0.0306409 0.0333890 0.0261757 0.0259903 0.0352958 0.0287099 0.0277246 0.0360419 0.0348974 0.0322032 0.0373385 0.0244887 0.0303580 0.0310838 0.0302644 0.0335277 0.0297572 0.0324473 0.0323222 0.0317225 0.0361536 0.0299578 0.0355063 0.0314712 
pop1.indv5  0.0264054 0.0281496 0.0278122 0.0245493 0.0000000 0.0283196 0.0282514 0.0265365 0.0264511 0.0301142 0.0264733 0.0305423 0.0341442 0.0299571 0.0315211 0.0303825 0.0293593 0.0232226 0.0331668 0.0250047 0.0292295 0.0274326 0.0287755 0.0294547 0.0283102 0.0343187 0.0320628 0.0268604 0.0282680 0.0281781 0.0266897 0.0249537 0.0315847 0.0315704 0.0314342 0.0332064 0.0311388 0.0287007 0.0255083 0.0306534 0.0273296 0.0324015 0.0281981 0.0267090 0.0272369 0.0287459 0.0291983 0.0287165 0.0308229 0.0319283 0.0306013 0.0311617 0.0288280 0.0280396 0.0308411 0.0365913 0.0279115 0.0290053 0.0333486 0.0329944 0.0327520 0.0322930 0.0278539 0.0301094 0.0357579 0.0319018 0.0291243 0.0348151 0.0328750 0.0262863 0.0289733 0.0321548 0.0309480 0.0264552 0.0308909 
pop1.indv6  0.0287097 0.0261659 0.0276814 0.0275308 0.0283196 0.0000000 0.0279751 0.0318506 0.0263893 0.0289671 0.0284653 0.0276482 0.0322183 0.0315000 0.0313343 0.0270931 0.0296435 0.0274960 0.0308511 0.0300492 0.0259636 0.0285807 0.0298354 0.0336950 0.0278065 0.0278316 0.0305005 0.0356505 0.0327875 0.0314275 0.0347156 0.0239388 0.0313961 0.0310992 0.0326598 0.0313704 0.0331778 0.0254137 0.0296027 0.0294406 0.0299408 0.0310212 0.0329205 0.0323090 0.0306574 0.0311448 0.0305945 0.0314356 0.0333779 0.0308348 0.0357568 0.0348523 0.0363403 0.0304171 0.0350607 0.0314099 0.0289115 0.0315913 0.0369536 0.0333551 0.0333221 0.0357115 0.0259136 0.0336298 0.0325356 0.0317979 0.0346322 0.0311206 0.0313752 0.0319024 0.0311998 0.0387419 0.0305177 0.0361089 0.0357372 
pop1.indv7  0.0298410 0.0279130 0.0256251 0.0260472 0.0282514 0.0279751 0.0000000 0.0280614 0.0265391 0.0288441 0.0260516 0.0286293 0.0318020 0.0329167 0.0276788 0.0270209 0.0373135 0.0230334 0.0292406 0.0286400 0.0294625 0.0267157 0.0293274 0.0298587 0.0291934 0.0265089 0.0280775 0.0282456 0.0286234 0.0256992 0.0285517 0.0234710 0.0332497 0.0278837 0.0282165 0.0286036 0.0314295 0.0275240 0.0310023 0.0279081 0.0296552 0.0289447 0.0253945 0.0248655 0.0257062 0.0273184 0.0303532 0.0292530 0.0288232 0.0313424 0.0270515 0.0299271 0.0251605 0.0272529 0.0261936 0.0319165 0.0238777 0.0261880 0.0340168 0.0334781 0.0311033 0.0318032 0.0233033 0.0335661 0.0308440 0.0285395 0.0313560 0.0297362 0.0297866 0.0280176 0.0327183 0.0368498 0.0270545 0.0333536 0.0298329 
pop1.indv8  0.0310913 0.0307746 0.0284630 0.0294268 0.0265365 0.0318506 0.0280614 0.0000000 0.0285028 0.0314034 0.0298215 0.0301227 0.0306826 0.0306300 0.0300381 0.0304107 0.0308064 0.0291076 0.0297804 0.0326142 0.0269059 0.0323104 0.0299925 0.0297502 0.0330009 0.0311291 0.0300768 0.0319121 0.0408910 0.0319889 0.0319020 0.0307012 0.0335503 0.0294775 0.0341319 0.0345421 0.0291851 0.0316953 0.0293868 0.0347993 0.0274198 0.0364026 0.0320437 0.0373305 0.0313789 0.0334727 0.0292198 0.0313155 0.0320565 0.0394733 0.0356388 0.0305422 0.0321036 0.0302403 0.0312584 0.0330546 0.0288201 0.0290878 0.0353196 0.0348580 0.0370961 0.0345330 0.0300234 0.0316051 0.0363728 0.0308193 0.0334128 0.0325624 0.0325728 0.0309999 0.0385164 0.0405896 0.0314064 0.0366889 0.0344162 
pop1.indv9  0.0256826 0.0263686 0.0250044 0.0257480 0.0264511 0.0263893 0.0265391 0.0285028 0.0000000 0.0303348 0.0311307 0.0278567 0.0293437 0.0271426 0.0300499 0.0301958 0.0336580 0.0284356 0.0278392 0.0261641 0.0240400 0.0309663 0.0291024 0.0338729 0.0247485 0.0270990 0.0287085 0.0285431 0.0282226 0.0322596 0.0317657 0.0256200 0.0301462 0.0282405 0.0300637 0.0304891 0.0287680 0.0295792 0.0303994 0.0287668 0.0294835 0.0335225 0.0331440 0.0318063 0.0280789 0.0292406 0.0287817 0.0309350 0.0309889 0.0305558 0.0333331 0.0352199 0.0354342 0.0258872 0.0333700 0.0371036 0.0265653 0.0320830 0.0357703 0.0319389 0.0373023 0.0354391 0.0298620 0.0292471 0.0345963 0.0304791 0.0326682 0.0324605 0.0360824 0.0281576 0.0341344 0.0382708 0.0326276 0.0323256 0.0336093 
pop1.indv10 0.0314792 0.0289741 0.0274099 0.0326975 0.0301142 0.0289671 0.0288441 0.0314034 0.0303348 0.0000000 0.0315329 0.0294115 0.0368092 0.0323717 0.0312780 0.0325559 0.0335093 0.0280920 0.0305989 0.0307707 0.0287416 0.0296565 0.0354921 0.0344832 0.0335339 0.0363649 0.0365901 0.0330721 0.0356826 0.0339377 0.0354872 0.0293158 0.0350734 0.0359370 0.0361783 0.0314355 0.0363184 0.0311362 0.0301481 0.0313831 0.0308864 0.0394567 0.0324627 0.0338655 0.0332400 0.0367084 0.0282610 0.0336692 0.0346107 0.0378572 0.0351794 0.0338505 0.0337402 0.0327113 0.0374997 0.0383121 0.0331222 0.0347606 0.0402285 0.0363386 0.0361201 0.0380260 0.0316631 0.0350623 0.0347995 0.0372542 0.0370104 0.0354353 0.0376404 0.0350059 0.0352382 0.0370180 0.0343807 0.0368299 0.0365331 
pop1.indv11 0.0255298 0.0272978 0.0216463 0.0293264 0.0264733 0.0284653 0.0260516 0.0298215 0.0311307 0.0315329 0.0000000 0.0253373 0.0309117 0.0310287 0.0278420 0.0321684 0.0303377 0.0267585 0.0315833 0.0291740 0.0239156 0.0304534 0.0304490 0.0305376 0.0262378 0.0263610 0.0328859 0.0281135 0.0287946 0.0260227 0.0318456 0.0238926 0.0327206 0.0328767 0.0304717 0.0269401 0.0340383 0.0253321 0.0310136 0.0287094 0.0267211 0.0307018 0.0255519 0.0305265 0.0289525 0.0284048 0.0301481 0.0292800 0.0314038 0.0297920 0.0338069 0.0276031 0.0306350 0.0266507 0.0302311 0.0343414 0.0262466 0.0292168 0.0366209 0.0318353 0.0295322 0.0333013 0.0288820 0.0350870 0.0325484 0.0294164 0.0323005 0.0275640 0.0315875 0.0294496 0.0329958 0.0336338 0.0329287 0.0302688 0.0339340 
pop1.indv12 0.0305917 0.0304879 0.0293025 0.0260734 0.0305423 0.0276482 0.0286293 0.0301227 0.0278567 0.0294115 0.0253373 0.0000000 0.0279587 0.0292552 0.0288187 0.0284023 0.0292017 0.0275904 0.0290689 0.0308430 0.0270854 0.0323418 0.0314093 0.0335849 0.0284699 0.0303419 0.0326512 0.0311499 0.0333509 0.0287837 0.0296843 0.0264467 0.0310802 0.0332602 0.0310668 0.0341166 0.0342203 0.0286120 0.0267165 0.0255836 0.0296382 0.0329587 0.0293357 0.0322265 0.0308908 0.0338597 0.0302865 0.0329185 0.0293828 0.0315685 0.0313717 0.0349601 0.0292300 0.0279908 0.0313733 0.0356885 0.0293949 0.0344655 0.0389204 0.0356499 0.0330911 0.0377721 0.0279886 0.0347600 0.0286508 0.0331232 0.0356732 0.0300237 0.0325069 0.0318812 0.0317161 0.0377523 0.0307826 0.0310360 0.0335606 
pop1.indv13 0.0300961 0.0314231 0.0272481 0.0320728 0.0341442 0.0322183 0.0318020 0.0306826 0.0293437 0.0368092 0.0309117 0.0279587 0.0000000 0.0301404 0.0348391 0.0374864 0.0391390 0.0342065 0.0336646 0.0303843 0.0281853 0.0358099 0.0313120 0.0330648 0.0304090 0.0314542 0.0381851 0.0333405 0.0352899 0.0333091 0.0306465 0.0314947 0.0357623 0.0347618 0.0345705 0.0359405 0.0368236 0.0328235 0.0298123 0.0341982 0.0310544 0.0378879 0.0367598 0.0341777 0.0340437 0.0331800 0.0305087 0.0387175 0.0339736 0.0335619 0.0344741 0.0374498 0.0385849 0.0322975 0.0371102 0.0311410 0.0325947 0.0336507 0.0382797 0.0317823 0.0339915 0.0383376 0.0303345 0.0384553 0.0362663 0.0381240 0.0351736 0.0332568 0.0348339 0.0336562 0.0366747 0.0406081 0.0381415 0.0360135 0.0386024 
pop1.indv14 0.0283293 0.0322984 0.0300512 0.0294447 0.0299571 0.0315000 0.0329167 0.0306300 0.0271426 0.0323717 0.0310287 0.0292552 0.0301404 0.0000000 0.0289017 0.0308865 0.0355675 0.0252361 0.0338026 0.0327264 0.0257558 0.0328283 0.0281800 0.0318489 0.0307487 0.0345445 0.0305932 0.0356236 0.0315931 0.0340422 0.0290085 0.0308825 0.0347228 0.0348482 0.0321054 0.0317372 0.0331939 0.0284862 0.0318546 0.0288773 0.0294563 0.0295781 0.0334523 0.0312496 0.0326369 0.0314134 0.0307098 0.0315841 0.0352710 0.0339681 0.0329303 0.0337328 0.0329488 0.0304554 0.0325389 0.0340577 0.0276905 0.0343377 0.0376284 0.0328192 0.0356571 0.0333088 0.0281968 0.0341944 0.0355207 0.0325779 0.0324501 0.0343993 0.0354706 0.0319570 0.0354992 0.0329178 0.0372845 0.0372153 0.0342685 
pop1.indv15 0.0274211 0.0278237 0.0273330 0.0273297 0.0315211 0.0313343 0.0276788 0.0300381 0.0300499 0.0312780 0.0278420 0.0288187 0.0348391 0.0289017 0.0000000 0.0305974 0.0297960 0.0294709 0.0274074 0.0302086 0.0302253 0.0266452 0.0246003 0.0340717 0.0287923 0.0293166 0.0326022 0.0292646 0.0330419 0.0311579 0.0275132 0.0276699 0.0303901 0.0316178 0.0271801 0.0331740 0.0330050 0.0281994 0.0348302 0.0290831 0.0317871 0.0350541 0.0237994 0.0322609 0.0293353 0.0315731 0.0319488 0.0300332 0.0280838 0.0281600 0.0310214 0.0294385 0.0307570 0.0281120 0.0272766 0.0318775 0.0303325 0.0279366 0.0429102 0.0298151 0.0280841 0.0350528 0.0279586 0.0340765 0.0341238 0.0317944 0.0355839 0.0294862 0.0286301 0.0316135 0.0328750 0.0336846 0.0326713 0.0307422 0.0366505 
pop1.indv16 0.0295620 0.0310775 0.0282518 0.0308184 0.0303825 0.0270931 0.0270209 0.0304107 0.0301958 0.0325559 0.0321684 0.0284023 0.0374864 0.0308865 0.0305974 0.0000000 0.0342046 0.0267052 0.0309874 0.0295281 0.0270411 0.0332536 0.0303927 0.0299377 0.0307911 0.0304954 0.0346319 0.0317750 0.0356396 0.0308618 0.0300176 0.0276212 0.0301479 0.0360119 0.0257700 0.0358866 0.0337316 0.0266903 0.0277582 0.0287087 0.0341343 0.0300141 0.0303258 0.0360993 0.0320898 0.0273432 0.0299909 0.0341418 0.0283565 0.0320899 0.0388655 0.0323414 0.0312928 0.0312425 0.0296991 0.0342195 0.0292633 0.0302427 0.0382546 0.0345313 0.0370526 0.0354733 0.0319898 0.0344147 0.0355727 0.0353156 0.0388181 0.0339666 0.0283426 0.0347233 0.0353158 0.0325756 0.0311675 0.0360521 0.0339047 
pop1.indv17 0.0297209 0.0282964 0.0261483 0.0308608 0.0293593 0.0296435 0.0373135 0.0308064 0.0336580 0.0335093 0.0303377 0.0292017 0.0391390 0.0355675 0.0297960 0.0342046 0.0000000 0.0287183 0.0355764 0.0297579 0.0300218 0.0296775 0.0361928 0.0345761 0.0300977 0.0330985 0.0338459 0.0384437 0.0376123 0.0340202 0.0284317 0.0287969 0.0313923 0.0385999 0.0314735 0.0357587 0.0344149 0.0305697 0.0292312 0.0356655 0.0321499 0.0312158 0.0341463 0.0338702 0.0352276 0.0343514 0.0326597 0.0352211 0.0346670 0.0350806 0.0328088 0.0368521 0.0391780 0.0313464 0.0359789 0.0336824 0.0297938 0.0315286 0.0380502 0.0360455 0.0386294 0.0378824 0.0281441 0.0340953 0.0378907 0.0343588 0.0367065 0.0314079 0.0338502 0.0280716 0.0350081 0.0386928 0.0342785 0.0338465 0.0376945 
pop1.indv18 0.0253394 0.0269632 0.0270692 0.0230532 0.0232226 0.0274960 0.0230334 0.0291076 0.0284356 0.0280920 0.0267585 0.0275904 0.0342065 0.0252361 0.0294709 0.0267052 0.0287183 0.0000000 0.0274859 0.0245631 0.0232848 0.0250084 0.0249959 0.0301235 0.0252794 0.0272186 0.0297290 0.0294084 0.0280084 0.0296094 0.0272973 0.0266335 0.0316840 0.0295867 0.0288802 0.0292674 0.0295631 0.0249533 0.0304841 0.0267636 0.0237178 0.0292964 0.0302967 0.0278648 0.0282858 0.0264412 0.0276439 0.0269520 0.0306095 0.0296941 0.0311535 0.0313731 0.0264929 0.0270776 0.0296635 0.0312084 0.0299917 0.0291259 0.0397142 0.0347365 0.0335116 0.0315258 0.0244975 0.0289951 0.0309738 0.0278078 0.0326298 0.0297430 0.0280910 0.0280349 0.0280809 0.0345785 0.0323407 0.0362668 0.0294848 
pop1.indv19 0.0248732 0.0283046 0.0267817 0.0284493 0.0331668 0.0308511 0.0292406 0.0297804 0.0278392 0.0305989 0.0315833 0.0290689 0.0336646 0.0338026 0.0274074 0.0309874 0.0355764 0.0274859 0.0000000 0.0297679 0.0280359 0.0297483 0.0302058 0.0333544 0.0291062 0.0302685 0.0314828 0.0337034 0.0325118 0.0319787 0.0324326 0.0273602 0.0305042 0.0306981 0.0290931 0.0321514 0.0340581 0.0267074 0.0320730 0.0308972 0.0331061 0.0347948 0.0334725 0.0286861 0.0360845 0.0304439 0.0315741 0.0303060 0.0294081 0.0301422 0.0324520 0.0323990 0.0292050 0.0299828 0.0327610 0.0356094 0.0321840 0.0335736 0.0388886 0.0326791 0.0329111 0.0328424 0.0266905 0.0347327 0.0298158 0.0340014 0.0366383 0.0285380 0.0319651 0.0358986 0.0347043 0.0373385 0.0330729 0.0370285 0.0361632 
pop1.indv20 0.0275928 0.0290990 0.0278405 0.0306206 0.0250047 0.0300492 0.0286400 0.0326142 0.0261641 0.0307707 0.0291740 0.0308430 0.0303843 0.0327264 0.0302086 0.0295281 0.0297579 0.0245631 0.0297679 0.0000000 0.0279412 0.0285126 0.0303587 0.0346249 0.0302383 0.0301358 0.0298861 0.0360003 0.0345500 0.0276158 0.0268012 0.0275994 0.0357630 0.0317935 0.0317662 0.0325215 0.0365471 0.0296223 0.0277984 0.0341216 0.0284617 0.0286463 0.0330569 0.0329941 0.0302353 0.0266347 0.0300256 0.0333452 0.0309770 0.0345874 0.0325109 0.0390784 0.0319123 0.0285343 0.0298706 0.0327302 0.0294167 0.0303037 0.0359900 0.0323798 0.0304698 0.0322980 0.0335720 0.0322827 0.0312407 0.0303680 0.0340906 0.0331892 0.0317471 0.0293922 0.0300379 0.0413150 0.0320909 0.0345027 0.0330335 
pop1.indv21 0.0269364 0.0279505 0.0293821 0.0264895 0.0292295 0.0259636 0.0294625 0.0269059 0.0240400 0.0287416 0.0239156 0.0270854 0.0281853 0.0257558 0.0302253 0.0270411 0.0300218 0.0232848 0.0280359 0.0279412 0.0000000 0.0267790 0.0293887 0.0299472 0.0292600 0.0267488 0.0308746 0.0317792 0.0347834 0.0330336 0.0295502 0.0278250 0.0307310 0.0290889 0.0302675 0.0279552 0.0312675 0.0253170 0.0268867 0.0286831 0.0248803 0.0327461 0.0269491 0.0279075 0.0262726 0.0280364 0.0301749 0.0318197 0.0309903 0.0307104 0.0315382 0.0348959 0.0325840 0.0256805 0.0325078 0.0357751 0.0292703 0.0326798 0.0351634 0.0322873 0.0338417 0.0358503 0.0275342 0.0323377 0.0326780 0.0260724 0.0326187 0.0292821 0.0309198 0.0292952 0.0316362 0.0327611 0.0304075 0.0331386 0.0310068 
pop1.indv22 0.0315273 0.0275863 0.0294935 0.0269491 0.0274326 0.0285807 0.0267157 0.0323104 0.0309663 0.0296565 0.0304534 0.0323418 0.0358099 0.0328283 0.0266452 0.0332536 0.0296775 0.0250084 0.0297483 0.0285126 0.0267790 0.0000000 0.0279208 0.0319156 0.0300780 0.0314615 0.0309213 0.0305213 0.0343816 0.0276587 0.0297082 0.0243202 0.0347725 0.0328955 0.0306546 0.0290412 0.0301282 0.0270652 0.0289072 0.0293576 0.0316499 0.0319289 0.0323788 0.0281908 0.0313303 0.0285129 0.0305499 0.0325456 0.0336515 0.0285731 0.0308790 0.0327012 0.0320068 0.0273766 0.0300921 0.0312490 0.0271421 0.0325358 0.0381466 0.0350369 0.0301922 0.0324736 0.0260690 0.0316534 0.0345298 0.0333678 0.0357631 0.0310626 0.0335437 0.0299987 0.0291444 0.0372423 0.0354052 0.0366847 0.0348289 
pop1.indv23 0.0297203 0.0293875 0.0249529 0.0304849 0.0287755 0.0298354 0.0293274 0.0299925 0.0291024 0.0354921 0.0304490 0.0314093 0.0313120 0.0281800 0.0246003 0.0303927 0.0361928 0.0249959 0.0302058 0.0303587 0.0293887 0.0279208 0.0000000 0.0346495 0.0292055 0.0334602 0.0336613 0.0343452 0.0277271 0.0321350 0.0347322 0.0293576 0.0293611 0.0343704 0.0285289 0.0294925 0.0334950 0.0329851 0.0299542 0.0320399 0.0292923 0.0333524 0.0312486 0.0319303 0.0350058 0.0330976 0.0320396 0.0323403 0.0308691 0.0307364 0.0350374 0.0318316 0.0320912 0.0288311 0.0328610 0.0416032 0.0299186 0.0301266 0.0341978 0.0313658 0.0345435 0.0348799 0.0306728 0.0331569 0.0341266 0.0319794 0.0369974 0.0350732 0.0327244 0.0326473 0.0323581 0.0333542 0.0344616 0.0345634 0.0334053 
pop1.indv24 0.0268357 0.0308534 0.0292076 0.0312567 0.0294547 0.0336950 0.0298587 0.0297502 0.0338729 0.0344832 0.0305376 0.0335849 0.0330648 0.0318489 0.0340717 0.0299377 0.0345761 0.0301235 0.0333544 0.0346249 0.0299472 0.0319156 0.0346495 0.0000000 0.0312940 0.0333626 0.0346596 0.0322942 0.0324584 0.0294881 0.0330590 0.0282999 0.0335598 0.0357013 0.0319347 0.0337593 0.0317635 0.0319045 0.0336162 0.0297681 0.0327307 0.0353422 0.0334487 0.0305288 0.0363543 0.0322301 0.0348098 0.0365904 0.0307559 0.0365555 0.0322558 0.0333965 0.0343206 0.0305354 0.0300800 0.0348323 0.0315844 0.0350733 0.0375365 0.0353022 0.0311465 0.0385614 0.0337611 0.0324501 0.0357120 0.0355844 0.0313661 0.0343795 0.0310989 0.0315242 0.0327564 0.0358358 0.0336598 0.0364888 0.0317252 
pop1.indv25 0.0255650 0.0289316 0.0272606 0.0267649 0.0283102 0.0278065 0.0291934 0.0330009 0.0247485 0.0335339 0.0262378 0.0284699 0.0304090 0.0307487 0.0287923 0.0307911 0.0300977 0.0252794 0.0291062 0.0302383 0.0292600 0.0300780 0.0292055 0.0312940 0.0000000 0.0316612 0.0283349 0.0305405 0.0288791 0.0303615 0.0303234 0.0280828 0.0348058 0.0310121 0.0245856 0.0351997 0.0272373 0.0238021 0.0290701 0.0258840 0.0282844 0.0293965 0.0269667 0.0316772 0.0264083 0.0302724 0.0271015 0.0268345 0.0304607 0.0284184 0.0278856 0.0318277 0.0316889 0.0283849 0.0263290 0.0320253 0.0249475 0.0261125 0.0380245 0.0323749 0.0281022 0.0360030 0.0322288 0.0312542 0.0325626 0.0311586 0.0342818 0.0326965 0.0300292 0.0301276 0.0311469 0.0321221 0.0331575 0.0287552 0.0324003 
pop2.indv1  0.0318264 0.0320206 0.0281722 0.0280485 0.0343187 0.0278316 0.0265089 0.0311291 0.0270990 0.0363649 0.0263610 0.0303419 0.0314542 0.0345445 0.0293166 0.0304954 0.0330985 0.0272186 0.0302685 0.0301358 0.0267488 0.0314615 0.0334602 0.0333626 0.0316612 0.0000000 0.0327509 0.0299408 0.0291987 0.0318493 0.0260064 0.0281051 0.0312966 0.0330597 0.0315365 0.0295176 0.0326347 0.0279275 0.0267093 0.0269453 0.0260784 0.0277828 0.0285774 0.0370611 0.0316760 0.0311422 0.0282258 0.0286945 0.0266807 0.0289541 0.0348096 0.0325350 0.0356968 0.0304611 0.0305435 0.0315049 0.0288553 0.0297666 0.0316432 0.0363244 0.0360514 0.0332852 0.0257866 0.0313708 0.0335788 0.0301473 0.0345831 0.0321637 0.0329762 0.0313510 0.0338455 0.0342946 0.0343112 0.0354683 0.0348886 
pop2.indv2  0.0282784 0.0288278 0.0298470 0.0303480 0.0320628 0.0305005 0.0280775 0.0300768 0.0287085 0.0365901 0.0328859 0.0326512 0.0381851 0.0305932 0.0326022 0.0346319 0.0338459 0.0297290 0.0314828 0.0298861 0.0308746 0.0309213 0.0336613 0.0346596 0.0283349 0.0327509 0.0000000 0.0313437 0.0305198 0.0301562 0.0289860 0.0262785 0.0325003 0.0297834 0.0282833 0.0316183 0.0308953 0.0281653 0.0300269 0.0299317 0.0324430 0.0309510 0.0289132 0.0305465 0.0301799 0.0304994 0.0253077 0.0334646 0.0267419 0.0284667 0.0313678 0.0309742 0.0302689 0.0305277 0.0328286 0.0326042 0.0298814 0.0298537 0.0381300 0.0287149 0.0316710 0.0360261 0.0277987 0.0326329 0.0289852 0.0328922 0.0338745 0.0323843 0.0332983 0.0282333 0.0303902 0.0342835 0.0324025 0.0342378 0.0295198 
pop2.indv3  0.0275318 0.0359357 0.0331812 0.0292113 0.0268604 0.0356505 0.0282456 0.0319121 0.0285431 0.0330721 0.0281135 0.0311499 0.0333405 0.0356236 0.0292646 0.0317750 0.0384437 0.0294084 0.0337034 0.0360003 0.0317792 0.0305213 0.0343452 0.0322942 0.0305405 0.0299408 0.0313437 0.0000000 0.0291296 0.0284431 0.0254828 0.0253932 0.0348574 0.0308716 0.0308298 0.0264926 0.0320169 0.0262692 0.0308767 0.0267013 0.0274489 0.0352831 0.0288262 0.0324202 0.0299114 0.0242710 0.0303694 0.0334112 0.0324930 0.0265215 0.0306321 0.0288091 0.0311956 0.0315212 0.0337763 0.0307013 0.0287361 0.0335166 0.0335561 0.0304203 0.0279533 0.0344161 0.0301428 0.0333111 0.0336791 0.0294674 0.0340243 0.0286607 0.0306678 0.0284640 0.0333987 0.0333831 0.0285158 0.0364327 0.0333889 
pop2.indv4  0.0290570 0.0309745 0.0306467 0.0297464 0.0282680 0.0327875 0.0286234 0.0408910 0.0282226 0.0356826 0.0287946 0.0333509 0.0352899 0.0315931 0.0330419 0.0356396 0.0376123 0.0280084 0.0325118 0.0345500 0.0347834 0.0343816 0.0277271 0.0324584 0.0288791 0.0291987 0.0305198 0.0291296 0.0000000 0.0292981 0.0325383 0.0289805 0.0320593 0.0309478 0.0296031 0.0302882 0.0293726 0.0302050 0.0306724 0.0286106 0.0261621 0.0302784 0.0275446 0.0335990 0.0286005 0.0282868 0.0289659 0.0287634 0.0317263 0.0326351 0.0277220 0.0328786 0.0333774 0.0308359 0.0315044 0.0337788 0.0294960 0.0345809 0.0341785 0.0350566 0.0329305 0.0331875 0.0300902 0.0322658 0.0330437 0.0357875 0.0331036 0.0288101 0.0330797 0.0297214 0.0351244 0.0307057 0.0331895 0.0327813 0.0301835 
pop2.indv5  0.0301945 0.0294109 0.0291070 0.0292049 0.0281781 0.0314275 0.0256992 0.0319889 0.0322596 0.0339377 0.0260227 0.0287837 0.0333091 0.0340422 0.0311579 0.0308618 0.0340202 0.0296094 0.0319787 0.0276158 0.0330336 0.0276587 0.0321350 0.0294881 0.0303615 0.0318493 0.0301562 0.0284431 0.0292981 0.0000000 0.0277480 0.0240508 0.0281179 0.0333516 0.0274990 0.0321648 0.0294097 0.0273054 0.0282016 0.0274194 0.0256642 0.0361812 0.0254901 0.0294222 0.0271440 0.0271463 0.0287898 0.0337941 0.0295922 0.0360159 0.0302746 0.0324993 0.0269300 0.0280849 0.0265671 0.0322102 0.0275501 0.0297100 0.0310760 0.0295982 0.0278607 0.0365934 0.0242513 0.0271455 0.0346800 0.0293189 0.0349404 0.0321732 0.0337735 0.0324146 0.0303553 0.0333441 0.0339348 0.0316305 0.0362022 
pop2.indv6  0.0297826 0.0299560 0.0295750 0.0299641 0.0266897 0.0347156 0.0285517 0.0319020 0.0317657 0.0354872 0.0318456 0.0296843 0.0306465 0.0290085 0.0275132 0.0300176 0.0284317 0.0272973 0.0324326 0.0268012 0.0295502 0.0297082 0.0347322 0.0330590 0.0303234 0.0260064 0.0289860 0.0254828 0.0325383 0.0277480 0.0000000 0.0227908 0.0330425 0.0311117 0.0236117 0.0304714 0.0327560 0.0246701 0.0256335 0.0270643 0.0292861 0.0290499 0.0285071 0.0269930 0.0250167 0.0282607 0.0289770 0.0279361 0.0280898 0.0287318 0.0275602 0.0305366 0.0316448 0.0258670 0.0271226 0.0287065 0.0306157 0.0341403 0.0347000 0.0318800 0.0327809 0.0339785 0.0250746 0.0304940 0.0288023 0.0318338 0.0321593 0.0308195 0.0315611 0.0299725 0.0259120 0.0371120 0.0331413 0.0331862 0.0289711 
pop2.indv7  0.0281553 0.0250810 0.0224852 0.0260050 0.0249537 0.0239388 0.0234710 0.0307012 0.0256200 0.0293158 0.0238926 0.0264467 0.0314947 0.0308825 0.0276699 0.0276212 0.0287969 0.0266335 0.0273602 0.0275994 0.0278250 0.0243202 0.0293576 0.0282999 0.0280828 0.0281051 0.0262785 0.0253932 0.0289805 0.0240508 0.0227908 0.0000000 0.0262376 0.0262368 0.0241570 0.0255288 0.0253259 0.0229397 0.0195016 0.0261255 0.0247537 0.0245507 0.0257536 0.0278710 0.0223836 0.0286348 0.0258043 0.0275858 0.0257123 0.0273664 0.0246120 0.0260916 0.0237979 0.0248054 0.0263990 0.0280616 0.0247129 0.0259027 0.0320066 0.0317466 0.0249452 0.0261611 0.0220741 0.0227865 0.0234775 0.0267623 0.0279926 0.0251720 0.0225704 0.0238061 0.0293520 0.0302946 0.0235865 0.0246830 0.0270923 
pop2.indv8  0.0307297 0.0286549 0.0315570 0.0357050 0.0315847 0.0313961 0.0332497 0.0335503 0.0301462 0.0350734 0.0327206 0.0310802 0.0357623 0.0347228 0.0303901 0.0301479 0.0313923 0.0316840 0.0305042 0.0357630 0.0307310 0.0347725 0.0293611 0.0335598 0.0348058 0.0312966 0.0325003 0.0348574 0.0320593 0.0281179 0.0330425 0.0262376 0.0000000 0.0351824 0.0270735 0.0345807 0.0336331 0.0295756 0.0324156 0.0305130 0.0297023 0.0273763 0.0362665 0.0306050 0.0292554 0.0308954 0.0315555 0.0299391 0.0317441 0.0314576 0.0358700 0.0324913 0.0374506 0.0320171 0.0381344 0.0354476 0.0312020 0.0331699 0.0410902 0.0310898 0.0321891 0.0351438 0.0304502 0.0361055 0.0334760 0.0296651 0.0341481 0.0312001 0.0373899 0.0316234 0.0338476 0.0361150 0.0334316 0.0358423 0.0320751 
pop2.indv9  0.0273264 0.0297490 0.0317327 0.0327123 0.0315704 0.0310992 0.0278837 0.0294775 0.0282405 0.0359370 0.0328767 0.0332602 0.0347618 0.0348482 0.0316178 0.0360119 0.0385999 0.0295867 0.0306981 0.0317935 0.0290889 0.0328955 0.0343704 0.0357013 0.0310121 0.0330597 0.0297834 0.0308716 0.0309478 0.0333516 0.0311117 0.0262368 0.0351824 0.0000000 0.0261497 0.0337299 0.0302190 0.0272766 0.0317239 0.0297555 0.0300508 0.0314940 0.0280272 0.0345182 0.0311794 0.0300968 0.0262650 0.0328081 0.0314013 0.0326669 0.0317953 0.0322301 0.0358861 0.0288706 0.0362385 0.0383136 0.0293190 0.0304794 0.0366413 0.0321675 0.0318367 0.0373829 0.0242619 0.0350871 0.0379446 0.0310775 0.0325719 0.0307525 0.0320130 0.0280012 0.0309498 0.0413459 0.0319405 0.0301934 0.0329796 
pop2.indv10 0.0284510 0.0265628 0.0305194 0.0319639 0.0314342 0.0326598 0.0282165 0.0341319 0.0300637 0.0361783 0.0304717 0.0310668 0.0345705 0.0321054 0.0271801 0.0257700 0.0314735 0.0288802 0.0290931 0.0317662 0.0302675 0.0306546 0.0285289 0.0319347 0.0245856 0.0315365 0.0282833 0.0308298 0.0296031 0.0274990 0.0236117 0.0241570 0.0270735 0.0261497 0.0000000 0.0311572 0.0305885 0.0271013 0.0264877 0.0298522 0.0261265 0.0272198 0.0267561 0.0268026 0.0275727 0.0258355 0.0301868 0.0328219 0.0271071 0.0322219 0.0331067 0.0283559 0.0300329 0.0253761 0.0316437 0.0340336 0.0279613 0.0290794 0.0337623 0.0337628 0.0305217 0.0307839 0.0234218 0.0288565 0.0255521 0.0308701 0.0293448 0.0318479 0.0260556 0.0314390 0.0332623 0.0322389 0.0319138 0.0326192 0.0271969 
pop2.indv11 0.0279693 0.0287812 0.0320557 0.0335060 0.0332064 0.0313704 0.0286036 0.0345421 0.0304891 0.0314355 0.0269401 0.0341166 0.0359405 0.0317372 0.0331740 0.0358866 0.0357587 0.0292674 0.0321514 0.0325215 0.0279552 0.0290412 0.0294925 0.0337593 0.0351997 0.0295176 0.0316183 0.0264926 0.0302882 0.0321648 0.0304714 0.0255288 0.0345807 0.0337299 0.0311572 0.0000000 0.0328441 0.0294078 0.0292056 0.0279579 0.0271436 0.0323452 0.0337107 0.0236296 0.0307170 0.0280675 0.0363633 0.0320629 0.0298405 0.0332788 0.0344994 0.0346731 0.0322672 0.0343159 0.0301190 0.0381801 0.0268925 0.0327298 0.0353353 0.0335507 0.0345205 0.0338560 0.0310257 0.0338126 0.0345638 0.0313148 0.0324966 0.0330329 0.0317950 0.0286525 0.0331494 0.0386157 0.0330176 0.0367654 0.0351627 
pop2.indv12 0.0323057 0.0337757 0.0350432 0.0334133 0.0311388 0.0331778 0.0314295 0.0291851 0.0287680 0.0363184 0.0340383 0.0342203 0.0368236 0.0331939 0.0330050 0.0337316 0.0344149 0.0295631 0.0340581 0.0365471 0.0312675 0.0301282 0.0334950 0.0317635 0.0272373 0.0326347 0.0308953 0.0320169 0.0293726 0.0294097 0.0327560 0.0253259 0.0336331 0.0302190 0.0305885 0.0328441 0.0000000 0.0307612 0.0275244 0.0342506 0.0245663 0.0334605 0.0321180 0.0292792 0.0300316 0.0334858 0.0262838 0.0301850 0.0336333 0.0358983 0.0263642 0.0320787 0.0358256 0.0299047 0.0346740 0.0338991 0.0247739 0.0380227 0.0354645 0.0296873 0.0298881 0.0321284 0.0311601 0.0311119 0.0317459 0.0299526 0.0369640 0.0331657 0.0331921 0.0288558 0.0317454 0.0421086 0.0307490 0.0321138 0.0303676 
pop2.indv13 0.0267253 0.0296177 0.0216418 0.0247059 0.0287007 0.0254137 0.0275240 0.0316953 0.0295792 0.0311362 0.0253321 0.0286120 0.0328235 0.0284862 0.0281994 0.0266903 0.0305697 0.0249533 0.0267074 0.0296223 0.0253170 0.0270652 0.0329851 0.0319045 0.0238021 0.0279275 0.0281653 0.0262692 0.0302050 0.0273054 0.0246701 0.0229397 0.0295756 0.0272766 0.0271013 0.0294078 0.0307612 0.0000000 0.0234067 0.0251548 0.0257229 0.0306213 0.0285453 0.0280297 0.0291847 0.0252390 0.0270730 0.0284942 0.0233745 0.0272147 0.0252362 0.0298962 0.0301864 0.0247457 0.0314692 0.0277328 0.0283204 0.0283779 0.0337469 0.0281028 0.0259149 0.0314678 0.0247000 0.0328465 0.0317549 0.0295457 0.0312165 0.0253183 0.0283919 0.0320536 0.0307671 0.0331207 0.0290437 0.0277361 0.0276240 
pop2.indv14 0.0287815 0.0300253 0.0277178 0.0289740 0.0255083 0.0296027 0.0310023 0.0293868 0.0303994 0.0301481 0.0310136 0.0267165 0.0298123 0.0318546 0.0348302 0.0277582 0.0292312 0.0304841 0.0320730 0.0277984 0.0268867 0.0289072 0.0299542 0.0336162 0.0290701 0.0267093 0.0300269 0.0308767 0.0306724 0.0282016 0.0256335 0.0195016 0.0324156 0.0317239 0.0264877 0.0292056 0.0275244 0.0234067 0.0000000 0.0286136 0.0253204 0.0366924 0.0292701 0.0296176 0.0258325 0.0273918 0.0303707 0.0283409 0.0284275 0.0304650 0.0296574 0.0280624 0.0327222 0.0274002 0.0261222 0.0307712 0.0297149 0.0280255 0.0348351 0.0275102 0.0323059 0.0305193 0.0262890 0.0334648 0.0302421 0.0315397 0.0318551 0.0311325 0.0300016 0.0281635 0.0292434 0.0337524 0.0304486 0.0297024 0.0332991 
pop2.indv15 0.0305328 0.0325346 0.0278880 0.0301106 0.0306534 0.0294406 0.0279081 0.0347993 0.0287668 0.0313831 0.0287094 0.0255836 0.0341982 0.0288773 0.0290831 0.0287087 0.0356655 0.0267636 0.0308972 0.0341216 0.0286831 0.0293576 0.0320399 0.0297681 0.0258840 0.0269453 0.0299317 0.0267013 0.0286106 0.0274194 0.0270643 0.0261255 0.0305130 0.0297555 0.0298522 0.0279579 0.0342506 0.0251548 0.0286136 0.0000000 0.0266588 0.0285005 0.0319982 0.0234627 0.0274483 0.0267352 0.0252160 0.0308121 0.0275510 0.0323683 0.0319516 0.0307427 0.0302701 0.0240730 0.0303400 0.0335535 0.0282563 0.0307533 0.0353174 0.0305221 0.0300524 0.0320186 0.0259695 0.0320771 0.0286762 0.0293367 0.0276828 0.0289390 0.0290339 0.0307049 0.0327362 0.0319193 0.0291183 0.0327654 0.0336014 
pop2.indv16 0.0263855 0.0280100 0.0319332 0.0268109 0.0273296 0.0299408 0.0296552 0.0274198 0.0294835 0.0308864 0.0267211 0.0296382 0.0310544 0.0294563 0.0317871 0.0341343 0.0321499 0.0237178 0.0331061 0.0284617 0.0248803 0.0316499 0.0292923 0.0327307 0.0282844 0.0260784 0.0324430 0.0274489 0.0261621 0.0256642 0.0292861 0.0247537 0.0297023 0.0300508 0.0261265 0.0271436 0.0245663 0.0257229 0.0253204 0.0266588 0.0000000 0.0341578 0.0297241 0.0307898 0.0279801 0.0248302 0.0270281 0.0300035 0.0294960 0.0345096 0.0292744 0.0318352 0.0354450 0.0228828 0.0340901 0.0337435 0.0258796 0.0282516 0.0346080 0.0311186 0.0339343 0.0314534 0.0270318 0.0299079 0.0366388 0.0302036 0.0336589 0.0278321 0.0315243 0.0251666 0.0327204 0.0357722 0.0304615 0.0299411 0.0303204 
pop2.indv17 0.0306776 0.0298873 0.0297491 0.0354125 0.0324015 0.0310212 0.0289447 0.0364026 0.0335225 0.0394567 0.0307018 0.0329587 0.0378879 0.0295781 0.0350541 0.0300141 0.0312158 0.0292964 0.0347948 0.0286463 0.0327461 0.0319289 0.0333524 0.0353422 0.0293965 0.0277828 0.0309510 0.0352831 0.0302784 0.0361812 0.0290499 0.0245507 0.0273763 0.0314940 0.0272198 0.0323452 0.0334605 0.0306213 0.0366924 0.0285005 0.0341578 0.0000000 0.0322369 0.0298512 0.0301802 0.0308870 0.0308395 0.0324740 0.0336791 0.0320436 0.0318802 0.0346543 0.0309220 0.0288079 0.0331668 0.0419559 0.0294641 0.0319770 0.0341835 0.0332028 0.0368665 0.0336072 0.0296711 0.0321282 0.0282765 0.0345221 0.0316353 0.0321724 0.0365513 0.0334731 0.0335691 0.0352341 0.0291482 0.0367390 0.0352670 
pop2.indv18 0.0297059 0.0258799 0.0271137 0.0241171 0.0281981 0.0329205 0.0253945 0.0320437 0.0331440 0.0324627 0.0255519 0.0293357 0.0367598 0.0334523 0.0237994 0.0303258 0.0341463 0.0302967 0.0334725 0.0330569 0.0269491 0.0323788 0.0312486 0.0334487 0.0269667 0.0285774 0.0289132 0.0288262 0.0275446 0.0254901 0.0285071 0.0257536 0.0362665 0.0280272 0.0267561 0.0337107 0.0321180 0.0285453 0.0292701 0.0319982 0.0297241 0.0322369 0.0000000 0.0294090 0.0253550 0.0313428 0.0279520 0.0312811 0.0233528 0.0306793 0.0285392 0.0294796 0.0258956 0.0271172 0.0315392 0.0324752 0.0251707 0.0263632 0.0303150 0.0343372 0.0283652 0.0336195 0.0263043 0.0318855 0.0327237 0.0282891 0.0333842 0.0269785 0.0368529 0.0323542 0.0335681 0.0307561 0.0280229 0.0303845 0.0295888 
pop2.indv19 0.0300134 0.0284624 0.0259935 0.0308293 0.0267090 0.0323090 0.0248655 0.0373305 0.0318063 0.0338655 0.0305265 0.0322265 0.0341777 0.0312496 0.0322609 0.0360993 0.0338702 0.0278648 0.0286861 0.0329941 0.0279075 0.0281908 0.0319303 0.0305288 0.0316772 0.0370611 0.0305465 0.0324202 0.0335990 0.0294222 0.0269930 0.0278710 0.0306050 0.0345182 0.0268026 0.0236296 0.0292792 0.0280297 0.0296176 0.0234627 0.0307898 0.0298512 0.0294090 0.0000000 0.0334090 0.0284588 0.0301076 0.0300560 0.0333542 0.0263879 0.0285737 0.0332455 0.0293174 0.0293954 0.0316634 0.0286493 0.0288159 0.0303507 0.0356301 0.0294623 0.0327232 0.0281684 0.0273619 0.0308001 0.0324311 0.0324314 0.0344664 0.0289064 0.0330850 0.0281781 0.0302483 0.0352070 0.0350049 0.0321367 0.0300215 
pop2.indv20 0.0282615 0.0333893 0.0281929 0.0289330 0.0272369 0.0306574 0.0257062 0.0313789 0.0280789 0.0332400 0.0289525 0.0308908 0.0340437 0.0326369 0.0293353 0.0320898 0.0352276 0.0282858 0.0360845 0.0302353 0.0262726 0.0313303 0.0350058 0.0363543 0.0264083 0.0316760 0.0301799 0.0299114 0.0286005 0.0271440 0.0250167 0.0223836 0.0292554 0.0311794 0.0275727 0.0307170 0.0300316 0.0291847 0.0258325 0.0274483 0.0279801 0.0301802 0.0253550 0.0334090 0.0000000 0.0288656 0.0272594 0.0288827 0.0292764 0.0268455 0.0304561 0.0322047 0.0286860 0.0242214 0.0304484 0.0311274 0.0259527 0.0268160 0.0333932 0.0311710 0.0323443 0.0292734 0.0287090 0.0297017 0.0358766 0.0254850 0.0302259 0.0312201 0.0320310 0.0286313 0.0315979 0.0283287 0.0303037 0.0304321 0.0371949 
pop2.indv21 0.0299463 0.0295895 0.0273395 0.0291625 0.0287459 0.0311448 0.0273184 0.0334727 0.0292406 0.0367084 0.0284048 0.0338597 0.0331800 0.0314134 0.0315731 0.0273432 0.0343514 0.0264412 0.0304439 0.0266347 0.0280364 0.0285129 0.0330976 0.0322301 0.0302724 0.0311422 0.0304994 0.0242710 0.0282868 0.0271463 0.0282607 0.0286348 0.0308954 0.0300968 0.0258355 0.0280675 0.0334858 0.0252390 0.0273918 0.0267352 0.0248302 0.0308870 0.0313428 0.0284588 0.0288656 0.0000000 0.0304202 0.0338257 0.0290442 0.0294482 0.0297898 0.0324857 0.0300149 0.0285617 0.0290187 0.0296265 0.0235583 0.0320590 0.0336485 0.0329170 0.0343476 0.0338917 0.0286586 0.0289564 0.0283564 0.0309514 0.0324188 0.0297263 0.0316927 0.0289272 0.0296791 0.0327529 0.0290724 0.0309248 0.0348190 
pop2.indv22 0.0269115 0.0301235 0.0287452 0.0308818 0.0291983 0.0305945 0.0303532 0.0292198 0.0287817 0.0282610 0.0301481 0.0302865 0.0305087 0.0307098 0.0319488 0.0299909 0.0326597 0.0276439 0.0315741 0.0300256 0.0301749 0.0305499 0.0320396 0.0348098 0.0271015 0.0282258 0.0253077 0.0303694 0.0289659 0.0287898 0.0289770 0.0258043 0.0315555 0.0262650 0.0301868 0.0363633 0.0262838 0.0270730 0.0303707 0.0252160 0.0270281 0.0308395 0.0279520 0.0301076 0.0272594 0.0304202 0.0000000 0.0290509 0.0265193 0.0370640 0.0282519 0.0298924 0.0319231 0.0315804 0.0304081 0.0299950 0.0249144 0.0281212 0.0307083 0.0326399 0.0313224 0.0290856 0.0291130 0.0302424 0.0338422 0.0289799 0.0301989 0.0336314 0.0303844 0.0263248 0.0267266 0.0340962 0.0286861 0.0329215 0.0293301 
pop2.indv23 0.0344945 0.0294055 0.0329932 0.0299806 0.0287165 0.0314356 0.0292530 0.0313155 0.0309350 0.0336692 0.0292800 0.0329185 0.0387175 0.0315841 0.0300332 0.0341418 0.0352211 0.0269520 0.0303060 0.0333452 0.0318197 0.0325456 0.0323403 0.0365904 0.0268345 0.0286945 0.0334646 0.0334112 0.0287634 0.0337941 0.0279361 0.0275858 0.0299391 0.0328081 0.0328219 0.0320629 0.0301850 0.0284942 0.0283409 0.0308121 0.0300035 0.0324740 0.0312811 0.0300560 0.0288827 0.0338257 0.0290509 0.0000000 0.0286893 0.0292138 0.0304453 0.0323818 0.0302049 0.0311771 0.0303382 0.0339668 0.0320973 0.0273359 0.0411604 0.0301389 0.0300709 0.0316152 0.0319509 0.0310463 0.0368974 0.0336909 0.0298621 0.0313401 0.0319387 0.0313779 0.0333266 0.0333611 0.0309119 0.0343557 0.0332378 
pop2.indv24 0.0290564 0.0299881 0.0244678 0.0287645 0.0308229 0.0333779 0.0288232 0.0320565 0.0309889 0.0346107 0.0314038 0.0293828 0.0339736 0.0352710 0.0280838 0.0283565 0.0346670 0.0306095 0.0294081 0.0309770 0.0309903 0.0336515 0.0308691 0.0307559 0.0304607 0.0266807 0.0267419 0.0324930 0.0317263 0.0295922 0.0280898 0.0257123 0.0317441 0.0314013 0.0271071 0.0298405 0.0336333 0.0233745 0.0284275 0.0275510 0.0294960 0.0336791 0.0233528 0.0333542 0.0292764 0.0290442 0.0265193 0.0286893 0.0000000 0.0332434 0.0309637 0.0333169 0.0322836 0.0259013 0.0290560 0.0309463 0.0273615 0.0288959 0.0344778 0.0302090 0.0289262 0.0318340 0.0237816 0.0292126 0.0313539 0.0326952 0.0326980 0.0291063 0.0286069 0.0243050 0.0316055 0.0350102 0.0288569 0.0338694 0.0337054 
pop2.indv25 0.0284158 0.0289759 0.0286098 0.0317839 0.0319283 0.0308348 0.0313424 0.0394733 0.0305558 0.0378572 0.0297920 0.0315685 0.0335619 0.0339681 0.0281600 0.0320899 0.0350806 0.0296941 0.0301422 0.0345874 0.0307104 0.0285731 0.0307364 0.0365555 0.0284184 0.0289541 0.0284667 0.0265215 0.0326351 0.0360159 0.0287318 0.0273664 0.0314576 0.0326669 0.0322219 0.0332788 0.0358983 0.0272147 0.0304650 0.0323683 0.0345096 0.0320436 0.0306793 0.0263879 0.0268455 0.0294482 0.0370640 0.0292138 0.0332434 0.0000000 0.0244411 0.0317335 0.0314198 0.0285881 0.0292108 0.0356767 0.0308032 0.0283996 0.0371918 0.0271586 0.0325232 0.0338168 0.0267716 0.0308916 0.0291872 0.0311237 0.0342760 0.0276058 0.0317608 0.0283191 0.0334300 0.0343449 0.0318871 0.0318380 0.0291323 
pop3.indv1  0.0299452 0.0317564 0.0307202 0.0278428 0.0306013 0.0357568 0.0270515 0.0356388 0.0333331 0.0351794 0.0338069 0.0313717 0.0344741 0.0329303 0.0310214 0.0388655 0.0328088 0.0311535 0.0324520 0.0325109 0.0315382 0.0308790 0.0350374 0.0322558 0.0278856 0.0348096 0.0313678 0.0306321 0.0277220 0.0302746 0.0275602 0.0246120 0.0358700 0.0317953 0.0331067 0.0344994 0.0263642 0.0252362 0.0296574 0.0319516 0.0292744 0.0318802 0.0285392 0.0285737 0.0304561 0.0297898 0.0282519 0.0304453 0.0309637 0.0244411 0.0000000 0.0272811 0.0273850 0.0247582 0.0323794 0.0334912 0.0264207 0.0319929 0.0303806 0.0303672 0.0264416 0.0309918 0.0257620 0.0282047 0.0311611 0.0300013 0.0312839 0.0255075 0.0284132 0.0292583 0.0302488 0.0314365 0.0286567 0.0291359 0.0312618 
pop3.indv2  0.0317270 0.0323369 0.0280534 0.0306409 0.0311617 0.0348523 0.0299271 0.0305422 0.0352199 0.0338505 0.0276031 0.0349601 0.0374498 0.0337328 0.0294385 0.0323414 0.0368521 0.0313731 0.0323990 0.0390784 0.0348959 0.0327012 0.0318316 0.0333965 0.0318277 0.0325350 0.0309742 0.0288091 0.0328786 0.0324993 0.0305366 0.0260916 0.0324913 0.0322301 0.0283559 0.0346731 0.0320787 0.0298962 0.0280624 0.0307427 0.0318352 0.0346543 0.0294796 0.0332455 0.0322047 0.0324857 0.0298924 0.0323818 0.0333169 0.0317335 0.0272811 0.0000000 0.0280298 0.0254128 0.0312541 0.0332315 0.0291845 0.0301246 0.0321266 0.0271114 0.0275421 0.0281350 0.0259093 0.0318776 0.0322172 0.0282966 0.0337963 0.0296361 0.0342449 0.0276490 0.0302042 0.0332235 0.0271057 0.0298623 0.0287781 
