75
pop1.indv15 0.0000000 0.0553790 0.0601681 0.0132398 0.0246844 0.0331655 0.0342623 0.0325917 0.0454981 0.0370651 0.0295801 0.0296975 0.0363151 0.0341603 0.0189481 0.0323175 0.0380252 0.0370820 0.0346063 0.0364621 0.0332488 0.0409726 0.0269527 0.0279741 0.0311539 0.0473517 0.0310062 0.0372750 0.0335546 0.0139804 0.0408273 0.0396710 0.0401827 0.0424968 0.0397122 0.0287216 0.0311843 0.0294049 0.0421542 0.0368563 0.0347275 0.0411606 0.0351099 0.0272082 0.0419954 0.0216765 0.0432650 0.0406471 0.0272373 0.0296376 0.0528578 0.0336321 0.0348052 0.0511758 0.0475680 0.0263970 0.0404976 0.0258397 0.0339870 0.0330827 0.0584299 0.0252124 0.0345915 0.0388353 0.0340085 0.0367996 0.0362239 0.0426477 0.0399361 0.0284500 0.0384556 0.0364988 0.0255924 0.0421491 0.0415842 
pop1.indv4  0.0553790 0.0000000 0.0212162 0.0428874 0.0285671 0.0401048 0.0411654 0.0230554 0.0232467 0.0215839 0.0349803 0.0281913 0.0268192 0.0351675 0.0343162 0.0250698 0.0297595 0.0296059 0.0306423 0.0225812 0.0233064 0.0370671 0.0353763 0.0294972 0.0313940 0.0293335 0.0209201 0.0356359 0.0667257 0.0281643 0.0359634 0.0268063 0.0338380 0.0382715 0.0327445 0.0316255 0.0281472 0.0354710 0.0382703 0.0265530 0.0316600 0.0313940 0.0436063 0.0299638 0.0409170 0.0332280 0.0294662 0.0328472 0.0179554 0.0414051 0.0386421 0.0235499 0.0504961 0.0225489 0.0507822 0.0298687 0.0296682 0.0295178 0.0252680 0.0343976 0.0490321 0.0387046 0.0328925 0.0320315 0.0198899 0.0338552 0.0281166 0.0380077 0.0351319 0.0380477 0.0386845 0.0429121 0.0319978 0.0438193 0.0412104 
pop1.indv22 0.0601681 0.0212162 0.0000000 0.0344823 0.0625269 0.0438955 0.0325917 0.0396671 0.0305051 0.0310615 0.0259775 0.0401188 0.0460357 0.0429736 0.0377193 0.0401787 0.0452688 0.0357374 0.0308629 0.0318819 0.0305927 0.0287839 0.0257928 0.0377468 0.0318357 0.0448150 0.0236709 0.0200793 0.0461016 0.0194287 0.0303286 0.0302552 0.0353870 0.0302848 0.0268156 0.0279614 0.0465037 0.0306095 0.0267155 0.0302261 0.0261301 0.0424889 0.0461563 0.0339265 0.0333991 0.0292048 0.0287441 0.0394916 0.0298527 0.0277024 0.0735248 0.0138833 0.0410264 0.0254147 0.0391476 0.0302989 0.0414872 0.0291196 0.0465738 0.0293335 0.0529646 0.0464802 0.0342126 0.0274342 0.0309398 0.0341938 0.0485968 0.0416519 0.0245100 0.0365047 0.0353870 0.0415899 0.0401980 0.0509001 0.0352650 
pop1.indv14 0.0132398 0.0428874 0.0344823 0.0000000 0.0375116 0.0389326 0.0330365 0.0334514 0.0405392 0.0374325 0.0380864 0.0353712 0.0320760 0.0287803 0.0285935 0.0375299 0.0392094 0.0368550 0.0417829 0.0336179 0.0390788 0.0416035 0.0247824 0.0339690 0.0277263 0.0470503 0.0271412 0.0144869 0.0189377 0.0426839 0.0316930 0.0357556 0.0307325 0.0322720 0.0287795 0.0312145 0.0480331 0.0403310 0.0243056 0.0284886 0.0380078 0.0276706 0.0329149 0.0330871 0.0324045 0.0260899 0.0290737 0.0313786 0.0464249 0.0339524 0.0458466 0.0206821 0.0214668 0.0233663 0.0288376 0.0323873 0.0322224 0.0386186 0.0296041 0.0315614 0.0341652 0.0295733 0.0468258 0.0347399 0.0326745 0.0496698 0.0357760 0.0359249 0.0386397 0.0326251 0.0360364 0.0276819 0.0439230 0.0343409 0.0286782 
pop1.indv23 0.0246844 0.0285671 0.0625269 0.0375116 0.0000000 0.0153846 0.0274894 0.0210791 0.0327878 0.0354407 0.0228497 0.0310013 0.0260659 0.0311307 0.0228693 0.0275955 0.0293783 0.0282254 0.0277852 0.0283766 0.0246166 0.0199439 0.0294216 0.0404200 0.0274635 0.0957277 0.0483377 0.0218344 0.0220513 0.0057119 0.0213797 0.0316693 0.0266728 0.0333520 0.0322269 0.0355266 0.0231576 0.0368293 0.0332237 0.0286474 0.0318227 0.0365558 0.0271104 0.0231458 0.0374756 0.0242078 0.0340112 0.0327725 0.0332059 0.0295808 0.0340917 0.0344886 0.0302224 0.0218903 0.0277727 0.0252372 0.0274100 0.0262063 0.0259922 0.0241854 0.0355420 0.0343163 0.0343501 0.0340950 0.0228808 0.0304688 0.0285388 0.0277164 0.0237652 0.0226234 0.0350936 0.0400197 0.0266316 0.0407883 0.0256584 
pop1.indv1  0.0331655 0.0401048 0.0438955 0.0389326 0.0153846 0.0000000 0.0272815 0.0269283 0.0273016 0.0284373 0.0298734 0.0307601 0.0259922 0.0305698 0.0256774 0.0296375 0.0284439 0.0307013 0.0291164 0.0255808 0.0253927 0.0271569 0.0249314 0.0274328 0.0246235 0.0363047 0.0292540 0.0174408 0.0334689 0.0201913 0.0301270 0.0279525 0.0277752 0.0307867 0.0297595 0.0314977 0.0278999 0.0276871 0.0288540 0.0326455 0.0322829 0.0265731 0.0289931 0.0316706 0.0288580 0.0295664 0.0284898 0.0352124 0.0292879 0.0281771 0.0370110 0.0308766 0.0437002 0.0211820 0.0341269 0.0315426 0.0289903 0.0277013 0.0287869 0.0275124 0.0397170 0.0340596 0.0330838 0.0363393 0.0294866 0.0298755 0.0337121 0.0283500 0.0298141 0.0355138 0.0318615 0.0359368 0.0318742 0.0302919 0.0319465 
pop1.indv2  0.0342623 0.0411654 0.0325917 0.0330365 0.0274894 0.0272815 0.0000000 0.0283088 0.0259069 0.0266748 0.0283322 0.0310029 0.0243472 0.0282557 0.0264232 0.0286842 0.0322218 0.0308775 0.0271753 0.0257603 0.0287533 0.0288298 0.0252864 0.0317922 0.0275988 0.0441545 0.0291786 0.0245686 0.0308290 0.0214916 0.0316431 0.0378554 0.0301367 0.0285102 0.0253137 0.0290506 0.0288414 0.0268503 0.0301821 0.0334451 0.0336802 0.0280228 0.0297698 0.0266744 0.0268901 0.0281569 0.0314515 0.0298331 0.0277196 0.0275349 0.0413832 0.0358879 0.0410111 0.0298907 0.0382106 0.0330519 0.0295392 0.0278842 0.0329313 0.0309016 0.0362418 0.0294496 0.0333549 0.0304157 0.0278849 0.0280356 0.0337920 0.0284086 0.0276664 0.0316566 0.0354484 0.0339553 0.0301203 0.0292398 0.0287438 
pop1.indv3  0.0325917 0.0230554 0.0396671 0.0334514 0.0210791 0.0269283 0.0283088 0.0000000 0.0264311 0.0258419 0.0262903 0.0290117 0.0250076 0.0247255 0.0227804 0.0310846 0.0280707 0.0279732 0.0239906 0.0266534 0.0269157 0.0275871 0.0282599 0.0300807 0.0262717 0.0342170 0.0147125 0.0184556 0.0240152 0.0186520 0.0294978 0.0351219 0.0301273 0.0299386 0.0252217 0.0314401 0.0310614 0.0310872 0.0317706 0.0338240 0.0289204 0.0312534 0.0297631 0.0277557 0.0250722 0.0275841 0.0278256 0.0328264 0.0237557 0.0278012 0.0342898 0.0309543 0.0341456 0.0282658 0.0230125 0.0271578 0.0279246 0.0251500 0.0300873 0.0234644 0.0365240 0.0326707 0.0248203 0.0321291 0.0241003 0.0327349 0.0283624 0.0290058 0.0271667 0.0307217 0.0321778 0.0317695 0.0289003 0.0294147 0.0285018 
pop1.indv5  0.0454981 0.0232467 0.0305051 0.0405392 0.0327878 0.0273016 0.0259069 0.0264311 0.0000000 0.0287940 0.0299213 0.0263481 0.0259283 0.0291283 0.0268424 0.0304622 0.0323670 0.0300390 0.0289712 0.0229213 0.0315491 0.0225697 0.0261858 0.0305033 0.0274683 0.0381483 0.0265945 0.0230890 0.0323516 0.0266453 0.0336552 0.0259770 0.0295392 0.0267681 0.0260758 0.0330195 0.0313652 0.0298218 0.0344636 0.0302398 0.0301179 0.0273697 0.0313752 0.0287968 0.0255370 0.0295725 0.0292745 0.0287726 0.0286296 0.0321556 0.0237991 0.0291786 0.0344316 0.0271420 0.0272629 0.0318450 0.0294862 0.0275556 0.0314743 0.0283572 0.0340677 0.0325128 0.0337750 0.0326006 0.0278523 0.0275003 0.0333441 0.0354968 0.0322527 0.0266337 0.0295895 0.0328112 0.0321657 0.0250695 0.0315624 
pop1.indv6  0.0370651 0.0215839 0.0310615 0.0374325 0.0354407 0.0284373 0.0266748 0.0258419 0.0287940 0.0000000 0.0275011 0.0306828 0.0258139 0.0278224 0.0272993 0.0278643 0.0311636 0.0257529 0.0277470 0.0260374 0.0291847 0.0303546 0.0238836 0.0329953 0.0254902 0.0366913 0.0214943 0.0236125 0.0350485 0.0265002 0.0276975 0.0342368 0.0332517 0.0356128 0.0253065 0.0297941 0.0310660 0.0309543 0.0327058 0.0319399 0.0292086 0.0290813 0.0313404 0.0349183 0.0300240 0.0310963 0.0297477 0.0311232 0.0305334 0.0297225 0.0378393 0.0333171 0.0355355 0.0304384 0.0307582 0.0343369 0.0344602 0.0307400 0.0355763 0.0281631 0.0373769 0.0341446 0.0343200 0.0328951 0.0259660 0.0336948 0.0319409 0.0299190 0.0308346 0.0324934 0.0316100 0.0389767 0.0308551 0.0338218 0.0352055 
pop1.indv7  0.0295801 0.0349803 0.0259775 0.0380864 0.0228497 0.0298734 0.0283322 0.0262903 0.0299213 0.0275011 0.0000000 0.0286834 0.0278184 0.0285358 0.0273431 0.0307699 0.0300048 0.0296025 0.0379830 0.0237499 0.0293148 0.0291068 0.0302053 0.0301917 0.0290428 0.0435128 0.0274995 0.0244518 0.0301924 0.0244289 0.0278190 0.0288959 0.0281302 0.0289089 0.0248582 0.0335817 0.0276128 0.0277416 0.0289903 0.0311731 0.0279732 0.0294988 0.0294579 0.0266982 0.0222261 0.0252528 0.0272094 0.0282488 0.0297129 0.0303979 0.0335764 0.0259720 0.0265530 0.0255942 0.0273414 0.0294865 0.0253161 0.0283031 0.0273185 0.0242265 0.0360310 0.0344702 0.0311174 0.0317615 0.0238743 0.0339603 0.0314357 0.0292957 0.0285185 0.0290573 0.0323290 0.0366369 0.0279136 0.0315018 0.0302727 
pop1.indv8  0.0296975 0.0281913 0.0401188 0.0353712 0.0310013 0.0307601 0.0310029 0.0290117 0.0263481 0.0306828 0.0286834 0.0000000 0.0271356 0.0312913 0.0312325 0.0302658 0.0298931 0.0321464 0.0286591 0.0294275 0.0302073 0.0318142 0.0256484 0.0300066 0.0315319 0.0230182 0.0213648 0.0279455 0.0249293 0.0316238 0.0306136 0.0334151 0.0385001 0.0320070 0.0309959 0.0340511 0.0294024 0.0332527 0.0347187 0.0280492 0.0342521 0.0268015 0.0353892 0.0318848 0.0346587 0.0339076 0.0288593 0.0325201 0.0285039 0.0377503 0.0359428 0.0358496 0.0416277 0.0267090 0.0310759 0.0291837 0.0340086 0.0309998 0.0307157 0.0275432 0.0356779 0.0359789 0.0382880 0.0346867 0.0301771 0.0315247 0.0357115 0.0328411 0.0311374 0.0316993 0.0387604 0.0406729 0.0315685 0.0351052 0.0350874 
pop1.indv9  0.0363151 0.0268192 0.0460357 0.0320760 0.0260659 0.0259922 0.0243472 0.0250076 0.0259283 0.0258139 0.0278184 0.0271356 0.0000000 0.0286822 0.0313646 0.0262510 0.0291712 0.0308907 0.0322557 0.0279423 0.0278042 0.0255486 0.0212774 0.0339927 0.0235361 0.0390372 0.0146478 0.0184649 0.0221555 0.0320843 0.0251212 0.0284024 0.0285094 0.0317500 0.0261018 0.0315104 0.0277128 0.0297408 0.0306758 0.0301688 0.0282430 0.0298089 0.0314958 0.0320109 0.0295596 0.0280987 0.0277344 0.0293374 0.0288557 0.0292770 0.0287552 0.0347211 0.0371986 0.0389774 0.0350910 0.0342499 0.0339136 0.0239236 0.0315921 0.0248683 0.0334288 0.0328384 0.0376368 0.0332364 0.0294482 0.0293612 0.0336858 0.0322554 0.0341139 0.0290880 0.0338353 0.0389546 0.0319827 0.0292422 0.0328440 
pop1.indv10 0.0341603 0.0351675 0.0429736 0.0287803 0.0311307 0.0305698 0.0282557 0.0247255 0.0291283 0.0278224 0.0285358 0.0312913 0.0286822 0.0000000 0.0326524 0.0294238 0.0372056 0.0315821 0.0323821 0.0277552 0.0295007 0.0316621 0.0275495 0.0336902 0.0319667 0.0408382 0.0239432 0.0255221 0.0422828 0.0254373 0.0357537 0.0318553 0.0359656 0.0363136 0.0298671 0.0351844 0.0339186 0.0371255 0.0298021 0.0362128 0.0304127 0.0310445 0.0388440 0.0320414 0.0329910 0.0354857 0.0277578 0.0334224 0.0314267 0.0363221 0.0425303 0.0270462 0.0387943 0.0239540 0.0300945 0.0334636 0.0330926 0.0331699 0.0381015 0.0332100 0.0418050 0.0346221 0.0377345 0.0380194 0.0319431 0.0345444 0.0363399 0.0332443 0.0369870 0.0339192 0.0349098 0.0370426 0.0334186 0.0355366 0.0358147 
pop1.indv11 0.0189481 0.0343162 0.0377193 0.0285935 0.0228693 0.0256774 0.0264232 0.0227804 0.0268424 0.0272993 0.0273431 0.0312325 0.0313646 0.0326524 0.0000000 0.0273753 0.0310399 0.0339133 0.0315861 0.0260224 0.0329027 0.0313954 0.0230101 0.0318812 0.0277985 0.0514929 0.0211595 0.0233232 0.0400197 0.0292327 0.0277778 0.0286473 0.0303278 0.0334969 0.0263373 0.0335563 0.0347443 0.0301790 0.0290237 0.0335045 0.0286092 0.0273125 0.0310325 0.0262127 0.0302594 0.0293800 0.0316671 0.0285725 0.0304806 0.0302275 0.0312163 0.0303300 0.0461527 0.0368950 0.0401391 0.0289793 0.0318822 0.0266516 0.0294829 0.0273412 0.0385339 0.0342508 0.0316778 0.0322218 0.0301037 0.0344744 0.0318847 0.0275671 0.0325230 0.0307278 0.0338181 0.0354099 0.0353599 0.0303114 0.0333095 
pop1.indv12 0.0323175 0.0250698 0.0401787 0.0375299 0.0275955 0.0296375 0.0286842 0.0310846 0.0304622 0.0278643 0.0307699 0.0302658 0.0262510 0.0294238 0.0273753 0.0000000 0.0278057 0.0293685 0.0287351 0.0277890 0.0302628 0.0316732 0.0262960 0.0343258 0.0276237 0.0262654 0.0116562 0.0259530 0.0285785 0.0223438 0.0312105 0.0341547 0.0338253 0.0295450 0.0288092 0.0322111 0.0314188 0.0298694 0.0361400 0.0349209 0.0271618 0.0302305 0.0322909 0.0301007 0.0301249 0.0352044 0.0293932 0.0339724 0.0265205 0.0331366 0.0417335 0.0384128 0.0280156 0.0292704 0.0402184 0.0350864 0.0308846 0.0292831 0.0313765 0.0300046 0.0413702 0.0367045 0.0349740 0.0377801 0.0290007 0.0352601 0.0294897 0.0314548 0.0318790 0.0321461 0.0299315 0.0392129 0.0315177 0.0308063 0.0334682 
pop1.indv13 0.0380252 0.0297595 0.0452688 0.0392094 0.0293783 0.0284439 0.0322218 0.0280707 0.0323670 0.0311636 0.0300048 0.0298931 0.0291712 0.0372056 0.0310399 0.0278057 0.0000000 0.0362605 0.0378261 0.0318548 0.0345894 0.0309797 0.0264732 0.0338026 0.0301263 0.0332100 0.0215623 0.0277959 0.0448169 0.0347303 0.0294703 0.0347788 0.0358337 0.0315568 0.0319603 0.0361754 0.0345115 0.0325594 0.0372097 0.0367241 0.0333300 0.0311695 0.0371900 0.0366656 0.0329422 0.0339288 0.0300532 0.0380489 0.0335324 0.0328218 0.0329202 0.0306706 0.0492736 0.0346850 0.0340417 0.0367246 0.0393910 0.0305356 0.0338756 0.0323605 0.0387227 0.0295194 0.0336863 0.0356189 0.0318713 0.0381458 0.0358212 0.0297326 0.0331032 0.0312500 0.0351135 0.0387867 0.0357434 0.0345791 0.0384343 
pop1.indv16 0.0370820 0.0296059 0.0357374 0.0368550 0.0282254 0.0307013 0.0308775 0.0279732 0.0300390 0.0257529 0.0296025 0.0321464 0.0308907 0.0315821 0.0339133 0.0293685 0.0362605 0.0000000 0.0343153 0.0257058 0.0306739 0.0289085 0.0267967 0.0305906 0.0289197 0.0432324 0.0241969 0.0249531 0.0383574 0.0311220 0.0301768 0.0337987 0.0366331 0.0306497 0.0289418 0.0301935 0.0357427 0.0249606 0.0352725 0.0312235 0.0297695 0.0349092 0.0302985 0.0318955 0.0336330 0.0257591 0.0288915 0.0347484 0.0261776 0.0320698 0.0414646 0.0259582 0.0541143 0.0325066 0.0448160 0.0299246 0.0322767 0.0318636 0.0309241 0.0296195 0.0383348 0.0345933 0.0384785 0.0347696 0.0327342 0.0337126 0.0365851 0.0341760 0.0281449 0.0340080 0.0337304 0.0340000 0.0322456 0.0349958 0.0331961 
pop1.indv17 0.0346063 0.0306423 0.0308629 0.0417829 0.0277852 0.0291164 0.0271753 0.0239906 0.0289712 0.0277470 0.0379830 0.0286591 0.0322557 0.0323821 0.0315861 0.0287351 0.0378261 0.0343153 0.0000000 0.0290584 0.0352838 0.0279685 0.0295555 0.0355074 0.0291502 0.0331395 0.0286499 0.0236352 0.0388765 0.0356504 0.0318050 0.0385084 0.0360149 0.0279384 0.0280772 0.0317791 0.0368066 0.0278227 0.0363538 0.0326079 0.0342826 0.0315492 0.0288119 0.0335461 0.0329319 0.0339948 0.0313372 0.0350109 0.0330821 0.0334873 0.0325930 0.0318324 0.0343409 0.0304368 0.0464172 0.0363399 0.0399715 0.0298788 0.0360032 0.0277348 0.0382297 0.0378740 0.0395823 0.0374440 0.0274388 0.0341599 0.0364904 0.0301761 0.0333876 0.0283328 0.0358633 0.0373222 0.0325393 0.0324792 0.0383593 
pop1.indv18 0.0364621 0.0225812 0.0318819 0.0336179 0.0283766 0.0255808 0.0257603 0.0266534 0.0229213 0.0260374 0.0237499 0.0294275 0.0279423 0.0277552 0.0260224 0.0277890 0.0318548 0.0257058 0.0290584 0.0000000 0.0278575 0.0223635 0.0232752 0.0320794 0.0237466 0.0478599 0.0227284 0.0197914 0.0318173 0.0291049 0.0260856 0.0289779 0.0277576 0.0275637 0.0248679 0.0297510 0.0266421 0.0259649 0.0296663 0.0280000 0.0259364 0.0234589 0.0289078 0.0298984 0.0264007 0.0254802 0.0274392 0.0263011 0.0278911 0.0285760 0.0394903 0.0228201 0.0342156 0.0359057 0.0263583 0.0291651 0.0260829 0.0259066 0.0279929 0.0294272 0.0396623 0.0346606 0.0326881 0.0321101 0.0247356 0.0276396 0.0308121 0.0295677 0.0275261 0.0269643 0.0274362 0.0345820 0.0323453 0.0352311 0.0306006 
pop1.indv19 0.0332488 0.0233064 0.0305927 0.0390788 0.0246166 0.0253927 0.0287533 0.0269157 0.0315491 0.0291847 0.0293148 0.0302073 0.0278042 0.0295007 0.0329027 0.0302628 0.0345894 0.0306739 0.0352838 0.0278575 0.0000000 0.0283368 0.0276353 0.0344366 0.0279414 0.0473632 0.0265945 0.0389751 0.0268565 0.0336932 0.0283126 0.0336441 0.0316272 0.0323297 0.0277059 0.0302957 0.0292831 0.0293721 0.0317712 0.0325479 0.0294176 0.0311294 0.0320617 0.0333491 0.0272612 0.0309077 0.0309609 0.0317797 0.0274196 0.0277347 0.0447045 0.0329149 0.0441784 0.0296059 0.0353870 0.0332045 0.0283723 0.0292470 0.0316135 0.0324763 0.0388831 0.0344063 0.0337527 0.0328094 0.0264884 0.0343428 0.0291470 0.0299949 0.0306379 0.0352724 0.0349066 0.0379030 0.0325087 0.0359408 0.0366135 
pop1.indv20 0.0409726 0.0370671 0.0287839 0.0416035 0.0199439 0.0271569 0.0288298 0.0275871 0.0225697 0.0303546 0.0291068 0.0318142 0.0255486 0.0316621 0.0313954 0.0316732 0.0309797 0.0289085 0.0279685 0.0223635 0.0283368 0.0000000 0.0267351 0.0359146 0.0290336 0.0325224 0.0222460 0.0340763 0.0390788 0.0170044 0.0291434 0.0376886 0.0319578 0.0282206 0.0291748 0.0376205 0.0309270 0.0315707 0.0326874 0.0367988 0.0344561 0.0283242 0.0281526 0.0342220 0.0317204 0.0264957 0.0289639 0.0330860 0.0296030 0.0344224 0.0405809 0.0292704 0.0274867 0.0190806 0.0384371 0.0392812 0.0325451 0.0279755 0.0308911 0.0304519 0.0384259 0.0329705 0.0311529 0.0317281 0.0334590 0.0321773 0.0307797 0.0333511 0.0308033 0.0287508 0.0306014 0.0421087 0.0329596 0.0330405 0.0336558 
pop1.indv21 0.0269527 0.0353763 0.0257928 0.0247824 0.0294216 0.0249314 0.0252864 0.0282599 0.0261858 0.0238836 0.0302053 0.0256484 0.0212774 0.0275495 0.0230101 0.0262960 0.0264732 0.0267967 0.0295555 0.0232752 0.0276353 0.0267351 0.0000000 0.0291965 0.0281666 0.0300893 0.0072367 0.0247350 0.0387556 0.0248073 0.0269904 0.0332699 0.0321368 0.0286185 0.0268030 0.0288331 0.0278840 0.0282244 0.0276339 0.0290679 0.0287358 0.0248855 0.0305667 0.0263967 0.0250797 0.0276854 0.0290239 0.0297763 0.0281240 0.0296117 0.0255964 0.0293750 0.0350485 0.0356662 0.0264494 0.0338181 0.0328723 0.0249272 0.0324086 0.0279949 0.0348656 0.0316173 0.0332106 0.0343921 0.0269953 0.0311968 0.0328251 0.0277321 0.0306939 0.0291008 0.0306638 0.0321239 0.0297869 0.0302378 0.0301430 
pop1.indv24 0.0279741 0.0294972 0.0377468 0.0339690 0.0404200 0.0274328 0.0317922 0.0300807 0.0305033 0.0329953 0.0301917 0.0300066 0.0339927 0.0336902 0.0318812 0.0343258 0.0338026 0.0305906 0.0355074 0.0320794 0.0344366 0.0359146 0.0291965 0.0000000 0.0315889 0.0370454 0.0258671 0.0326539 0.0365939 0.0246399 0.0314742 0.0323695 0.0320694 0.0342750 0.0289779 0.0338387 0.0365566 0.0306019 0.0354378 0.0318580 0.0296191 0.0333083 0.0358301 0.0345670 0.0291377 0.0339213 0.0333907 0.0361704 0.0279289 0.0341365 0.0541317 0.0291493 0.0446728 0.0401266 0.0325600 0.0323534 0.0340737 0.0308172 0.0299717 0.0322254 0.0389719 0.0352061 0.0320286 0.0385167 0.0335284 0.0322423 0.0345029 0.0330262 0.0300870 0.0315688 0.0330507 0.0360670 0.0327819 0.0337776 0.0333607 
pop1.indv25 0.0311539 0.0313940 0.0318357 0.0277263 0.0274635 0.0246235 0.0275988 0.0262717 0.0274683 0.0254902 0.0290428 0.0315319 0.0235361 0.0319667 0.0277985 0.0276237 0.0301263 0.0289197 0.0291502 0.0237466 0.0279414 0.0290336 0.0281666 0.0315889 0.0000000 0.0389762 0.0181181 0.0202704 0.0323889 0.0299504 0.0296314 0.0313892 0.0283876 0.0291995 0.0269764 0.0360890 0.0278073 0.0226395 0.0342279 0.0269183 0.0269901 0.0288357 0.0279090 0.0256182 0.0285949 0.0288876 0.0254786 0.0267692 0.0290941 0.0281182 0.0338238 0.0181633 0.0304528 0.0279268 0.0291049 0.0293176 0.0319843 0.0277629 0.0255774 0.0229262 0.0370388 0.0332905 0.0278015 0.0342141 0.0320185 0.0310443 0.0293838 0.0292214 0.0293266 0.0305200 0.0303241 0.0318720 0.0331870 0.0264119 0.0322359 
pop2.indv14 0.0473517 0.0293335 0.0448150 0.0470503 0.0957277 0.0363047 0.0441545 0.0342170 0.0381483 0.0366913 0.0435128 0.0230182 0.0390372 0.0408382 0.0514929 0.0262654 0.0332100 0.0432324 0.0331395 0.0478599 0.0473632 0.0325224 0.0300893 0.0370454 0.0389762 0.0000000 0.0076900 0.0380670 0.0528578 0.0420832 0.0375688 0.0460062 0.0435825 0.0325412 0.0223338 0.0360185 0.0359441 0.0352996 0.0354892 0.0326745 0.0346677 0.0270852 0.0402049 0.0371872 0.0447444 0.0314760 0.0314621 0.0246049 0.0280593 0.0377870 0.1013248 0.0138151 0.0148088 0.0289089 0.0299954 0.0332115 0.0325412 0.0387034 0.0214943 0.0414489 0.0433717 0.0380682 0.0331066 0.0292236 0.0311491 0.0398412 0.0276706 0.0407099 0.0381483 0.0366713 0.0307031 0.0483445 0.0262390 0.0467754 0.0432558 
pop2.indv13 0.0310062 0.0209201 0.0236709 0.0271412 0.0483377 0.0292540 0.0291786 0.0147125 0.0265945 0.0214943 0.0274995 0.0213648 0.0146478 0.0239432 0.0211595 0.0116562 0.0215623 0.0241969 0.0286499 0.0227284 0.0265945 0.0222460 0.0072367 0.0258671 0.0181181 0.0076900 0.0000000 0.0068474 0.0226597 0.0060960 0.0292236 0.0195779 0.0212656 0.0194331 0.0244152 0.0217180 0.0206884 0.0245557 0.0258397 0.0257494 0.0313278 0.0227060 0.0253121 0.0150527 0.0287518 0.0239648 0.0195588 0.0194898 0.0173076 0.0182283 0.0665433 0.0131220 0.0070721 0.0316600 0.0457288 0.0177429 0.0264147 0.0149546 0.0338821 0.0278702 0.0457632 0.0200416 0.0291652 0.0360571 0.0247191 0.0311810 0.0263985 0.0131706 0.0283693 0.0294205 0.0263630 0.0244918 0.0265115 0.0239074 0.0242336 
pop2.indv20 0.0372750 0.0356359 0.0200793 0.0144869 0.0218344 0.0174408 0.0245686 0.0184556 0.0230890 0.0236125 0.0244518 0.0279455 0.0184649 0.0255221 0.0233232 0.0259530 0.0277959 0.0249531 0.0236352 0.0197914 0.0389751 0.0340763 0.0247350 0.0326539 0.0202704 0.0380670 0.0068474 0.0000000 0.0285671 0.0198601 0.0340763 0.0333506 0.0142991 0.0272254 0.0172826 0.0263314 0.0248183 0.0250284 0.0306962 0.0233470 0.0179969 0.0326235 0.0346420 0.0171432 0.0416703 0.0183865 0.0172914 0.0248309 0.0198475 0.0235760 0.0125456 0.0068775 0.0124952 0.0401082 0.0379858 0.0244854 0.0262046 0.0199708 0.0268827 0.0247116 0.0405014 0.0262279 0.0304151 0.0234842 0.0277288 0.0298146 0.0236108 0.0275276 0.0277007 0.0215719 0.0172738 0.0294927 0.0271594 0.0228906 0.0311828 
pop2.indv2  0.0335546 0.0667257 0.0461016 0.0189377 0.0220513 0.0334689 0.0308290 0.0240152 0.0323516 0.0350485 0.0301924 0.0249293 0.0221555 0.0422828 0.0400197 0.0285785 0.0448169 0.0383574 0.0388765 0.0318173 0.0268565 0.0390788 0.0387556 0.0365939 0.0323889 0.0528578 0.0226597 0.0285671 0.0000000 0.0304528 0.0308644 0.0286885 0.0350119 0.0293617 0.0404808 0.0267904 0.0265393 0.0341791 0.0300255 0.0333006 0.0284648 0.0302066 0.0275415 0.0300389 0.0438083 0.0331155 0.0315941 0.0332330 0.0301311 0.0221900 0.0450425 0.0434079 0.0593081 0.0363258 0.0194287 0.0283485 0.0468537 0.0301155 0.0310329 0.0262812 0.0320606 0.0306544 0.0257595 0.0288561 0.0312628 0.0369896 0.0264240 0.0325903 0.0427984 0.0303602 0.0383976 0.0255557 0.0343487 0.0333845 0.0253878 
pop2.indv5  0.0139804 0.0281643 0.0194287 0.0426839 0.0057119 0.0201913 0.0214916 0.0186520 0.0266453 0.0265002 0.0244289 0.0316238 0.0320843 0.0254373 0.0292327 0.0223438 0.0347303 0.0311220 0.0356504 0.0291049 0.0336932 0.0170044 0.0248073 0.0246399 0.0299504 0.0420832 0.0060960 0.0198601 0.0304528 0.0000000 0.0312613 0.0333845 0.0292196 0.0188590 0.0249165 0.0314489 0.0337088 0.0212658 0.0330998 0.0279186 0.0235309 0.0248563 0.0360430 0.0265410 0.0171677 0.0279758 0.0469277 0.0324008 0.0271087 0.0292756 0.0398412 0.0203519 0.0270772 0.0435143 0.0583146 0.0269510 0.0233129 0.0231442 0.0349768 0.0233044 0.0392708 0.0378337 0.0285505 0.0360245 0.0301908 0.0309855 0.0281255 0.0277288 0.0316402 0.0357908 0.0332330 0.0323575 0.0365558 0.0316372 0.0493744 
pop2.indv1  0.0408273 0.0359634 0.0303286 0.0316930 0.0213797 0.0301270 0.0316431 0.0294978 0.0336552 0.0276975 0.0278190 0.0306136 0.0251212 0.0357537 0.0277778 0.0312105 0.0294703 0.0301768 0.0318050 0.0260856 0.0283126 0.0291434 0.0269904 0.0314742 0.0296314 0.0375688 0.0292236 0.0340763 0.0308644 0.0312613 0.0000000 0.0300122 0.0293247 0.0254008 0.0285195 0.0312166 0.0316951 0.0305540 0.0293965 0.0312821 0.0252995 0.0271843 0.0291434 0.0288690 0.0352570 0.0316323 0.0288384 0.0286856 0.0243503 0.0282643 0.0356012 0.0254143 0.0505227 0.0289424 0.0343350 0.0336761 0.0368082 0.0305849 0.0306822 0.0289895 0.0327209 0.0359185 0.0368935 0.0320716 0.0265978 0.0307354 0.0334071 0.0313282 0.0326943 0.0326756 0.0340384 0.0359402 0.0354088 0.0361245 0.0347362 
pop2.indv3  0.0396710 0.0268063 0.0302552 0.0357556 0.0316693 0.0279525 0.0378554 0.0351219 0.0259770 0.0342368 0.0288959 0.0334151 0.0284024 0.0318553 0.0286473 0.0341547 0.0347788 0.0337987 0.0385084 0.0289779 0.0336441 0.0376886 0.0332699 0.0323695 0.0313892 0.0460062 0.0195779 0.0333506 0.0286885 0.0333845 0.0300122 0.0000000 0.0286932 0.0266838 0.0256928 0.0359747 0.0317847 0.0293386 0.0275548 0.0326110 0.0276826 0.0296414 0.0337227 0.0286960 0.0312830 0.0250243 0.0294275 0.0331134 0.0315793 0.0273184 0.0453870 0.0255942 0.0320913 0.0320760 0.0322403 0.0265346 0.0314285 0.0315156 0.0356009 0.0293987 0.0334437 0.0298452 0.0299846 0.0342317 0.0306078 0.0317421 0.0343676 0.0294211 0.0296905 0.0294952 0.0331279 0.0329771 0.0284452 0.0353367 0.0329632 
pop2.indv4  0.0401827 0.0338380 0.0353870 0.0307325 0.0266728 0.0277752 0.0301367 0.0301273 0.0295392 0.0332517 0.0281302 0.0385001 0.0285094 0.0359656 0.0303278 0.0338253 0.0358337 0.0366331 0.0360149 0.0277576 0.0316272 0.0319578 0.0321368 0.0320694 0.0283876 0.0435825 0.0212656 0.0142991 0.0350119 0.0292196 0.0293247 0.0286932 0.0000000 0.0327675 0.0280765 0.0323576 0.0298898 0.0294185 0.0301410 0.0291285 0.0296818 0.0271186 0.0297097 0.0292130 0.0309708 0.0276015 0.0290481 0.0265826 0.0334538 0.0330796 0.0407989 0.0255557 0.0330707 0.0410981 0.0290479 0.0324262 0.0336948 0.0290538 0.0284173 0.0276884 0.0354744 0.0373060 0.0328161 0.0305095 0.0312062 0.0323897 0.0313932 0.0282581 0.0328602 0.0309114 0.0370708 0.0305586 0.0348416 0.0307834 0.0292632 
pop2.indv6  0.0424968 0.0382715 0.0302848 0.0322720 0.0333520 0.0307867 0.0285102 0.0299386 0.0267681 0.0356128 0.0289089 0.0320070 0.0317500 0.0363136 0.0334969 0.0295450 0.0315568 0.0306497 0.0279384 0.0275637 0.0323297 0.0282206 0.0286185 0.0342750 0.0291995 0.0325412 0.0194331 0.0272254 0.0293617 0.0188590 0.0254008 0.0266838 0.0327675 0.0000000 0.0253335 0.0341734 0.0314523 0.0235697 0.0318123 0.0326914 0.0295445 0.0309953 0.0283973 0.0287757 0.0262171 0.0295256 0.0271186 0.0282766 0.0282349 0.0287473 0.0450641 0.0230678 0.0336580 0.0301773 0.0353500 0.0301831 0.0334477 0.0252508 0.0293835 0.0315699 0.0377171 0.0337376 0.0350122 0.0348389 0.0268701 0.0302631 0.0286932 0.0314986 0.0319469 0.0307504 0.0262528 0.0367568 0.0344783 0.0338856 0.0291132 
pop2.indv7  0.0397122 0.0327445 0.0268156 0.0287795 0.0322269 0.0297595 0.0253137 0.0252217 0.0260758 0.0253065 0.0248582 0.0309959 0.0261018 0.0298671 0.0263373 0.0288092 0.0319603 0.0289418 0.0280772 0.0248679 0.0277059 0.0291748 0.0268030 0.0289779 0.0269764 0.0223338 0.0244152 0.0172826 0.0404808 0.0249165 0.0285195 0.0256928 0.0280765 0.0253335 0.0000000 0.0271380 0.0265667 0.0252196 0.0263857 0.0265641 0.0293375 0.0257867 0.0265024 0.0266377 0.0266152 0.0294363 0.0262520 0.0283115 0.0259914 0.0269279 0.0370988 0.0206291 0.0273340 0.0212464 0.0253082 0.0275203 0.0221218 0.0243138 0.0253295 0.0269631 0.0331550 0.0328576 0.0275004 0.0267322 0.0230787 0.0234721 0.0250162 0.0241517 0.0228324 0.0251515 0.0310907 0.0304976 0.0243198 0.0248280 0.0278902 
pop2.indv8  0.0287216 0.0316255 0.0279614 0.0312145 0.0355266 0.0314977 0.0290506 0.0314401 0.0330195 0.0297941 0.0335817 0.0340511 0.0315104 0.0351844 0.0335563 0.0322111 0.0361754 0.0301935 0.0317791 0.0297510 0.0302957 0.0376205 0.0288331 0.0338387 0.0360890 0.0360185 0.0217180 0.0263314 0.0267904 0.0314489 0.0312166 0.0359747 0.0323576 0.0341734 0.0271380 0.0000000 0.0354366 0.0266319 0.0355731 0.0328324 0.0324146 0.0300974 0.0270351 0.0355411 0.0297513 0.0315861 0.0325164 0.0301524 0.0302428 0.0311200 0.0338909 0.0262937 0.0414255 0.0380876 0.0321621 0.0315155 0.0372491 0.0322208 0.0388089 0.0326109 0.0425385 0.0333084 0.0318742 0.0345268 0.0307765 0.0357279 0.0326072 0.0308507 0.0383265 0.0317590 0.0327382 0.0373078 0.0342036 0.0338215 0.0308290 
pop2.indv9  0.0311843 0.0281472 0.0465037 0.0480331 0.0231576 0.0278999 0.0288414 0.0310614 0.0313652 0.0310660 0.0276128 0.0294024 0.0277128 0.0339186 0.0347443 0.0314188 0.0345115 0.0357427 0.0368066 0.0266421 0.0292831 0.0309270 0.0278840 0.0365566 0.0278073 0.0359441 0.0206884 0.0248183 0.0265393 0.0337088 0.0316951 0.0317847 0.0298898 0.0314523 0.0265667 0.0354366 0.0000000 0.0261755 0.0330471 0.0290117 0.0287329 0.0294146 0.0294818 0.0291473 0.0301566 0.0291952 0.0243674 0.0307598 0.0277029 0.0288108 0.0351015 0.0260239 0.0305782 0.0315614 0.0272509 0.0318310 0.0348392 0.0269027 0.0364432 0.0262299 0.0362952 0.0316636 0.0313911 0.0370744 0.0235570 0.0313068 0.0349396 0.0289056 0.0321599 0.0269279 0.0290912 0.0419271 0.0308575 0.0280792 0.0335342 
pop2.indv10 0.0294049 0.0354710 0.0306095 0.0403310 0.0368293 0.0276871 0.0268503 0.0310872 0.0298218 0.0309543 0.0277416 0.0332527 0.0297408 0.0371255 0.0301790 0.0298694 0.0325594 0.0249606 0.0278227 0.0259649 0.0293721 0.0315707 0.0282244 0.0306019 0.0226395 0.0352996 0.0245557 0.0250284 0.0341791 0.0212658 0.0305540 0.0293386 0.0294185 0.0235697 0.0252196 0.0266319 0.0261755 0.0000000 0.0300521 0.0293009 0.0324150 0.0260276 0.0267613 0.0254674 0.0239127 0.0240358 0.0287800 0.0308205 0.0246231 0.0325500 0.0397534 0.0280027 0.0513091 0.0278668 0.0409185 0.0287915 0.0298726 0.0252611 0.0302641 0.0272373 0.0344394 0.0344790 0.0295078 0.0287086 0.0232601 0.0270470 0.0247534 0.0295099 0.0237052 0.0309763 0.0334157 0.0330547 0.0323627 0.0292472 0.0274643 
pop2.indv11 0.0421542 0.0382703 0.0267155 0.0243056 0.0332237 0.0288540 0.0301821 0.0317706 0.0344636 0.0327058 0.0289903 0.0347187 0.0306758 0.0298021 0.0290237 0.0361400 0.0372097 0.0352725 0.0363538 0.0296663 0.0317712 0.0326874 0.0276339 0.0354378 0.0342279 0.0354892 0.0258397 0.0306962 0.0300255 0.0330998 0.0293965 0.0275548 0.0301410 0.0318123 0.0263857 0.0355731 0.0330471 0.0300521 0.0000000 0.0325458 0.0286111 0.0266555 0.0313087 0.0336194 0.0228939 0.0302825 0.0357476 0.0322429 0.0293774 0.0340161 0.0342872 0.0297129 0.0335888 0.0270869 0.0274221 0.0345850 0.0327535 0.0353482 0.0299916 0.0259845 0.0365277 0.0330589 0.0361472 0.0343484 0.0306858 0.0323388 0.0363530 0.0308262 0.0316028 0.0306691 0.0342311 0.0371509 0.0344698 0.0357934 0.0362169 
pop2.indv12 0.0368563 0.0265530 0.0302261 0.0284886 0.0286474 0.0326455 0.0334451 0.0338240 0.0302398 0.0319399 0.0311731 0.0280492 0.0301688 0.0362128 0.0335045 0.0349209 0.0367241 0.0312235 0.0326079 0.0280000 0.0325479 0.0367988 0.0290679 0.0318580 0.0269183 0.0326745 0.0257494 0.0233470 0.0333006 0.0279186 0.0312821 0.0326110 0.0291285 0.0326914 0.0265641 0.0328324 0.0290117 0.0293009 0.0325458 0.0000000 0.0341105 0.0247291 0.0332656 0.0314067 0.0270607 0.0333304 0.0255136 0.0291068 0.0306497 0.0328189 0.0296411 0.0198972 0.0285935 0.0444123 0.0259513 0.0314426 0.0370459 0.0295252 0.0334691 0.0239260 0.0359191 0.0303603 0.0313197 0.0314495 0.0326527 0.0308572 0.0330474 0.0322973 0.0302914 0.0285869 0.0313966 0.0412232 0.0293547 0.0293464 0.0288238 
pop2.indv15 0.0347275 0.0316600 0.0261301 0.0380078 0.0318227 0.0322829 0.0336802 0.0289204 0.0301179 0.0292086 0.0279732 0.0342521 0.0282430 0.0304127 0.0286092 0.0271618 0.0333300 0.0297695 0.0342826 0.0259364 0.0294176 0.0344561 0.0287358 0.0296191 0.0269901 0.0346677 0.0313278 0.0179969 0.0284648 0.0235309 0.0252995 0.0276826 0.0296818 0.0295445 0.0293375 0.0324146 0.0287329 0.0324150 0.0286111 0.0341105 0.0000000 0.0282025 0.0275224 0.0326566 0.0246885 0.0269356 0.0252662 0.0319398 0.0276168 0.0334471 0.0351497 0.0258414 0.0270869 0.0442241 0.0411991 0.0305261 0.0306236 0.0258058 0.0290541 0.0274631 0.0361398 0.0332446 0.0293082 0.0310296 0.0257490 0.0303855 0.0275770 0.0294118 0.0281757 0.0314243 0.0323213 0.0319431 0.0292307 0.0305889 0.0341826 
pop2.indv16 0.0411606 0.0313940 0.0424889 0.0276706 0.0365558 0.0265731 0.0280228 0.0312534 0.0273697 0.0290813 0.0294988 0.0268015 0.0298089 0.0310445 0.0273125 0.0302305 0.0311695 0.0349092 0.0315492 0.0234589 0.0311294 0.0283242 0.0248855 0.0333083 0.0288357 0.0270852 0.0227060 0.0326235 0.0302066 0.0248563 0.0271843 0.0296414 0.0271186 0.0309953 0.0257867 0.0300974 0.0294146 0.0260276 0.0266555 0.0247291 0.0282025 0.0000000 0.0337513 0.0299665 0.0300298 0.0266254 0.0279260 0.0305906 0.0306587 0.0352601 0.0301676 0.0258397 0.0392623 0.0338821 0.0241151 0.0316367 0.0365143 0.0218828 0.0335018 0.0265400 0.0360191 0.0321877 0.0366531 0.0314001 0.0291718 0.0307622 0.0348757 0.0281411 0.0326494 0.0259555 0.0333050 0.0368844 0.0304700 0.0290393 0.0300929 
pop2.indv17 0.0351099 0.0436063 0.0461563 0.0329149 0.0271104 0.0289931 0.0297698 0.0297631 0.0313752 0.0313404 0.0294579 0.0353892 0.0314958 0.0388440 0.0310325 0.0322909 0.0371900 0.0302985 0.0288119 0.0289078 0.0320617 0.0281526 0.0305667 0.0358301 0.0279090 0.0402049 0.0253121 0.0346420 0.0275415 0.0360430 0.0291434 0.0337227 0.0297097 0.0283973 0.0265024 0.0270351 0.0294818 0.0267613 0.0313087 0.0332656 0.0275224 0.0337513 0.0000000 0.0336806 0.0288352 0.0300944 0.0289787 0.0327389 0.0332879 0.0293090 0.0406992 0.0327606 0.0283632 0.0313709 0.0409388 0.0341323 0.0305536 0.0302109 0.0319667 0.0282737 0.0342051 0.0303942 0.0377552 0.0314092 0.0284459 0.0314304 0.0277142 0.0315490 0.0357811 0.0320864 0.0319629 0.0342967 0.0283445 0.0347276 0.0349575 
pop2.indv18 0.0272082 0.0299638 0.0339265 0.0330871 0.0231458 0.0316706 0.0266744 0.0277557 0.0287968 0.0349183 0.0266982 0.0318848 0.0320109 0.0320414 0.0262127 0.0301007 0.0366656 0.0318955 0.0335461 0.0298984 0.0333491 0.0342220 0.0263967 0.0345670 0.0256182 0.0371872 0.0150527 0.0171432 0.0300389 0.0265410 0.0288690 0.0286960 0.0292130 0.0287757 0.0266377 0.0355411 0.0291473 0.0254674 0.0336194 0.0314067 0.0326566 0.0299665 0.0336806 0.0000000 0.0276377 0.0297724 0.0269075 0.0312472 0.0242948 0.0316401 0.0358571 0.0258910 0.0257494 0.0225489 0.0373051 0.0286735 0.0261026 0.0278135 0.0308644 0.0259717 0.0323777 0.0344664 0.0285829 0.0322739 0.0273943 0.0335663 0.0324536 0.0261922 0.0369624 0.0333984 0.0325518 0.0312903 0.0298377 0.0289431 0.0296440 
pop2.indv19 0.0419954 0.0409170 0.0333991 0.0324045 0.0374756 0.0288580 0.0268901 0.0250722 0.0255370 0.0300240 0.0222261 0.0346587 0.0295596 0.0329910 0.0302594 0.0301249 0.0329422 0.0336330 0.0329319 0.0264007 0.0272612 0.0317204 0.0250797 0.0291377 0.0285949 0.0447444 0.0287518 0.0416703 0.0438083 0.0171677 0.0352570 0.0312830 0.0309708 0.0262171 0.0266152 0.0297513 0.0301566 0.0239127 0.0228939 0.0270607 0.0246885 0.0300298 0.0288352 0.0276377 0.0000000 0.0269871 0.0289251 0.0276498 0.0319121 0.0240909 0.0268140 0.0166926 0.0464745 0.0205488 0.0325448 0.0299279 0.0271012 0.0289612 0.0284117 0.0273136 0.0330126 0.0278901 0.0334816 0.0285394 0.0270204 0.0289162 0.0304973 0.0276418 0.0294929 0.0267066 0.0294366 0.0308476 0.0342616 0.0284173 0.0281968 
pop2.indv21 0.0216765 0.0332280 0.0292048 0.0260899 0.0242078 0.0295664 0.0281569 0.0275841 0.0295725 0.0310963 0.0252528 0.0339076 0.0280987 0.0354857 0.0293800 0.0352044 0.0339288 0.0257591 0.0339948 0.0254802 0.0309077 0.0264957 0.0276854 0.0339213 0.0288876 0.0314760 0.0239648 0.0183865 0.0331155 0.0279758 0.0316323 0.0250243 0.0276015 0.0295256 0.0294363 0.0315861 0.0291952 0.0240358 0.0302825 0.0333304 0.0269356 0.0266254 0.0300944 0.0297724 0.0269871 0.0000000 0.0292295 0.0345153 0.0277059 0.0273300 0.0357705 0.0208442 0.0305928 0.0371606 0.0322551 0.0328972 0.0312898 0.0281888 0.0280553 0.0231240 0.0329148 0.0309968 0.0356385 0.0332912 0.0276994 0.0284255 0.0278858 0.0296912 0.0308293 0.0281522 0.0299886 0.0324902 0.0288171 0.0300459 0.0333794 
pop2.indv22 0.0432650 0.0294662 0.0287441 0.0290737 0.0340112 0.0284898 0.0314515 0.0278256 0.0292745 0.0297477 0.0272094 0.0288593 0.0277344 0.0277578 0.0316671 0.0293932 0.0300532 0.0288915 0.0313372 0.0274392 0.0309609 0.0289639 0.0290239 0.0333907 0.0254786 0.0314621 0.0195588 0.0172914 0.0315941 0.0469277 0.0288384 0.0294275 0.0290481 0.0271186 0.0262520 0.0325164 0.0243674 0.0287800 0.0357476 0.0255136 0.0252662 0.0279260 0.0289787 0.0269075 0.0289251 0.0292295 0.0000000 0.0300840 0.0240422 0.0381070 0.0332375 0.0200525 0.0314760 0.0308438 0.0323830 0.0301381 0.0331222 0.0324223 0.0307126 0.0252016 0.0307026 0.0320357 0.0335072 0.0287045 0.0288323 0.0291718 0.0310430 0.0326357 0.0288150 0.0247551 0.0269673 0.0341774 0.0287865 0.0331884 0.0291533 
pop2.indv23 0.0406471 0.0328472 0.0394916 0.0313786 0.0327725 0.0352124 0.0298331 0.0328264 0.0287726 0.0311232 0.0282488 0.0325201 0.0293374 0.0334224 0.0285725 0.0339724 0.0380489 0.0347484 0.0350109 0.0263011 0.0317797 0.0330860 0.0297763 0.0361704 0.0267692 0.0246049 0.0194898 0.0248309 0.0332330 0.0324008 0.0286856 0.0331134 0.0265826 0.0282766 0.0283115 0.0301524 0.0307598 0.0308205 0.0322429 0.0291068 0.0319398 0.0305906 0.0327389 0.0312472 0.0276498 0.0345153 0.0300840 0.0000000 0.0279529 0.0263097 0.0410778 0.0311810 0.0351715 0.0265138 0.0386653 0.0320804 0.0318142 0.0305946 0.0289701 0.0330616 0.0425783 0.0302951 0.0305383 0.0320904 0.0332757 0.0318958 0.0349994 0.0319261 0.0310842 0.0313727 0.0324015 0.0347586 0.0305818 0.0340270 0.0325394 
pop2.indv24 0.0272373 0.0179554 0.0298527 0.0464249 0.0332059 0.0292879 0.0277196 0.0237557 0.0286296 0.0305334 0.0297129 0.0285039 0.0288557 0.0314267 0.0304806 0.0265205 0.0335324 0.0261776 0.0330821 0.0278911 0.0274196 0.0296030 0.0281240 0.0279289 0.0290941 0.0280593 0.0173076 0.0198475 0.0301311 0.0271087 0.0243503 0.0315793 0.0334538 0.0282349 0.0259914 0.0302428 0.0277029 0.0246231 0.0293774 0.0306497 0.0276168 0.0306587 0.0332879 0.0242948 0.0319121 0.0277059 0.0240422 0.0279529 0.0000000 0.0337013 0.0359087 0.0259288 0.0386943 0.0189969 0.0353666 0.0302628 0.0289379 0.0242868 0.0273065 0.0266694 0.0319329 0.0295143 0.0286418 0.0301061 0.0227709 0.0269525 0.0312435 0.0286268 0.0265396 0.0255191 0.0299922 0.0354545 0.0269034 0.0323284 0.0355642 
pop2.indv25 0.0296376 0.0414051 0.0277024 0.0339524 0.0295808 0.0281771 0.0275349 0.0278012 0.0321556 0.0297225 0.0303979 0.0377503 0.0292770 0.0363221 0.0302275 0.0331366 0.0328218 0.0320698 0.0334873 0.0285760 0.0277347 0.0344224 0.0296117 0.0341365 0.0281182 0.0377870 0.0182283 0.0235760 0.0221900 0.0292756 0.0282643 0.0273184 0.0330796 0.0287473 0.0269279 0.0311200 0.0288108 0.0325500 0.0340161 0.0328189 0.0334471 0.0352601 0.0293090 0.0316401 0.0240909 0.0273300 0.0381070 0.0263097 0.0337013 0.0000000 0.0376186 0.0266635 0.0265649 0.0321744 0.0252125 0.0288481 0.0323875 0.0280886 0.0293797 0.0295768 0.0371585 0.0260863 0.0327801 0.0326428 0.0258058 0.0302788 0.0286065 0.0272136 0.0310988 0.0301127 0.0314168 0.0322316 0.0312695 0.0295117 0.0299755 
pop3.indv16 0.0528578 0.0386421 0.0735248 0.0458466 0.0340917 0.0370110 0.0413832 0.0342898 0.0237991 0.0378393 0.0335764 0.0359428 0.0287552 0.0425303 0.0312163 0.0417335 0.0329202 0.0414646 0.0325930 0.0394903 0.0447045 0.0405809 0.0255964 0.0541317 0.0338238 0.1013248 0.0665433 0.0125456 0.0450425 0.0398412 0.0356012 0.0453870 0.0407989 0.0450641 0.0370988 0.0338909 0.0351015 0.0397534 0.0342872 0.0296411 0.0351497 0.0301676 0.0406992 0.0358571 0.0268140 0.0357705 0.0332375 0.0410778 0.0359087 0.0376186 0.0000000 0.0306868 0.0567344 0.0546539 0.0414022 0.0289234 0.0308071 0.0300380 0.0415873 0.0271765 0.0380229 0.0481557 0.0359592 0.0390893 0.0285214 0.0263430 0.0367843 0.0414256 0.0369415 0.0319273 0.0324390 0.0381555 0.0378758 0.0322723 0.0373306 
pop3.indv6  0.0336321 0.0235499 0.0138833 0.0206821 0.0344886 0.0308766 0.0358879 0.0309543 0.0291786 0.0333171 0.0259720 0.0358496 0.0347211 0.0270462 0.0303300 0.0384128 0.0306706 0.0259582 0.0318324 0.0228201 0.0329149 0.0292704 0.0293750 0.0291493 0.0181633 0.0138151 0.0131220 0.0068775 0.0434079 0.0203519 0.0254143 0.0255942 0.0255557 0.0230678 0.0206291 0.0262937 0.0260239 0.0280027 0.0297129 0.0198972 0.0258414 0.0258397 0.0327606 0.0258910 0.0166926 0.0208442 0.0200525 0.0311810 0.0259288 0.0266635 0.0306868 0.0000000 0.0212162 0.0458466 0.0278319 0.0256328 0.0292385 0.0213957 0.0211069 0.0131514 0.0168795 0.0223555 0.0299142 0.0219325 0.0311491 0.0278985 0.0270994 0.0241459 0.0269370 0.0256176 0.0335039 0.0243573 0.0291493 0.0165419 0.0377275 
