75
pop1.indv1  0.0000000 0.0264753 0.0294233 0.0332632 0.0239667 0.0297958 0.0308299 0.0346945 0.0239987 0.0338454 0.0227493 0.0319911 0.0279849 0.0285603 0.0264384 0.0323591 0.0272583 0.0240415 0.0248994 0.0296084 0.0286371 0.0354324 0.0284789 0.0325196 0.0243167 0.0268498 0.0305975 0.0304192 0.0247077 0.0294196 0.0312636 0.0314788 0.0323268 0.0300266 0.0316786 0.0269886 0.0305287 0.0264634 0.0291887 0.0313095 0.0302793 0.0335234 0.0333545 0.0303648 0.0325047 0.0279104 0.0286018 0.0339683 0.0296217 0.0302382 0.0308377 0.0313898 0.0284868 0.0254447 0.0263687 0.0311646 0.0287930 0.0247077 0.0405322 0.0311307 0.0302793 0.0346124 0.0288449 0.0291875 0.0385648 0.0313376 0.0339881 0.0316661 0.0335405 0.0334004 0.0337243 0.0374535 0.0377686 0.0285954 0.0294891 
pop1.indv2  0.0264753 0.0000000 0.0300211 0.0266308 0.0253089 0.0268195 0.0244165 0.0319911 0.0285987 0.0285859 0.0229401 0.0308477 0.0283762 0.0355541 0.0261756 0.0308618 0.0267000 0.0259669 0.0239561 0.0263569 0.0251633 0.0269159 0.0272217 0.0320124 0.0259644 0.0285476 0.0280473 0.0360488 0.0282488 0.0246439 0.0288971 0.0225356 0.0315790 0.0292677 0.0265934 0.0308197 0.0303205 0.0304329 0.0299942 0.0321277 0.0280974 0.0284018 0.0238587 0.0303512 0.0300346 0.0289860 0.0298337 0.0300814 0.0331271 0.0286115 0.0306962 0.0309805 0.0282916 0.0268004 0.0340351 0.0338945 0.0302610 0.0304875 0.0313174 0.0292142 0.0294865 0.0315212 0.0262944 0.0291475 0.0300886 0.0271368 0.0336783 0.0353480 0.0291077 0.0296481 0.0350310 0.0272587 0.0284084 0.0291126 0.0280473 
pop1.indv3  0.0294233 0.0300211 0.0000000 0.0252416 0.0259735 0.0283073 0.0283073 0.0307473 0.0251191 0.0281701 0.0215662 0.0325644 0.0265110 0.0301973 0.0248109 0.0275367 0.0271127 0.0279216 0.0271853 0.0282615 0.0311505 0.0292341 0.0234467 0.0290379 0.0284206 0.0264876 0.0268854 0.0338148 0.0316499 0.0274548 0.0298363 0.0242416 0.0323858 0.0313919 0.0318760 0.0345995 0.0347591 0.0211452 0.0270318 0.0302431 0.0323155 0.0279342 0.0310452 0.0275244 0.0291422 0.0306925 0.0283954 0.0344894 0.0263363 0.0261929 0.0333393 0.0315645 0.0244556 0.0231342 0.0308161 0.0362953 0.0213626 0.0281825 0.0339529 0.0344848 0.0264396 0.0348055 0.0228393 0.0325047 0.0315778 0.0371177 0.0328730 0.0313776 0.0312675 0.0280723 0.0330519 0.0337551 0.0311365 0.0297296 0.0263826 
pop1.indv4  0.0332632 0.0266308 0.0252416 0.0000000 0.0213719 0.0213254 0.0238185 0.0293577 0.0285603 0.0259850 0.0285859 0.0263923 0.0306389 0.0295288 0.0233211 0.0294891 0.0309129 0.0192877 0.0266881 0.0320712 0.0262863 0.0321154 0.0266188 0.0308093 0.0242096 0.0271610 0.0295420 0.0262746 0.0275367 0.0267477 0.0337551 0.0271974 0.0350959 0.0340244 0.0267716 0.0324615 0.0301837 0.0245668 0.0289215 0.0318760 0.0264876 0.0353346 0.0252314 0.0281603 0.0264278 0.0258709 0.0316766 0.0313490 0.0267238 0.0322826 0.0304032 0.0296752 0.0339451 0.0295806 0.0233211 0.0358489 0.0276417 0.0271853 0.0356845 0.0329735 0.0318519 0.0319538 0.0245448 0.0307244 0.0311838 0.0264396 0.0350605 0.0292343 0.0375231 0.0315356 0.0345325 0.0339257 0.0273582 0.0354238 0.0301624 
pop1.indv5  0.0239667 0.0253089 0.0259735 0.0213719 0.0000000 0.0281825 0.0261524 0.0285390 0.0247514 0.0251528 0.0274148 0.0282448 0.0321133 0.0288564 0.0303618 0.0266618 0.0295951 0.0227992 0.0283828 0.0227493 0.0305837 0.0268796 0.0297540 0.0287670 0.0277504 0.0356628 0.0300158 0.0277749 0.0271489 0.0291684 0.0271610 0.0269260 0.0300616 0.0309546 0.0317445 0.0339947 0.0292275 0.0292737 0.0274597 0.0333135 0.0278117 0.0333033 0.0282448 0.0284206 0.0276771 0.0287294 0.0277137 0.0289473 0.0344320 0.0311699 0.0314788 0.0297938 0.0302109 0.0267760 0.0307885 0.0326081 0.0263451 0.0265804 0.0272461 0.0306666 0.0337234 0.0307918 0.0277589 0.0330369 0.0346182 0.0328137 0.0255184 0.0389147 0.0362644 0.0219259 0.0283634 0.0334645 0.0337551 0.0238265 0.0262483 
pop1.indv6  0.0297958 0.0268195 0.0283073 0.0213254 0.0281825 0.0000000 0.0262440 0.0368724 0.0249869 0.0309627 0.0254735 0.0270886 0.0288315 0.0336476 0.0317650 0.0263710 0.0305699 0.0263333 0.0264525 0.0320056 0.0242416 0.0286500 0.0287930 0.0310452 0.0257109 0.0286271 0.0274026 0.0301022 0.0291161 0.0272705 0.0380911 0.0234259 0.0299176 0.0351447 0.0290509 0.0306251 0.0314788 0.0214845 0.0285139 0.0270405 0.0275980 0.0318617 0.0311021 0.0293708 0.0298603 0.0314080 0.0312675 0.0280848 0.0341017 0.0265698 0.0344213 0.0324452 0.0375567 0.0301779 0.0350126 0.0272827 0.0319101 0.0295177 0.0365948 0.0353083 0.0330669 0.0301089 0.0255245 0.0282488 0.0344737 0.0268144 0.0356355 0.0323084 0.0318474 0.0274548 0.0327276 0.0374535 0.0275168 0.0322042 0.0315356 
pop1.indv7  0.0308299 0.0244165 0.0283073 0.0238185 0.0261524 0.0262440 0.0000000 0.0357747 0.0230086 0.0280215 0.0257804 0.0253842 0.0345094 0.0326959 0.0226157 0.0275680 0.0335872 0.0200904 0.0261068 0.0297152 0.0292665 0.0285987 0.0293970 0.0322092 0.0282902 0.0259261 0.0253509 0.0274717 0.0266385 0.0247264 0.0273663 0.0255184 0.0321071 0.0258948 0.0306515 0.0288957 0.0297408 0.0241989 0.0325208 0.0294268 0.0305971 0.0272705 0.0264993 0.0240506 0.0250308 0.0295455 0.0323907 0.0289086 0.0307989 0.0291629 0.0267955 0.0292665 0.0257223 0.0270765 0.0285476 0.0341324 0.0226358 0.0246408 0.0300886 0.0354160 0.0316624 0.0295552 0.0227194 0.0352051 0.0345749 0.0288957 0.0326236 0.0324435 0.0318617 0.0281099 0.0335722 0.0400879 0.0271853 0.0335697 0.0258255 
pop1.indv8  0.0346945 0.0319911 0.0307473 0.0293577 0.0285390 0.0368724 0.0357747 0.0000000 0.0288957 0.0334821 0.0314788 0.0299760 0.0297276 0.0308533 0.0307360 0.0323883 0.0337234 0.0321997 0.0305971 0.0339643 0.0289731 0.0340146 0.0325349 0.0310522 0.0315778 0.0320847 0.0331490 0.0375384 0.0409568 0.0319623 0.0306925 0.0347120 0.0380735 0.0319623 0.0386811 0.0338148 0.0338430 0.0355541 0.0333776 0.0338128 0.0282323 0.0365278 0.0354487 0.0399356 0.0344629 0.0348692 0.0331342 0.0333436 0.0353535 0.0372998 0.0406449 0.0343488 0.0377125 0.0297286 0.0328322 0.0340864 0.0303342 0.0299892 0.0380386 0.0402319 0.0401203 0.0380990 0.0292341 0.0330970 0.0415589 0.0322902 0.0413438 0.0305839 0.0374878 0.0322826 0.0437665 0.0434822 0.0353671 0.0396611 0.0336927 
pop1.indv9  0.0239987 0.0285987 0.0251191 0.0285603 0.0247514 0.0249869 0.0230086 0.0288957 0.0000000 0.0321478 0.0311887 0.0293055 0.0275000 0.0300823 0.0281099 0.0307336 0.0317361 0.0253202 0.0285390 0.0257223 0.0256654 0.0326978 0.0291161 0.0358489 0.0246098 0.0284639 0.0302700 0.0274634 0.0237138 0.0259761 0.0324175 0.0267238 0.0323268 0.0270495 0.0293447 0.0312116 0.0283702 0.0300886 0.0286018 0.0286397 0.0265580 0.0381353 0.0343581 0.0305971 0.0288828 0.0248343 0.0256654 0.0325792 0.0307336 0.0272699 0.0345166 0.0339412 0.0367127 0.0263805 0.0337243 0.0395533 0.0247514 0.0314796 0.0349966 0.0315068 0.0369061 0.0369849 0.0285987 0.0320345 0.0349631 0.0309353 0.0335100 0.0333813 0.0388425 0.0285047 0.0330436 0.0374021 0.0323120 0.0308093 0.0325214 
pop1.indv10 0.0338454 0.0285859 0.0281701 0.0259850 0.0251528 0.0309627 0.0280215 0.0334821 0.0321478 0.0000000 0.0293622 0.0261981 0.0366550 0.0318289 0.0313205 0.0325644 0.0361474 0.0249279 0.0265225 0.0310177 0.0272819 0.0342712 0.0337691 0.0352051 0.0287181 0.0380246 0.0319990 0.0302027 0.0310590 0.0370464 0.0360657 0.0327086 0.0333135 0.0352374 0.0405864 0.0317049 0.0363946 0.0302161 0.0293622 0.0342937 0.0340558 0.0449149 0.0340665 0.0384732 0.0364237 0.0350237 0.0270791 0.0337089 0.0361791 0.0369230 0.0342557 0.0321071 0.0351407 0.0306527 0.0364444 0.0394993 0.0363780 0.0317333 0.0417185 0.0367296 0.0333776 0.0389147 0.0256654 0.0363480 0.0385995 0.0373353 0.0415518 0.0352427 0.0401946 0.0324615 0.0392935 0.0357829 0.0303067 0.0412285 0.0333080 
pop1.indv11 0.0227493 0.0229401 0.0215662 0.0285859 0.0274148 0.0254735 0.0257804 0.0314788 0.0311887 0.0293622 0.0000000 0.0229587 0.0354892 0.0304080 0.0260111 0.0341631 0.0312256 0.0254959 0.0323446 0.0290379 0.0284840 0.0342481 0.0304056 0.0287024 0.0259506 0.0266385 0.0309902 0.0274148 0.0266170 0.0267790 0.0314504 0.0266852 0.0306515 0.0342324 0.0286660 0.0262440 0.0322575 0.0261580 0.0314516 0.0333478 0.0271622 0.0296750 0.0264634 0.0293186 0.0299271 0.0318289 0.0295438 0.0266406 0.0296880 0.0330896 0.0320635 0.0308618 0.0373151 0.0269643 0.0287932 0.0370245 0.0276166 0.0281329 0.0372489 0.0353763 0.0309963 0.0319101 0.0290900 0.0381613 0.0318007 0.0279851 0.0338169 0.0267760 0.0359815 0.0287676 0.0348379 0.0300751 0.0310103 0.0276542 0.0289324 
pop1.indv12 0.0319911 0.0308477 0.0325644 0.0263923 0.0282448 0.0270886 0.0253842 0.0299760 0.0293055 0.0261981 0.0229587 0.0000000 0.0252193 0.0276164 0.0304569 0.0275077 0.0273808 0.0254902 0.0267438 0.0297540 0.0254400 0.0338790 0.0295818 0.0340456 0.0295830 0.0280465 0.0299363 0.0319421 0.0290509 0.0252865 0.0265816 0.0264525 0.0330284 0.0342481 0.0303512 0.0334342 0.0347591 0.0280473 0.0206091 0.0280598 0.0281082 0.0350126 0.0295267 0.0386098 0.0317333 0.0334971 0.0305835 0.0349171 0.0263594 0.0329473 0.0353021 0.0363313 0.0325644 0.0284789 0.0263098 0.0346469 0.0279594 0.0313127 0.0350925 0.0342168 0.0333587 0.0398102 0.0280098 0.0350634 0.0339035 0.0343704 0.0373496 0.0308519 0.0357173 0.0329920 0.0277340 0.0364657 0.0317073 0.0303894 0.0311144 
pop1.indv13 0.0279849 0.0283762 0.0265110 0.0306389 0.0321133 0.0288315 0.0345094 0.0297276 0.0275000 0.0366550 0.0354892 0.0252193 0.0000000 0.0309129 0.0298093 0.0366052 0.0354324 0.0324908 0.0321421 0.0297144 0.0308023 0.0369737 0.0298093 0.0294463 0.0286638 0.0304887 0.0330452 0.0336779 0.0353763 0.0307918 0.0280723 0.0304887 0.0327450 0.0434555 0.0342867 0.0356897 0.0377438 0.0339837 0.0280219 0.0352961 0.0318617 0.0360818 0.0389147 0.0357908 0.0317191 0.0368462 0.0309490 0.0387015 0.0335421 0.0334342 0.0352535 0.0394517 0.0384448 0.0347422 0.0364778 0.0265572 0.0289889 0.0322141 0.0330519 0.0329527 0.0318904 0.0362811 0.0298769 0.0383380 0.0390401 0.0389505 0.0396340 0.0355567 0.0387015 0.0303618 0.0394581 0.0405137 0.0380812 0.0348379 0.0355128 
pop1.indv14 0.0285603 0.0355541 0.0301973 0.0295288 0.0288564 0.0336476 0.0326959 0.0308533 0.0300823 0.0318289 0.0304080 0.0276164 0.0309129 0.0000000 0.0276968 0.0292339 0.0365446 0.0278463 0.0300290 0.0360169 0.0277994 0.0366789 0.0288572 0.0327425 0.0303920 0.0356788 0.0315216 0.0401612 0.0323155 0.0374364 0.0299003 0.0323737 0.0338169 0.0353021 0.0320275 0.0332985 0.0332177 0.0323883 0.0331264 0.0329370 0.0313265 0.0344424 0.0374535 0.0292146 0.0296748 0.0298442 0.0306243 0.0342795 0.0406432 0.0337539 0.0356355 0.0326681 0.0364152 0.0290152 0.0323858 0.0361629 0.0268555 0.0386310 0.0425057 0.0335388 0.0377299 0.0328023 0.0302793 0.0351728 0.0369794 0.0366384 0.0342867 0.0372612 0.0387901 0.0285094 0.0392753 0.0309129 0.0403254 0.0399791 0.0359520 
pop1.indv15 0.0264384 0.0261756 0.0248109 0.0233211 0.0303618 0.0317650 0.0226157 0.0307360 0.0281099 0.0313205 0.0260111 0.0304569 0.0298093 0.0276968 0.0000000 0.0277340 0.0329527 0.0248895 0.0232919 0.0271974 0.0292142 0.0255934 0.0220456 0.0349682 0.0286767 0.0289215 0.0299584 0.0288841 0.0313463 0.0256973 0.0241275 0.0246108 0.0309805 0.0314771 0.0234259 0.0325196 0.0306527 0.0265349 0.0293930 0.0274796 0.0277464 0.0295519 0.0206779 0.0304863 0.0279721 0.0301293 0.0309129 0.0286877 0.0276968 0.0254561 0.0301779 0.0274208 0.0299630 0.0228172 0.0261756 0.0330369 0.0277550 0.0259528 0.0414428 0.0314917 0.0265828 0.0320492 0.0242795 0.0319748 0.0350310 0.0269280 0.0364876 0.0300240 0.0297296 0.0312885 0.0313174 0.0321840 0.0309089 0.0290356 0.0328730 
pop1.indv16 0.0323591 0.0308618 0.0275367 0.0294891 0.0266618 0.0263710 0.0275680 0.0323883 0.0307336 0.0325644 0.0341631 0.0275077 0.0366052 0.0292339 0.0277340 0.0000000 0.0345404 0.0271248 0.0278486 0.0260885 0.0250859 0.0356192 0.0258601 0.0310452 0.0316341 0.0320132 0.0307989 0.0332386 0.0332535 0.0282615 0.0321852 0.0291242 0.0292869 0.0318519 0.0277626 0.0340456 0.0347591 0.0277713 0.0255125 0.0237138 0.0338884 0.0323737 0.0309180 0.0333888 0.0312815 0.0252075 0.0278996 0.0322679 0.0266152 0.0312256 0.0390781 0.0311021 0.0338634 0.0276227 0.0284403 0.0335557 0.0285824 0.0297527 0.0376237 0.0344055 0.0378127 0.0352374 0.0346153 0.0341387 0.0344012 0.0354649 0.0401203 0.0380353 0.0260931 0.0322532 0.0383203 0.0317794 0.0305559 0.0359482 0.0365060 
pop1.indv17 0.0272583 0.0267000 0.0271127 0.0309129 0.0295951 0.0305699 0.0335872 0.0337234 0.0317361 0.0361474 0.0312256 0.0273808 0.0354324 0.0365446 0.0329527 0.0345404 0.0000000 0.0279216 0.0327400 0.0317361 0.0313205 0.0318084 0.0331045 0.0356235 0.0252865 0.0297540 0.0291815 0.0420331 0.0344737 0.0329225 0.0258486 0.0268676 0.0308337 0.0403994 0.0282996 0.0326978 0.0349807 0.0284275 0.0285221 0.0241034 0.0296748 0.0330369 0.0355471 0.0330600 0.0325497 0.0363449 0.0344629 0.0294731 0.0335421 0.0335405 0.0353834 0.0347570 0.0380174 0.0295402 0.0371265 0.0354160 0.0249347 0.0292737 0.0355703 0.0331809 0.0385882 0.0351121 0.0262230 0.0299311 0.0388078 0.0303648 0.0389147 0.0347233 0.0354487 0.0284660 0.0338479 0.0343739 0.0308377 0.0350310 0.0350103 
pop1.indv18 0.0240415 0.0259669 0.0279216 0.0192877 0.0227992 0.0263333 0.0200904 0.0321997 0.0253202 0.0249279 0.0254959 0.0254902 0.0324908 0.0278463 0.0248895 0.0271248 0.0279216 0.0000000 0.0250282 0.0263333 0.0233227 0.0257205 0.0254106 0.0285394 0.0225257 0.0266881 0.0251191 0.0280098 0.0255973 0.0266429 0.0262349 0.0246532 0.0310879 0.0266790 0.0275489 0.0282996 0.0257567 0.0209699 0.0271489 0.0235091 0.0241670 0.0300403 0.0280990 0.0290639 0.0287282 0.0249759 0.0270765 0.0261402 0.0323155 0.0282361 0.0323268 0.0295267 0.0224279 0.0234369 0.0269522 0.0288059 0.0226311 0.0249869 0.0388781 0.0326997 0.0308618 0.0309375 0.0195623 0.0248503 0.0336325 0.0271006 0.0352859 0.0281917 0.0300540 0.0279721 0.0278588 0.0355801 0.0315068 0.0324887 0.0273180 
pop1.indv19 0.0248994 0.0239561 0.0271853 0.0266881 0.0283828 0.0264525 0.0261068 0.0305971 0.0285390 0.0265225 0.0323446 0.0267438 0.0321421 0.0300290 0.0232919 0.0278486 0.0327400 0.0250282 0.0000000 0.0252081 0.0278486 0.0323120 0.0279352 0.0352697 0.0259621 0.0305022 0.0303812 0.0350103 0.0313657 0.0260194 0.0321508 0.0273180 0.0243923 0.0285221 0.0279600 0.0287676 0.0277382 0.0234778 0.0309031 0.0288059 0.0307062 0.0368724 0.0328472 0.0275122 0.0340252 0.0291500 0.0306925 0.0307639 0.0303784 0.0260079 0.0321508 0.0278337 0.0304447 0.0280723 0.0350605 0.0352744 0.0294891 0.0316200 0.0369737 0.0325345 0.0308575 0.0297420 0.0270045 0.0336474 0.0274717 0.0245235 0.0385211 0.0297160 0.0317073 0.0331421 0.0328023 0.0357994 0.0311365 0.0356296 0.0307177 
pop1.indv20 0.0296084 0.0263569 0.0282615 0.0320712 0.0227493 0.0320056 0.0297152 0.0339643 0.0257223 0.0310177 0.0290379 0.0297540 0.0297144 0.0360169 0.0271974 0.0260885 0.0317361 0.0263333 0.0252081 0.0000000 0.0286115 0.0319191 0.0299176 0.0371052 0.0296354 0.0291371 0.0255789 0.0356355 0.0316499 0.0275489 0.0265816 0.0294627 0.0357994 0.0303756 0.0258595 0.0324908 0.0351685 0.0313517 0.0289086 0.0382994 0.0284713 0.0303205 0.0390416 0.0348537 0.0334796 0.0282448 0.0303143 0.0352801 0.0327400 0.0345838 0.0346469 0.0423286 0.0355636 0.0274672 0.0294597 0.0337843 0.0289990 0.0295699 0.0337243 0.0358324 0.0324615 0.0327276 0.0341855 0.0324303 0.0305428 0.0328285 0.0341232 0.0362174 0.0358654 0.0269643 0.0326236 0.0451784 0.0315790 0.0403994 0.0322575 
pop1.indv21 0.0286371 0.0251633 0.0311505 0.0262863 0.0305837 0.0242416 0.0292665 0.0289731 0.0256654 0.0272819 0.0284840 0.0254400 0.0308023 0.0277994 0.0292142 0.0250859 0.0313205 0.0233227 0.0278486 0.0286115 0.0000000 0.0313490 0.0306804 0.0365672 0.0276350 0.0263131 0.0334971 0.0333888 0.0341387 0.0315499 0.0310522 0.0307610 0.0299720 0.0277171 0.0332835 0.0287541 0.0334190 0.0269280 0.0303241 0.0313095 0.0239981 0.0344848 0.0295940 0.0304875 0.0258255 0.0297276 0.0325063 0.0332632 0.0289602 0.0342638 0.0337860 0.0368823 0.0348700 0.0265948 0.0305561 0.0380211 0.0315645 0.0306804 0.0328472 0.0354651 0.0342324 0.0376630 0.0292341 0.0375057 0.0388078 0.0256540 0.0338324 0.0302333 0.0308898 0.0279090 0.0354979 0.0330588 0.0300129 0.0356958 0.0320560 
pop1.indv22 0.0354324 0.0269159 0.0292341 0.0321154 0.0268796 0.0286500 0.0285987 0.0340146 0.0326978 0.0342712 0.0342481 0.0338790 0.0369737 0.0366789 0.0255934 0.0356192 0.0318084 0.0257205 0.0323120 0.0319191 0.0313490 0.0000000 0.0290185 0.0369270 0.0335079 0.0331490 0.0325349 0.0332632 0.0300952 0.0296884 0.0301564 0.0264159 0.0350959 0.0370137 0.0320780 0.0299447 0.0313348 0.0309089 0.0295420 0.0294102 0.0318084 0.0336474 0.0380790 0.0303106 0.0322826 0.0259296 0.0334342 0.0364826 0.0356029 0.0254674 0.0343109 0.0326394 0.0345644 0.0271211 0.0306113 0.0347422 0.0297979 0.0301293 0.0373842 0.0332577 0.0299993 0.0324585 0.0280481 0.0294865 0.0354085 0.0317361 0.0367206 0.0298697 0.0406099 0.0268555 0.0305420 0.0356461 0.0349518 0.0404562 0.0366550 
pop1.indv23 0.0284789 0.0272217 0.0234467 0.0266188 0.0297540 0.0287930 0.0293970 0.0325349 0.0291161 0.0337691 0.0304056 0.0295818 0.0298093 0.0288572 0.0220456 0.0258601 0.0331045 0.0254106 0.0279352 0.0299176 0.0306804 0.0290185 0.0000000 0.0336007 0.0273685 0.0355054 0.0318188 0.0351368 0.0303756 0.0310879 0.0319101 0.0262629 0.0291475 0.0324435 0.0282615 0.0247773 0.0304032 0.0357622 0.0299271 0.0358847 0.0329324 0.0327425 0.0343677 0.0271368 0.0306943 0.0324029 0.0318904 0.0306943 0.0317475 0.0282234 0.0337577 0.0343358 0.0300880 0.0273208 0.0282234 0.0407960 0.0264989 0.0300616 0.0347570 0.0290020 0.0291684 0.0348055 0.0309886 0.0339257 0.0319335 0.0342952 0.0415567 0.0351029 0.0346605 0.0283378 0.0347087 0.0329981 0.0270862 0.0360644 0.0250749 
pop1.indv24 0.0325196 0.0320124 0.0290379 0.0308093 0.0287670 0.0310452 0.0322092 0.0310522 0.0358489 0.0352051 0.0287024 0.0340456 0.0294463 0.0327425 0.0349682 0.0310452 0.0356235 0.0285394 0.0352697 0.0371052 0.0365672 0.0369270 0.0336007 0.0000000 0.0325940 0.0381086 0.0376431 0.0334796 0.0305979 0.0302610 0.0316807 0.0313205 0.0335542 0.0366595 0.0332480 0.0339412 0.0316370 0.0328208 0.0362788 0.0292473 0.0390401 0.0387326 0.0375947 0.0282234 0.0358985 0.0334190 0.0361646 0.0422292 0.0368313 0.0359648 0.0323683 0.0330196 0.0361493 0.0273208 0.0299993 0.0378872 0.0308377 0.0348060 0.0349518 0.0303028 0.0320271 0.0394089 0.0356626 0.0321745 0.0354651 0.0337243 0.0324007 0.0367370 0.0306259 0.0310310 0.0357665 0.0395468 0.0358122 0.0358085 0.0322385 
pop1.indv25 0.0243167 0.0259644 0.0284206 0.0242096 0.0277504 0.0257109 0.0282902 0.0315778 0.0246098 0.0287181 0.0259506 0.0295830 0.0286638 0.0303920 0.0286767 0.0316341 0.0252865 0.0225257 0.0259621 0.0296354 0.0276350 0.0335079 0.0273685 0.0325940 0.0000000 0.0328541 0.0276407 0.0335100 0.0266170 0.0327574 0.0296223 0.0266170 0.0319911 0.0273071 0.0239250 0.0293839 0.0255522 0.0183739 0.0281308 0.0278980 0.0253288 0.0300751 0.0279594 0.0285859 0.0258709 0.0270082 0.0269847 0.0251181 0.0304329 0.0274148 0.0278337 0.0331271 0.0339257 0.0321597 0.0253766 0.0331271 0.0216459 0.0232103 0.0375912 0.0326681 0.0281603 0.0344055 0.0297286 0.0319685 0.0332589 0.0249649 0.0314349 0.0376324 0.0331874 0.0250619 0.0281855 0.0319977 0.0296211 0.0272092 0.0297396 
pop2.indv1  0.0268498 0.0285476 0.0264876 0.0271610 0.0356628 0.0286271 0.0259261 0.0320847 0.0284639 0.0380246 0.0266385 0.0280465 0.0304887 0.0356788 0.0289215 0.0320132 0.0297540 0.0266881 0.0305022 0.0291371 0.0263131 0.0331490 0.0355054 0.0381086 0.0328541 0.0000000 0.0327210 0.0293970 0.0264535 0.0336476 0.0271980 0.0264076 0.0348379 0.0329771 0.0333478 0.0295699 0.0301490 0.0273542 0.0297006 0.0292212 0.0264408 0.0277015 0.0287549 0.0392847 0.0355288 0.0343244 0.0258029 0.0286913 0.0280465 0.0246836 0.0369906 0.0354731 0.0334039 0.0306666 0.0329920 0.0345715 0.0283576 0.0318995 0.0353694 0.0339375 0.0384504 0.0323591 0.0255072 0.0320056 0.0339004 0.0339187 0.0348379 0.0296750 0.0415328 0.0325499 0.0369127 0.0340711 0.0363313 0.0366789 0.0336777 
pop2.indv2  0.0305975 0.0280473 0.0268854 0.0295420 0.0300158 0.0274026 0.0253509 0.0331490 0.0302700 0.0319990 0.0309902 0.0299363 0.0330452 0.0315216 0.0299584 0.0307989 0.0291815 0.0251191 0.0303812 0.0255789 0.0334971 0.0325349 0.0318188 0.0376431 0.0276407 0.0327210 0.0000000 0.0306515 0.0263942 0.0277504 0.0266502 0.0251637 0.0305837 0.0271853 0.0239772 0.0294657 0.0263942 0.0237975 0.0246943 0.0262440 0.0326959 0.0329324 0.0276103 0.0273663 0.0244913 0.0320770 0.0224252 0.0279104 0.0239981 0.0226698 0.0284586 0.0310662 0.0293930 0.0317794 0.0298870 0.0322865 0.0276103 0.0319705 0.0351526 0.0268555 0.0286500 0.0355703 0.0252304 0.0351568 0.0287181 0.0315637 0.0347120 0.0325644 0.0358520 0.0292078 0.0318809 0.0351407 0.0320925 0.0295536 0.0278753 
pop2.indv3  0.0304192 0.0360488 0.0338148 0.0262746 0.0277749 0.0301022 0.0274717 0.0375384 0.0274634 0.0302027 0.0274148 0.0319421 0.0336779 0.0401612 0.0288841 0.0332386 0.0420331 0.0280098 0.0350103 0.0356355 0.0333888 0.0332632 0.0351368 0.0334796 0.0335100 0.0293970 0.0306515 0.0000000 0.0265698 0.0317650 0.0273180 0.0257578 0.0320056 0.0322385 0.0332087 0.0269401 0.0309079 0.0222184 0.0295047 0.0310452 0.0309353 0.0435833 0.0329473 0.0373859 0.0308852 0.0240595 0.0257916 0.0332177 0.0355448 0.0263131 0.0315641 0.0270165 0.0331962 0.0309407 0.0371265 0.0302700 0.0279721 0.0361146 0.0329324 0.0311449 0.0311282 0.0370880 0.0313205 0.0364778 0.0383687 0.0310867 0.0374535 0.0302471 0.0318904 0.0293577 0.0326959 0.0335252 0.0314924 0.0365164 0.0328395 
pop2.indv4  0.0247077 0.0282488 0.0316499 0.0275367 0.0271489 0.0291161 0.0266385 0.0409568 0.0237138 0.0310590 0.0266170 0.0290509 0.0353763 0.0323155 0.0313463 0.0332535 0.0344737 0.0255973 0.0313657 0.0316499 0.0341387 0.0300952 0.0303756 0.0305979 0.0266170 0.0264535 0.0263942 0.0265698 0.0000000 0.0233742 0.0307885 0.0246207 0.0279468 0.0276041 0.0281701 0.0264642 0.0267357 0.0248173 0.0315778 0.0290728 0.0258142 0.0305561 0.0309180 0.0291113 0.0252752 0.0286144 0.0266152 0.0229807 0.0290985 0.0287800 0.0259528 0.0327425 0.0313490 0.0259180 0.0286500 0.0331421 0.0258832 0.0340864 0.0343266 0.0328773 0.0304875 0.0293797 0.0302835 0.0330369 0.0299892 0.0357059 0.0299856 0.0303447 0.0334190 0.0268676 0.0365446 0.0280100 0.0316642 0.0243343 0.0286546 
pop2.indv5  0.0294196 0.0246439 0.0274548 0.0267477 0.0291684 0.0272705 0.0247264 0.0319623 0.0259761 0.0370464 0.0267790 0.0252865 0.0307918 0.0374364 0.0256973 0.0282615 0.0329225 0.0266429 0.0260194 0.0275489 0.0315499 0.0296884 0.0310879 0.0302610 0.0327574 0.0336476 0.0277504 0.0317650 0.0233742 0.0000000 0.0287541 0.0270285 0.0253573 0.0344055 0.0271368 0.0321800 0.0286271 0.0260462 0.0263016 0.0279240 0.0260424 0.0314780 0.0263303 0.0264759 0.0246098 0.0255747 0.0251302 0.0329324 0.0272699 0.0294063 0.0287412 0.0338945 0.0271230 0.0263902 0.0253343 0.0296350 0.0235824 0.0295307 0.0264041 0.0255131 0.0272461 0.0390416 0.0246218 0.0270373 0.0373509 0.0270886 0.0370245 0.0331656 0.0328878 0.0312166 0.0276417 0.0294865 0.0319101 0.0275541 0.0349474 
pop2.indv6  0.0312636 0.0288971 0.0298363 0.0337551 0.0271610 0.0380911 0.0273663 0.0306925 0.0324175 0.0360657 0.0314504 0.0265816 0.0280723 0.0299003 0.0241275 0.0321852 0.0258486 0.0262349 0.0321508 0.0265816 0.0310522 0.0301564 0.0319101 0.0316807 0.0296223 0.0271980 0.0266502 0.0273180 0.0307885 0.0287541 0.0000000 0.0271127 0.0323120 0.0296211 0.0238291 0.0304739 0.0297152 0.0242309 0.0256904 0.0293316 0.0318712 0.0280598 0.0328023 0.0263363 0.0230386 0.0298573 0.0284639 0.0315790 0.0291500 0.0262629 0.0282996 0.0307221 0.0344213 0.0230011 0.0268075 0.0283954 0.0266308 0.0322759 0.0388065 0.0307778 0.0338914 0.0344530 0.0238607 0.0322488 0.0288443 0.0327723 0.0315641 0.0328056 0.0345208 0.0345838 0.0308057 0.0344689 0.0347263 0.0364193 0.0249649 
pop2.indv7  0.0314788 0.0225356 0.0242416 0.0271974 0.0269260 0.0234259 0.0255184 0.0347120 0.0267238 0.0327086 0.0266852 0.0264525 0.0304887 0.0323737 0.0246108 0.0291242 0.0268676 0.0246532 0.0273180 0.0294627 0.0307610 0.0264159 0.0262629 0.0313205 0.0266170 0.0264076 0.0251637 0.0257578 0.0246207 0.0270285 0.0271127 0.0000000 0.0288841 0.0251860 0.0240401 0.0281329 0.0243739 0.0194135 0.0198133 0.0270318 0.0252515 0.0253398 0.0255131 0.0256313 0.0200117 0.0262440 0.0265341 0.0257223 0.0292925 0.0298603 0.0279974 0.0243815 0.0220226 0.0242096 0.0237661 0.0264759 0.0220517 0.0285641 0.0331937 0.0343644 0.0289731 0.0267000 0.0210247 0.0223677 0.0237492 0.0281082 0.0298870 0.0257904 0.0258948 0.0261116 0.0308057 0.0300481 0.0265934 0.0234570 0.0233748 
pop2.indv8  0.0323268 0.0315790 0.0323858 0.0350959 0.0300616 0.0299176 0.0321071 0.0380735 0.0323268 0.0333135 0.0306515 0.0330284 0.0327450 0.0338169 0.0309805 0.0292869 0.0308337 0.0310879 0.0243923 0.0357994 0.0299720 0.0350959 0.0291475 0.0335542 0.0319911 0.0348379 0.0305837 0.0320056 0.0279468 0.0253573 0.0323120 0.0288841 0.0000000 0.0394525 0.0272583 0.0347749 0.0353997 0.0265110 0.0326374 0.0314363 0.0293398 0.0273439 0.0401686 0.0290120 0.0286243 0.0281981 0.0302161 0.0300814 0.0318229 0.0308713 0.0394214 0.0310737 0.0357124 0.0315356 0.0358985 0.0316069 0.0314924 0.0310867 0.0409343 0.0296346 0.0302930 0.0334464 0.0283634 0.0371052 0.0397442 0.0313517 0.0370415 0.0325493 0.0397355 0.0240415 0.0335234 0.0373842 0.0335234 0.0321539 0.0298870 
pop2.indv9  0.0300266 0.0292677 0.0313919 0.0340244 0.0309546 0.0351447 0.0258948 0.0319623 0.0270495 0.0352374 0.0342324 0.0342481 0.0434555 0.0353021 0.0314771 0.0318519 0.0403994 0.0266790 0.0285221 0.0303756 0.0277171 0.0370137 0.0324435 0.0366595 0.0273071 0.0329771 0.0271853 0.0322385 0.0276041 0.0344055 0.0296211 0.0251860 0.0394525 0.0000000 0.0282787 0.0351447 0.0288449 0.0284532 0.0296217 0.0317902 0.0319246 0.0328472 0.0323683 0.0367465 0.0325047 0.0291030 0.0281855 0.0265468 0.0299807 0.0310027 0.0319685 0.0318418 0.0351488 0.0268492 0.0340194 0.0391694 0.0269105 0.0302246 0.0381523 0.0313029 0.0294330 0.0384883 0.0234899 0.0319155 0.0379166 0.0330220 0.0324435 0.0345734 0.0373134 0.0281917 0.0322637 0.0422694 0.0287139 0.0284153 0.0265934 
pop2.indv10 0.0316786 0.0265934 0.0318760 0.0267716 0.0317445 0.0290509 0.0306515 0.0386811 0.0293447 0.0405864 0.0286660 0.0303512 0.0342867 0.0320275 0.0234259 0.0277626 0.0282996 0.0275489 0.0279600 0.0258595 0.0332835 0.0320780 0.0282615 0.0332480 0.0239250 0.0333478 0.0239772 0.0332087 0.0281701 0.0271368 0.0238291 0.0240401 0.0272583 0.0282787 0.0000000 0.0322720 0.0277504 0.0271610 0.0265110 0.0321336 0.0231696 0.0266052 0.0308477 0.0246408 0.0263594 0.0281082 0.0309764 0.0333737 0.0324484 0.0314222 0.0330669 0.0278839 0.0305699 0.0231652 0.0269038 0.0321564 0.0253653 0.0278025 0.0349966 0.0321071 0.0296483 0.0297018 0.0242523 0.0305424 0.0251092 0.0321997 0.0306527 0.0354901 0.0268617 0.0313376 0.0365111 0.0307918 0.0303618 0.0299993 0.0258367 
pop2.indv11 0.0269886 0.0308197 0.0345995 0.0324615 0.0339947 0.0306251 0.0288957 0.0338148 0.0312116 0.0317049 0.0262440 0.0334342 0.0356897 0.0332985 0.0325196 0.0340456 0.0326978 0.0282996 0.0287676 0.0324908 0.0287541 0.0299447 0.0247773 0.0339412 0.0293839 0.0295699 0.0294657 0.0269401 0.0264642 0.0321800 0.0304739 0.0281329 0.0347749 0.0351447 0.0322720 0.0000000 0.0316766 0.0272217 0.0279606 0.0294139 0.0274269 0.0339725 0.0345325 0.0246968 0.0329027 0.0294917 0.0368462 0.0264872 0.0354085 0.0279974 0.0368483 0.0325345 0.0332480 0.0337251 0.0269038 0.0391099 0.0235091 0.0320703 0.0359665 0.0330588 0.0328433 0.0345680 0.0276473 0.0313205 0.0316200 0.0309407 0.0337860 0.0358122 0.0346786 0.0294196 0.0358520 0.0369677 0.0344848 0.0353577 0.0351643 
pop2.indv12 0.0305287 0.0303205 0.0347591 0.0301837 0.0292275 0.0314788 0.0297408 0.0338430 0.0283702 0.0363946 0.0322575 0.0347591 0.0377438 0.0332177 0.0306527 0.0347591 0.0349807 0.0257567 0.0277382 0.0351685 0.0334190 0.0313348 0.0304032 0.0316370 0.0255522 0.0301490 0.0263942 0.0309079 0.0267357 0.0286271 0.0297152 0.0243739 0.0353997 0.0288449 0.0277504 0.0316766 0.0000000 0.0275489 0.0258482 0.0339643 0.0263247 0.0357869 0.0263805 0.0279849 0.0304465 0.0316624 0.0258255 0.0305149 0.0326374 0.0278733 0.0228292 0.0285476 0.0381965 0.0279342 0.0318760 0.0312395 0.0173803 0.0362294 0.0362294 0.0312070 0.0261464 0.0333888 0.0303342 0.0281099 0.0324629 0.0270645 0.0373842 0.0316370 0.0340611 0.0252304 0.0304875 0.0411711 0.0284403 0.0260462 0.0293365 
pop2.indv13 0.0264634 0.0304329 0.0211452 0.0245668 0.0292737 0.0214845 0.0241989 0.0355541 0.0300886 0.0302161 0.0261580 0.0280473 0.0339837 0.0323883 0.0265349 0.0277713 0.0284275 0.0209699 0.0234778 0.0313517 0.0269280 0.0309089 0.0357622 0.0328208 0.0183739 0.0273542 0.0237975 0.0222184 0.0248173 0.0260462 0.0242309 0.0194135 0.0265110 0.0284532 0.0271610 0.0272217 0.0275489 0.0000000 0.0166612 0.0252185 0.0243275 0.0308758 0.0283045 0.0262395 0.0253954 0.0268796 0.0267555 0.0283506 0.0254288 0.0279974 0.0238265 0.0263569 0.0302194 0.0214095 0.0315926 0.0266288 0.0259528 0.0279352 0.0341855 0.0294196 0.0256279 0.0309886 0.0249724 0.0334157 0.0292795 0.0285731 0.0290416 0.0271968 0.0265468 0.0334157 0.0299584 0.0343897 0.0250619 0.0264747 0.0277382 
pop2.indv14 0.0291887 0.0299942 0.0270318 0.0289215 0.0274597 0.0285139 0.0325208 0.0333776 0.0286018 0.0293622 0.0314516 0.0206091 0.0280219 0.0331264 0.0293930 0.0255125 0.0285221 0.0271489 0.0309031 0.0289086 0.0303241 0.0295420 0.0299271 0.0362788 0.0281308 0.0297006 0.0246943 0.0295047 0.0315778 0.0263016 0.0256904 0.0198133 0.0326374 0.0296217 0.0265110 0.0279606 0.0258482 0.0166612 0.0000000 0.0278874 0.0258255 0.0374874 0.0327253 0.0293494 0.0252845 0.0269026 0.0273761 0.0272699 0.0269260 0.0307610 0.0310039 0.0271732 0.0302793 0.0281099 0.0217446 0.0293622 0.0266406 0.0287181 0.0313265 0.0299539 0.0286523 0.0306804 0.0220481 0.0327842 0.0305967 0.0330241 0.0347591 0.0362496 0.0302971 0.0265345 0.0268144 0.0336325 0.0292665 0.0298904 0.0300367 
pop2.indv15 0.0313095 0.0321277 0.0302431 0.0318760 0.0333135 0.0270405 0.0294268 0.0338128 0.0286397 0.0342937 0.0333478 0.0280598 0.0352961 0.0329370 0.0274796 0.0237138 0.0241034 0.0235091 0.0288059 0.0382994 0.0313095 0.0294102 0.0358847 0.0292473 0.0278980 0.0292212 0.0262440 0.0310452 0.0290728 0.0279240 0.0293316 0.0270318 0.0314363 0.0317902 0.0321336 0.0294139 0.0339643 0.0252185 0.0278874 0.0000000 0.0287933 0.0270791 0.0347581 0.0259164 0.0258029 0.0265688 0.0256123 0.0294364 0.0284639 0.0288315 0.0336628 0.0348379 0.0334948 0.0232817 0.0315784 0.0354968 0.0282361 0.0288311 0.0335271 0.0336628 0.0297012 0.0289215 0.0226205 0.0294102 0.0302610 0.0318854 0.0281453 0.0285476 0.0323010 0.0283828 0.0372998 0.0256200 0.0310103 0.0258486 0.0348533 
pop2.indv16 0.0302793 0.0280974 0.0323155 0.0264876 0.0278117 0.0275980 0.0305971 0.0282323 0.0265580 0.0340558 0.0271622 0.0281082 0.0318617 0.0313265 0.0277464 0.0338884 0.0296748 0.0241670 0.0307062 0.0284713 0.0239981 0.0318084 0.0329324 0.0390401 0.0253288 0.0264408 0.0326959 0.0309353 0.0258142 0.0260424 0.0318712 0.0252515 0.0293398 0.0319246 0.0231696 0.0274269 0.0263247 0.0243275 0.0258255 0.0287933 0.0000000 0.0329622 0.0305561 0.0311144 0.0298337 0.0261410 0.0278510 0.0310522 0.0335121 0.0300481 0.0323711 0.0336321 0.0360648 0.0235894 0.0356192 0.0357059 0.0243167 0.0306925 0.0343955 0.0340921 0.0347591 0.0292737 0.0284967 0.0352374 0.0331490 0.0324918 0.0356574 0.0322191 0.0363946 0.0241670 0.0385388 0.0328730 0.0302519 0.0305287 0.0255789 
pop2.indv17 0.0335234 0.0284018 0.0279342 0.0353346 0.0333033 0.0318617 0.0272705 0.0365278 0.0381353 0.0449149 0.0296750 0.0350126 0.0360818 0.0344424 0.0295519 0.0323737 0.0330369 0.0300403 0.0368724 0.0303205 0.0344848 0.0336474 0.0327425 0.0387326 0.0300751 0.0277015 0.0329324 0.0435833 0.0305561 0.0314780 0.0280598 0.0253398 0.0273439 0.0328472 0.0266052 0.0339725 0.0357869 0.0308758 0.0374874 0.0270791 0.0329622 0.0000000 0.0347087 0.0294496 0.0315356 0.0314363 0.0324773 0.0324600 0.0371474 0.0314646 0.0328923 0.0380812 0.0301089 0.0256626 0.0311365 0.0426055 0.0324452 0.0310452 0.0366284 0.0332269 0.0352374 0.0250619 0.0268315 0.0269038 0.0294627 0.0358683 0.0341453 0.0283564 0.0414210 0.0352212 0.0370880 0.0354979 0.0305559 0.0345284 0.0312256 
pop2.indv18 0.0333545 0.0238587 0.0310452 0.0252314 0.0282448 0.0311021 0.0264993 0.0354487 0.0343581 0.0340665 0.0264634 0.0295267 0.0389147 0.0374535 0.0206779 0.0309180 0.0355471 0.0280990 0.0328472 0.0390416 0.0295940 0.0380790 0.0343677 0.0375947 0.0279594 0.0287549 0.0276103 0.0329473 0.0309180 0.0263303 0.0328023 0.0255131 0.0401686 0.0323683 0.0308477 0.0345325 0.0263805 0.0283045 0.0327253 0.0347581 0.0305561 0.0347087 0.0000000 0.0317073 0.0304170 0.0339529 0.0315499 0.0352919 0.0252640 0.0315645 0.0322191 0.0320124 0.0300045 0.0313174 0.0322786 0.0351121 0.0243343 0.0295951 0.0336939 0.0333931 0.0308758 0.0371571 0.0279974 0.0336628 0.0366284 0.0331723 0.0351284 0.0274240 0.0458959 0.0334590 0.0310027 0.0334925 0.0284084 0.0300880 0.0300211 
pop2.indv19 0.0303648 0.0303512 0.0275244 0.0281603 0.0284206 0.0293708 0.0240506 0.0399356 0.0305971 0.0384732 0.0293186 0.0386098 0.0357908 0.0292146 0.0304863 0.0333888 0.0330600 0.0290639 0.0275122 0.0348537 0.0304875 0.0303106 0.0271368 0.0282234 0.0285859 0.0392847 0.0273663 0.0373859 0.0291113 0.0264759 0.0263363 0.0256313 0.0290120 0.0367465 0.0246408 0.0246968 0.0279849 0.0262395 0.0293494 0.0259164 0.0311144 0.0294496 0.0317073 0.0000000 0.0348064 0.0267320 0.0269612 0.0255860 0.0363946 0.0230186 0.0280098 0.0307639 0.0272092 0.0288971 0.0298870 0.0293880 0.0266288 0.0306773 0.0325353 0.0239454 0.0326520 0.0275980 0.0241564 0.0292078 0.0312575 0.0306243 0.0358324 0.0291875 0.0315076 0.0271974 0.0305149 0.0373850 0.0349489 0.0305975 0.0272339 
pop2.indv20 0.0325047 0.0300346 0.0291422 0.0264278 0.0276771 0.0298603 0.0250308 0.0344629 0.0288828 0.0364237 0.0299271 0.0317333 0.0317191 0.0296748 0.0279721 0.0312815 0.0325497 0.0287282 0.0340252 0.0334796 0.0258255 0.0322826 0.0306943 0.0358985 0.0258709 0.0355288 0.0244913 0.0308852 0.0252752 0.0246098 0.0230386 0.0200117 0.0286243 0.0325047 0.0263594 0.0329027 0.0304465 0.0253954 0.0252845 0.0258029 0.0298337 0.0315356 0.0304170 0.0348064 0.0000000 0.0277015 0.0266735 0.0273316 0.0312815 0.0258029 0.0299942 0.0345325 0.0308477 0.0239561 0.0295288 0.0270405 0.0222503 0.0296617 0.0320056 0.0293133 0.0344737 0.0293930 0.0285348 0.0324029 0.0356947 0.0251201 0.0273931 0.0344479 0.0339068 0.0271732 0.0335557 0.0275735 0.0304863 0.0305559 0.0327667 
pop2.indv21 0.0279104 0.0289860 0.0306925 0.0258709 0.0287294 0.0314080 0.0295455 0.0348692 0.0248343 0.0350237 0.0318289 0.0334971 0.0368462 0.0298442 0.0301293 0.0252075 0.0363449 0.0249759 0.0291500 0.0282448 0.0297276 0.0259296 0.0324029 0.0334190 0.0270082 0.0343244 0.0320770 0.0240595 0.0286144 0.0255747 0.0298573 0.0262440 0.0281981 0.0291030 0.0281082 0.0294917 0.0316624 0.0268796 0.0269026 0.0265688 0.0261410 0.0314363 0.0339529 0.0267320 0.0277015 0.0000000 0.0326942 0.0339221 0.0332441 0.0273180 0.0308713 0.0321277 0.0304465 0.0289990 0.0283450 0.0291500 0.0227095 0.0367634 0.0308990 0.0324155 0.0349648 0.0309546 0.0291758 0.0313657 0.0330157 0.0320347 0.0375214 0.0307385 0.0358194 0.0270405 0.0354246 0.0354968 0.0303920 0.0315356 0.0328103 
pop2.indv22 0.0286018 0.0298337 0.0283954 0.0316766 0.0277137 0.0312675 0.0323907 0.0331342 0.0256654 0.0270791 0.0295438 0.0305835 0.0309490 0.0306243 0.0309129 0.0278996 0.0344629 0.0270765 0.0306925 0.0303143 0.0325063 0.0334342 0.0318904 0.0361646 0.0269847 0.0258029 0.0224252 0.0257916 0.0266152 0.0251302 0.0284639 0.0265341 0.0302161 0.0281855 0.0309764 0.0368462 0.0258255 0.0267555 0.0273761 0.0256123 0.0278510 0.0324773 0.0315499 0.0269612 0.0266735 0.0326942 0.0000000 0.0267000 0.0253177 0.0376751 0.0278486 0.0304875 0.0311365 0.0309824 0.0277713 0.0329127 0.0253766 0.0268909 0.0297276 0.0360983 0.0317049 0.0288580 0.0267908 0.0313657 0.0336927 0.0306907 0.0351368 0.0367377 0.0293447 0.0241140 0.0277749 0.0329473 0.0293797 0.0311646 0.0262936 
pop2.indv23 0.0339683 0.0300814 0.0344894 0.0313490 0.0289473 0.0280848 0.0289086 0.0333436 0.0325792 0.0337089 0.0266406 0.0349171 0.0387015 0.0342795 0.0286877 0.0322679 0.0294731 0.0261402 0.0307639 0.0352801 0.0332632 0.0364826 0.0306943 0.0422292 0.0251181 0.0286913 0.0279104 0.0332177 0.0229807 0.0329324 0.0315790 0.0257223 0.0300814 0.0265468 0.0333737 0.0264872 0.0305149 0.0283506 0.0272699 0.0294364 0.0310522 0.0324600 0.0352919 0.0255860 0.0273316 0.0339221 0.0267000 0.0000000 0.0306652 0.0275122 0.0307221 0.0305561 0.0327450 0.0272339 0.0320271 0.0300616 0.0294865 0.0268144 0.0386811 0.0334279 0.0301429 0.0311164 0.0316212 0.0301503 0.0384383 0.0322720 0.0351568 0.0345284 0.0301429 0.0322826 0.0317939 0.0376834 0.0324898 0.0325038 0.0295830 
pop2.indv24 0.0296217 0.0331271 0.0263363 0.0267238 0.0344320 0.0341017 0.0307989 0.0353535 0.0307336 0.0361791 0.0296880 0.0263594 0.0335421 0.0406432 0.0276968 0.0266152 0.0335421 0.0323155 0.0303784 0.0327400 0.0289602 0.0356029 0.0317475 0.0368313 0.0304329 0.0280465 0.0239981 0.0355448 0.0290985 0.0272699 0.0291500 0.0292925 0.0318229 0.0299807 0.0324484 0.0354085 0.0326374 0.0254288 0.0269260 0.0284639 0.0335121 0.0371474 0.0252640 0.0363946 0.0312815 0.0332441 0.0253177 0.0306652 0.0000000 0.0332835 0.0313798 0.0358654 0.0334342 0.0265468 0.0297144 0.0312437 0.0264634 0.0291629 0.0343488 0.0331874 0.0268026 0.0318809 0.0252304 0.0305287 0.0314666 0.0357107 0.0325202 0.0297705 0.0345249 0.0260770 0.0324468 0.0366883 0.0306389 0.0307951 0.0337226 
pop2.indv25 0.0302382 0.0286115 0.0261929 0.0322826 0.0311699 0.0265698 0.0291629 0.0372998 0.0272699 0.0369230 0.0330896 0.0329473 0.0334342 0.0337539 0.0254561 0.0312256 0.0335405 0.0282361 0.0260079 0.0345838 0.0342638 0.0254674 0.0282234 0.0359648 0.0274148 0.0246836 0.0226698 0.0263131 0.0287800 0.0294063 0.0262629 0.0298603 0.0308713 0.0310027 0.0314222 0.0279974 0.0278733 0.0279974 0.0307610 0.0288315 0.0300481 0.0314646 0.0315645 0.0230186 0.0258029 0.0273180 0.0376751 0.0275122 0.0332835 0.0000000 0.0260579 0.0256510 0.0273562 0.0256742 0.0277340 0.0366716 0.0256164 0.0283324 0.0314349 0.0250731 0.0344737 0.0299447 0.0254333 0.0269280 0.0318188 0.0293708 0.0330669 0.0260262 0.0312636 0.0292473 0.0303756 0.0328395 0.0274177 0.0292078 0.0249431 
pop3.indv1  0.0308377 0.0306962 0.0333393 0.0304032 0.0314788 0.0344213 0.0267955 0.0406449 0.0345166 0.0342557 0.0320635 0.0353021 0.0352535 0.0356355 0.0301779 0.0390781 0.0353834 0.0323268 0.0321508 0.0346469 0.0337860 0.0343109 0.0337577 0.0323683 0.0278337 0.0369906 0.0284586 0.0315641 0.0259528 0.0287412 0.0282996 0.0279974 0.0394214 0.0319685 0.0330669 0.0368483 0.0228292 0.0238265 0.0310039 0.0336628 0.0323711 0.0328923 0.0322191 0.0280098 0.0299942 0.0308713 0.0278486 0.0307221 0.0313798 0.0260579 0.0000000 0.0259994 0.0266911 0.0261520 0.0332177 0.0362477 0.0317361 0.0356029 0.0319335 0.0315501 0.0272827 0.0305559 0.0239348 0.0256395 0.0314222 0.0306113 0.0366693 0.0275595 0.0302930 0.0320859 0.0388065 0.0328623 0.0295536 0.0307841 0.0297276 
pop3.indv2  0.0313898 0.0309805 0.0315645 0.0296752 0.0297938 0.0324452 0.0292665 0.0343488 0.0339412 0.0321071 0.0308618 0.0363313 0.0394517 0.0326681 0.0274208 0.0311021 0.0347570 0.0295267 0.0278337 0.0423286 0.0368823 0.0326394 0.0343358 0.0330196 0.0331271 0.0354731 0.0310662 0.0270165 0.0327425 0.0338945 0.0307221 0.0243815 0.0310737 0.0318418 0.0278839 0.0325345 0.0285476 0.0263569 0.0271732 0.0348379 0.0336321 0.0380812 0.0320124 0.0307639 0.0345325 0.0321277 0.0304875 0.0305561 0.0358654 0.0256510 0.0259994 0.0000000 0.0292869 0.0243707 0.0301837 0.0290120 0.0274920 0.0289344 0.0280354 0.0282787 0.0271610 0.0306119 0.0235824 0.0316642 0.0319623 0.0271853 0.0324303 0.0269845 0.0371949 0.0250956 0.0331809 0.0344962 0.0257904 0.0297169 0.0266969 
