75
pop1.indv21 0.0000000 0.0126352 0.0138616 0.0415057 0.0064039 0.0351472 0.0224923 0.0259127 0.0178941 0.0273089 0.0376796 0.0348801 0.0240609 0.0222916 0.0318994 0.0366731 0.0291328 0.0164055 0.0261522 0.0352552 0.0174008 0.0223581 0.0298384 0.0315633 0.0322429 0.0502214 0.0415057 0.0142570 0.0137662 0.0532259 0.0342508 0.0306631 0.0290882 0.0301083 0.0452760 0.0331620 0.0354732 0.0404691 0.0359736 0.0428946 0.0420442 0.0519971 0.0303832 0.0299728 0.0419585 0.0226281 0.0352011 0.0447676 0.0341443 0.0289109 0.0538429 0.0202169 0.0221597 0.0341231 0.0389143 0.0193535 0.0224250 0.0182758 0.0400317 0.0253707 0.0206242 0.0256776 0.0278160 0.0330148 0.0320948 0.0221925 0.0320948 0.0294494 0.0380823 0.0311900 0.0379664 0.0366170 0.0304759 0.0311413 0.0427583 
pop1.indv3  0.0126352 0.0000000 0.0071863 0.0345962 0.0128794 0.0259921 0.0273505 0.0250019 0.0336730 0.0256776 0.0285198 0.0331644 0.0389751 0.0305692 0.0249239 0.0316109 0.0159764 0.0306161 0.0290436 0.0191256 0.0272675 0.0243542 0.0336214 0.0324927 0.0270216 0.0401681 0.0174008 0.0611755 0.0581715 0.0395836 0.0341443 0.0476582 0.0273921 0.0428946 0.0302910 0.0374767 0.0357495 0.0402805 0.0406902 0.0517437 0.0422881 0.0457212 0.0340384 0.0370705 0.0376535 0.0504539 0.0447676 0.0435893 0.0333732 0.0338808 0.0128794 0.0133972 0.0398472 0.0295296 0.0280766 0.0405958 0.0441305 0.0243542 0.0220619 0.0366731 0.0254850 0.0256389 0.0215122 0.0271440 0.0165288 0.0254087 0.0329158 0.0241701 0.0337766 0.0377128 0.0285198 0.0256389 0.0273921 0.0306161 0.0347745 
pop1.indv23 0.0138616 0.0071863 0.0000000 0.0142570 0.0126352 0.0268200 0.0224586 0.0163810 0.0285627 0.0134876 0.0197958 0.0275179 0.0173756 0.0192674 0.0182203 0.0253329 0.0148061 0.0228699 0.0133080 0.0260319 0.0120453 0.0195869 0.0134876 0.0208083 0.0293129 0.0360981 0.0183598 0.0309004 0.0282754 0.0228350 0.0301514 0.0183037 0.0196759 0.0197357 0.0194987 0.0215122 0.0267285 0.0242802 0.0215122 0.0374181 0.0349598 0.0260719 0.0245036 0.0193824 0.0229750 0.0350156 0.0246929 0.0379519 0.0198261 0.0307576 0.0403850 0.0152348 0.0069855 0.0000010 0.0000010 0.0157928 0.0120453 0.0229399 0.0179476 0.0239169 0.0236340 0.0209015 0.0181376 0.0197657 0.0287357 0.0180286 0.0178941 0.0248851 0.0223915 0.0313368 0.0327475 0.0240972 0.0176051 0.0264785 0.0195280 
pop1.indv1  0.0415057 0.0345962 0.0142570 0.0000000 0.0127970 0.0187123 0.0269003 0.0244925 0.0262330 0.0210694 0.0511198 0.0229883 0.0276069 0.0158383 0.0280974 0.0310032 0.0300630 0.0359572 0.0157476 0.0218051 0.0229552 0.0295296 0.0244925 0.0263483 0.0228241 0.0374532 0.0199478 0.0557832 0.0325634 0.0200814 0.0282228 0.0376227 0.0295733 0.0250341 0.0375661 0.0455616 0.0463285 0.0408755 0.0372852 0.0309118 0.0366170 0.0396643 0.0387168 0.0315633 0.0287357 0.0247063 0.0288055 0.0250711 0.0376535 0.0371188 0.0577493 0.0348378 0.0280766 0.0196858 0.0297495 0.0283070 0.0231547 0.0183944 0.0259678 0.0320502 0.0289727 0.0280559 0.0301994 0.0283493 0.0245279 0.0233578 0.0215542 0.0204733 0.0202071 0.0291844 0.0216164 0.0310951 0.0202657 0.0272501 0.0228895 
pop1.indv24 0.0064039 0.0128794 0.0126352 0.0127970 0.0000000 0.0233578 0.0235297 0.0217418 0.0391848 0.0293560 0.0363612 0.0358495 0.0491121 0.0261187 0.0281809 0.0305960 0.0362292 0.0301083 0.0249973 0.0324767 0.0233237 0.0331144 0.0290570 0.0311413 0.0271850 0.0557832 0.0271235 0.0505247 0.0280766 0.0538429 0.0218687 0.0425171 0.0298384 0.0298384 0.0271031 0.0495704 0.0316109 0.0279732 0.0299728 0.0379087 0.0409377 0.0482464 0.0435698 0.0405676 0.0343067 0.0505935 0.0404060 0.0380243 0.0507546 0.0327685 0.0436246 0.0193055 0.0135792 0.0068892 0.0155913 0.0311413 0.0236340 0.0263870 0.0318027 0.0314685 0.0393235 0.0388327 0.0194987 0.0338015 0.0200911 0.0305692 0.0313275 0.0349865 0.0325248 0.0368423 0.0335544 0.0425820 0.0329158 0.0261567 0.0242824 
pop1.indv2  0.0351472 0.0259921 0.0268200 0.0187123 0.0233578 0.0000000 0.0281030 0.0284681 0.0279457 0.0272496 0.0303699 0.0273599 0.0302844 0.0270901 0.0286475 0.0301243 0.0265986 0.0296088 0.0256645 0.0297076 0.0271172 0.0302949 0.0292580 0.0267894 0.0267977 0.0327475 0.0354819 0.0344095 0.0260319 0.0430416 0.0310820 0.0337766 0.0334158 0.0326186 0.0395493 0.0345452 0.0340648 0.0379948 0.0359576 0.0348355 0.0382793 0.0347569 0.0381318 0.0336370 0.0326396 0.0378726 0.0354352 0.0377586 0.0312009 0.0357082 0.0245279 0.0211544 0.0199763 0.0265821 0.0191256 0.0251720 0.0233380 0.0268816 0.0329824 0.0296056 0.0285922 0.0280067 0.0330875 0.0297262 0.0316000 0.0316198 0.0305483 0.0284409 0.0272750 0.0258405 0.0247234 0.0320215 0.0323768 0.0316099 0.0289602 
pop1.indv4  0.0224923 0.0273505 0.0224586 0.0269003 0.0235297 0.0281030 0.0000000 0.0289384 0.0282908 0.0256011 0.0328156 0.0312779 0.0311413 0.0227670 0.0274282 0.0235360 0.0289161 0.0258405 0.0241964 0.0251720 0.0255617 0.0277047 0.0233237 0.0280591 0.0323277 0.0359173 0.0286403 0.0314214 0.0330054 0.0391257 0.0317007 0.0300559 0.0341253 0.0360422 0.0328432 0.0305653 0.0312200 0.0360611 0.0335943 0.0402230 0.0323277 0.0400175 0.0329950 0.0383041 0.0322365 0.0322765 0.0349655 0.0340374 0.0339391 0.0316397 0.0278500 0.0238456 0.0297053 0.0315158 0.0220294 0.0325031 0.0294971 0.0294710 0.0305134 0.0306152 0.0254753 0.0305134 0.0266698 0.0270580 0.0320731 0.0324381 0.0288485 0.0309835 0.0309851 0.0264126 0.0285396 0.0312398 0.0260943 0.0286546 0.0281680 
pop1.indv5  0.0259127 0.0250019 0.0163810 0.0244925 0.0217418 0.0284681 0.0289384 0.0000000 0.0291581 0.0260639 0.0313565 0.0287502 0.0307825 0.0288485 0.0268228 0.0277473 0.0274905 0.0292023 0.0256645 0.0265410 0.0253246 0.0254822 0.0248397 0.0242499 0.0297635 0.0273089 0.0418057 0.0358495 0.0397836 0.0410625 0.0295714 0.0337228 0.0291290 0.0337335 0.0368873 0.0346646 0.0304654 0.0330679 0.0345853 0.0358661 0.0402330 0.0383288 0.0335169 0.0356732 0.0327908 0.0364965 0.0332990 0.0335943 0.0349206 0.0319423 0.0352687 0.0207774 0.0235297 0.0263870 0.0300178 0.0308857 0.0259170 0.0267393 0.0288754 0.0298421 0.0304911 0.0305197 0.0294243 0.0307692 0.0273889 0.0292398 0.0316839 0.0317757 0.0289602 0.0321745 0.0286011 0.0270076 0.0307209 0.0257737 0.0318325 
pop1.indv6  0.0178941 0.0336730 0.0285627 0.0262330 0.0391848 0.0279457 0.0282908 0.0291581 0.0000000 0.0267005 0.0272159 0.0319524 0.0329765 0.0244511 0.0271341 0.0318947 0.0312975 0.0273599 0.0314816 0.0275416 0.0250229 0.0286189 0.0277302 0.0278160 0.0318798 0.0350399 0.0328816 0.0433087 0.0295871 0.0511995 0.0395772 0.0341056 0.0318466 0.0421262 0.0374436 0.0355946 0.0353899 0.0338140 0.0344451 0.0403241 0.0400666 0.0388342 0.0338828 0.0354477 0.0387004 0.0356968 0.0326243 0.0352997 0.0424296 0.0346290 0.0352169 0.0240972 0.0295733 0.0261567 0.0342044 0.0344997 0.0281030 0.0306824 0.0296704 0.0273215 0.0313641 0.0343255 0.0350940 0.0312877 0.0285212 0.0269992 0.0302648 0.0282798 0.0323745 0.0320832 0.0334033 0.0272412 0.0254596 0.0298980 0.0351396 
pop1.indv7  0.0273089 0.0256776 0.0134876 0.0210694 0.0293560 0.0272496 0.0256011 0.0260639 0.0267005 0.0000000 0.0296025 0.0280723 0.0306014 0.0218302 0.0298290 0.0302835 0.0311219 0.0227320 0.0248017 0.0258611 0.0234461 0.0251329 0.0252734 0.0277902 0.0247311 0.0336214 0.0375944 0.0379087 0.0335872 0.0381990 0.0326970 0.0331620 0.0327845 0.0332146 0.0366633 0.0371240 0.0296519 0.0351652 0.0293771 0.0387843 0.0310826 0.0388260 0.0300588 0.0326916 0.0333839 0.0359806 0.0380828 0.0326866 0.0362117 0.0303870 0.0386591 0.0352552 0.0323810 0.0219971 0.0282649 0.0259651 0.0270160 0.0260781 0.0265246 0.0260799 0.0276024 0.0268739 0.0282265 0.0299447 0.0231248 0.0308401 0.0264023 0.0239463 0.0294402 0.0228908 0.0259250 0.0275331 0.0249162 0.0251844 0.0285032 
pop1.indv8  0.0376796 0.0285198 0.0197958 0.0511198 0.0363612 0.0303699 0.0328156 0.0313565 0.0272159 0.0296025 0.0000000 0.0276534 0.0365034 0.0244361 0.0317593 0.0285821 0.0334350 0.0319323 0.0271486 0.0292125 0.0269908 0.0285123 0.0321339 0.0243923 0.0327328 0.0472065 0.0325542 0.0388910 0.0303832 0.0494934 0.0329405 0.0346646 0.0340947 0.0392558 0.0360151 0.0339430 0.0330158 0.0417867 0.0392605 0.0392938 0.0375105 0.0350044 0.0382799 0.0348115 0.0378847 0.0335836 0.0422577 0.0326347 0.0379092 0.0322954 0.0277685 0.0440608 0.0293560 0.0290148 0.0265428 0.0349598 0.0270833 0.0293404 0.0268076 0.0319323 0.0319244 0.0316595 0.0319606 0.0317234 0.0306489 0.0312779 0.0301901 0.0275832 0.0357060 0.0303794 0.0269824 0.0316695 0.0288754 0.0324454 0.0298274 
pop1.indv9  0.0348801 0.0331644 0.0275179 0.0229883 0.0358495 0.0273599 0.0312779 0.0287502 0.0319524 0.0280723 0.0276534 0.0000000 0.0289691 0.0250305 0.0328467 0.0263295 0.0298887 0.0237981 0.0242798 0.0278850 0.0259651 0.0276530 0.0304788 0.0262411 0.0292946 0.0377723 0.0339201 0.0342044 0.0374767 0.0566530 0.0324306 0.0326450 0.0371717 0.0377753 0.0359726 0.0400018 0.0347716 0.0419490 0.0390166 0.0407650 0.0354125 0.0371359 0.0345309 0.0437560 0.0363753 0.0413980 0.0409553 0.0394753 0.0376854 0.0349543 0.0400844 0.0364498 0.0265821 0.0350935 0.0353638 0.0353468 0.0320428 0.0281646 0.0346290 0.0316544 0.0340142 0.0268324 0.0323072 0.0308017 0.0335590 0.0346946 0.0391905 0.0332252 0.0336013 0.0346290 0.0280591 0.0287353 0.0262899 0.0301336 0.0312088 
pop1.indv10 0.0240609 0.0389751 0.0173756 0.0276069 0.0491121 0.0302844 0.0311413 0.0307825 0.0329765 0.0306014 0.0365034 0.0289691 0.0000000 0.0306679 0.0284502 0.0335976 0.0292307 0.0267061 0.0307305 0.0352910 0.0289474 0.0271570 0.0314915 0.0318723 0.0310240 0.0395940 0.0470116 0.0425820 0.0431698 0.0482464 0.0361421 0.0393446 0.0383535 0.0366867 0.0421125 0.0419083 0.0360341 0.0419490 0.0350096 0.0471507 0.0394880 0.0403543 0.0369927 0.0448364 0.0397310 0.0414114 0.0421948 0.0425052 0.0390857 0.0413456 0.0378688 0.0285198 0.0307756 0.0414418 0.0338513 0.0361831 0.0301994 0.0359233 0.0383286 0.0302087 0.0339611 0.0328260 0.0310327 0.0328605 0.0296575 0.0331725 0.0358297 0.0284680 0.0332042 0.0329846 0.0299073 0.0270580 0.0335696 0.0318027 0.0349489 
pop1.indv11 0.0222916 0.0305692 0.0192674 0.0158383 0.0261187 0.0270901 0.0227670 0.0288485 0.0244511 0.0218302 0.0244361 0.0250305 0.0306679 0.0000000 0.0268312 0.0244886 0.0284324 0.0257203 0.0276616 0.0262087 0.0257816 0.0253481 0.0244736 0.0242425 0.0312398 0.0303832 0.0249932 0.0294425 0.0300630 0.0443044 0.0345655 0.0321136 0.0338414 0.0343252 0.0342924 0.0310032 0.0288306 0.0340864 0.0305769 0.0391044 0.0337499 0.0339283 0.0292857 0.0362234 0.0354692 0.0314454 0.0316496 0.0290743 0.0351389 0.0274142 0.0295296 0.0239887 0.0339515 0.0402643 0.0282228 0.0266150 0.0283084 0.0250318 0.0283526 0.0252734 0.0293310 0.0256328 0.0248773 0.0261683 0.0270484 0.0279892 0.0277302 0.0278436 0.0290228 0.0275416 0.0248474 0.0267144 0.0240544 0.0257658 0.0287236 
pop1.indv12 0.0318994 0.0249239 0.0182203 0.0280974 0.0281809 0.0286475 0.0274282 0.0268228 0.0271341 0.0298290 0.0317593 0.0328467 0.0284502 0.0268312 0.0000000 0.0267894 0.0305326 0.0253375 0.0296462 0.0254031 0.0218998 0.0293778 0.0279135 0.0258647 0.0289800 0.0337247 0.0387018 0.0405323 0.0231883 0.0367293 0.0357105 0.0282956 0.0358505 0.0337385 0.0325592 0.0320203 0.0309819 0.0371020 0.0371260 0.0387542 0.0358017 0.0345694 0.0353334 0.0371478 0.0311313 0.0374288 0.0354682 0.0339682 0.0388430 0.0320215 0.0319105 0.0319481 0.0250341 0.0263483 0.0224250 0.0334052 0.0273476 0.0283244 0.0274513 0.0326504 0.0233380 0.0301706 0.0255053 0.0251173 0.0341512 0.0262002 0.0326197 0.0342357 0.0304367 0.0333945 0.0278101 0.0262166 0.0286024 0.0317093 0.0263143 
pop1.indv13 0.0366731 0.0316109 0.0253329 0.0310032 0.0305960 0.0301243 0.0235360 0.0277473 0.0318947 0.0302835 0.0285821 0.0263295 0.0335976 0.0244886 0.0267894 0.0000000 0.0288664 0.0266729 0.0275160 0.0277131 0.0259410 0.0313934 0.0257421 0.0228489 0.0303508 0.0282228 0.0311855 0.0342555 0.0291328 0.0498028 0.0313270 0.0330783 0.0322662 0.0357539 0.0332251 0.0307499 0.0301994 0.0301524 0.0321943 0.0327225 0.0315013 0.0363050 0.0332043 0.0376653 0.0341404 0.0311705 0.0358092 0.0368280 0.0342815 0.0309867 0.0137095 0.0240248 0.0213698 0.0231883 0.0214616 0.0322145 0.0278764 0.0283437 0.0260719 0.0269654 0.0266269 0.0307825 0.0286295 0.0330279 0.0339824 0.0290139 0.0318552 0.0304750 0.0292046 0.0268490 0.0280290 0.0273636 0.0283627 0.0270068 0.0268091 
pop1.indv14 0.0291328 0.0159764 0.0148061 0.0300630 0.0362292 0.0265986 0.0289161 0.0274905 0.0312975 0.0311219 0.0334350 0.0298887 0.0292307 0.0284324 0.0305326 0.0288664 0.0000000 0.0301046 0.0332668 0.0305387 0.0268480 0.0297822 0.0259170 0.0310240 0.0263797 0.0373597 0.0355325 0.0396037 0.0449841 0.0487799 0.0386030 0.0347310 0.0320408 0.0362816 0.0368632 0.0380562 0.0351987 0.0395644 0.0364614 0.0386754 0.0364614 0.0408527 0.0413722 0.0349265 0.0320113 0.0349318 0.0406595 0.0379825 0.0338585 0.0338569 0.0139779 0.0282649 0.0286489 0.0229883 0.0208393 0.0337393 0.0294786 0.0275141 0.0304176 0.0283977 0.0294860 0.0284413 0.0308930 0.0348489 0.0236372 0.0298478 0.0308497 0.0324824 0.0301149 0.0271765 0.0265115 0.0270749 0.0289564 0.0325165 0.0344011 
pop1.indv15 0.0164055 0.0306161 0.0228699 0.0359572 0.0301083 0.0296088 0.0258405 0.0292023 0.0273599 0.0227320 0.0319323 0.0237981 0.0267061 0.0257203 0.0253375 0.0266729 0.0301046 0.0000000 0.0248773 0.0302655 0.0298384 0.0332779 0.0300197 0.0262330 0.0278261 0.0385533 0.0388694 0.0281809 0.0308526 0.0546252 0.0305849 0.0337120 0.0374288 0.0357555 0.0342808 0.0357439 0.0377463 0.0353899 0.0403241 0.0384778 0.0381797 0.0374288 0.0335410 0.0369466 0.0357209 0.0388638 0.0387037 0.0339609 0.0386281 0.0352884 0.0323810 0.0223915 0.0268601 0.0300630 0.0331144 0.0306195 0.0289252 0.0266363 0.0331827 0.0279197 0.0297680 0.0257123 0.0268214 0.0275745 0.0291564 0.0274797 0.0270160 0.0295554 0.0342597 0.0287109 0.0238645 0.0281118 0.0271510 0.0314454 0.0314454 
pop1.indv16 0.0261522 0.0290436 0.0133080 0.0157476 0.0249973 0.0256645 0.0241964 0.0256645 0.0314816 0.0248017 0.0271486 0.0242798 0.0307305 0.0276616 0.0296462 0.0275160 0.0332668 0.0248773 0.0000000 0.0284413 0.0265364 0.0271172 0.0284858 0.0259812 0.0252506 0.0289550 0.0364675 0.0304295 0.0326455 0.0446466 0.0294430 0.0351164 0.0316047 0.0334692 0.0371260 0.0336477 0.0333945 0.0412775 0.0319100 0.0376854 0.0373517 0.0350443 0.0333297 0.0344342 0.0350330 0.0346563 0.0356175 0.0333414 0.0392637 0.0289070 0.0421321 0.0241701 0.0359572 0.0218687 0.0352011 0.0287263 0.0254189 0.0259213 0.0276875 0.0272075 0.0257658 0.0285575 0.0297778 0.0309076 0.0333928 0.0310435 0.0304532 0.0276439 0.0302183 0.0307499 0.0278873 0.0284235 0.0290379 0.0316994 0.0278937 
pop1.indv17 0.0352552 0.0191256 0.0260319 0.0218051 0.0324767 0.0297076 0.0251720 0.0265410 0.0275416 0.0258611 0.0292125 0.0278850 0.0352910 0.0262087 0.0254031 0.0277131 0.0305387 0.0302655 0.0284413 0.0000000 0.0257043 0.0299515 0.0285655 0.0303699 0.0249628 0.0449841 0.0249239 0.0357959 0.0338286 0.0343580 0.0310327 0.0333414 0.0325239 0.0376125 0.0373836 0.0358227 0.0318495 0.0351094 0.0369698 0.0344129 0.0374196 0.0379580 0.0329121 0.0365116 0.0315847 0.0336049 0.0335943 0.0357654 0.0356519 0.0360341 0.0246704 0.0262713 0.0236340 0.0394231 0.0326710 0.0323277 0.0271680 0.0257442 0.0282732 0.0290858 0.0267581 0.0298009 0.0270765 0.0315248 0.0290768 0.0257923 0.0277730 0.0314485 0.0302088 0.0305387 0.0263062 0.0327328 0.0264043 0.0297865 0.0294585 
pop1.indv18 0.0174008 0.0272675 0.0120453 0.0229552 0.0233237 0.0271172 0.0255617 0.0253246 0.0250229 0.0234461 0.0269908 0.0259651 0.0289474 0.0257816 0.0218998 0.0259410 0.0268480 0.0298384 0.0265364 0.0257043 0.0000000 0.0300668 0.0271319 0.0257442 0.0275918 0.0321440 0.0271332 0.0350935 0.0280766 0.0561429 0.0320418 0.0294243 0.0322674 0.0373396 0.0311612 0.0313686 0.0339862 0.0334265 0.0330992 0.0376004 0.0358227 0.0328537 0.0283084 0.0362292 0.0364812 0.0361653 0.0382054 0.0365905 0.0358249 0.0314058 0.0303744 0.0284770 0.0344612 0.0249973 0.0235991 0.0328779 0.0267560 0.0256900 0.0278261 0.0267252 0.0251226 0.0273259 0.0305167 0.0283437 0.0287983 0.0320126 0.0328296 0.0304488 0.0305864 0.0294324 0.0275227 0.0260457 0.0291016 0.0280591 0.0297680 
pop1.indv19 0.0223581 0.0243542 0.0195869 0.0295296 0.0331144 0.0302949 0.0277047 0.0254822 0.0286189 0.0251329 0.0285123 0.0276530 0.0271570 0.0253481 0.0293778 0.0313934 0.0297822 0.0332779 0.0271172 0.0299515 0.0300668 0.0000000 0.0270244 0.0240693 0.0298290 0.0342508 0.0464635 0.0322429 0.0310445 0.0631842 0.0305264 0.0335334 0.0357324 0.0329802 0.0335656 0.0338739 0.0355603 0.0358227 0.0350491 0.0345896 0.0388968 0.0385153 0.0331620 0.0413310 0.0340484 0.0308536 0.0374917 0.0370301 0.0394692 0.0316297 0.0321440 0.0315158 0.0345650 0.0215542 0.0255233 0.0323482 0.0294430 0.0278000 0.0278261 0.0307305 0.0272328 0.0290743 0.0276178 0.0277393 0.0288664 0.0301614 0.0332668 0.0292944 0.0320529 0.0298384 0.0278960 0.0290379 0.0289745 0.0310630 0.0292034 
pop1.indv20 0.0298384 0.0336214 0.0134876 0.0244925 0.0290570 0.0292580 0.0233237 0.0248397 0.0277302 0.0252734 0.0321339 0.0304788 0.0314915 0.0244736 0.0279135 0.0257421 0.0259170 0.0300197 0.0284858 0.0285655 0.0271319 0.0270244 0.0000000 0.0257342 0.0290470 0.0346290 0.0363816 0.0372852 0.0340384 0.0360655 0.0314950 0.0321846 0.0361421 0.0325510 0.0375038 0.0376786 0.0316994 0.0315947 0.0356958 0.0336584 0.0382300 0.0357082 0.0267581 0.0365957 0.0334478 0.0335517 0.0335198 0.0370883 0.0347754 0.0310348 0.0305070 0.0352552 0.0285627 0.0272262 0.0297053 0.0309463 0.0273259 0.0247081 0.0261845 0.0320838 0.0251736 0.0269657 0.0258889 0.0305673 0.0294585 0.0294860 0.0303399 0.0312991 0.0278332 0.0285123 0.0242723 0.0301806 0.0264837 0.0301149 0.0275348 
pop1.indv22 0.0315633 0.0324927 0.0208083 0.0263483 0.0311413 0.0267894 0.0280591 0.0242499 0.0278160 0.0277902 0.0243923 0.0262411 0.0318723 0.0242425 0.0258647 0.0228489 0.0310240 0.0262330 0.0259812 0.0303699 0.0257442 0.0240693 0.0257342 0.0000000 0.0317593 0.0373015 0.0337766 0.0403431 0.0273921 0.0453471 0.0321953 0.0323997 0.0297778 0.0347199 0.0396136 0.0335979 0.0315947 0.0341711 0.0355718 0.0354806 0.0366494 0.0385028 0.0286814 0.0348489 0.0380932 0.0319809 0.0321136 0.0329929 0.0358365 0.0309851 0.0227591 0.0293129 0.0250711 0.0215542 0.0294860 0.0303813 0.0249084 0.0273599 0.0250939 0.0283890 0.0263780 0.0297822 0.0284139 0.0286100 0.0294677 0.0290107 0.0335169 0.0264064 0.0292216 0.0279283 0.0261676 0.0287173 0.0297635 0.0281680 0.0285477 
pop1.indv25 0.0322429 0.0270216 0.0293129 0.0228241 0.0271850 0.0267977 0.0323277 0.0297635 0.0318798 0.0247311 0.0327328 0.0292946 0.0310240 0.0312398 0.0289800 0.0303508 0.0263797 0.0278261 0.0252506 0.0249628 0.0275918 0.0298290 0.0290470 0.0317593 0.0000000 0.0327988 0.0339201 0.0353094 0.0387505 0.0399700 0.0322984 0.0346452 0.0336843 0.0368155 0.0387631 0.0367441 0.0360036 0.0347977 0.0318596 0.0335764 0.0359842 0.0347457 0.0305230 0.0349154 0.0373396 0.0341473 0.0353198 0.0381673 0.0365403 0.0314553 0.0274869 0.0374767 0.0281391 0.0287793 0.0310445 0.0340187 0.0275141 0.0245060 0.0312892 0.0270412 0.0278246 0.0325717 0.0267454 0.0263715 0.0329950 0.0283526 0.0365000 0.0306044 0.0300668 0.0315248 0.0254426 0.0294786 0.0265364 0.0339361 0.0303128 
pop2.indv16 0.0502214 0.0401681 0.0360981 0.0374532 0.0557832 0.0327475 0.0359173 0.0273089 0.0350399 0.0336214 0.0472065 0.0377723 0.0395940 0.0303832 0.0337247 0.0282228 0.0373597 0.0385533 0.0289550 0.0449841 0.0321440 0.0342508 0.0346290 0.0373015 0.0327988 0.0000000 0.0395836 0.0215233 0.0228350 0.0642849 0.0327197 0.0246168 0.0318510 0.0276024 0.0453471 0.0258733 0.0255617 0.0349865 0.0282228 0.0492467 0.0305692 0.0276449 0.0295733 0.0423546 0.0292677 0.0283493 0.0276449 0.0341975 0.0308050 0.0328666 0.0210694 0.0386130 0.0420897 0.0452760 0.0206343 0.0271850 0.0309483 0.0210906 0.0454975 0.0352552 0.0336730 0.0466652 0.0227656 0.0328502 0.0367293 0.0329653 0.0417632 0.0395940 0.0320457 0.0367808 0.0358612 0.0273089 0.0375354 0.0399700 0.0457781 
pop2.indv21 0.0415057 0.0174008 0.0183598 0.0199478 0.0271235 0.0354819 0.0286403 0.0418057 0.0328816 0.0375944 0.0325542 0.0339201 0.0470116 0.0249932 0.0387018 0.0311855 0.0355325 0.0388694 0.0364675 0.0249239 0.0271332 0.0464635 0.0363816 0.0337766 0.0339201 0.0395836 0.0000000 0.0321440 0.0182480 0.0594762 0.0233157 0.0302410 0.0208641 0.0309221 0.0357361 0.0313637 0.0307060 0.0308787 0.0313637 0.0299407 0.0263423 0.0300695 0.0233157 0.0301994 0.0344074 0.0326942 0.0320991 0.0347065 0.0387575 0.0186950 0.0260619 0.0288055 0.0355832 0.0345962 0.0327783 0.0336816 0.0349089 0.0346062 0.0360459 0.0345065 0.0309221 0.0366903 0.0368467 0.0377586 0.0423569 0.0406003 0.0326942 0.0299407 0.0338721 0.0312744 0.0269789 0.0407188 0.0265635 0.0404240 0.0438164 
pop2.indv13 0.0142570 0.0611755 0.0309004 0.0557832 0.0505247 0.0344095 0.0314214 0.0358495 0.0433087 0.0379087 0.0388910 0.0342044 0.0425820 0.0294425 0.0405323 0.0342555 0.0396037 0.0281809 0.0304295 0.0357959 0.0350935 0.0322429 0.0372852 0.0403431 0.0353094 0.0215233 0.0321440 0.0000000 0.0700826 0.0637691 0.0236340 0.0332146 0.0347569 0.0338513 0.0349332 0.0360655 0.0359033 0.0296172 0.0336035 0.0352552 0.0286489 0.0452760 0.0340018 0.0353208 0.0267402 0.0287227 0.0322858 0.0319569 0.0507546 0.0366820 0.0532259 0.0433087 0.0395313 0.0412197 0.0498028 0.0313743 0.0475042 0.0356892 0.0506739 0.0413781 0.0354253 0.0307305 0.0335188 0.0388910 0.0406902 0.0400936 0.0322858 0.0490122 0.0386591 0.0479467 0.0379664 0.0478724 0.0411882 0.0370086 0.0428434 
pop2.indv8  0.0137662 0.0581715 0.0282754 0.0325634 0.0280766 0.0260319 0.0330054 0.0397836 0.0295871 0.0335872 0.0303832 0.0374767 0.0431698 0.0300630 0.0231883 0.0291328 0.0449841 0.0308526 0.0326455 0.0338286 0.0280766 0.0310445 0.0340384 0.0273921 0.0387505 0.0228350 0.0182480 0.0700826 0.0000000 0.0130475 0.0282532 0.0289109 0.0273089 0.0319481 0.0242067 0.0294952 0.0261925 0.0362006 0.0161169 0.0260319 0.0322925 0.0289550 0.0259921 0.0273089 0.0229048 0.0307576 0.0276024 0.0419083 0.0296334 0.0215786 0.0540517 0.0436246 0.0418542 0.0617181 0.0247183 0.0333732 0.0387505 0.0396570 0.0229750 0.0272262 0.0313275 0.0262736 0.0346837 0.0375354 0.0368423 0.0375944 0.0264372 0.0339132 0.0298831 0.0289109 0.0274339 0.0409161 0.0272262 0.0262736 0.0358612 
pop2.indv7  0.0532259 0.0395836 0.0228350 0.0200814 0.0538429 0.0430416 0.0391257 0.0410625 0.0511995 0.0381990 0.0494934 0.0566530 0.0482464 0.0443044 0.0367293 0.0498028 0.0487799 0.0546252 0.0446466 0.0343580 0.0561429 0.0631842 0.0360655 0.0453471 0.0399700 0.0642849 0.0594762 0.0637691 0.0130475 0.0000000 0.0415057 0.0346171 0.0336528 0.0376796 0.0441690 0.0333154 0.0320970 0.0279732 0.0285198 0.0380243 0.0437016 0.0413781 0.0237746 0.0373411 0.0386130 0.0433760 0.0349332 0.0432416 0.0420897 0.0356892 0.0878472 0.0648091 0.0395313 0.1082165 0.0540517 0.0577493 0.0448544 0.0428263 0.0466175 0.0549802 0.0514399 0.0474313 0.0426470 0.0400317 0.0569672 0.0654734 0.0501950 0.0514929 0.0423880 0.0445091 0.0445777 0.0478724 0.0504333 0.0513595 0.0466433 
pop2.indv1  0.0342508 0.0341443 0.0301514 0.0282228 0.0218687 0.0310820 0.0317007 0.0295714 0.0395772 0.0326970 0.0329405 0.0324306 0.0361421 0.0345655 0.0357105 0.0313270 0.0386030 0.0305849 0.0294430 0.0310327 0.0320418 0.0305264 0.0314950 0.0321953 0.0322984 0.0327197 0.0233157 0.0236340 0.0282532 0.0415057 0.0000000 0.0222626 0.0245212 0.0268061 0.0288707 0.0242717 0.0283614 0.0269657 0.0273855 0.0281646 0.0293037 0.0263649 0.0244138 0.0291943 0.0296837 0.0228444 0.0288306 0.0208923 0.0273648 0.0255223 0.0307305 0.0373597 0.0373971 0.0247063 0.0284343 0.0308831 0.0273046 0.0276962 0.0307166 0.0356285 0.0311806 0.0341383 0.0288476 0.0369466 0.0328779 0.0331404 0.0351652 0.0323606 0.0302280 0.0327490 0.0274625 0.0297025 0.0286475 0.0285306 0.0326504 
pop2.indv2  0.0306631 0.0476582 0.0183037 0.0376227 0.0425171 0.0337766 0.0300559 0.0337228 0.0341056 0.0331620 0.0346646 0.0326450 0.0393446 0.0321136 0.0282956 0.0330783 0.0347310 0.0337120 0.0351164 0.0333414 0.0294243 0.0335334 0.0321846 0.0323997 0.0346452 0.0246168 0.0302410 0.0332146 0.0289109 0.0346171 0.0222626 0.0000000 0.0251564 0.0266895 0.0282354 0.0254742 0.0262411 0.0281244 0.0255223 0.0317393 0.0254110 0.0291381 0.0212186 0.0289113 0.0298478 0.0250862 0.0265656 0.0276961 0.0278523 0.0249623 0.0364498 0.0315847 0.0339515 0.0283917 0.0333660 0.0365083 0.0309835 0.0270339 0.0334692 0.0377390 0.0324074 0.0341493 0.0317007 0.0339646 0.0337606 0.0293036 0.0324791 0.0364418 0.0326243 0.0314385 0.0250410 0.0317454 0.0279750 0.0318395 0.0339896 
pop2.indv3  0.0290882 0.0273921 0.0196759 0.0295733 0.0298384 0.0334158 0.0341253 0.0291290 0.0318466 0.0327845 0.0340947 0.0371717 0.0383535 0.0338414 0.0358505 0.0322662 0.0320408 0.0374288 0.0316047 0.0325239 0.0322674 0.0357324 0.0361421 0.0297778 0.0336843 0.0318510 0.0208641 0.0347569 0.0273089 0.0336528 0.0245212 0.0251564 0.0000000 0.0297635 0.0273132 0.0282709 0.0246396 0.0260538 0.0249469 0.0315547 0.0305519 0.0287472 0.0255853 0.0272496 0.0241215 0.0277306 0.0300385 0.0247771 0.0282000 0.0282380 0.0294425 0.0292677 0.0284343 0.0347745 0.0322429 0.0375700 0.0314385 0.0339174 0.0355489 0.0355261 0.0344233 0.0334906 0.0317822 0.0345120 0.0354465 0.0345231 0.0357311 0.0351996 0.0362001 0.0332040 0.0300845 0.0322571 0.0312991 0.0361537 0.0377148 
pop2.indv4  0.0301083 0.0428946 0.0197357 0.0250341 0.0298384 0.0326186 0.0360422 0.0337335 0.0421262 0.0332146 0.0392558 0.0377753 0.0366867 0.0343252 0.0337385 0.0357539 0.0362816 0.0357555 0.0334692 0.0376125 0.0373396 0.0329802 0.0325510 0.0347199 0.0368155 0.0276024 0.0309221 0.0338513 0.0319481 0.0376796 0.0268061 0.0266895 0.0297635 0.0000000 0.0315703 0.0297025 0.0301994 0.0246244 0.0250241 0.0309835 0.0279370 0.0375038 0.0273804 0.0298421 0.0306195 0.0278174 0.0316397 0.0297916 0.0265033 0.0278160 0.0396643 0.0448395 0.0356892 0.0271031 0.0391588 0.0340947 0.0366731 0.0317720 0.0335120 0.0387843 0.0331306 0.0370301 0.0292662 0.0351952 0.0342706 0.0365669 0.0356854 0.0352945 0.0355945 0.0351614 0.0345010 0.0359726 0.0282887 0.0307402 0.0458822 
pop2.indv5  0.0452760 0.0302910 0.0194987 0.0375661 0.0271031 0.0395493 0.0328432 0.0368873 0.0374436 0.0366633 0.0360151 0.0359726 0.0421125 0.0342924 0.0325592 0.0332251 0.0368632 0.0342808 0.0371260 0.0373836 0.0311612 0.0335656 0.0375038 0.0396136 0.0387631 0.0453471 0.0357361 0.0349332 0.0242067 0.0441690 0.0288707 0.0282354 0.0273132 0.0315703 0.0000000 0.0271680 0.0294768 0.0269824 0.0265574 0.0271341 0.0273514 0.0302185 0.0255538 0.0306535 0.0267560 0.0278873 0.0305769 0.0288889 0.0296555 0.0261442 0.0439007 0.0302910 0.0366731 0.0304295 0.0367857 0.0391237 0.0367679 0.0341363 0.0394979 0.0405414 0.0287442 0.0358112 0.0361238 0.0363401 0.0390793 0.0405734 0.0398215 0.0368629 0.0343471 0.0388842 0.0345342 0.0372795 0.0362001 0.0339430 0.0379610 
pop2.indv6  0.0331620 0.0374767 0.0215122 0.0455616 0.0495704 0.0345452 0.0305653 0.0346646 0.0355946 0.0371240 0.0339430 0.0400018 0.0419083 0.0310032 0.0320203 0.0307499 0.0380562 0.0357439 0.0336477 0.0358227 0.0313686 0.0338739 0.0376786 0.0335979 0.0367441 0.0258733 0.0313637 0.0360655 0.0294952 0.0333154 0.0242717 0.0254742 0.0282709 0.0297025 0.0271680 0.0000000 0.0273344 0.0270244 0.0288664 0.0305230 0.0315947 0.0317050 0.0241535 0.0248245 0.0307402 0.0242189 0.0254189 0.0242723 0.0275745 0.0251844 0.0424524 0.0406263 0.0263098 0.0296172 0.0290436 0.0355147 0.0339065 0.0339174 0.0364223 0.0372076 0.0339575 0.0348534 0.0370917 0.0339283 0.0397575 0.0368991 0.0341295 0.0357570 0.0321846 0.0400018 0.0340947 0.0297590 0.0331615 0.0315348 0.0335517 
pop2.indv9  0.0354732 0.0357495 0.0267285 0.0463285 0.0316109 0.0340648 0.0312200 0.0304654 0.0353899 0.0296519 0.0330158 0.0347716 0.0360341 0.0288306 0.0309819 0.0301994 0.0351987 0.0377463 0.0333945 0.0318495 0.0339862 0.0355603 0.0316994 0.0315947 0.0360036 0.0255617 0.0307060 0.0359033 0.0261925 0.0320970 0.0283614 0.0262411 0.0246396 0.0301994 0.0294768 0.0273344 0.0000000 0.0270401 0.0238686 0.0301430 0.0253817 0.0296056 0.0266951 0.0278487 0.0282644 0.0283172 0.0295023 0.0309851 0.0288934 0.0222205 0.0327685 0.0363152 0.0317545 0.0361744 0.0358495 0.0342380 0.0362638 0.0329092 0.0343580 0.0350428 0.0232451 0.0341512 0.0325447 0.0333414 0.0337180 0.0353560 0.0312485 0.0350782 0.0320731 0.0373717 0.0318495 0.0332146 0.0281646 0.0362922 0.0370044 
pop2.indv10 0.0404691 0.0402805 0.0242802 0.0408755 0.0279732 0.0379948 0.0360611 0.0330679 0.0338140 0.0351652 0.0417867 0.0419490 0.0419490 0.0340864 0.0371020 0.0301524 0.0395644 0.0353899 0.0412775 0.0351094 0.0334265 0.0358227 0.0315947 0.0341711 0.0347977 0.0349865 0.0308787 0.0296172 0.0362006 0.0279732 0.0269657 0.0281244 0.0260538 0.0246244 0.0269824 0.0270244 0.0270401 0.0000000 0.0280984 0.0310240 0.0306920 0.0318798 0.0272461 0.0270317 0.0290016 0.0267560 0.0279197 0.0277306 0.0304271 0.0273383 0.0368991 0.0468924 0.0361744 0.0315633 0.0300630 0.0393192 0.0375762 0.0311806 0.0390225 0.0423198 0.0332773 0.0352997 0.0376976 0.0356285 0.0397192 0.0325304 0.0349874 0.0340484 0.0339575 0.0364031 0.0363914 0.0310924 0.0330770 0.0365815 0.0382674 
pop2.indv11 0.0359736 0.0406902 0.0215122 0.0372852 0.0299728 0.0359576 0.0335943 0.0345853 0.0344451 0.0293771 0.0392605 0.0390166 0.0350096 0.0305769 0.0371260 0.0321943 0.0364614 0.0403241 0.0319100 0.0369698 0.0330992 0.0350491 0.0356958 0.0355718 0.0318596 0.0282228 0.0313637 0.0336035 0.0161169 0.0285198 0.0273855 0.0255223 0.0249469 0.0250241 0.0265574 0.0288664 0.0238686 0.0280984 0.0000000 0.0298421 0.0276875 0.0320630 0.0258969 0.0233431 0.0302655 0.0273004 0.0293582 0.0262655 0.0332354 0.0268255 0.0469268 0.0444822 0.0445777 0.0445777 0.0366170 0.0319724 0.0334773 0.0301046 0.0358547 0.0322853 0.0331417 0.0370749 0.0330559 0.0369580 0.0353356 0.0375944 0.0393526 0.0353198 0.0342175 0.0296983 0.0323380 0.0324893 0.0353109 0.0341745 0.0374816 
pop2.indv12 0.0428946 0.0517437 0.0374181 0.0309118 0.0379087 0.0348355 0.0402230 0.0358661 0.0403241 0.0387843 0.0392938 0.0407650 0.0471507 0.0391044 0.0387542 0.0327225 0.0386754 0.0384778 0.0376854 0.0344129 0.0376004 0.0345896 0.0336584 0.0354806 0.0335764 0.0492467 0.0299407 0.0352552 0.0260319 0.0380243 0.0281646 0.0317393 0.0315547 0.0309835 0.0271341 0.0305230 0.0301430 0.0310240 0.0298421 0.0000000 0.0266978 0.0333732 0.0284770 0.0257026 0.0286546 0.0273940 0.0326813 0.0318395 0.0281911 0.0277387 0.0493401 0.0306161 0.0299279 0.0348801 0.0425555 0.0359495 0.0359379 0.0352291 0.0348088 0.0390166 0.0338677 0.0355375 0.0371765 0.0346536 0.0377632 0.0411282 0.0407650 0.0385928 0.0361885 0.0370182 0.0343249 0.0366140 0.0342368 0.0355718 0.0388717 
pop2.indv14 0.0420442 0.0422881 0.0349598 0.0366170 0.0409377 0.0382793 0.0323277 0.0402330 0.0400666 0.0310826 0.0375105 0.0354125 0.0394880 0.0337499 0.0358017 0.0315013 0.0364614 0.0381797 0.0373517 0.0374196 0.0358227 0.0388968 0.0382300 0.0366494 0.0359842 0.0305692 0.0263423 0.0286489 0.0322925 0.0437016 0.0293037 0.0254110 0.0305519 0.0279370 0.0273514 0.0315947 0.0253817 0.0306920 0.0276875 0.0266978 0.0000000 0.0316548 0.0313349 0.0277730 0.0324483 0.0240396 0.0311025 0.0282293 0.0327741 0.0274481 0.0347218 0.0340384 0.0438341 0.0397860 0.0438531 0.0386504 0.0373035 0.0356060 0.0355033 0.0398343 0.0314454 0.0350940 0.0327551 0.0407059 0.0358661 0.0382300 0.0410386 0.0375334 0.0364536 0.0359495 0.0337335 0.0321338 0.0333520 0.0339538 0.0409421 
pop2.indv15 0.0519971 0.0457212 0.0260719 0.0396643 0.0482464 0.0347569 0.0400175 0.0383288 0.0388342 0.0388260 0.0350044 0.0371359 0.0403543 0.0339283 0.0345694 0.0363050 0.0408527 0.0374288 0.0350443 0.0379580 0.0328537 0.0385153 0.0357082 0.0385028 0.0347457 0.0276449 0.0300695 0.0452760 0.0289550 0.0413781 0.0263649 0.0291381 0.0287472 0.0375038 0.0302185 0.0317050 0.0296056 0.0318798 0.0320630 0.0333732 0.0316548 0.0000000 0.0319825 0.0313861 0.0283691 0.0320826 0.0326813 0.0362583 0.0375822 0.0307402 0.0427123 0.0457212 0.0416390 0.0443724 0.0366633 0.0366591 0.0368871 0.0357901 0.0385153 0.0397181 0.0338999 0.0385278 0.0362880 0.0399901 0.0402720 0.0393021 0.0353222 0.0383038 0.0393956 0.0382417 0.0344134 0.0364223 0.0326186 0.0370780 0.0386380 
pop2.indv17 0.0303832 0.0340384 0.0245036 0.0387168 0.0435698 0.0381318 0.0329950 0.0335169 0.0338828 0.0300588 0.0382799 0.0345309 0.0369927 0.0292857 0.0353334 0.0332043 0.0413722 0.0335410 0.0333297 0.0329121 0.0283084 0.0331620 0.0267581 0.0286814 0.0305230 0.0295733 0.0233157 0.0340018 0.0259921 0.0237746 0.0244138 0.0212186 0.0255853 0.0273804 0.0255538 0.0241535 0.0266951 0.0272461 0.0258969 0.0284770 0.0313349 0.0319825 0.0000000 0.0288757 0.0253739 0.0260559 0.0294299 0.0278937 0.0322940 0.0232796 0.0360112 0.0340913 0.0367903 0.0259678 0.0429753 0.0362234 0.0324791 0.0305230 0.0366421 0.0344551 0.0317630 0.0353468 0.0326347 0.0360341 0.0394154 0.0365034 0.0375590 0.0372675 0.0329018 0.0339896 0.0281419 0.0338033 0.0329431 0.0338554 0.0375290 
pop2.indv18 0.0299728 0.0370705 0.0193824 0.0315633 0.0405676 0.0336370 0.0383041 0.0356732 0.0354477 0.0326916 0.0348115 0.0437560 0.0448364 0.0362234 0.0371478 0.0376653 0.0349265 0.0369466 0.0344342 0.0365116 0.0362292 0.0413310 0.0365957 0.0348489 0.0349154 0.0423546 0.0301994 0.0353208 0.0273089 0.0373411 0.0291943 0.0289113 0.0272496 0.0298421 0.0306535 0.0248245 0.0278487 0.0270317 0.0233431 0.0257026 0.0277730 0.0313861 0.0288757 0.0000000 0.0298514 0.0289474 0.0296208 0.0265986 0.0319223 0.0284682 0.0311877 0.0273921 0.0405676 0.0280145 0.0337247 0.0384394 0.0334456 0.0350268 0.0315604 0.0379640 0.0301524 0.0337180 0.0373758 0.0357751 0.0359203 0.0395793 0.0336501 0.0342039 0.0369809 0.0362061 0.0338355 0.0349265 0.0336477 0.0358863 0.0381468 
pop2.indv19 0.0419585 0.0376535 0.0229750 0.0287357 0.0343067 0.0326396 0.0322365 0.0327908 0.0387004 0.0333839 0.0378847 0.0363753 0.0397310 0.0354692 0.0311313 0.0341404 0.0320113 0.0357209 0.0350330 0.0315847 0.0364812 0.0340484 0.0334478 0.0380932 0.0373396 0.0292677 0.0344074 0.0267402 0.0229048 0.0386130 0.0296837 0.0298478 0.0241215 0.0306195 0.0267560 0.0307402 0.0282644 0.0290016 0.0302655 0.0286546 0.0324483 0.0283691 0.0253739 0.0298514 0.0000000 0.0302757 0.0289835 0.0260943 0.0284589 0.0254518 0.0272262 0.0494835 0.0396037 0.0278500 0.0350399 0.0361705 0.0329379 0.0317210 0.0349655 0.0358687 0.0264126 0.0336195 0.0352145 0.0310820 0.0359495 0.0335764 0.0376545 0.0451704 0.0311119 0.0349093 0.0314986 0.0347199 0.0324410 0.0350715 0.0337982 
pop2.indv20 0.0226281 0.0504539 0.0350156 0.0247063 0.0505935 0.0378726 0.0322765 0.0364965 0.0356968 0.0359806 0.0335836 0.0413980 0.0414114 0.0314454 0.0374288 0.0311705 0.0349318 0.0388638 0.0346563 0.0336049 0.0361653 0.0308536 0.0335517 0.0319809 0.0341473 0.0283493 0.0326942 0.0287227 0.0307576 0.0433760 0.0228444 0.0250862 0.0277306 0.0278174 0.0278873 0.0242189 0.0283172 0.0267560 0.0273004 0.0273940 0.0240396 0.0320826 0.0260559 0.0289474 0.0302757 0.0000000 0.0276272 0.0294231 0.0307069 0.0254206 0.0423237 0.0395313 0.0402643 0.0255617 0.0397251 0.0340621 0.0328013 0.0297025 0.0374848 0.0383409 0.0307789 0.0337120 0.0319997 0.0357539 0.0339862 0.0361537 0.0351987 0.0331183 0.0351389 0.0345010 0.0300749 0.0356404 0.0327595 0.0308468 0.0335517 
pop2.indv22 0.0352011 0.0447676 0.0246929 0.0288055 0.0404060 0.0354352 0.0349655 0.0332990 0.0326243 0.0380828 0.0422577 0.0409553 0.0421948 0.0316496 0.0354682 0.0358092 0.0406595 0.0387037 0.0356175 0.0335943 0.0382054 0.0374917 0.0335198 0.0321136 0.0353198 0.0276449 0.0320991 0.0322858 0.0276024 0.0349332 0.0288306 0.0265656 0.0300385 0.0316397 0.0305769 0.0254189 0.0295023 0.0279197 0.0293582 0.0326813 0.0311025 0.0326813 0.0294299 0.0296208 0.0289835 0.0276272 0.0000000 0.0296149 0.0315248 0.0248017 0.0314214 0.0374181 0.0358495 0.0298831 0.0300178 0.0398084 0.0343143 0.0314785 0.0399372 0.0364768 0.0322044 0.0380828 0.0318873 0.0372675 0.0345106 0.0355718 0.0363152 0.0391818 0.0326197 0.0404025 0.0352772 0.0343252 0.0346315 0.0358092 0.0367935 
pop2.indv23 0.0447676 0.0435893 0.0379519 0.0250711 0.0380243 0.0377586 0.0340374 0.0335943 0.0352997 0.0326866 0.0326347 0.0394753 0.0425052 0.0290743 0.0339682 0.0368280 0.0379825 0.0339609 0.0333414 0.0357654 0.0365905 0.0370301 0.0370883 0.0329929 0.0381673 0.0341975 0.0347065 0.0319569 0.0419083 0.0432416 0.0208923 0.0276961 0.0247771 0.0297916 0.0288889 0.0242723 0.0309851 0.0277306 0.0262655 0.0318395 0.0282293 0.0362583 0.0278937 0.0265986 0.0260943 0.0294231 0.0296149 0.0000000 0.0305808 0.0260399 0.0374532 0.0494729 0.0363391 0.0335188 0.0299279 0.0381425 0.0351389 0.0298821 0.0341820 0.0350872 0.0361946 0.0354352 0.0332359 0.0368754 0.0345874 0.0347865 0.0374436 0.0384039 0.0374196 0.0338090 0.0340187 0.0359033 0.0359379 0.0346536 0.0343797 
pop2.indv24 0.0341443 0.0333732 0.0198261 0.0376535 0.0507546 0.0312009 0.0339391 0.0349206 0.0424296 0.0362117 0.0379092 0.0376854 0.0390857 0.0351389 0.0388430 0.0342815 0.0338585 0.0386281 0.0392637 0.0356519 0.0358249 0.0394692 0.0347754 0.0358365 0.0365403 0.0308050 0.0387575 0.0507546 0.0296334 0.0420897 0.0273648 0.0278523 0.0282000 0.0265033 0.0296555 0.0275745 0.0288934 0.0304271 0.0332354 0.0281911 0.0327741 0.0375822 0.0322940 0.0319223 0.0284589 0.0307069 0.0315248 0.0305808 0.0000000 0.0253168 0.0329158 0.0377128 0.0446466 0.0477343 0.0365053 0.0391873 0.0397041 0.0322571 0.0351690 0.0423603 0.0361305 0.0346229 0.0337217 0.0370540 0.0366612 0.0396653 0.0389293 0.0389194 0.0383783 0.0354338 0.0324927 0.0335872 0.0319997 0.0343909 0.0367808 
pop2.indv25 0.0289109 0.0338808 0.0307576 0.0371188 0.0327685 0.0357082 0.0316397 0.0319423 0.0346290 0.0303870 0.0322954 0.0349543 0.0413456 0.0274142 0.0320215 0.0309867 0.0338569 0.0352884 0.0289070 0.0360341 0.0314058 0.0316297 0.0310348 0.0309851 0.0314553 0.0328666 0.0186950 0.0366820 0.0215786 0.0356892 0.0255223 0.0249623 0.0282380 0.0278160 0.0261442 0.0251844 0.0222205 0.0273383 0.0268255 0.0277387 0.0274481 0.0307402 0.0232796 0.0284682 0.0254518 0.0254206 0.0248017 0.0260399 0.0253168 0.0000000 0.0327197 0.0374181 0.0373411 0.0269810 0.0333660 0.0362061 0.0311217 0.0264126 0.0299634 0.0342714 0.0286792 0.0351875 0.0316047 0.0323259 0.0339041 0.0307789 0.0359736 0.0310228 0.0341728 0.0329638 0.0300762 0.0308401 0.0284324 0.0315013 0.0316642 
pop3.indv19 0.0538429 0.0128794 0.0403850 0.0577493 0.0436246 0.0245279 0.0278500 0.0352687 0.0352169 0.0386591 0.0277685 0.0400844 0.0378688 0.0295296 0.0319105 0.0137095 0.0139779 0.0323810 0.0421321 0.0246704 0.0303744 0.0321440 0.0305070 0.0227591 0.0274869 0.0210694 0.0260619 0.0532259 0.0540517 0.0878472 0.0307305 0.0364498 0.0294425 0.0396643 0.0439007 0.0424524 0.0327685 0.0368991 0.0469268 0.0493401 0.0347218 0.0427123 0.0360112 0.0311877 0.0272262 0.0423237 0.0314214 0.0374532 0.0329158 0.0327197 0.0000000 0.0207774 0.0133080 0.0200814 0.0212186 0.0411882 0.0310951 0.0250341 0.0288471 0.0255254 0.0270558 0.0308663 0.0246704 0.0385442 0.0345563 0.0257079 0.0270173 0.0215233 0.0324767 0.0364143 0.0319105 0.0326942 0.0323333 0.0253098 0.0352687 
pop3.indv16 0.0202169 0.0133972 0.0152348 0.0348378 0.0193055 0.0211544 0.0238456 0.0207774 0.0240972 0.0352552 0.0440608 0.0364498 0.0285198 0.0239887 0.0319481 0.0240248 0.0282649 0.0223915 0.0241701 0.0262713 0.0284770 0.0315158 0.0352552 0.0293129 0.0374767 0.0386130 0.0288055 0.0433087 0.0436246 0.0648091 0.0373597 0.0315847 0.0292677 0.0448395 0.0302910 0.0406263 0.0363152 0.0468924 0.0444822 0.0306161 0.0340384 0.0457212 0.0340913 0.0273921 0.0494835 0.0395313 0.0374181 0.0494729 0.0377128 0.0374181 0.0207774 0.0000000 0.0301994 0.0508936 0.0363612 0.0273089 0.0257947 0.0245036 0.0223915 0.0270623 0.0269003 0.0286489 0.0260719 0.0286489 0.0275601 0.0339857 0.0291328 0.0386729 0.0271440 0.0244287 0.0257947 0.0283493 0.0189581 0.0288230 0.0267005 
