75
pop1.indv1  0.0000000 0.0302173 0.0233256 0.0251772 0.0266203 0.0257068 0.0265039 0.0266595 0.0257201 0.0305483 0.0262286 0.0264128 0.0260520 0.0271712 0.0290577 0.0280512 0.0246826 0.0255603 0.0271021 0.0240346 0.0253057 0.0275440 0.0234343 0.0294496 0.0260420 0.0324194 0.0335406 0.0287669 0.0298435 0.0381453 0.0364669 0.0358682 0.0351613 0.0339063 0.0339859 0.0376166 0.0371202 0.0298857 0.0360976 0.0399501 0.0294078 0.0332485 0.0387095 0.0338701 0.0335040 0.0356842 0.0362695 0.0333575 0.0349417 0.0339422 0.0342853 0.0290873 0.0269320 0.0266823 0.0263979 0.0277531 0.0270313 0.0289210 0.0276460 0.0325511 0.0285517 0.0272294 0.0281797 0.0241977 0.0266641 0.0261879 0.0296610 0.0299792 0.0265535 0.0254698 0.0286645 0.0274037 0.0252209 0.0275139 0.0314336 
pop1.indv2  0.0302173 0.0000000 0.0269835 0.0290618 0.0293756 0.0270245 0.0289266 0.0309074 0.0295877 0.0306629 0.0294856 0.0300753 0.0329113 0.0275476 0.0290893 0.0270125 0.0307009 0.0284980 0.0304197 0.0296817 0.0284807 0.0285056 0.0259169 0.0300990 0.0301333 0.0327869 0.0350750 0.0356358 0.0318216 0.0405527 0.0361038 0.0424931 0.0360048 0.0364194 0.0381041 0.0348742 0.0360802 0.0354360 0.0403428 0.0360910 0.0369376 0.0376123 0.0342341 0.0325333 0.0373044 0.0353088 0.0363279 0.0369745 0.0312917 0.0358968 0.0272616 0.0253402 0.0272178 0.0334093 0.0230022 0.0307618 0.0287090 0.0298783 0.0312065 0.0333401 0.0292599 0.0333849 0.0318815 0.0313941 0.0305234 0.0271185 0.0280779 0.0306648 0.0319185 0.0298061 0.0270161 0.0333255 0.0332204 0.0337233 0.0307576 
pop1.indv3  0.0233256 0.0269835 0.0000000 0.0297837 0.0269746 0.0287186 0.0241698 0.0291633 0.0261735 0.0290173 0.0237287 0.0284276 0.0307934 0.0263159 0.0266232 0.0276604 0.0243929 0.0253040 0.0261096 0.0262020 0.0276053 0.0271432 0.0203328 0.0290938 0.0305367 0.0307041 0.0302332 0.0343252 0.0340668 0.0350689 0.0315346 0.0374111 0.0369895 0.0345712 0.0342194 0.0375988 0.0386214 0.0326823 0.0341144 0.0417894 0.0341613 0.0332394 0.0373198 0.0327410 0.0328684 0.0386561 0.0391940 0.0349592 0.0365137 0.0341080 0.0360820 0.0297932 0.0242999 0.0288391 0.0269503 0.0318973 0.0285667 0.0276648 0.0289246 0.0246130 0.0308352 0.0282196 0.0286721 0.0301951 0.0273331 0.0258301 0.0351401 0.0260623 0.0241687 0.0306793 0.0285809 0.0261001 0.0277822 0.0330586 0.0313047 
pop1.indv4  0.0251772 0.0290618 0.0297837 0.0000000 0.0299158 0.0290965 0.0257952 0.0313633 0.0295699 0.0308760 0.0222656 0.0263892 0.0239186 0.0302676 0.0249772 0.0249886 0.0266539 0.0254310 0.0294212 0.0226508 0.0279647 0.0272919 0.0237848 0.0252380 0.0318882 0.0323831 0.0309747 0.0344542 0.0355137 0.0344382 0.0309278 0.0373396 0.0340873 0.0333755 0.0347700 0.0331530 0.0397391 0.0328609 0.0334078 0.0389767 0.0332744 0.0323883 0.0396926 0.0336205 0.0320332 0.0372925 0.0364481 0.0316471 0.0347956 0.0321889 0.0339270 0.0279532 0.0292864 0.0312595 0.0252161 0.0296929 0.0263832 0.0305144 0.0268380 0.0287571 0.0264514 0.0325099 0.0314799 0.0273986 0.0316937 0.0286578 0.0307788 0.0274139 0.0283372 0.0273633 0.0296039 0.0310019 0.0296802 0.0298705 0.0283636 
pop1.indv5  0.0266203 0.0293756 0.0269746 0.0299158 0.0000000 0.0299837 0.0270503 0.0313632 0.0307497 0.0317666 0.0289276 0.0282549 0.0287870 0.0261548 0.0298497 0.0271575 0.0264794 0.0258432 0.0270534 0.0245964 0.0261987 0.0264902 0.0241914 0.0290309 0.0315526 0.0288077 0.0323533 0.0297037 0.0332739 0.0376470 0.0354423 0.0415030 0.0409522 0.0312998 0.0332313 0.0360264 0.0369862 0.0345822 0.0408643 0.0394600 0.0316568 0.0340321 0.0368526 0.0345645 0.0374524 0.0393110 0.0351842 0.0346061 0.0335842 0.0329544 0.0322775 0.0267672 0.0270851 0.0306084 0.0253081 0.0311049 0.0327037 0.0309119 0.0250770 0.0307368 0.0317839 0.0306150 0.0309222 0.0324457 0.0330032 0.0278899 0.0304003 0.0330345 0.0291362 0.0326029 0.0291216 0.0300958 0.0318656 0.0281191 0.0330480 
pop1.indv6  0.0257068 0.0270245 0.0287186 0.0290965 0.0299837 0.0000000 0.0261974 0.0265899 0.0325022 0.0334069 0.0256343 0.0275734 0.0320215 0.0289409 0.0272340 0.0296819 0.0279077 0.0256104 0.0278993 0.0276042 0.0255922 0.0304365 0.0217896 0.0316549 0.0307623 0.0391101 0.0336118 0.0327718 0.0392089 0.0368004 0.0355166 0.0400458 0.0388575 0.0373465 0.0351568 0.0354844 0.0390157 0.0388686 0.0402301 0.0404128 0.0361762 0.0345726 0.0364196 0.0385346 0.0345949 0.0425172 0.0338353 0.0365915 0.0422176 0.0349607 0.0344633 0.0261553 0.0288412 0.0296255 0.0292347 0.0299317 0.0296941 0.0345057 0.0299707 0.0345482 0.0322923 0.0296255 0.0269141 0.0296321 0.0288404 0.0291652 0.0331745 0.0304001 0.0270387 0.0311291 0.0345247 0.0284964 0.0271474 0.0309938 0.0340140 
pop1.indv7  0.0265039 0.0289266 0.0241698 0.0257952 0.0270503 0.0261974 0.0000000 0.0302602 0.0293393 0.0303415 0.0241462 0.0293011 0.0294128 0.0300087 0.0226506 0.0259619 0.0266471 0.0231362 0.0257834 0.0257206 0.0252677 0.0290134 0.0226639 0.0258917 0.0276994 0.0326390 0.0343087 0.0330590 0.0307631 0.0362779 0.0365640 0.0376716 0.0345709 0.0300912 0.0339846 0.0311899 0.0410406 0.0322382 0.0307154 0.0383677 0.0315369 0.0312784 0.0326826 0.0336059 0.0360429 0.0382146 0.0382856 0.0341383 0.0363588 0.0302947 0.0294160 0.0256854 0.0264866 0.0274476 0.0285475 0.0286094 0.0278019 0.0275588 0.0260831 0.0286496 0.0321001 0.0246659 0.0298047 0.0260230 0.0246526 0.0294270 0.0305455 0.0241228 0.0296823 0.0300052 0.0259073 0.0275407 0.0270356 0.0263266 0.0294058 
pop1.indv8  0.0266595 0.0309074 0.0291633 0.0313633 0.0313632 0.0265899 0.0302602 0.0000000 0.0278824 0.0356601 0.0239957 0.0321115 0.0266405 0.0310745 0.0301593 0.0272619 0.0286561 0.0269218 0.0282035 0.0296312 0.0281267 0.0242613 0.0259036 0.0325170 0.0320084 0.0318717 0.0355945 0.0329663 0.0382371 0.0362798 0.0338709 0.0397752 0.0357034 0.0337525 0.0407899 0.0411839 0.0384336 0.0356118 0.0380274 0.0358889 0.0337764 0.0372262 0.0366786 0.0376158 0.0318313 0.0351036 0.0416036 0.0324984 0.0374788 0.0330363 0.0346153 0.0283122 0.0274590 0.0262957 0.0285573 0.0323253 0.0314333 0.0320903 0.0294698 0.0320806 0.0294673 0.0315646 0.0298207 0.0306706 0.0268849 0.0313530 0.0348451 0.0309147 0.0276602 0.0342899 0.0279236 0.0314744 0.0291979 0.0322183 0.0282212 
pop1.indv9  0.0257201 0.0295877 0.0261735 0.0295699 0.0307497 0.0325022 0.0293393 0.0278824 0.0000000 0.0301356 0.0248255 0.0323647 0.0284555 0.0289148 0.0227210 0.0262590 0.0286263 0.0249140 0.0279820 0.0305948 0.0281194 0.0267751 0.0254471 0.0333555 0.0302088 0.0333052 0.0328066 0.0355860 0.0369190 0.0353404 0.0407402 0.0434270 0.0404165 0.0365321 0.0403838 0.0393648 0.0399763 0.0356581 0.0363996 0.0369185 0.0369869 0.0341429 0.0437278 0.0371043 0.0408350 0.0388012 0.0407526 0.0404529 0.0373697 0.0365865 0.0350984 0.0313050 0.0281427 0.0325564 0.0322774 0.0334794 0.0335822 0.0281409 0.0308677 0.0322011 0.0316642 0.0343976 0.0332557 0.0384145 0.0321260 0.0325631 0.0348016 0.0354981 0.0340381 0.0297425 0.0305660 0.0296002 0.0273271 0.0300679 0.0319485 
pop1.indv10 0.0305483 0.0306629 0.0290173 0.0308760 0.0317666 0.0334069 0.0303415 0.0356601 0.0301356 0.0000000 0.0298761 0.0287745 0.0343797 0.0276136 0.0265512 0.0308772 0.0338896 0.0284846 0.0283049 0.0297313 0.0238959 0.0330914 0.0284596 0.0340999 0.0318542 0.0379664 0.0388538 0.0378267 0.0365873 0.0431865 0.0413000 0.0432374 0.0388032 0.0368886 0.0416219 0.0362937 0.0457131 0.0375909 0.0386112 0.0413151 0.0390965 0.0355820 0.0448719 0.0379689 0.0401496 0.0437696 0.0424646 0.0419827 0.0400151 0.0401298 0.0361921 0.0289684 0.0339041 0.0374266 0.0321335 0.0318112 0.0327888 0.0342438 0.0332291 0.0314521 0.0311943 0.0313561 0.0338487 0.0350793 0.0291691 0.0294529 0.0329223 0.0353395 0.0317050 0.0360243 0.0299477 0.0297478 0.0344430 0.0343638 0.0342812 
pop1.indv11 0.0262286 0.0294856 0.0237287 0.0222656 0.0289276 0.0256343 0.0241462 0.0239957 0.0248255 0.0298761 0.0000000 0.0289736 0.0252686 0.0262579 0.0265151 0.0277584 0.0268136 0.0264103 0.0249526 0.0247621 0.0218072 0.0263238 0.0231586 0.0288889 0.0328175 0.0333724 0.0314701 0.0341124 0.0337662 0.0346212 0.0307766 0.0388395 0.0298112 0.0293669 0.0337845 0.0327947 0.0394944 0.0287229 0.0333182 0.0346377 0.0324319 0.0295905 0.0361645 0.0357620 0.0324297 0.0350929 0.0326417 0.0285018 0.0353484 0.0282059 0.0261467 0.0278045 0.0259323 0.0289035 0.0268507 0.0257674 0.0293671 0.0265053 0.0297338 0.0256659 0.0264740 0.0282678 0.0285677 0.0281953 0.0287627 0.0255549 0.0296342 0.0270282 0.0240298 0.0290674 0.0265550 0.0280792 0.0256771 0.0262792 0.0293706 
pop1.indv12 0.0264128 0.0300753 0.0284276 0.0263892 0.0282549 0.0275734 0.0293011 0.0321115 0.0323647 0.0287745 0.0289736 0.0000000 0.0267423 0.0304681 0.0246212 0.0293816 0.0258591 0.0213574 0.0286967 0.0276414 0.0232203 0.0253765 0.0228707 0.0277089 0.0299703 0.0341732 0.0291294 0.0338560 0.0325482 0.0333037 0.0316939 0.0367806 0.0296839 0.0331912 0.0344767 0.0371807 0.0377729 0.0293450 0.0374045 0.0347940 0.0359329 0.0333461 0.0368559 0.0311766 0.0377162 0.0386913 0.0355584 0.0331505 0.0371475 0.0316432 0.0327691 0.0276886 0.0274992 0.0259143 0.0232598 0.0330800 0.0249311 0.0295118 0.0267238 0.0250277 0.0255381 0.0347547 0.0255208 0.0316752 0.0328000 0.0291443 0.0302652 0.0323485 0.0290250 0.0304522 0.0290509 0.0273942 0.0301125 0.0323341 0.0274328 
pop1.indv13 0.0260520 0.0329113 0.0307934 0.0239186 0.0287870 0.0320215 0.0294128 0.0266405 0.0284555 0.0343797 0.0252686 0.0267423 0.0000000 0.0278311 0.0267226 0.0281869 0.0264308 0.0271803 0.0312711 0.0252733 0.0281046 0.0249795 0.0263803 0.0306339 0.0320269 0.0328160 0.0329426 0.0332058 0.0363264 0.0349976 0.0318505 0.0407727 0.0315523 0.0335312 0.0315858 0.0335103 0.0337745 0.0370764 0.0331009 0.0365121 0.0327042 0.0338265 0.0392828 0.0344052 0.0316799 0.0364507 0.0380920 0.0388931 0.0374683 0.0321142 0.0337528 0.0267886 0.0280197 0.0261165 0.0244522 0.0292242 0.0277056 0.0331793 0.0278023 0.0297739 0.0328191 0.0347256 0.0309021 0.0320649 0.0305383 0.0265950 0.0328517 0.0284093 0.0265847 0.0289522 0.0270869 0.0284721 0.0302849 0.0272249 0.0268972 
pop1.indv14 0.0271712 0.0275476 0.0263159 0.0302676 0.0261548 0.0289409 0.0300087 0.0310745 0.0289148 0.0276136 0.0262579 0.0304681 0.0278311 0.0000000 0.0291321 0.0328698 0.0285681 0.0261835 0.0279021 0.0254759 0.0288973 0.0306380 0.0227034 0.0307020 0.0259346 0.0393627 0.0336755 0.0323439 0.0337762 0.0354370 0.0396502 0.0408417 0.0411655 0.0354174 0.0379880 0.0383981 0.0371405 0.0352431 0.0358430 0.0400883 0.0327306 0.0397549 0.0356504 0.0335812 0.0355724 0.0411453 0.0400632 0.0381596 0.0351900 0.0334282 0.0321760 0.0281405 0.0277322 0.0295459 0.0269623 0.0279362 0.0288356 0.0308399 0.0277856 0.0319786 0.0346354 0.0254072 0.0292393 0.0310290 0.0317899 0.0289898 0.0307950 0.0295865 0.0253137 0.0303957 0.0247614 0.0266387 0.0298364 0.0324601 0.0333942 
pop1.indv15 0.0290577 0.0290893 0.0266232 0.0249772 0.0298497 0.0272340 0.0226506 0.0301593 0.0227210 0.0265512 0.0265151 0.0246212 0.0267226 0.0291321 0.0000000 0.0248718 0.0285762 0.0297024 0.0324979 0.0275045 0.0236947 0.0269862 0.0228412 0.0296548 0.0291611 0.0318707 0.0329864 0.0360998 0.0348271 0.0347951 0.0340136 0.0385462 0.0325043 0.0377295 0.0339126 0.0400964 0.0368241 0.0327751 0.0374082 0.0381653 0.0309273 0.0317599 0.0385018 0.0341847 0.0364172 0.0389412 0.0365894 0.0338217 0.0373804 0.0341935 0.0316801 0.0272198 0.0249135 0.0312551 0.0273204 0.0277126 0.0286101 0.0261007 0.0275776 0.0272113 0.0277529 0.0299257 0.0273565 0.0262089 0.0285461 0.0259126 0.0346018 0.0278863 0.0263607 0.0267452 0.0235361 0.0280082 0.0271663 0.0307601 0.0296496 
pop1.indv16 0.0280512 0.0270125 0.0276604 0.0249886 0.0271575 0.0296819 0.0259619 0.0272619 0.0262590 0.0308772 0.0277584 0.0293816 0.0281869 0.0328698 0.0248718 0.0000000 0.0290870 0.0260689 0.0280300 0.0283664 0.0259027 0.0256226 0.0234057 0.0275388 0.0264503 0.0307926 0.0360366 0.0310626 0.0350330 0.0380000 0.0329464 0.0403773 0.0378065 0.0347657 0.0400468 0.0337993 0.0369976 0.0318057 0.0366782 0.0357671 0.0300114 0.0332185 0.0362264 0.0374220 0.0337197 0.0367153 0.0371062 0.0346994 0.0410624 0.0277734 0.0287940 0.0259996 0.0249984 0.0275404 0.0281782 0.0270788 0.0282298 0.0305989 0.0245244 0.0303523 0.0314392 0.0336692 0.0313775 0.0306559 0.0267919 0.0253084 0.0302076 0.0313850 0.0276475 0.0256716 0.0292736 0.0281833 0.0287448 0.0318220 0.0286066 
pop1.indv17 0.0246826 0.0307009 0.0243929 0.0266539 0.0264794 0.0279077 0.0266471 0.0286561 0.0286263 0.0338896 0.0268136 0.0258591 0.0264308 0.0285681 0.0285762 0.0290870 0.0000000 0.0256772 0.0311081 0.0288098 0.0304481 0.0305145 0.0242266 0.0296896 0.0266608 0.0311701 0.0335479 0.0330917 0.0378125 0.0373335 0.0360847 0.0370646 0.0333141 0.0339649 0.0358954 0.0377185 0.0337312 0.0334639 0.0357009 0.0380179 0.0331906 0.0325917 0.0367713 0.0310976 0.0338431 0.0350275 0.0356895 0.0368929 0.0354218 0.0367117 0.0311959 0.0277315 0.0250698 0.0267615 0.0271899 0.0299930 0.0271675 0.0306824 0.0277507 0.0288497 0.0326127 0.0291086 0.0250664 0.0280598 0.0320809 0.0290144 0.0335435 0.0301095 0.0246780 0.0304752 0.0258253 0.0322173 0.0276312 0.0298895 0.0303285 
pop1.indv18 0.0255603 0.0284980 0.0253040 0.0254310 0.0258432 0.0256104 0.0231362 0.0269218 0.0249140 0.0284846 0.0264103 0.0213574 0.0271803 0.0261835 0.0297024 0.0260689 0.0256772 0.0000000 0.0299046 0.0268830 0.0248603 0.0273691 0.0226358 0.0239585 0.0275261 0.0317977 0.0306921 0.0327298 0.0353548 0.0306496 0.0331240 0.0403710 0.0339895 0.0356397 0.0313502 0.0327429 0.0372251 0.0362469 0.0359671 0.0350262 0.0322385 0.0312946 0.0365406 0.0362490 0.0372366 0.0315802 0.0369377 0.0356622 0.0345396 0.0302168 0.0301405 0.0260710 0.0249060 0.0259181 0.0225011 0.0268528 0.0234253 0.0263981 0.0280112 0.0308100 0.0271532 0.0284731 0.0322508 0.0298595 0.0304639 0.0275283 0.0307453 0.0325557 0.0265067 0.0286517 0.0268880 0.0266248 0.0289061 0.0287079 0.0293582 
pop1.indv19 0.0271021 0.0304197 0.0261096 0.0294212 0.0270534 0.0278993 0.0257834 0.0282035 0.0279820 0.0283049 0.0249526 0.0286967 0.0312711 0.0279021 0.0324979 0.0280300 0.0311081 0.0299046 0.0000000 0.0272086 0.0277507 0.0249645 0.0240349 0.0279661 0.0302019 0.0301654 0.0331813 0.0339629 0.0325509 0.0344150 0.0317625 0.0401211 0.0320393 0.0360846 0.0344966 0.0354262 0.0333658 0.0364374 0.0381499 0.0383363 0.0308999 0.0330234 0.0406433 0.0344067 0.0305015 0.0386969 0.0379538 0.0371059 0.0405171 0.0324143 0.0343477 0.0283962 0.0252817 0.0269783 0.0282806 0.0310104 0.0270393 0.0316571 0.0276266 0.0269038 0.0273379 0.0313638 0.0301358 0.0320344 0.0284382 0.0280584 0.0329140 0.0284183 0.0276896 0.0278453 0.0277416 0.0297979 0.0292800 0.0324295 0.0289540 
pop1.indv20 0.0240346 0.0296817 0.0262020 0.0226508 0.0245964 0.0276042 0.0257206 0.0296312 0.0305948 0.0297313 0.0247621 0.0276414 0.0252733 0.0254759 0.0275045 0.0283664 0.0288098 0.0268830 0.0272086 0.0000000 0.0241993 0.0278829 0.0203090 0.0278501 0.0283922 0.0295011 0.0299761 0.0363975 0.0308424 0.0358206 0.0371639 0.0399963 0.0341233 0.0330584 0.0294378 0.0363694 0.0307966 0.0312356 0.0381389 0.0339675 0.0317923 0.0269331 0.0353659 0.0342078 0.0329710 0.0363641 0.0334638 0.0358770 0.0340814 0.0320584 0.0292605 0.0267325 0.0238694 0.0267290 0.0259451 0.0328893 0.0249466 0.0269251 0.0249923 0.0275739 0.0302464 0.0290753 0.0289991 0.0298795 0.0285702 0.0284681 0.0298209 0.0283680 0.0246848 0.0288747 0.0237750 0.0305889 0.0271636 0.0302465 0.0277817 
pop1.indv21 0.0253057 0.0284807 0.0276053 0.0279647 0.0261987 0.0255922 0.0252677 0.0281267 0.0281194 0.0238959 0.0218072 0.0232203 0.0281046 0.0288973 0.0236947 0.0259027 0.0304481 0.0248603 0.0277507 0.0241993 0.0000000 0.0248712 0.0237530 0.0320128 0.0299153 0.0316328 0.0333864 0.0314471 0.0309411 0.0371220 0.0315824 0.0379336 0.0330491 0.0297356 0.0345922 0.0325077 0.0353395 0.0337572 0.0355029 0.0388318 0.0326969 0.0336825 0.0350471 0.0345667 0.0295609 0.0386561 0.0299934 0.0356601 0.0335207 0.0325307 0.0274845 0.0224808 0.0229679 0.0280936 0.0224383 0.0254720 0.0283892 0.0290893 0.0240718 0.0297725 0.0292429 0.0292958 0.0265416 0.0291509 0.0273738 0.0265693 0.0297555 0.0294421 0.0276362 0.0267974 0.0265535 0.0274643 0.0266573 0.0257721 0.0333863 
pop1.indv22 0.0275440 0.0285056 0.0271432 0.0272919 0.0264902 0.0304365 0.0290134 0.0242613 0.0267751 0.0330914 0.0263238 0.0253765 0.0249795 0.0306380 0.0269862 0.0256226 0.0305145 0.0273691 0.0249645 0.0278829 0.0248712 0.0000000 0.0228903 0.0292804 0.0351374 0.0331755 0.0322783 0.0312288 0.0347302 0.0398456 0.0352392 0.0392289 0.0295464 0.0332850 0.0353814 0.0365295 0.0373194 0.0358429 0.0369802 0.0399427 0.0344199 0.0302382 0.0365961 0.0381230 0.0330436 0.0384546 0.0345717 0.0337391 0.0365015 0.0316604 0.0314150 0.0254155 0.0272962 0.0260501 0.0262808 0.0304886 0.0264741 0.0326948 0.0280231 0.0305356 0.0299309 0.0308665 0.0296690 0.0329965 0.0267949 0.0242923 0.0288596 0.0280709 0.0273002 0.0277013 0.0276005 0.0278122 0.0304984 0.0296094 0.0300696 
pop1.indv23 0.0234343 0.0259169 0.0203328 0.0237848 0.0241914 0.0217896 0.0226639 0.0259036 0.0254471 0.0284596 0.0231586 0.0228707 0.0263803 0.0227034 0.0228412 0.0234057 0.0242266 0.0226358 0.0240349 0.0203090 0.0237530 0.0228903 0.0000000 0.0252520 0.0268243 0.0301831 0.0295584 0.0270598 0.0285335 0.0312454 0.0320077 0.0360141 0.0312932 0.0323053 0.0297798 0.0271773 0.0338492 0.0290648 0.0324878 0.0294425 0.0315084 0.0305952 0.0323401 0.0329318 0.0276884 0.0353639 0.0345305 0.0314980 0.0328829 0.0282597 0.0255582 0.0221801 0.0210514 0.0230189 0.0240399 0.0254565 0.0273749 0.0272332 0.0240308 0.0260311 0.0249451 0.0264979 0.0259201 0.0254161 0.0232606 0.0219800 0.0289270 0.0244679 0.0226733 0.0251119 0.0248975 0.0218915 0.0222546 0.0263152 0.0279878 
pop1.indv24 0.0294496 0.0300990 0.0290938 0.0252380 0.0290309 0.0316549 0.0258917 0.0325170 0.0333555 0.0340999 0.0288889 0.0277089 0.0306339 0.0307020 0.0296548 0.0275388 0.0296896 0.0239585 0.0279661 0.0278501 0.0320128 0.0292804 0.0252520 0.0000000 0.0344024 0.0316879 0.0313236 0.0345244 0.0335329 0.0358003 0.0307415 0.0440031 0.0364885 0.0319546 0.0316843 0.0323886 0.0361586 0.0374738 0.0364272 0.0421775 0.0375362 0.0341865 0.0369193 0.0316869 0.0330292 0.0390726 0.0389741 0.0313771 0.0405747 0.0304118 0.0311022 0.0275086 0.0278489 0.0270321 0.0291727 0.0302914 0.0332777 0.0296699 0.0284474 0.0290687 0.0319613 0.0292588 0.0308653 0.0312471 0.0309340 0.0290683 0.0295815 0.0298998 0.0292098 0.0345070 0.0306137 0.0297809 0.0298914 0.0334064 0.0287336 
pop1.indv25 0.0260420 0.0301333 0.0305367 0.0318882 0.0315526 0.0307623 0.0276994 0.0320084 0.0302088 0.0318542 0.0328175 0.0299703 0.0320269 0.0259346 0.0291611 0.0264503 0.0266608 0.0275261 0.0302019 0.0283922 0.0299153 0.0351374 0.0268243 0.0344024 0.0000000 0.0329806 0.0344126 0.0359545 0.0358100 0.0395892 0.0380872 0.0421558 0.0353741 0.0387953 0.0334722 0.0350193 0.0345304 0.0347108 0.0372032 0.0372453 0.0303271 0.0313916 0.0382562 0.0385718 0.0350364 0.0360179 0.0370697 0.0387111 0.0373544 0.0316837 0.0349981 0.0295214 0.0255602 0.0314849 0.0298855 0.0292342 0.0291577 0.0321376 0.0301275 0.0305864 0.0281727 0.0323905 0.0291940 0.0353306 0.0327089 0.0311656 0.0322843 0.0344405 0.0304434 0.0350116 0.0260368 0.0298570 0.0280500 0.0354699 0.0347384 
pop2.indv1  0.0324194 0.0327869 0.0307041 0.0323831 0.0288077 0.0391101 0.0326390 0.0318717 0.0333052 0.0379664 0.0333724 0.0341732 0.0328160 0.0393627 0.0318707 0.0307926 0.0311701 0.0317977 0.0301654 0.0295011 0.0316328 0.0331755 0.0301831 0.0316879 0.0329806 0.0000000 0.0215897 0.0243309 0.0254766 0.0292828 0.0239922 0.0350130 0.0266940 0.0272205 0.0274459 0.0280731 0.0281868 0.0215006 0.0284417 0.0252169 0.0279375 0.0234597 0.0273707 0.0282490 0.0219581 0.0234805 0.0274073 0.0198391 0.0263875 0.0255599 0.0319913 0.0276961 0.0276399 0.0314736 0.0303734 0.0360530 0.0304359 0.0339298 0.0302370 0.0287915 0.0359356 0.0315691 0.0311151 0.0345319 0.0342306 0.0319754 0.0317841 0.0335871 0.0319222 0.0289007 0.0270729 0.0304231 0.0289027 0.0309509 0.0325605 
pop2.indv2  0.0335406 0.0350750 0.0302332 0.0309747 0.0323533 0.0336118 0.0343087 0.0355945 0.0328066 0.0388538 0.0314701 0.0291294 0.0329426 0.0336755 0.0329864 0.0360366 0.0335479 0.0306921 0.0331813 0.0299761 0.0333864 0.0322783 0.0295584 0.0313236 0.0344126 0.0215897 0.0000000 0.0254763 0.0265310 0.0294154 0.0274547 0.0318004 0.0305201 0.0264295 0.0274903 0.0259874 0.0304573 0.0267423 0.0256007 0.0297940 0.0254884 0.0200380 0.0288208 0.0290051 0.0251750 0.0310502 0.0269639 0.0269070 0.0273296 0.0244632 0.0370500 0.0318855 0.0271541 0.0336225 0.0322658 0.0373344 0.0332790 0.0341256 0.0315630 0.0326088 0.0337412 0.0348678 0.0324113 0.0327651 0.0367401 0.0287506 0.0327104 0.0321330 0.0304819 0.0297562 0.0257752 0.0327898 0.0296737 0.0342491 0.0342124 
pop2.indv3  0.0287669 0.0356358 0.0343252 0.0344542 0.0297037 0.0327718 0.0330590 0.0329663 0.0355860 0.0378267 0.0341124 0.0338560 0.0332058 0.0323439 0.0360998 0.0310626 0.0330917 0.0327298 0.0339629 0.0363975 0.0314471 0.0312288 0.0270598 0.0345244 0.0359545 0.0243309 0.0254763 0.0000000 0.0279108 0.0276406 0.0285135 0.0301273 0.0287895 0.0255654 0.0251771 0.0255218 0.0319207 0.0296287 0.0303996 0.0291707 0.0260588 0.0248288 0.0284522 0.0249281 0.0278449 0.0266187 0.0306738 0.0239819 0.0286379 0.0275737 0.0371358 0.0311880 0.0325229 0.0360922 0.0332293 0.0369418 0.0347618 0.0347717 0.0334808 0.0315055 0.0342407 0.0370988 0.0358335 0.0358335 0.0352004 0.0345336 0.0372803 0.0341365 0.0325524 0.0307525 0.0299587 0.0317033 0.0320085 0.0361407 0.0373979 
pop2.indv4  0.0298435 0.0318216 0.0340668 0.0355137 0.0332739 0.0392089 0.0307631 0.0382371 0.0369190 0.0365873 0.0337662 0.0325482 0.0363264 0.0337762 0.0348271 0.0350330 0.0378125 0.0353548 0.0325509 0.0308424 0.0309411 0.0347302 0.0285335 0.0335329 0.0358100 0.0254766 0.0265310 0.0279108 0.0000000 0.0308515 0.0292711 0.0307339 0.0318865 0.0316032 0.0241551 0.0269690 0.0283499 0.0276789 0.0272953 0.0353696 0.0297760 0.0276513 0.0283597 0.0312388 0.0270990 0.0289584 0.0298514 0.0276986 0.0279170 0.0266212 0.0322176 0.0358672 0.0305355 0.0342951 0.0343345 0.0380651 0.0346184 0.0361407 0.0304239 0.0313532 0.0345862 0.0332921 0.0350239 0.0336272 0.0359895 0.0341289 0.0367014 0.0333140 0.0370447 0.0358285 0.0324071 0.0370700 0.0280744 0.0309087 0.0442206 
pop2.indv5  0.0381453 0.0405527 0.0350689 0.0344382 0.0376470 0.0368004 0.0362779 0.0362798 0.0353404 0.0431865 0.0346212 0.0333037 0.0349976 0.0354370 0.0347951 0.0380000 0.0373335 0.0306496 0.0344150 0.0358206 0.0371220 0.0398456 0.0312454 0.0358003 0.0395892 0.0292828 0.0294154 0.0276406 0.0308515 0.0000000 0.0267435 0.0377233 0.0312638 0.0309649 0.0259376 0.0271334 0.0273365 0.0292214 0.0301743 0.0310305 0.0319903 0.0257976 0.0303059 0.0285874 0.0276625 0.0299089 0.0298236 0.0282677 0.0306287 0.0252794 0.0395699 0.0377132 0.0343715 0.0396194 0.0320532 0.0407689 0.0310384 0.0382885 0.0351856 0.0381090 0.0370801 0.0384232 0.0411722 0.0402904 0.0383742 0.0367002 0.0354625 0.0396547 0.0343884 0.0366431 0.0353396 0.0367431 0.0382653 0.0354840 0.0403708 
pop2.indv6  0.0364669 0.0361038 0.0315346 0.0309278 0.0354423 0.0355166 0.0365640 0.0338709 0.0407402 0.0413000 0.0307766 0.0316939 0.0318505 0.0396502 0.0340136 0.0329464 0.0360847 0.0331240 0.0317625 0.0371639 0.0315824 0.0352392 0.0320077 0.0307415 0.0380872 0.0239922 0.0274547 0.0285135 0.0292711 0.0267435 0.0000000 0.0350878 0.0315192 0.0278750 0.0264901 0.0279799 0.0294359 0.0285690 0.0308451 0.0308098 0.0250490 0.0235681 0.0253849 0.0313189 0.0232186 0.0317790 0.0248477 0.0243411 0.0279781 0.0262437 0.0354618 0.0327724 0.0334789 0.0366815 0.0304174 0.0390862 0.0338342 0.0336452 0.0328761 0.0371857 0.0347819 0.0404864 0.0371600 0.0344731 0.0352626 0.0407484 0.0343539 0.0395934 0.0346564 0.0335171 0.0309684 0.0304743 0.0338826 0.0315558 0.0355632 
pop2.indv7  0.0358682 0.0424931 0.0374111 0.0373396 0.0415030 0.0400458 0.0376716 0.0397752 0.0434270 0.0432374 0.0388395 0.0367806 0.0407727 0.0408417 0.0385462 0.0403773 0.0370646 0.0403710 0.0401211 0.0399963 0.0379336 0.0392289 0.0360141 0.0440031 0.0421558 0.0350130 0.0318004 0.0301273 0.0307339 0.0377233 0.0350878 0.0000000 0.0322943 0.0296836 0.0307897 0.0296696 0.0352618 0.0330309 0.0371072 0.0390744 0.0293708 0.0279191 0.0345743 0.0338880 0.0299104 0.0339824 0.0348534 0.0299927 0.0323772 0.0299623 0.0432368 0.0394492 0.0349524 0.0371904 0.0437970 0.0426270 0.0415174 0.0434514 0.0408376 0.0389623 0.0391740 0.0459191 0.0414638 0.0438737 0.0441976 0.0428152 0.0382969 0.0406423 0.0411470 0.0437038 0.0359164 0.0402919 0.0380772 0.0378074 0.0422430 
pop2.indv8  0.0351613 0.0360048 0.0369895 0.0340873 0.0409522 0.0388575 0.0345709 0.0357034 0.0404165 0.0388032 0.0298112 0.0296839 0.0315523 0.0411655 0.0325043 0.0378065 0.0333141 0.0339895 0.0320393 0.0341233 0.0330491 0.0295464 0.0312932 0.0364885 0.0353741 0.0266940 0.0305201 0.0287895 0.0318865 0.0312638 0.0315192 0.0322943 0.0000000 0.0276109 0.0306783 0.0255259 0.0267265 0.0265059 0.0272412 0.0357001 0.0290154 0.0263599 0.0290424 0.0311156 0.0281931 0.0328425 0.0326816 0.0297631 0.0311571 0.0263171 0.0351345 0.0335846 0.0331015 0.0342231 0.0332650 0.0350079 0.0334904 0.0345982 0.0356742 0.0346068 0.0319317 0.0384911 0.0371682 0.0344084 0.0381515 0.0360273 0.0367697 0.0335652 0.0377249 0.0314981 0.0332716 0.0364927 0.0337416 0.0318472 0.0386676 
pop2.indv9  0.0339063 0.0364194 0.0345712 0.0333755 0.0312998 0.0373465 0.0300912 0.0337525 0.0365321 0.0368886 0.0293669 0.0331912 0.0335312 0.0354174 0.0377295 0.0347657 0.0339649 0.0356397 0.0360846 0.0330584 0.0297356 0.0332850 0.0323053 0.0319546 0.0387953 0.0272205 0.0264295 0.0255654 0.0316032 0.0309649 0.0278750 0.0296836 0.0276109 0.0000000 0.0260175 0.0265177 0.0311625 0.0277670 0.0267466 0.0312156 0.0269859 0.0273541 0.0285590 0.0275163 0.0278400 0.0290466 0.0292688 0.0300402 0.0286558 0.0234389 0.0348179 0.0368049 0.0328820 0.0352167 0.0336529 0.0373345 0.0262565 0.0354195 0.0312599 0.0354311 0.0326856 0.0347520 0.0356611 0.0319134 0.0369140 0.0320605 0.0328228 0.0377365 0.0319454 0.0366913 0.0339058 0.0354890 0.0301082 0.0380947 0.0391333 
pop2.indv10 0.0339859 0.0381041 0.0342194 0.0347700 0.0332313 0.0351568 0.0339846 0.0407899 0.0403838 0.0416219 0.0337845 0.0344767 0.0315858 0.0379880 0.0339126 0.0400468 0.0358954 0.0313502 0.0344966 0.0294378 0.0345922 0.0353814 0.0297798 0.0316843 0.0334722 0.0274459 0.0274903 0.0251771 0.0241551 0.0259376 0.0264901 0.0307897 0.0306783 0.0260175 0.0000000 0.0293634 0.0305142 0.0296084 0.0310546 0.0306522 0.0295362 0.0267298 0.0265279 0.0284598 0.0253017 0.0278098 0.0267589 0.0268161 0.0309195 0.0272327 0.0368522 0.0358902 0.0305434 0.0365796 0.0359509 0.0416296 0.0342199 0.0359292 0.0330595 0.0375516 0.0372256 0.0382982 0.0324110 0.0351972 0.0356604 0.0375548 0.0353735 0.0375270 0.0368551 0.0334559 0.0353160 0.0310412 0.0320196 0.0362221 0.0371246 
pop2.indv11 0.0376166 0.0348742 0.0375988 0.0331530 0.0360264 0.0354844 0.0311899 0.0411839 0.0393648 0.0362937 0.0327947 0.0371807 0.0335103 0.0383981 0.0400964 0.0337993 0.0377185 0.0327429 0.0354262 0.0363694 0.0325077 0.0365295 0.0271773 0.0323886 0.0350193 0.0280731 0.0259874 0.0255218 0.0269690 0.0271334 0.0279799 0.0296696 0.0255259 0.0265177 0.0293634 0.0000000 0.0297711 0.0254342 0.0282032 0.0308690 0.0293472 0.0264173 0.0231636 0.0299835 0.0270583 0.0292558 0.0298641 0.0261705 0.0326019 0.0268834 0.0344839 0.0345152 0.0299390 0.0371784 0.0344932 0.0350420 0.0330625 0.0385733 0.0342725 0.0358671 0.0369365 0.0375978 0.0385840 0.0389071 0.0355278 0.0337264 0.0359823 0.0319999 0.0357792 0.0381968 0.0328354 0.0359839 0.0364257 0.0355954 0.0384236 
pop2.indv12 0.0371202 0.0360802 0.0386214 0.0397391 0.0369862 0.0390157 0.0410406 0.0384336 0.0399763 0.0457131 0.0394944 0.0377729 0.0337745 0.0371405 0.0368241 0.0369976 0.0337312 0.0372251 0.0333658 0.0307966 0.0353395 0.0373194 0.0338492 0.0361586 0.0345304 0.0281868 0.0304573 0.0319207 0.0283499 0.0273365 0.0294359 0.0352618 0.0267265 0.0311625 0.0305142 0.0297711 0.0000000 0.0293919 0.0259254 0.0319343 0.0325411 0.0275066 0.0265387 0.0283276 0.0271157 0.0351576 0.0329041 0.0316242 0.0272175 0.0272330 0.0376760 0.0350982 0.0347834 0.0333898 0.0346374 0.0395221 0.0332907 0.0358633 0.0327439 0.0395447 0.0354175 0.0373977 0.0400101 0.0382444 0.0399981 0.0351799 0.0374012 0.0361336 0.0383041 0.0354398 0.0332973 0.0368812 0.0353570 0.0353788 0.0417117 
pop2.indv13 0.0298857 0.0354360 0.0326823 0.0328609 0.0345822 0.0388686 0.0322382 0.0356118 0.0356581 0.0375909 0.0287229 0.0293450 0.0370764 0.0352431 0.0327751 0.0318057 0.0334639 0.0362469 0.0364374 0.0312356 0.0337572 0.0358429 0.0290648 0.0374738 0.0347108 0.0215006 0.0267423 0.0296287 0.0276789 0.0292214 0.0285690 0.0330309 0.0265059 0.0277670 0.0296084 0.0254342 0.0293919 0.0000000 0.0292276 0.0317056 0.0300561 0.0258578 0.0309985 0.0267090 0.0258629 0.0272052 0.0287521 0.0308997 0.0326182 0.0273057 0.0364717 0.0339897 0.0323155 0.0378075 0.0306947 0.0369416 0.0324719 0.0342535 0.0309174 0.0316109 0.0382270 0.0419651 0.0358768 0.0347149 0.0384311 0.0317388 0.0398529 0.0372112 0.0314260 0.0347176 0.0310469 0.0343664 0.0350617 0.0360161 0.0353802 
pop2.indv14 0.0360976 0.0403428 0.0341144 0.0334078 0.0408643 0.0402301 0.0307154 0.0380274 0.0363996 0.0386112 0.0333182 0.0374045 0.0331009 0.0358430 0.0374082 0.0366782 0.0357009 0.0359671 0.0381499 0.0381389 0.0355029 0.0369802 0.0324878 0.0364272 0.0372032 0.0284417 0.0256007 0.0303996 0.0272953 0.0301743 0.0308451 0.0371072 0.0272412 0.0267466 0.0310546 0.0282032 0.0259254 0.0292276 0.0000000 0.0326705 0.0353460 0.0297112 0.0282671 0.0317124 0.0256411 0.0297831 0.0310428 0.0280940 0.0323212 0.0273610 0.0377306 0.0374534 0.0352468 0.0355428 0.0368362 0.0379886 0.0313984 0.0366252 0.0356599 0.0319011 0.0396064 0.0357488 0.0385909 0.0397170 0.0364355 0.0370105 0.0385305 0.0375255 0.0372965 0.0386405 0.0326046 0.0330414 0.0340537 0.0332802 0.0406506 
pop2.indv15 0.0399501 0.0360910 0.0417894 0.0389767 0.0394600 0.0404128 0.0383677 0.0358889 0.0369185 0.0413151 0.0346377 0.0347940 0.0365121 0.0400883 0.0381653 0.0357671 0.0380179 0.0350262 0.0383363 0.0339675 0.0388318 0.0399427 0.0294425 0.0421775 0.0372453 0.0252169 0.0297940 0.0291707 0.0353696 0.0310305 0.0308098 0.0390744 0.0357001 0.0312156 0.0306522 0.0308690 0.0319343 0.0317056 0.0326705 0.0000000 0.0278249 0.0312738 0.0324991 0.0269703 0.0316421 0.0338619 0.0328276 0.0366028 0.0373365 0.0312365 0.0375931 0.0365255 0.0360985 0.0398150 0.0378388 0.0405618 0.0337984 0.0383346 0.0345841 0.0380020 0.0412659 0.0411275 0.0393674 0.0362971 0.0389838 0.0360594 0.0396466 0.0392114 0.0369033 0.0360888 0.0352353 0.0383309 0.0333756 0.0369384 0.0396357 
pop2.indv16 0.0294078 0.0369376 0.0341613 0.0332744 0.0316568 0.0361762 0.0315369 0.0337764 0.0369869 0.0390965 0.0324319 0.0359329 0.0327042 0.0327306 0.0309273 0.0300114 0.0331906 0.0322385 0.0308999 0.0317923 0.0326969 0.0344199 0.0315084 0.0375362 0.0303271 0.0279375 0.0254884 0.0260588 0.0297760 0.0319903 0.0250490 0.0293708 0.0290154 0.0269859 0.0295362 0.0293472 0.0325411 0.0300561 0.0353460 0.0278249 0.0000000 0.0261724 0.0291419 0.0312822 0.0253897 0.0266085 0.0259136 0.0283537 0.0275190 0.0278467 0.0349232 0.0323119 0.0312028 0.0358547 0.0286565 0.0343730 0.0329269 0.0341613 0.0358683 0.0329470 0.0384730 0.0364274 0.0345994 0.0348948 0.0390146 0.0385036 0.0324983 0.0338153 0.0354352 0.0372341 0.0343184 0.0300927 0.0366220 0.0310832 0.0376906 
pop2.indv17 0.0332485 0.0376123 0.0332394 0.0323883 0.0340321 0.0345726 0.0312784 0.0372262 0.0341429 0.0355820 0.0295905 0.0333461 0.0338265 0.0397549 0.0317599 0.0332185 0.0325917 0.0312946 0.0330234 0.0269331 0.0336825 0.0302382 0.0305952 0.0341865 0.0313916 0.0234597 0.0200380 0.0248288 0.0276513 0.0257976 0.0235681 0.0279191 0.0263599 0.0273541 0.0267298 0.0264173 0.0275066 0.0258578 0.0297112 0.0312738 0.0261724 0.0000000 0.0298408 0.0254143 0.0254940 0.0306182 0.0292897 0.0262790 0.0307952 0.0234112 0.0355257 0.0334005 0.0302066 0.0365184 0.0289157 0.0354669 0.0332009 0.0379049 0.0315857 0.0340309 0.0351119 0.0386719 0.0362746 0.0377844 0.0370022 0.0297938 0.0333850 0.0346347 0.0338448 0.0356702 0.0279870 0.0355040 0.0326119 0.0332045 0.0380669 
pop2.indv18 0.0387095 0.0342341 0.0373198 0.0396926 0.0368526 0.0364196 0.0326826 0.0366786 0.0437278 0.0448719 0.0361645 0.0368559 0.0392828 0.0356504 0.0385018 0.0362264 0.0367713 0.0365406 0.0406433 0.0353659 0.0350471 0.0365961 0.0323401 0.0369193 0.0382562 0.0273707 0.0288208 0.0284522 0.0283597 0.0303059 0.0253849 0.0345743 0.0290424 0.0285590 0.0265279 0.0231636 0.0265387 0.0309985 0.0282671 0.0324991 0.0291419 0.0298408 0.0000000 0.0303416 0.0286293 0.0294814 0.0294178 0.0270742 0.0330742 0.0287496 0.0373860 0.0354788 0.0352498 0.0344123 0.0365012 0.0394163 0.0313970 0.0342675 0.0322951 0.0401273 0.0374727 0.0371998 0.0419444 0.0343929 0.0350758 0.0366308 0.0382126 0.0374531 0.0336099 0.0341768 0.0342526 0.0364101 0.0349123 0.0380091 0.0387201 
pop2.indv19 0.0338701 0.0325333 0.0327410 0.0336205 0.0345645 0.0385346 0.0336059 0.0376158 0.0371043 0.0379689 0.0357620 0.0311766 0.0344052 0.0335812 0.0341847 0.0374220 0.0310976 0.0362490 0.0344067 0.0342078 0.0345667 0.0381230 0.0329318 0.0316869 0.0385718 0.0282490 0.0290051 0.0249281 0.0312388 0.0285874 0.0313189 0.0338880 0.0311156 0.0275163 0.0284598 0.0299835 0.0283276 0.0267090 0.0317124 0.0269703 0.0312822 0.0254143 0.0303416 0.0000000 0.0301819 0.0332906 0.0310258 0.0259680 0.0286714 0.0251485 0.0342952 0.0326683 0.0296965 0.0358030 0.0326602 0.0342798 0.0263999 0.0337642 0.0313277 0.0357580 0.0321857 0.0363563 0.0332777 0.0357405 0.0427289 0.0308278 0.0333292 0.0352610 0.0336894 0.0360555 0.0306787 0.0344886 0.0324857 0.0363049 0.0331110 
pop2.indv20 0.0335040 0.0373044 0.0328684 0.0320332 0.0374524 0.0345949 0.0360429 0.0318313 0.0408350 0.0401496 0.0324297 0.0377162 0.0316799 0.0355724 0.0364172 0.0337197 0.0338431 0.0372366 0.0305015 0.0329710 0.0295609 0.0330436 0.0276884 0.0330292 0.0350364 0.0219581 0.0251750 0.0278449 0.0270990 0.0276625 0.0232186 0.0299104 0.0281931 0.0278400 0.0253017 0.0270583 0.0271157 0.0258629 0.0256411 0.0316421 0.0253897 0.0254940 0.0286293 0.0301819 0.0000000 0.0264278 0.0281358 0.0275045 0.0291920 0.0257629 0.0350436 0.0317543 0.0297973 0.0365566 0.0337274 0.0395027 0.0320193 0.0358034 0.0336013 0.0330556 0.0351773 0.0341280 0.0354756 0.0354440 0.0337451 0.0335912 0.0350362 0.0344620 0.0316894 0.0361448 0.0296393 0.0372186 0.0333636 0.0321169 0.0328336 
pop2.indv21 0.0356842 0.0353088 0.0386561 0.0372925 0.0393110 0.0425172 0.0382146 0.0351036 0.0388012 0.0437696 0.0350929 0.0386913 0.0364507 0.0411453 0.0389412 0.0367153 0.0350275 0.0315802 0.0386969 0.0363641 0.0386561 0.0384546 0.0353639 0.0390726 0.0360179 0.0234805 0.0310502 0.0266187 0.0289584 0.0299089 0.0317790 0.0339824 0.0328425 0.0290466 0.0278098 0.0292558 0.0351576 0.0272052 0.0297831 0.0338619 0.0266085 0.0306182 0.0294814 0.0332906 0.0264278 0.0000000 0.0317248 0.0287053 0.0330214 0.0282218 0.0368470 0.0326196 0.0322576 0.0364852 0.0346027 0.0407358 0.0355791 0.0371164 0.0378454 0.0382711 0.0405207 0.0404577 0.0372440 0.0380162 0.0399367 0.0368146 0.0402474 0.0377650 0.0412888 0.0393008 0.0316266 0.0339131 0.0351553 0.0340644 0.0384750 
pop2.indv22 0.0362695 0.0363279 0.0391940 0.0364481 0.0351842 0.0338353 0.0382856 0.0416036 0.0407526 0.0424646 0.0326417 0.0355584 0.0380920 0.0400632 0.0365894 0.0371062 0.0356895 0.0369377 0.0379538 0.0334638 0.0299934 0.0345717 0.0345305 0.0389741 0.0370697 0.0274073 0.0269639 0.0306738 0.0298514 0.0298236 0.0248477 0.0348534 0.0326816 0.0292688 0.0267589 0.0298641 0.0329041 0.0287521 0.0310428 0.0328276 0.0259136 0.0292897 0.0294178 0.0310258 0.0281358 0.0317248 0.0000000 0.0283948 0.0316217 0.0264629 0.0402969 0.0335803 0.0332500 0.0395960 0.0329002 0.0365450 0.0329584 0.0406210 0.0372917 0.0333864 0.0386396 0.0369341 0.0359526 0.0351318 0.0396558 0.0355603 0.0329673 0.0419747 0.0355812 0.0364325 0.0365133 0.0353022 0.0344176 0.0388911 0.0385455 
pop2.indv23 0.0333575 0.0369745 0.0349592 0.0316471 0.0346061 0.0365915 0.0341383 0.0324984 0.0404529 0.0419827 0.0285018 0.0331505 0.0388931 0.0381596 0.0338217 0.0346994 0.0368929 0.0356622 0.0371059 0.0358770 0.0356601 0.0337391 0.0314980 0.0313771 0.0387111 0.0198391 0.0269070 0.0239819 0.0276986 0.0282677 0.0243411 0.0299927 0.0297631 0.0300402 0.0268161 0.0261705 0.0316242 0.0308997 0.0280940 0.0366028 0.0283537 0.0262790 0.0270742 0.0259680 0.0275045 0.0287053 0.0283948 0.0000000 0.0315534 0.0257282 0.0374600 0.0346573 0.0299876 0.0354795 0.0322502 0.0350336 0.0364100 0.0369775 0.0338277 0.0340849 0.0361843 0.0338965 0.0351923 0.0363798 0.0374608 0.0362226 0.0365449 0.0348101 0.0349101 0.0305570 0.0333740 0.0359337 0.0363591 0.0357420 0.0341792 
pop2.indv24 0.0349417 0.0312917 0.0365137 0.0347956 0.0335842 0.0422176 0.0363588 0.0374788 0.0373697 0.0400151 0.0353484 0.0371475 0.0374683 0.0351900 0.0373804 0.0410624 0.0354218 0.0345396 0.0405171 0.0340814 0.0335207 0.0365015 0.0328829 0.0405747 0.0373544 0.0263875 0.0273296 0.0286379 0.0279170 0.0306287 0.0279781 0.0323772 0.0311571 0.0286558 0.0309195 0.0326019 0.0272175 0.0326182 0.0323212 0.0373365 0.0275190 0.0307952 0.0330742 0.0286714 0.0291920 0.0330214 0.0316217 0.0315534 0.0000000 0.0237891 0.0374350 0.0383784 0.0321601 0.0352938 0.0316317 0.0432293 0.0359793 0.0354392 0.0407470 0.0348396 0.0380082 0.0359673 0.0399107 0.0391259 0.0403966 0.0351750 0.0393570 0.0360308 0.0373486 0.0368418 0.0339333 0.0347263 0.0334834 0.0345509 0.0385472 
pop2.indv25 0.0339422 0.0358968 0.0341080 0.0321889 0.0329544 0.0349607 0.0302947 0.0330363 0.0365865 0.0401298 0.0282059 0.0316432 0.0321142 0.0334282 0.0341935 0.0277734 0.0367117 0.0302168 0.0324143 0.0320584 0.0325307 0.0316604 0.0282597 0.0304118 0.0316837 0.0255599 0.0244632 0.0275737 0.0266212 0.0252794 0.0262437 0.0299623 0.0263171 0.0234389 0.0272327 0.0268834 0.0272330 0.0273057 0.0273610 0.0312365 0.0278467 0.0234112 0.0287496 0.0251485 0.0257629 0.0282218 0.0264629 0.0257282 0.0237891 0.0000000 0.0354522 0.0309895 0.0249211 0.0299800 0.0278968 0.0337441 0.0297981 0.0356950 0.0331934 0.0318602 0.0343242 0.0359731 0.0316989 0.0341291 0.0315338 0.0366575 0.0351301 0.0340945 0.0312757 0.0352112 0.0313589 0.0310606 0.0319401 0.0301114 0.0332942 
pop3.indv1  0.0342853 0.0272616 0.0360820 0.0339270 0.0322775 0.0344633 0.0294160 0.0346153 0.0350984 0.0361921 0.0261467 0.0327691 0.0337528 0.0321760 0.0316801 0.0287940 0.0311959 0.0301405 0.0343477 0.0292605 0.0274845 0.0314150 0.0255582 0.0311022 0.0349981 0.0319913 0.0370500 0.0371358 0.0322176 0.0395699 0.0354618 0.0432368 0.0351345 0.0348179 0.0368522 0.0344839 0.0376760 0.0364717 0.0377306 0.0375931 0.0349232 0.0355257 0.0373860 0.0342952 0.0350436 0.0368470 0.0402969 0.0374600 0.0374350 0.0354522 0.0000000 0.0283409 0.0293894 0.0296567 0.0269275 0.0324797 0.0294028 0.0315487 0.0296549 0.0314904 0.0328728 0.0358270 0.0332881 0.0352617 0.0304669 0.0323456 0.0313840 0.0319881 0.0319769 0.0307670 0.0272031 0.0280826 0.0296104 0.0344519 0.0310744 
pop3.indv2  0.0290873 0.0253402 0.0297932 0.0279532 0.0267672 0.0261553 0.0256854 0.0283122 0.0313050 0.0289684 0.0278045 0.0276886 0.0267886 0.0281405 0.0272198 0.0259996 0.0277315 0.0260710 0.0283962 0.0267325 0.0224808 0.0254155 0.0221801 0.0275086 0.0295214 0.0276961 0.0318855 0.0311880 0.0358672 0.0377132 0.0327724 0.0394492 0.0335846 0.0368049 0.0358902 0.0345152 0.0350982 0.0339897 0.0374534 0.0365255 0.0323119 0.0334005 0.0354788 0.0326683 0.0317543 0.0326196 0.0335803 0.0346573 0.0383784 0.0309895 0.0283409 0.0000000 0.0235085 0.0271227 0.0271750 0.0294334 0.0296208 0.0309479 0.0295817 0.0263230 0.0287463 0.0308820 0.0313217 0.0320344 0.0310860 0.0249935 0.0259925 0.0295804 0.0297780 0.0306122 0.0268005 0.0258914 0.0285014 0.0301507 0.0258958 
