75
pop1.indv1  0.0000000 0.0282268 0.0259339 0.0271697 0.0269938 0.0251777 0.0260809 0.0280266 0.0263888 0.0326148 0.0324618 0.0300779 0.0264854 0.0297966 0.0271978 0.0273673 0.0247837 0.0316014 0.0281646 0.0260220 0.0256298 0.0309047 0.0245348 0.0302616 0.0252546 0.0331563 0.0343511 0.0284196 0.0318370 0.0385318 0.0405133 0.0319553 0.0308326 0.0359492 0.0380482 0.0364239 0.0389295 0.0310298 0.0369501 0.0376927 0.0322057 0.0333546 0.0394902 0.0332896 0.0347623 0.0406478 0.0360157 0.0354035 0.0366738 0.0342414 0.0338357 0.0287943 0.0293417 0.0312834 0.0289485 0.0296908 0.0252700 0.0286330 0.0331402 0.0378213 0.0276215 0.0285373 0.0274120 0.0275502 0.0285253 0.0283487 0.0308274 0.0290358 0.0271552 0.0253500 0.0296799 0.0307235 0.0226704 0.0255958 0.0320907 
pop1.indv2  0.0282268 0.0000000 0.0261725 0.0295874 0.0253955 0.0242895 0.0319901 0.0281283 0.0324590 0.0269436 0.0251316 0.0260924 0.0326357 0.0264625 0.0246430 0.0281722 0.0293451 0.0288936 0.0309479 0.0335912 0.0247561 0.0266530 0.0268938 0.0321883 0.0250205 0.0296919 0.0325632 0.0298340 0.0330913 0.0361609 0.0340696 0.0394701 0.0279059 0.0339289 0.0355979 0.0280767 0.0301345 0.0330052 0.0355917 0.0329629 0.0350877 0.0361622 0.0279179 0.0287862 0.0322341 0.0330231 0.0390172 0.0331087 0.0288043 0.0315600 0.0225926 0.0246392 0.0240465 0.0289149 0.0214939 0.0278038 0.0243636 0.0265720 0.0288693 0.0329976 0.0274272 0.0323487 0.0312923 0.0353970 0.0303440 0.0251810 0.0245768 0.0272756 0.0273796 0.0272617 0.0246120 0.0317099 0.0305603 0.0293402 0.0298582 
pop1.indv3  0.0259339 0.0261725 0.0000000 0.0314520 0.0309618 0.0314511 0.0283010 0.0290904 0.0276075 0.0339560 0.0237452 0.0314872 0.0335684 0.0258508 0.0303405 0.0284686 0.0299579 0.0289134 0.0220405 0.0288170 0.0288300 0.0289287 0.0202349 0.0317124 0.0304057 0.0325636 0.0320484 0.0341197 0.0356578 0.0369055 0.0328160 0.0397993 0.0340306 0.0312322 0.0353727 0.0363583 0.0396476 0.0319369 0.0343825 0.0427931 0.0357491 0.0390886 0.0348341 0.0330762 0.0373682 0.0393636 0.0421306 0.0383179 0.0384295 0.0352161 0.0354340 0.0302694 0.0245155 0.0292332 0.0263510 0.0350667 0.0281049 0.0296951 0.0282385 0.0263935 0.0344894 0.0284737 0.0291213 0.0333314 0.0277790 0.0248147 0.0320700 0.0248138 0.0270883 0.0287814 0.0325780 0.0250192 0.0303495 0.0349464 0.0308560 
pop1.indv4  0.0271697 0.0295874 0.0314520 0.0000000 0.0314041 0.0317770 0.0278994 0.0289485 0.0310875 0.0316014 0.0222738 0.0281725 0.0245848 0.0304218 0.0243837 0.0247795 0.0269073 0.0260799 0.0269329 0.0244718 0.0294511 0.0282422 0.0262578 0.0265538 0.0304251 0.0303672 0.0307404 0.0306848 0.0376749 0.0347424 0.0354277 0.0438770 0.0320321 0.0353729 0.0380669 0.0360909 0.0398291 0.0372969 0.0296234 0.0374110 0.0326067 0.0333312 0.0424950 0.0321112 0.0330669 0.0378823 0.0408535 0.0346791 0.0366040 0.0298960 0.0302839 0.0271145 0.0267171 0.0277209 0.0259977 0.0330227 0.0256953 0.0318697 0.0284366 0.0283522 0.0261075 0.0312442 0.0281473 0.0367419 0.0328121 0.0251571 0.0303372 0.0275659 0.0284962 0.0296048 0.0319705 0.0323758 0.0296973 0.0257658 0.0270409 
pop1.indv5  0.0269938 0.0253955 0.0309618 0.0314041 0.0000000 0.0318742 0.0247887 0.0334685 0.0313363 0.0310399 0.0321109 0.0281089 0.0346305 0.0288382 0.0279401 0.0272973 0.0277961 0.0250134 0.0278438 0.0239215 0.0291477 0.0299093 0.0263198 0.0307236 0.0308518 0.0288511 0.0360236 0.0309867 0.0350655 0.0360658 0.0417294 0.0445653 0.0365796 0.0333954 0.0336705 0.0317402 0.0413377 0.0346191 0.0420882 0.0417343 0.0340333 0.0342871 0.0358598 0.0318543 0.0370186 0.0410248 0.0374474 0.0332509 0.0349545 0.0363158 0.0348003 0.0256786 0.0274206 0.0310008 0.0255467 0.0335214 0.0285492 0.0316982 0.0250267 0.0306739 0.0337813 0.0325052 0.0265346 0.0354594 0.0342100 0.0276224 0.0309080 0.0325011 0.0267459 0.0328741 0.0340027 0.0288793 0.0338253 0.0271472 0.0333727 
pop1.indv6  0.0251777 0.0242895 0.0314511 0.0317770 0.0318742 0.0000000 0.0286253 0.0257084 0.0328211 0.0347829 0.0238960 0.0290889 0.0358915 0.0277083 0.0284317 0.0300416 0.0260634 0.0233860 0.0253564 0.0261804 0.0250156 0.0282973 0.0232926 0.0302121 0.0283852 0.0393845 0.0349273 0.0292624 0.0387532 0.0334812 0.0358749 0.0372579 0.0366046 0.0341712 0.0340753 0.0334394 0.0370470 0.0423701 0.0388953 0.0408774 0.0350263 0.0352813 0.0356412 0.0381586 0.0330543 0.0395517 0.0322468 0.0394898 0.0359242 0.0360431 0.0311889 0.0235790 0.0287791 0.0317131 0.0303671 0.0284201 0.0306229 0.0340924 0.0301181 0.0375160 0.0353653 0.0302051 0.0264417 0.0315436 0.0268209 0.0285145 0.0329455 0.0282067 0.0258735 0.0280582 0.0377356 0.0283507 0.0246482 0.0324883 0.0319788 
pop1.indv7  0.0260809 0.0319901 0.0283010 0.0278994 0.0247887 0.0286253 0.0000000 0.0305110 0.0321537 0.0326157 0.0217019 0.0280345 0.0311644 0.0364507 0.0267794 0.0255339 0.0260749 0.0250906 0.0223744 0.0271891 0.0212156 0.0288537 0.0222813 0.0228247 0.0269217 0.0336488 0.0361514 0.0296667 0.0330801 0.0338943 0.0378415 0.0343529 0.0298566 0.0315692 0.0324540 0.0280623 0.0380844 0.0340276 0.0327182 0.0366036 0.0303302 0.0322066 0.0328867 0.0328785 0.0361700 0.0407232 0.0406959 0.0365193 0.0387185 0.0293633 0.0268118 0.0226152 0.0268127 0.0277929 0.0261460 0.0307313 0.0254513 0.0255298 0.0278284 0.0250338 0.0296333 0.0241480 0.0324218 0.0251250 0.0267621 0.0262087 0.0320909 0.0235238 0.0307220 0.0314608 0.0273634 0.0288672 0.0243097 0.0230066 0.0277488 
pop1.indv8  0.0280266 0.0281283 0.0290904 0.0289485 0.0334685 0.0257084 0.0305110 0.0000000 0.0284364 0.0333897 0.0229454 0.0319534 0.0286259 0.0308975 0.0262033 0.0288022 0.0303453 0.0267825 0.0292275 0.0305716 0.0275903 0.0222025 0.0253926 0.0295123 0.0339174 0.0351927 0.0362456 0.0324147 0.0430609 0.0367106 0.0325760 0.0405344 0.0321877 0.0293857 0.0427129 0.0357737 0.0337415 0.0323605 0.0345519 0.0314387 0.0338045 0.0420386 0.0325195 0.0356056 0.0290512 0.0336430 0.0374503 0.0368991 0.0368882 0.0321353 0.0294101 0.0294676 0.0266219 0.0252957 0.0304436 0.0343301 0.0316795 0.0317220 0.0287003 0.0372370 0.0315860 0.0323692 0.0300682 0.0379948 0.0259434 0.0344155 0.0334962 0.0326065 0.0250918 0.0344223 0.0308126 0.0290577 0.0281754 0.0291983 0.0279171 
pop1.indv9  0.0263888 0.0324590 0.0276075 0.0310875 0.0313363 0.0328211 0.0321537 0.0284364 0.0000000 0.0325945 0.0297721 0.0346215 0.0311747 0.0288786 0.0237269 0.0325852 0.0273670 0.0251287 0.0279038 0.0280934 0.0314650 0.0259990 0.0270111 0.0397486 0.0325173 0.0363568 0.0388776 0.0355507 0.0382514 0.0357715 0.0411889 0.0458005 0.0412906 0.0384179 0.0421147 0.0438911 0.0378159 0.0359547 0.0318007 0.0359540 0.0401461 0.0384177 0.0423154 0.0376284 0.0388146 0.0404912 0.0392692 0.0402402 0.0406977 0.0403537 0.0344995 0.0294100 0.0279340 0.0316890 0.0326334 0.0317314 0.0334772 0.0257704 0.0333676 0.0338941 0.0350189 0.0349863 0.0379493 0.0434852 0.0341031 0.0352289 0.0369137 0.0372454 0.0365318 0.0314095 0.0330108 0.0315265 0.0251681 0.0323111 0.0333378 
pop1.indv10 0.0326148 0.0269436 0.0339560 0.0316014 0.0310399 0.0347829 0.0326157 0.0333897 0.0325945 0.0000000 0.0329324 0.0289492 0.0353640 0.0277747 0.0257688 0.0343529 0.0367017 0.0271690 0.0297830 0.0321534 0.0238791 0.0352573 0.0307083 0.0345641 0.0313205 0.0423649 0.0432844 0.0387383 0.0359237 0.0475293 0.0406761 0.0393387 0.0363882 0.0374305 0.0457068 0.0386373 0.0487325 0.0352573 0.0322255 0.0371069 0.0381985 0.0336509 0.0452308 0.0338501 0.0391919 0.0458684 0.0467686 0.0440833 0.0452727 0.0408053 0.0346491 0.0288693 0.0317059 0.0381236 0.0294890 0.0326073 0.0326613 0.0340988 0.0321230 0.0362067 0.0355444 0.0279594 0.0346986 0.0366069 0.0314043 0.0335935 0.0355075 0.0348061 0.0344486 0.0361276 0.0278115 0.0313171 0.0341276 0.0350804 0.0346204 
pop1.indv11 0.0324618 0.0251316 0.0237452 0.0222738 0.0321109 0.0238960 0.0217019 0.0229454 0.0297721 0.0329324 0.0000000 0.0288793 0.0283518 0.0309369 0.0249202 0.0294528 0.0249994 0.0281286 0.0273137 0.0233871 0.0235658 0.0225065 0.0214104 0.0314494 0.0336872 0.0348522 0.0349547 0.0331698 0.0344115 0.0313692 0.0308623 0.0359783 0.0260941 0.0280892 0.0363696 0.0360095 0.0382846 0.0279768 0.0314697 0.0347517 0.0314351 0.0342527 0.0377847 0.0344101 0.0290937 0.0389160 0.0332576 0.0273473 0.0346933 0.0277590 0.0238657 0.0261155 0.0249701 0.0273997 0.0252488 0.0259508 0.0312461 0.0257580 0.0303655 0.0298365 0.0265672 0.0314909 0.0329549 0.0326664 0.0295437 0.0223136 0.0304199 0.0272671 0.0256382 0.0283915 0.0281354 0.0287426 0.0259034 0.0266533 0.0302304 
pop1.indv12 0.0300779 0.0260924 0.0314872 0.0281725 0.0281089 0.0290889 0.0280345 0.0319534 0.0346215 0.0289492 0.0288793 0.0000000 0.0267295 0.0315487 0.0249025 0.0288079 0.0250767 0.0222391 0.0281121 0.0320282 0.0249296 0.0226358 0.0257804 0.0297184 0.0300712 0.0337797 0.0303200 0.0325595 0.0332304 0.0343531 0.0337794 0.0406016 0.0255890 0.0316710 0.0368296 0.0380802 0.0401321 0.0287784 0.0367753 0.0313456 0.0402152 0.0339425 0.0381390 0.0278493 0.0354783 0.0404867 0.0358149 0.0327822 0.0382757 0.0315764 0.0309410 0.0227821 0.0224792 0.0280174 0.0214222 0.0316686 0.0235432 0.0298733 0.0269425 0.0285834 0.0280257 0.0343954 0.0260207 0.0379816 0.0329253 0.0282676 0.0294622 0.0312605 0.0284231 0.0302187 0.0292082 0.0313146 0.0292805 0.0329140 0.0236978 
pop1.indv13 0.0264854 0.0326357 0.0335684 0.0245848 0.0346305 0.0358915 0.0311644 0.0286259 0.0311747 0.0353640 0.0283518 0.0267295 0.0000000 0.0292473 0.0265809 0.0281149 0.0276312 0.0260838 0.0323201 0.0295449 0.0294294 0.0279922 0.0269699 0.0319356 0.0337813 0.0357209 0.0322264 0.0310875 0.0355714 0.0376944 0.0359607 0.0412906 0.0287130 0.0331005 0.0340262 0.0323852 0.0314608 0.0411502 0.0282128 0.0338879 0.0329064 0.0406875 0.0359474 0.0356196 0.0332637 0.0364868 0.0396041 0.0415028 0.0401600 0.0341200 0.0266753 0.0269686 0.0314371 0.0230839 0.0252184 0.0321953 0.0279427 0.0332858 0.0297472 0.0336032 0.0300846 0.0342956 0.0309061 0.0326215 0.0280617 0.0269112 0.0328893 0.0292528 0.0270663 0.0282391 0.0262405 0.0315087 0.0314536 0.0219977 0.0268918 
pop1.indv14 0.0297966 0.0264625 0.0258508 0.0304218 0.0288382 0.0277083 0.0364507 0.0308975 0.0288786 0.0277747 0.0309369 0.0315487 0.0292473 0.0000000 0.0280009 0.0331449 0.0265171 0.0300603 0.0270761 0.0258068 0.0292128 0.0285568 0.0232828 0.0324667 0.0263240 0.0371231 0.0363823 0.0305279 0.0355222 0.0312640 0.0417198 0.0389648 0.0377996 0.0351396 0.0377760 0.0389937 0.0354946 0.0354375 0.0330983 0.0374971 0.0306128 0.0403630 0.0312112 0.0336296 0.0351810 0.0386693 0.0433021 0.0382185 0.0376067 0.0396183 0.0299372 0.0274384 0.0255328 0.0300283 0.0264212 0.0284724 0.0260594 0.0312141 0.0258669 0.0350603 0.0297960 0.0250660 0.0259662 0.0325009 0.0330192 0.0268682 0.0285835 0.0314537 0.0252296 0.0277492 0.0258641 0.0281089 0.0298417 0.0307988 0.0313244 
pop1.indv15 0.0271978 0.0246430 0.0303405 0.0243837 0.0279401 0.0284317 0.0267794 0.0262033 0.0237269 0.0257688 0.0249202 0.0249025 0.0265809 0.0280009 0.0000000 0.0244385 0.0267287 0.0304135 0.0297699 0.0287711 0.0264222 0.0244065 0.0241123 0.0287732 0.0250050 0.0303810 0.0313417 0.0355630 0.0365652 0.0326102 0.0339477 0.0410378 0.0281818 0.0359814 0.0351984 0.0353433 0.0360391 0.0340638 0.0328841 0.0376958 0.0278607 0.0348862 0.0349800 0.0308907 0.0361986 0.0407469 0.0372280 0.0341579 0.0361318 0.0336316 0.0280095 0.0283946 0.0271595 0.0271251 0.0284911 0.0283165 0.0278777 0.0234689 0.0280121 0.0329051 0.0321338 0.0293137 0.0259549 0.0267406 0.0297836 0.0261317 0.0295925 0.0247723 0.0270018 0.0269319 0.0252378 0.0274074 0.0272387 0.0305720 0.0295240 
pop1.indv16 0.0273673 0.0281722 0.0284686 0.0247795 0.0272973 0.0300416 0.0255339 0.0288022 0.0325852 0.0343529 0.0294528 0.0288079 0.0281149 0.0331449 0.0244385 0.0000000 0.0279636 0.0252575 0.0256566 0.0274147 0.0295871 0.0283224 0.0235314 0.0253400 0.0270213 0.0320863 0.0368057 0.0299667 0.0370492 0.0387310 0.0354175 0.0396047 0.0365281 0.0328378 0.0457050 0.0336987 0.0356061 0.0361004 0.0326998 0.0376718 0.0329642 0.0356732 0.0347848 0.0410687 0.0311244 0.0371043 0.0416391 0.0340599 0.0420815 0.0291590 0.0236591 0.0266814 0.0243417 0.0290124 0.0276025 0.0264983 0.0278175 0.0312534 0.0252642 0.0334737 0.0344271 0.0360413 0.0321338 0.0367522 0.0261447 0.0278604 0.0321859 0.0301884 0.0251513 0.0265558 0.0302322 0.0294150 0.0304890 0.0329733 0.0299075 
pop1.indv17 0.0247837 0.0293451 0.0299579 0.0269073 0.0277961 0.0260634 0.0260749 0.0303453 0.0273670 0.0367017 0.0249994 0.0250767 0.0276312 0.0265171 0.0267287 0.0279636 0.0000000 0.0280063 0.0323524 0.0310837 0.0302539 0.0302461 0.0269664 0.0277837 0.0232291 0.0323518 0.0344797 0.0312277 0.0396292 0.0361761 0.0346308 0.0376674 0.0309932 0.0259468 0.0342426 0.0308867 0.0316927 0.0322021 0.0311525 0.0335803 0.0341149 0.0332502 0.0334582 0.0306168 0.0358180 0.0342939 0.0359450 0.0338413 0.0368838 0.0380661 0.0290304 0.0286053 0.0268426 0.0262199 0.0248689 0.0307974 0.0258790 0.0301507 0.0244503 0.0304047 0.0318132 0.0277555 0.0275234 0.0296880 0.0320488 0.0291588 0.0366564 0.0310088 0.0265627 0.0309269 0.0269943 0.0346392 0.0280478 0.0284973 0.0297667 
pop1.indv18 0.0316014 0.0288936 0.0289134 0.0260799 0.0250134 0.0233860 0.0250906 0.0267825 0.0251287 0.0271690 0.0281286 0.0222391 0.0260838 0.0300603 0.0304135 0.0252575 0.0280063 0.0000000 0.0274407 0.0260177 0.0261808 0.0262655 0.0272436 0.0219920 0.0259223 0.0351705 0.0329978 0.0325859 0.0363427 0.0287669 0.0307489 0.0390124 0.0336469 0.0358241 0.0312533 0.0297774 0.0351424 0.0344252 0.0342137 0.0308747 0.0328197 0.0315412 0.0345467 0.0353321 0.0350084 0.0347324 0.0356827 0.0334641 0.0393729 0.0285901 0.0280799 0.0244298 0.0275061 0.0265525 0.0237633 0.0267355 0.0218946 0.0246837 0.0257266 0.0288486 0.0286847 0.0279214 0.0347426 0.0346789 0.0299034 0.0278858 0.0335782 0.0358506 0.0246690 0.0284832 0.0262071 0.0255285 0.0292823 0.0286990 0.0263911 
pop1.indv19 0.0281646 0.0309479 0.0220405 0.0269329 0.0278438 0.0253564 0.0223744 0.0292275 0.0279038 0.0297830 0.0273137 0.0281121 0.0323201 0.0270761 0.0297699 0.0256566 0.0323524 0.0274407 0.0000000 0.0262232 0.0282391 0.0232601 0.0231052 0.0254464 0.0274786 0.0286491 0.0312674 0.0321002 0.0330763 0.0341751 0.0344456 0.0361309 0.0268261 0.0325392 0.0333713 0.0321147 0.0289328 0.0366626 0.0375280 0.0336353 0.0265780 0.0308763 0.0401529 0.0301047 0.0308009 0.0401961 0.0371703 0.0379774 0.0381613 0.0284190 0.0297132 0.0232027 0.0255307 0.0236100 0.0280202 0.0317226 0.0254513 0.0280613 0.0208615 0.0255086 0.0272725 0.0335713 0.0305965 0.0301814 0.0279179 0.0223732 0.0344049 0.0278052 0.0235367 0.0260217 0.0255298 0.0294792 0.0244839 0.0268849 0.0270305 
pop1.indv20 0.0260220 0.0335912 0.0288170 0.0244718 0.0239215 0.0261804 0.0271891 0.0305716 0.0280934 0.0321534 0.0233871 0.0320282 0.0295449 0.0258068 0.0287711 0.0274147 0.0310837 0.0260177 0.0262232 0.0000000 0.0254593 0.0244987 0.0228989 0.0274254 0.0290520 0.0360947 0.0312028 0.0393405 0.0318181 0.0355896 0.0409130 0.0427298 0.0287910 0.0300559 0.0313813 0.0377086 0.0312586 0.0321428 0.0355272 0.0357059 0.0299081 0.0268818 0.0375405 0.0309441 0.0316812 0.0364316 0.0330351 0.0366577 0.0390517 0.0328823 0.0244718 0.0288863 0.0265189 0.0246092 0.0257895 0.0325195 0.0244999 0.0263164 0.0304694 0.0298747 0.0324730 0.0303570 0.0297966 0.0324509 0.0337159 0.0300577 0.0316158 0.0293249 0.0249507 0.0322726 0.0224741 0.0303214 0.0287005 0.0294955 0.0269495 
pop1.indv21 0.0256298 0.0247561 0.0288300 0.0294511 0.0291477 0.0250156 0.0212156 0.0275903 0.0314650 0.0238791 0.0235658 0.0249296 0.0294294 0.0292128 0.0264222 0.0295871 0.0302539 0.0261808 0.0282391 0.0254593 0.0000000 0.0234613 0.0232155 0.0324070 0.0281680 0.0359399 0.0342976 0.0295634 0.0280735 0.0384067 0.0339094 0.0387328 0.0324937 0.0297387 0.0376721 0.0291950 0.0354660 0.0327555 0.0329082 0.0356773 0.0345878 0.0343978 0.0326361 0.0352711 0.0293872 0.0407740 0.0303629 0.0353212 0.0372732 0.0301337 0.0266560 0.0222924 0.0195006 0.0278404 0.0220857 0.0275799 0.0265461 0.0272729 0.0220167 0.0334702 0.0305293 0.0290136 0.0264655 0.0310794 0.0256369 0.0288358 0.0314197 0.0266696 0.0242806 0.0252199 0.0277467 0.0285503 0.0266236 0.0243413 0.0336519 
pop1.indv22 0.0309047 0.0266530 0.0289287 0.0282422 0.0299093 0.0282973 0.0288537 0.0222025 0.0259990 0.0352573 0.0225065 0.0226358 0.0279922 0.0285568 0.0244065 0.0283224 0.0302461 0.0262655 0.0232601 0.0244987 0.0234613 0.0000000 0.0252434 0.0253036 0.0346670 0.0327467 0.0323563 0.0291366 0.0313111 0.0385353 0.0383045 0.0375216 0.0243177 0.0328459 0.0380461 0.0344042 0.0319581 0.0354217 0.0344388 0.0365803 0.0318461 0.0276075 0.0348259 0.0378776 0.0296184 0.0341473 0.0331508 0.0335114 0.0371278 0.0309680 0.0283615 0.0246635 0.0268742 0.0229851 0.0266608 0.0297994 0.0237609 0.0297705 0.0277203 0.0278129 0.0262671 0.0284611 0.0299988 0.0336447 0.0258127 0.0199740 0.0279598 0.0265594 0.0197891 0.0261142 0.0271148 0.0274120 0.0284527 0.0255932 0.0284552 
pop1.indv23 0.0245348 0.0268938 0.0202349 0.0262578 0.0263198 0.0232926 0.0222813 0.0253926 0.0270111 0.0307083 0.0214104 0.0257804 0.0269699 0.0232828 0.0241123 0.0235314 0.0269664 0.0272436 0.0231052 0.0228989 0.0232155 0.0252434 0.0000000 0.0260110 0.0321373 0.0318236 0.0328832 0.0295136 0.0346194 0.0343938 0.0312726 0.0365423 0.0274164 0.0354378 0.0341714 0.0260197 0.0371090 0.0314167 0.0314608 0.0289235 0.0366951 0.0323378 0.0296315 0.0316423 0.0294645 0.0322158 0.0322727 0.0320031 0.0343569 0.0278472 0.0233462 0.0206318 0.0201505 0.0222679 0.0266327 0.0243554 0.0287751 0.0295219 0.0232680 0.0305112 0.0271887 0.0232027 0.0304148 0.0272712 0.0229465 0.0187700 0.0275736 0.0248767 0.0240643 0.0252013 0.0285442 0.0249981 0.0210066 0.0253826 0.0272011 
pop1.indv24 0.0302616 0.0321883 0.0317124 0.0265538 0.0307236 0.0302121 0.0228247 0.0295123 0.0397486 0.0345641 0.0314494 0.0297184 0.0319356 0.0324667 0.0287732 0.0253400 0.0277837 0.0219920 0.0254464 0.0274254 0.0324070 0.0253036 0.0260110 0.0000000 0.0337044 0.0343038 0.0312762 0.0340560 0.0321608 0.0387181 0.0330288 0.0450383 0.0305003 0.0305328 0.0330540 0.0291715 0.0392236 0.0417102 0.0318877 0.0372412 0.0383444 0.0393705 0.0375400 0.0309658 0.0370124 0.0379820 0.0332119 0.0300059 0.0417073 0.0282510 0.0272026 0.0284596 0.0278743 0.0265689 0.0265720 0.0290352 0.0290870 0.0271538 0.0290904 0.0303182 0.0349405 0.0298631 0.0298749 0.0315583 0.0323223 0.0270488 0.0327585 0.0280813 0.0306276 0.0360512 0.0354339 0.0230168 0.0359636 0.0304542 0.0295142 
pop1.indv25 0.0252546 0.0250205 0.0304057 0.0304251 0.0308518 0.0283852 0.0269217 0.0339174 0.0325173 0.0313205 0.0336872 0.0300712 0.0337813 0.0263240 0.0250050 0.0270213 0.0232291 0.0259223 0.0274786 0.0290520 0.0281680 0.0346670 0.0321373 0.0337044 0.0000000 0.0352431 0.0343492 0.0360595 0.0315924 0.0388976 0.0390427 0.0396227 0.0328645 0.0367463 0.0339307 0.0281945 0.0318988 0.0321177 0.0381869 0.0400290 0.0315882 0.0355711 0.0368800 0.0317078 0.0374349 0.0341065 0.0328029 0.0364236 0.0414246 0.0292684 0.0311683 0.0257309 0.0195568 0.0292691 0.0262141 0.0283834 0.0262451 0.0314539 0.0292048 0.0322273 0.0277402 0.0329380 0.0290343 0.0391353 0.0328141 0.0335707 0.0340949 0.0335021 0.0303200 0.0311594 0.0254388 0.0280345 0.0259544 0.0338540 0.0337890 
pop2.indv1  0.0331563 0.0296919 0.0325636 0.0303672 0.0288511 0.0393845 0.0336488 0.0351927 0.0363568 0.0423649 0.0348522 0.0337797 0.0357209 0.0371231 0.0303810 0.0320863 0.0323518 0.0351705 0.0286491 0.0360947 0.0359399 0.0327467 0.0318236 0.0343038 0.0352431 0.0000000 0.0243310 0.0232437 0.0303117 0.0273486 0.0248386 0.0338418 0.0252105 0.0241578 0.0297994 0.0276461 0.0242743 0.0243352 0.0313989 0.0265236 0.0267946 0.0283917 0.0259487 0.0294897 0.0209919 0.0244373 0.0281821 0.0220789 0.0291255 0.0269333 0.0244246 0.0252770 0.0306639 0.0297268 0.0323546 0.0380073 0.0340214 0.0333697 0.0355797 0.0328760 0.0392963 0.0335134 0.0276892 0.0396272 0.0343512 0.0324807 0.0292619 0.0366150 0.0304440 0.0277656 0.0313394 0.0320774 0.0256947 0.0320720 0.0333788 
pop2.indv2  0.0343511 0.0325632 0.0320484 0.0307404 0.0360236 0.0349273 0.0361514 0.0362456 0.0388776 0.0432844 0.0349547 0.0303200 0.0322264 0.0363823 0.0313417 0.0368057 0.0344797 0.0329978 0.0312674 0.0312028 0.0342976 0.0323563 0.0328832 0.0312762 0.0343492 0.0243310 0.0000000 0.0267398 0.0299818 0.0303649 0.0298466 0.0370521 0.0291161 0.0241459 0.0296352 0.0248028 0.0294249 0.0271325 0.0253330 0.0295323 0.0260279 0.0233875 0.0302614 0.0269438 0.0245024 0.0335648 0.0307347 0.0278625 0.0316584 0.0234715 0.0345987 0.0293464 0.0269854 0.0337758 0.0350865 0.0419061 0.0364110 0.0352075 0.0353900 0.0311507 0.0311719 0.0394494 0.0320408 0.0342440 0.0398595 0.0299788 0.0313816 0.0287879 0.0323161 0.0278238 0.0275227 0.0329922 0.0287329 0.0317131 0.0355738 
pop2.indv3  0.0284196 0.0298340 0.0341197 0.0306848 0.0309867 0.0292624 0.0296667 0.0324147 0.0355507 0.0387383 0.0331698 0.0325595 0.0310875 0.0305279 0.0355630 0.0299667 0.0312277 0.0325859 0.0321002 0.0393405 0.0295634 0.0291366 0.0295136 0.0340560 0.0360595 0.0232437 0.0267398 0.0000000 0.0271564 0.0276148 0.0289426 0.0262521 0.0256739 0.0230177 0.0277975 0.0235527 0.0297034 0.0276481 0.0275919 0.0259761 0.0243528 0.0241261 0.0262203 0.0221386 0.0263097 0.0239760 0.0274150 0.0214482 0.0278493 0.0286031 0.0325411 0.0309257 0.0326065 0.0395828 0.0363483 0.0397339 0.0299736 0.0339835 0.0359098 0.0339016 0.0340304 0.0387338 0.0284029 0.0345759 0.0329211 0.0354652 0.0379273 0.0348062 0.0331573 0.0280798 0.0335534 0.0329323 0.0298426 0.0347354 0.0363324 
pop2.indv4  0.0318370 0.0330913 0.0356578 0.0376749 0.0350655 0.0387532 0.0330801 0.0430609 0.0382514 0.0359237 0.0344115 0.0332304 0.0355714 0.0355222 0.0365652 0.0370492 0.0396292 0.0363427 0.0330763 0.0318181 0.0280735 0.0313111 0.0346194 0.0321608 0.0315924 0.0303117 0.0299818 0.0271564 0.0000000 0.0317119 0.0294495 0.0312673 0.0308211 0.0281622 0.0261713 0.0265383 0.0298173 0.0254613 0.0237925 0.0300577 0.0277596 0.0288519 0.0268298 0.0259762 0.0274329 0.0272565 0.0312762 0.0272403 0.0274240 0.0283145 0.0337582 0.0340928 0.0317752 0.0323979 0.0336430 0.0369258 0.0292128 0.0389991 0.0299335 0.0348219 0.0361069 0.0347185 0.0383462 0.0325028 0.0342293 0.0364424 0.0400108 0.0346688 0.0339730 0.0353172 0.0334139 0.0382559 0.0273151 0.0326100 0.0445022 
pop2.indv5  0.0385318 0.0361609 0.0369055 0.0347424 0.0360658 0.0334812 0.0338943 0.0367106 0.0357715 0.0475293 0.0313692 0.0343531 0.0376944 0.0312640 0.0326102 0.0387310 0.0361761 0.0287669 0.0341751 0.0355896 0.0384067 0.0385353 0.0343938 0.0387181 0.0388976 0.0273486 0.0303649 0.0276148 0.0317119 0.0000000 0.0254538 0.0382925 0.0284677 0.0300218 0.0278165 0.0240556 0.0277226 0.0263869 0.0286165 0.0294562 0.0309748 0.0291260 0.0303939 0.0270645 0.0286655 0.0275505 0.0301600 0.0302322 0.0347041 0.0271130 0.0339461 0.0348101 0.0304625 0.0330671 0.0292525 0.0423121 0.0281573 0.0364478 0.0361815 0.0388820 0.0342175 0.0387798 0.0375918 0.0410851 0.0390499 0.0335878 0.0296697 0.0381066 0.0317017 0.0403212 0.0383607 0.0390318 0.0374351 0.0353734 0.0391582 
pop2.indv6  0.0405133 0.0340696 0.0328160 0.0354277 0.0417294 0.0358749 0.0378415 0.0325760 0.0411889 0.0406761 0.0308623 0.0337794 0.0359607 0.0417198 0.0339477 0.0354175 0.0346308 0.0307489 0.0344456 0.0409130 0.0339094 0.0383045 0.0312726 0.0330288 0.0390427 0.0248386 0.0298466 0.0289426 0.0294495 0.0254538 0.0000000 0.0343858 0.0326998 0.0265632 0.0283410 0.0261099 0.0293349 0.0350392 0.0309497 0.0364008 0.0256697 0.0263655 0.0251312 0.0301675 0.0241853 0.0312902 0.0274074 0.0241452 0.0298920 0.0291681 0.0345769 0.0319936 0.0313027 0.0387638 0.0335837 0.0407365 0.0358871 0.0322046 0.0334368 0.0383643 0.0372232 0.0404745 0.0414158 0.0389927 0.0323093 0.0383538 0.0367463 0.0404371 0.0341357 0.0361095 0.0374392 0.0309697 0.0349890 0.0352220 0.0360351 
pop2.indv7  0.0319553 0.0394701 0.0397993 0.0438770 0.0445653 0.0372579 0.0343529 0.0405344 0.0458005 0.0393387 0.0359783 0.0406016 0.0412906 0.0389648 0.0410378 0.0396047 0.0376674 0.0390124 0.0361309 0.0427298 0.0387328 0.0375216 0.0365423 0.0450383 0.0396227 0.0338418 0.0370521 0.0262521 0.0312673 0.0382925 0.0343858 0.0000000 0.0320862 0.0291009 0.0327816 0.0328248 0.0360719 0.0300390 0.0326923 0.0371188 0.0306523 0.0308756 0.0291400 0.0332212 0.0314934 0.0339894 0.0320660 0.0312108 0.0314894 0.0278685 0.0367561 0.0361759 0.0307029 0.0367983 0.0429562 0.0422390 0.0386914 0.0457688 0.0436965 0.0441670 0.0359874 0.0390217 0.0359563 0.0449836 0.0421754 0.0417081 0.0320728 0.0408841 0.0375595 0.0443167 0.0351946 0.0403490 0.0329622 0.0360596 0.0410621 
pop2.indv8  0.0308326 0.0279059 0.0340306 0.0320321 0.0365796 0.0366046 0.0298566 0.0321877 0.0412906 0.0363882 0.0260941 0.0255890 0.0287130 0.0377996 0.0281818 0.0365281 0.0309932 0.0336469 0.0268261 0.0287910 0.0324937 0.0243177 0.0274164 0.0305003 0.0328645 0.0252105 0.0291161 0.0256739 0.0308211 0.0284677 0.0326998 0.0320862 0.0000000 0.0263778 0.0300521 0.0215174 0.0283870 0.0246667 0.0249477 0.0365760 0.0316122 0.0247877 0.0310969 0.0254695 0.0237016 0.0338732 0.0312853 0.0294299 0.0303251 0.0240361 0.0282198 0.0291311 0.0272297 0.0278510 0.0291049 0.0344437 0.0295305 0.0299233 0.0305503 0.0345772 0.0297100 0.0324546 0.0332644 0.0303148 0.0372390 0.0335459 0.0310107 0.0295697 0.0326910 0.0278762 0.0351658 0.0379862 0.0264778 0.0316246 0.0332472 
pop2.indv9  0.0359492 0.0339289 0.0312322 0.0353729 0.0333954 0.0341712 0.0315692 0.0293857 0.0384179 0.0374305 0.0280892 0.0316710 0.0331005 0.0351396 0.0359814 0.0328378 0.0259468 0.0358241 0.0325392 0.0300559 0.0297387 0.0328459 0.0354378 0.0305328 0.0367463 0.0241578 0.0241459 0.0230177 0.0281622 0.0300218 0.0265632 0.0291009 0.0263778 0.0000000 0.0284008 0.0240610 0.0279459 0.0244853 0.0228822 0.0328398 0.0265580 0.0272280 0.0258126 0.0264268 0.0266130 0.0283712 0.0289969 0.0299034 0.0277295 0.0216484 0.0285836 0.0319544 0.0310298 0.0349384 0.0355247 0.0395272 0.0269275 0.0315407 0.0282328 0.0350924 0.0314441 0.0342562 0.0332291 0.0300914 0.0395047 0.0334037 0.0290228 0.0359342 0.0329177 0.0358891 0.0350452 0.0353159 0.0269893 0.0341673 0.0364355 
pop2.indv10 0.0380482 0.0355979 0.0353727 0.0380669 0.0336705 0.0340753 0.0324540 0.0427129 0.0421147 0.0457068 0.0363696 0.0368296 0.0340262 0.0377760 0.0351984 0.0457050 0.0342426 0.0312533 0.0333713 0.0313813 0.0376721 0.0380461 0.0341714 0.0330540 0.0339307 0.0297994 0.0296352 0.0277975 0.0261713 0.0278165 0.0283410 0.0327816 0.0300521 0.0284008 0.0000000 0.0289046 0.0310625 0.0330965 0.0265839 0.0318646 0.0308756 0.0307144 0.0268547 0.0258861 0.0261347 0.0262880 0.0281481 0.0259047 0.0308441 0.0309011 0.0356944 0.0350589 0.0281865 0.0384101 0.0356203 0.0466980 0.0320907 0.0364006 0.0311230 0.0366328 0.0383376 0.0396884 0.0329070 0.0347672 0.0330487 0.0385661 0.0331663 0.0397666 0.0384784 0.0343397 0.0396634 0.0342137 0.0306257 0.0383676 0.0379811 
pop2.indv11 0.0364239 0.0280767 0.0363583 0.0360909 0.0317402 0.0334394 0.0280623 0.0357737 0.0438911 0.0386373 0.0360095 0.0380802 0.0323852 0.0389937 0.0353433 0.0336987 0.0308867 0.0297774 0.0321147 0.0377086 0.0291950 0.0344042 0.0260197 0.0291715 0.0281945 0.0276461 0.0248028 0.0235527 0.0265383 0.0240556 0.0261099 0.0328248 0.0215174 0.0240610 0.0289046 0.0000000 0.0300882 0.0216559 0.0264537 0.0296824 0.0307472 0.0288627 0.0208152 0.0278484 0.0270381 0.0260680 0.0279878 0.0286348 0.0275904 0.0277030 0.0302855 0.0274321 0.0269408 0.0329700 0.0357407 0.0362170 0.0318100 0.0398478 0.0314460 0.0372986 0.0401531 0.0362525 0.0384044 0.0378591 0.0320811 0.0343571 0.0334599 0.0253332 0.0292341 0.0369075 0.0305570 0.0338512 0.0333565 0.0329738 0.0361514 
pop2.indv12 0.0389295 0.0301345 0.0396476 0.0398291 0.0413377 0.0370470 0.0380844 0.0337415 0.0378159 0.0487325 0.0382846 0.0401321 0.0314608 0.0354946 0.0360391 0.0356061 0.0316927 0.0351424 0.0289328 0.0312586 0.0354660 0.0319581 0.0371090 0.0392236 0.0318988 0.0242743 0.0294249 0.0297034 0.0298173 0.0277226 0.0293349 0.0360719 0.0283870 0.0279459 0.0310625 0.0300882 0.0000000 0.0320604 0.0277027 0.0295336 0.0290458 0.0293584 0.0245232 0.0264034 0.0234767 0.0330839 0.0341086 0.0297058 0.0269636 0.0257754 0.0323370 0.0340310 0.0322672 0.0284914 0.0327503 0.0393934 0.0346531 0.0336067 0.0325744 0.0393929 0.0329682 0.0383909 0.0355613 0.0401147 0.0368409 0.0342158 0.0329884 0.0390050 0.0342960 0.0312797 0.0353073 0.0397096 0.0333254 0.0311175 0.0403977 
pop2.indv13 0.0310298 0.0330052 0.0319369 0.0372969 0.0346191 0.0423701 0.0340276 0.0323605 0.0359547 0.0352573 0.0279768 0.0287784 0.0411502 0.0354375 0.0340638 0.0361004 0.0322021 0.0344252 0.0366626 0.0321428 0.0327555 0.0354217 0.0314167 0.0417102 0.0321177 0.0243352 0.0271325 0.0276481 0.0254613 0.0263869 0.0350392 0.0300390 0.0246667 0.0244853 0.0330965 0.0216559 0.0320604 0.0000000 0.0298042 0.0322726 0.0286229 0.0262249 0.0283261 0.0267242 0.0262095 0.0302962 0.0280891 0.0299553 0.0309027 0.0267707 0.0319725 0.0320991 0.0299601 0.0414811 0.0306828 0.0376566 0.0340390 0.0368720 0.0332458 0.0357246 0.0368441 0.0408395 0.0367961 0.0361462 0.0352006 0.0328973 0.0356260 0.0365298 0.0285118 0.0352141 0.0327920 0.0343121 0.0334772 0.0323051 0.0367087 
pop2.indv14 0.0369501 0.0355917 0.0343825 0.0296234 0.0420882 0.0388953 0.0327182 0.0345519 0.0318007 0.0322255 0.0314697 0.0367753 0.0282128 0.0330983 0.0328841 0.0326998 0.0311525 0.0342137 0.0375280 0.0355272 0.0329082 0.0344388 0.0314608 0.0318877 0.0381869 0.0313989 0.0253330 0.0275919 0.0237925 0.0286165 0.0309497 0.0326923 0.0249477 0.0228822 0.0265839 0.0264537 0.0277027 0.0298042 0.0000000 0.0304491 0.0315774 0.0283288 0.0270720 0.0267865 0.0231965 0.0257901 0.0303131 0.0258424 0.0295271 0.0272071 0.0331609 0.0359301 0.0343783 0.0311263 0.0331571 0.0378720 0.0304627 0.0355044 0.0322527 0.0308181 0.0417125 0.0333713 0.0405481 0.0386296 0.0383467 0.0371429 0.0353346 0.0339705 0.0355472 0.0361044 0.0356741 0.0350442 0.0288854 0.0298782 0.0407086 
pop2.indv15 0.0376927 0.0329629 0.0427931 0.0374110 0.0417343 0.0408774 0.0366036 0.0314387 0.0359540 0.0371069 0.0347517 0.0313456 0.0338879 0.0374971 0.0376958 0.0376718 0.0335803 0.0308747 0.0336353 0.0357059 0.0356773 0.0365803 0.0289235 0.0372412 0.0400290 0.0265236 0.0295323 0.0259761 0.0300577 0.0294562 0.0364008 0.0371188 0.0365760 0.0328398 0.0318646 0.0296824 0.0295336 0.0322726 0.0304491 0.0000000 0.0278478 0.0314477 0.0290180 0.0242118 0.0333509 0.0323223 0.0318880 0.0355370 0.0340227 0.0267272 0.0329702 0.0303182 0.0379446 0.0347818 0.0354462 0.0428669 0.0342118 0.0345452 0.0279170 0.0386914 0.0361781 0.0413807 0.0416038 0.0363287 0.0336551 0.0354612 0.0374524 0.0344511 0.0374286 0.0359720 0.0382752 0.0336217 0.0327048 0.0344260 0.0358026 
pop2.indv16 0.0322057 0.0350877 0.0357491 0.0326067 0.0340333 0.0350263 0.0303302 0.0338045 0.0401461 0.0381985 0.0314351 0.0402152 0.0329064 0.0306128 0.0278607 0.0329642 0.0341149 0.0328197 0.0265780 0.0299081 0.0345878 0.0318461 0.0366951 0.0383444 0.0315882 0.0267946 0.0260279 0.0243528 0.0277596 0.0309748 0.0256697 0.0306523 0.0316122 0.0265580 0.0308756 0.0307472 0.0290458 0.0286229 0.0315774 0.0278478 0.0000000 0.0265841 0.0275934 0.0298764 0.0233863 0.0245295 0.0274614 0.0278872 0.0289197 0.0260608 0.0295893 0.0317287 0.0318604 0.0382128 0.0248159 0.0393445 0.0302155 0.0356122 0.0329382 0.0339174 0.0351285 0.0426754 0.0361658 0.0403583 0.0459353 0.0348443 0.0281082 0.0342586 0.0305709 0.0396986 0.0386232 0.0327748 0.0354319 0.0284465 0.0408609 
pop2.indv17 0.0333546 0.0361622 0.0390886 0.0333312 0.0342871 0.0352813 0.0322066 0.0420386 0.0384177 0.0336509 0.0342527 0.0339425 0.0406875 0.0403630 0.0348862 0.0356732 0.0332502 0.0315412 0.0308763 0.0268818 0.0343978 0.0276075 0.0323378 0.0393705 0.0355711 0.0283917 0.0233875 0.0241261 0.0288519 0.0291260 0.0263655 0.0308756 0.0247877 0.0272280 0.0307144 0.0288627 0.0293584 0.0262249 0.0283288 0.0314477 0.0265841 0.0000000 0.0253055 0.0200736 0.0269040 0.0372390 0.0287817 0.0281347 0.0337545 0.0265166 0.0355491 0.0310636 0.0327024 0.0388268 0.0283214 0.0365921 0.0314565 0.0412954 0.0300626 0.0348321 0.0347999 0.0406740 0.0364733 0.0372238 0.0399698 0.0330551 0.0344240 0.0330270 0.0338149 0.0302530 0.0328639 0.0347980 0.0292081 0.0321425 0.0390499 
pop2.indv18 0.0394902 0.0279179 0.0348341 0.0424950 0.0358598 0.0356412 0.0328867 0.0325195 0.0423154 0.0452308 0.0377847 0.0381390 0.0359474 0.0312112 0.0349800 0.0347848 0.0334582 0.0345467 0.0401529 0.0375405 0.0326361 0.0348259 0.0296315 0.0375400 0.0368800 0.0259487 0.0302614 0.0262203 0.0268298 0.0303939 0.0251312 0.0291400 0.0310969 0.0258126 0.0268547 0.0208152 0.0245232 0.0283261 0.0270720 0.0290180 0.0275934 0.0253055 0.0000000 0.0253927 0.0298386 0.0269307 0.0304742 0.0239821 0.0370194 0.0265266 0.0268858 0.0344057 0.0301680 0.0297800 0.0379106 0.0397341 0.0306093 0.0390388 0.0294233 0.0425962 0.0336732 0.0337243 0.0379534 0.0364599 0.0324842 0.0330894 0.0368037 0.0358210 0.0301472 0.0351180 0.0342823 0.0354056 0.0296398 0.0320978 0.0344166 
pop2.indv19 0.0332896 0.0287862 0.0330762 0.0321112 0.0318543 0.0381586 0.0328785 0.0356056 0.0376284 0.0338501 0.0344101 0.0278493 0.0356196 0.0336296 0.0308907 0.0410687 0.0306168 0.0353321 0.0301047 0.0309441 0.0352711 0.0378776 0.0316423 0.0309658 0.0317078 0.0294897 0.0269438 0.0221386 0.0259762 0.0270645 0.0301675 0.0332212 0.0254695 0.0264268 0.0258861 0.0278484 0.0264034 0.0267242 0.0267865 0.0242118 0.0298764 0.0200736 0.0253927 0.0000000 0.0255352 0.0305992 0.0279410 0.0250225 0.0293300 0.0246796 0.0253274 0.0303248 0.0271870 0.0377782 0.0299835 0.0328594 0.0281740 0.0323596 0.0285100 0.0368758 0.0276254 0.0350819 0.0297602 0.0365608 0.0442966 0.0264171 0.0356559 0.0311296 0.0291530 0.0325809 0.0305939 0.0397232 0.0298477 0.0347353 0.0296071 
pop2.indv20 0.0347623 0.0322341 0.0373682 0.0330669 0.0370186 0.0330543 0.0361700 0.0290512 0.0388146 0.0391919 0.0290937 0.0354783 0.0332637 0.0351810 0.0361986 0.0311244 0.0358180 0.0350084 0.0308009 0.0316812 0.0293872 0.0296184 0.0294645 0.0370124 0.0374349 0.0209919 0.0245024 0.0263097 0.0274329 0.0286655 0.0241853 0.0314934 0.0237016 0.0266130 0.0261347 0.0270381 0.0234767 0.0262095 0.0231965 0.0333509 0.0233863 0.0269040 0.0298386 0.0255352 0.0000000 0.0274747 0.0284929 0.0272342 0.0295354 0.0231624 0.0304660 0.0309168 0.0287751 0.0354279 0.0309863 0.0376721 0.0291091 0.0337282 0.0337605 0.0339573 0.0341941 0.0349526 0.0346201 0.0387136 0.0339654 0.0335250 0.0319671 0.0349329 0.0316122 0.0317594 0.0335244 0.0425859 0.0345272 0.0335437 0.0341100 
pop2.indv21 0.0406478 0.0330231 0.0393636 0.0378823 0.0410248 0.0395517 0.0407232 0.0336430 0.0404912 0.0458684 0.0389160 0.0404867 0.0364868 0.0386693 0.0407469 0.0371043 0.0342939 0.0347324 0.0401961 0.0364316 0.0407740 0.0341473 0.0322158 0.0379820 0.0341065 0.0244373 0.0335648 0.0239760 0.0272565 0.0275505 0.0312902 0.0339894 0.0338732 0.0283712 0.0262880 0.0260680 0.0330839 0.0302962 0.0257901 0.0323223 0.0245295 0.0372390 0.0269307 0.0305992 0.0274747 0.0000000 0.0304833 0.0290124 0.0323516 0.0292412 0.0283262 0.0307519 0.0307853 0.0326121 0.0329360 0.0396998 0.0375023 0.0353605 0.0331290 0.0378732 0.0425384 0.0375720 0.0384496 0.0391647 0.0418439 0.0366974 0.0387467 0.0368298 0.0411504 0.0396041 0.0322836 0.0326759 0.0337260 0.0318171 0.0331468 
pop2.indv22 0.0360157 0.0390172 0.0421306 0.0408535 0.0374474 0.0322468 0.0406959 0.0374503 0.0392692 0.0467686 0.0332576 0.0358149 0.0396041 0.0433021 0.0372280 0.0416391 0.0359450 0.0356827 0.0371703 0.0330351 0.0303629 0.0331508 0.0322727 0.0332119 0.0328029 0.0281821 0.0307347 0.0274150 0.0312762 0.0301600 0.0274074 0.0320660 0.0312853 0.0289969 0.0281481 0.0279878 0.0341086 0.0280891 0.0303131 0.0318880 0.0274614 0.0287817 0.0304742 0.0279410 0.0284929 0.0304833 0.0000000 0.0281193 0.0345971 0.0250039 0.0355014 0.0313065 0.0332004 0.0386847 0.0353849 0.0362457 0.0318208 0.0361788 0.0379228 0.0360040 0.0402114 0.0340773 0.0353647 0.0383575 0.0394285 0.0346513 0.0327505 0.0410830 0.0325261 0.0372628 0.0375401 0.0348481 0.0331372 0.0353829 0.0361148 
pop2.indv23 0.0354035 0.0331087 0.0383179 0.0346791 0.0332509 0.0394898 0.0365193 0.0368991 0.0402402 0.0440833 0.0273473 0.0327822 0.0415028 0.0382185 0.0341579 0.0340599 0.0338413 0.0334641 0.0379774 0.0366577 0.0353212 0.0335114 0.0320031 0.0300059 0.0364236 0.0220789 0.0278625 0.0214482 0.0272403 0.0302322 0.0241452 0.0312108 0.0294299 0.0299034 0.0259047 0.0286348 0.0297058 0.0299553 0.0258424 0.0355370 0.0278872 0.0281347 0.0239821 0.0250225 0.0272342 0.0290124 0.0281193 0.0000000 0.0333226 0.0272572 0.0361360 0.0357207 0.0295453 0.0385878 0.0317268 0.0345130 0.0373410 0.0353584 0.0363944 0.0323946 0.0331193 0.0336140 0.0325061 0.0411804 0.0378987 0.0357082 0.0337417 0.0323235 0.0319589 0.0321282 0.0347472 0.0362523 0.0336295 0.0362750 0.0311228 
pop2.indv24 0.0366738 0.0288043 0.0384295 0.0366040 0.0349545 0.0359242 0.0387185 0.0368882 0.0406977 0.0452727 0.0346933 0.0382757 0.0401600 0.0376067 0.0361318 0.0420815 0.0368838 0.0393729 0.0381613 0.0390517 0.0372732 0.0371278 0.0343569 0.0417073 0.0414246 0.0291255 0.0316584 0.0278493 0.0274240 0.0347041 0.0298920 0.0314894 0.0303251 0.0277295 0.0308441 0.0275904 0.0269636 0.0309027 0.0295271 0.0340227 0.0289197 0.0337545 0.0370194 0.0293300 0.0295354 0.0323516 0.0345971 0.0333226 0.0000000 0.0243670 0.0398643 0.0385048 0.0339466 0.0410953 0.0333621 0.0461052 0.0370102 0.0392048 0.0430632 0.0368034 0.0409980 0.0401804 0.0411914 0.0371844 0.0461372 0.0361612 0.0333254 0.0415643 0.0393313 0.0363608 0.0345977 0.0383492 0.0333139 0.0356702 0.0407505 
pop2.indv25 0.0342414 0.0315600 0.0352161 0.0298960 0.0363158 0.0360431 0.0293633 0.0321353 0.0403537 0.0408053 0.0277590 0.0315764 0.0341200 0.0396183 0.0336316 0.0291590 0.0380661 0.0285901 0.0284190 0.0328823 0.0301337 0.0309680 0.0278472 0.0282510 0.0292684 0.0269333 0.0234715 0.0286031 0.0283145 0.0271130 0.0291681 0.0278685 0.0240361 0.0216484 0.0309011 0.0277030 0.0257754 0.0267707 0.0272071 0.0267272 0.0260608 0.0265166 0.0265266 0.0246796 0.0231624 0.0292412 0.0250039 0.0272572 0.0243670 0.0000000 0.0308671 0.0260696 0.0268230 0.0266754 0.0291233 0.0323361 0.0280322 0.0344458 0.0354198 0.0316371 0.0358489 0.0376376 0.0286205 0.0367333 0.0298254 0.0347577 0.0326365 0.0295774 0.0312675 0.0365166 0.0339711 0.0330061 0.0312423 0.0309238 0.0290432 
pop3.indv1  0.0338357 0.0225926 0.0354340 0.0302839 0.0348003 0.0311889 0.0268118 0.0294101 0.0344995 0.0346491 0.0238657 0.0309410 0.0266753 0.0299372 0.0280095 0.0236591 0.0290304 0.0280799 0.0297132 0.0244718 0.0266560 0.0283615 0.0233462 0.0272026 0.0311683 0.0244246 0.0345987 0.0325411 0.0337582 0.0339461 0.0345769 0.0367561 0.0282198 0.0285836 0.0356944 0.0302855 0.0323370 0.0319725 0.0331609 0.0329702 0.0295893 0.0355491 0.0268858 0.0253274 0.0304660 0.0283262 0.0355014 0.0361360 0.0398643 0.0308671 0.0000000 0.0260664 0.0274968 0.0255577 0.0201583 0.0298066 0.0278776 0.0275951 0.0247220 0.0323780 0.0258615 0.0314201 0.0330501 0.0343094 0.0270934 0.0277747 0.0299016 0.0253191 0.0295237 0.0273890 0.0231041 0.0277729 0.0250023 0.0260037 0.0262534 
pop3.indv2  0.0287943 0.0246392 0.0302694 0.0271145 0.0256786 0.0235790 0.0226152 0.0294676 0.0294100 0.0288693 0.0261155 0.0227821 0.0269686 0.0274384 0.0283946 0.0266814 0.0286053 0.0244298 0.0232027 0.0288863 0.0222924 0.0246635 0.0206318 0.0284596 0.0257309 0.0252770 0.0293464 0.0309257 0.0340928 0.0348101 0.0319936 0.0361759 0.0291311 0.0319544 0.0350589 0.0274321 0.0340310 0.0320991 0.0359301 0.0303182 0.0317287 0.0310636 0.0344057 0.0303248 0.0309168 0.0307519 0.0313065 0.0357207 0.0385048 0.0260696 0.0260664 0.0000000 0.0211909 0.0262815 0.0244367 0.0277013 0.0280595 0.0297685 0.0304643 0.0246349 0.0283101 0.0305827 0.0297368 0.0337718 0.0326963 0.0215306 0.0243047 0.0306688 0.0278901 0.0296398 0.0272777 0.0284166 0.0274674 0.0271372 0.0220284 
