75
pop1.indv24 0.0000000 0.0266072 0.0313971 0.0268254 0.0179131 0.0301233 0.0251438 0.0252992 0.0264208 0.0305710 0.0239587 0.0310416 0.0350109 0.0277992 0.0290527 0.0340723 0.0262346 0.0283180 0.0282322 0.0312912 0.0266015 0.0276028 0.0283677 0.0308373 0.0332004 0.0270760 0.0268274 0.0318820 0.0284994 0.0339010 0.0328342 0.0340123 0.0312657 0.0354349 0.0441162 0.0378918 0.0313995 0.0328164 0.0376546 0.0415544 0.0357860 0.0331911 0.0349402 0.0284872 0.0338237 0.0356508 0.0368352 0.0307651 0.0398258 0.0302812 0.0267240 0.0209449 0.0297735 0.0334070 0.0242643 0.0272614 0.0269867 0.0274095 0.0316715 0.0327186 0.0271979 0.0295115 0.0297271 0.0322320 0.0249162 0.0278256 0.0290388 0.0287894 0.0310559 0.0375427 0.0294882 0.0311505 0.0251531 0.0316220 0.0294161 
pop1.indv3  0.0266072 0.0000000 0.0255267 0.0299335 0.0158649 0.0228877 0.0263443 0.0303102 0.0260439 0.0268918 0.0253785 0.0272928 0.0245486 0.0230023 0.0252426 0.0321536 0.0236699 0.0248239 0.0279181 0.0234059 0.0232752 0.0309067 0.0261246 0.0251734 0.0276151 0.0294541 0.0414542 0.0335604 0.0320390 0.0360321 0.0232837 0.0309653 0.0343403 0.0377090 0.0382888 0.0352189 0.0322470 0.0376852 0.0346850 0.0425384 0.0326827 0.0339849 0.0363752 0.0286531 0.0354897 0.0393149 0.0391306 0.0311339 0.0312384 0.0333749 0.0386851 0.0277942 0.0281970 0.0332845 0.0228563 0.0321527 0.0273154 0.0253251 0.0284548 0.0249854 0.0317991 0.0284230 0.0268630 0.0343068 0.0322064 0.0281705 0.0338441 0.0291670 0.0257444 0.0295409 0.0292264 0.0263067 0.0301575 0.0331914 0.0284377 
pop1.indv9  0.0313971 0.0255267 0.0000000 0.0174259 0.0263900 0.0223035 0.0282146 0.0269714 0.0255743 0.0287911 0.0236428 0.0255059 0.0263666 0.0292904 0.0328385 0.0238297 0.0298582 0.0236309 0.0250670 0.0260601 0.0210526 0.0259731 0.0254523 0.0227871 0.0286261 0.0345110 0.0355249 0.0320240 0.0332605 0.0427669 0.0318670 0.0324887 0.0352931 0.0329886 0.0336385 0.0378205 0.0390542 0.0360176 0.0300182 0.0294030 0.0350201 0.0277520 0.0430425 0.0308710 0.0358619 0.0343725 0.0396841 0.0413038 0.0338991 0.0330336 0.0304589 0.0269687 0.0322299 0.0362558 0.0279113 0.0306712 0.0269400 0.0292851 0.0313400 0.0315052 0.0266740 0.0292906 0.0278405 0.0286747 0.0363116 0.0303021 0.0377282 0.0336569 0.0333718 0.0300310 0.0265521 0.0247040 0.0216716 0.0301551 0.0321448 
pop1.indv22 0.0268254 0.0299335 0.0174259 0.0000000 0.0256698 0.0294249 0.0285180 0.0247940 0.0261701 0.0291614 0.0287181 0.0261566 0.0341697 0.0258072 0.0259494 0.0255230 0.0313414 0.0247747 0.0241847 0.0315226 0.0278452 0.0270936 0.0290956 0.0258592 0.0312016 0.0259904 0.0368661 0.0327155 0.0407477 0.0361737 0.0333892 0.0304105 0.0373524 0.0442789 0.0400404 0.0340420 0.0375835 0.0412453 0.0368063 0.0411569 0.0327532 0.0294922 0.0394362 0.0376746 0.0313622 0.0335755 0.0318929 0.0311345 0.0402202 0.0289847 0.0330059 0.0221462 0.0219330 0.0209918 0.0207106 0.0312476 0.0267219 0.0263893 0.0309283 0.0282684 0.0355086 0.0303500 0.0338590 0.0324915 0.0343275 0.0304153 0.0376156 0.0252386 0.0297180 0.0330950 0.0284989 0.0286328 0.0290214 0.0319722 0.0259639 
pop1.indv23 0.0179131 0.0158649 0.0263900 0.0256698 0.0000000 0.0284286 0.0287648 0.0283187 0.0268795 0.0250055 0.0260192 0.0260538 0.0316831 0.0254179 0.0224560 0.0262404 0.0240211 0.0225397 0.0256696 0.0248185 0.0236159 0.0232266 0.0203898 0.0282259 0.0291284 0.0351454 0.0304899 0.0356893 0.0306902 0.0306656 0.0285196 0.0326009 0.0315326 0.0274793 0.0396028 0.0324683 0.0343152 0.0347317 0.0338748 0.0311212 0.0317694 0.0317242 0.0317024 0.0333544 0.0250238 0.0377762 0.0343237 0.0323177 0.0343846 0.0294100 0.0351975 0.0232018 0.0241500 0.0259892 0.0196804 0.0253010 0.0231803 0.0209848 0.0306242 0.0327088 0.0301055 0.0260233 0.0276687 0.0282077 0.0275737 0.0277978 0.0283661 0.0277589 0.0238845 0.0291062 0.0265683 0.0204330 0.0195343 0.0294083 0.0276762 
pop1.indv1  0.0301233 0.0228877 0.0223035 0.0294249 0.0284286 0.0000000 0.0288916 0.0254308 0.0271821 0.0251477 0.0268760 0.0263310 0.0297461 0.0263692 0.0264230 0.0257419 0.0272160 0.0277198 0.0277911 0.0235451 0.0256921 0.0278642 0.0236808 0.0246879 0.0257042 0.0353910 0.0314645 0.0318017 0.0371823 0.0362744 0.0326543 0.0319710 0.0304513 0.0385070 0.0348647 0.0356346 0.0342437 0.0374002 0.0298738 0.0401926 0.0288454 0.0336192 0.0370883 0.0342658 0.0335019 0.0339445 0.0360182 0.0341301 0.0350670 0.0342867 0.0280907 0.0222276 0.0278076 0.0249673 0.0240396 0.0329842 0.0275747 0.0277603 0.0284433 0.0258267 0.0293178 0.0266356 0.0334419 0.0273077 0.0282854 0.0262505 0.0244461 0.0274115 0.0309358 0.0261447 0.0282409 0.0272150 0.0264187 0.0273122 0.0321926 
pop1.indv2  0.0251438 0.0263443 0.0282146 0.0285180 0.0287648 0.0288916 0.0000000 0.0287419 0.0294028 0.0257117 0.0285603 0.0310908 0.0297833 0.0296275 0.0287201 0.0317775 0.0252686 0.0282997 0.0269620 0.0300126 0.0289345 0.0298923 0.0294908 0.0268575 0.0288825 0.0327107 0.0373604 0.0323577 0.0362743 0.0337863 0.0322037 0.0331795 0.0318872 0.0389172 0.0433178 0.0351104 0.0374477 0.0356069 0.0338276 0.0349713 0.0357480 0.0366829 0.0342500 0.0324354 0.0377697 0.0335526 0.0374644 0.0367096 0.0304219 0.0351217 0.0313299 0.0256347 0.0272126 0.0309037 0.0263442 0.0270677 0.0273068 0.0216866 0.0314046 0.0281596 0.0309341 0.0301037 0.0329120 0.0290744 0.0328741 0.0309054 0.0314944 0.0296978 0.0305755 0.0295233 0.0264767 0.0324263 0.0323604 0.0312299 0.0303981 
pop1.indv4  0.0252992 0.0303102 0.0269714 0.0247940 0.0283187 0.0254308 0.0287419 0.0000000 0.0297881 0.0290426 0.0258813 0.0313739 0.0310775 0.0229556 0.0257846 0.0239622 0.0301745 0.0246073 0.0252656 0.0266504 0.0248673 0.0289755 0.0232958 0.0277541 0.0318184 0.0305093 0.0370822 0.0303194 0.0339952 0.0337754 0.0331643 0.0316355 0.0367444 0.0353435 0.0374366 0.0330627 0.0358411 0.0389558 0.0330067 0.0401514 0.0331416 0.0336313 0.0380285 0.0329872 0.0339912 0.0365772 0.0366097 0.0316301 0.0350233 0.0308774 0.0282169 0.0233814 0.0303432 0.0233788 0.0277970 0.0323561 0.0281953 0.0255929 0.0295649 0.0256415 0.0322360 0.0256031 0.0282839 0.0262637 0.0326924 0.0313309 0.0285254 0.0311235 0.0270648 0.0264629 0.0289620 0.0292464 0.0299430 0.0297620 0.0283654 
pop1.indv5  0.0264208 0.0260439 0.0255743 0.0261701 0.0268795 0.0271821 0.0294028 0.0297881 0.0000000 0.0305627 0.0267670 0.0311191 0.0329064 0.0291177 0.0287774 0.0289262 0.0265793 0.0295845 0.0272221 0.0264855 0.0272536 0.0273124 0.0249756 0.0262400 0.0323364 0.0340114 0.0294427 0.0304314 0.0448982 0.0383334 0.0288444 0.0324420 0.0336236 0.0379114 0.0410182 0.0400324 0.0348924 0.0378316 0.0344924 0.0398243 0.0311022 0.0334003 0.0355292 0.0347665 0.0378567 0.0386976 0.0345688 0.0350645 0.0336779 0.0342441 0.0295404 0.0266063 0.0276304 0.0344932 0.0278558 0.0313744 0.0277874 0.0257582 0.0310299 0.0340097 0.0321946 0.0246615 0.0308368 0.0320358 0.0311024 0.0300221 0.0338140 0.0323962 0.0339511 0.0318365 0.0291472 0.0293232 0.0327615 0.0275705 0.0339291 
pop1.indv6  0.0305710 0.0268918 0.0287911 0.0291614 0.0250055 0.0251477 0.0257117 0.0290426 0.0305627 0.0000000 0.0264114 0.0263086 0.0332138 0.0262138 0.0281020 0.0304530 0.0306416 0.0264229 0.0290445 0.0271669 0.0252822 0.0275933 0.0262980 0.0257440 0.0314196 0.0351682 0.0322845 0.0388670 0.0418746 0.0375816 0.0369625 0.0339110 0.0389273 0.0365895 0.0382360 0.0386643 0.0353051 0.0375436 0.0377723 0.0412669 0.0359776 0.0345850 0.0353053 0.0388980 0.0331631 0.0410749 0.0337669 0.0358515 0.0396446 0.0345655 0.0344525 0.0252224 0.0283730 0.0276782 0.0268280 0.0351109 0.0282894 0.0295846 0.0296884 0.0301383 0.0341293 0.0295043 0.0341648 0.0301501 0.0303148 0.0264125 0.0289424 0.0286855 0.0303312 0.0311611 0.0327444 0.0281834 0.0276983 0.0307839 0.0351613 
pop1.indv7  0.0239587 0.0253785 0.0236428 0.0287181 0.0260192 0.0268760 0.0285603 0.0258813 0.0267670 0.0264114 0.0000000 0.0308925 0.0304960 0.0242661 0.0295625 0.0290154 0.0302192 0.0231841 0.0257012 0.0267327 0.0238779 0.0260034 0.0255312 0.0248359 0.0280470 0.0341086 0.0331172 0.0301969 0.0306423 0.0343837 0.0318898 0.0351085 0.0326880 0.0354892 0.0384162 0.0350359 0.0343505 0.0434813 0.0328559 0.0374744 0.0310380 0.0319638 0.0340710 0.0331718 0.0374134 0.0399220 0.0395792 0.0360346 0.0380171 0.0309041 0.0309067 0.0233142 0.0303970 0.0279202 0.0315330 0.0299487 0.0272520 0.0284610 0.0285012 0.0274253 0.0268502 0.0251919 0.0295156 0.0323722 0.0238684 0.0312363 0.0273696 0.0242321 0.0246815 0.0315946 0.0252629 0.0290089 0.0271544 0.0262042 0.0298487 
pop1.indv8  0.0310416 0.0272928 0.0255059 0.0261566 0.0260538 0.0263310 0.0310908 0.0313739 0.0311191 0.0263086 0.0308925 0.0000000 0.0361440 0.0251323 0.0314496 0.0277529 0.0327909 0.0306389 0.0264527 0.0288737 0.0281682 0.0282098 0.0311831 0.0276823 0.0327322 0.0331284 0.0347798 0.0306367 0.0347658 0.0416898 0.0312817 0.0372891 0.0373219 0.0362960 0.0387516 0.0361186 0.0405564 0.0395683 0.0344055 0.0360580 0.0348101 0.0375726 0.0356681 0.0373043 0.0321816 0.0335031 0.0420042 0.0323971 0.0368487 0.0328346 0.0336545 0.0211139 0.0273265 0.0272430 0.0259485 0.0334569 0.0266968 0.0301277 0.0306743 0.0304566 0.0311168 0.0287241 0.0333927 0.0303869 0.0324157 0.0306703 0.0312733 0.0261833 0.0311717 0.0347687 0.0285979 0.0305288 0.0285670 0.0327113 0.0305740 
pop1.indv10 0.0350109 0.0245486 0.0263666 0.0341697 0.0316831 0.0297461 0.0297833 0.0310775 0.0329064 0.0332138 0.0304960 0.0361440 0.0000000 0.0301656 0.0289869 0.0328276 0.0270618 0.0258598 0.0301204 0.0333363 0.0271450 0.0278482 0.0286523 0.0242879 0.0323914 0.0420851 0.0422649 0.0380972 0.0342269 0.0372644 0.0349960 0.0376555 0.0347576 0.0426626 0.0421865 0.0387290 0.0411806 0.0443743 0.0366900 0.0397458 0.0377977 0.0334460 0.0447140 0.0378809 0.0407647 0.0432089 0.0420786 0.0420371 0.0397072 0.0378473 0.0330669 0.0367478 0.0313606 0.0296873 0.0262337 0.0352902 0.0339278 0.0314919 0.0305201 0.0327972 0.0342563 0.0342124 0.0310833 0.0314155 0.0322525 0.0327457 0.0350461 0.0278503 0.0359780 0.0355556 0.0287020 0.0293693 0.0348049 0.0340417 0.0343748 
pop1.indv11 0.0277992 0.0230023 0.0292904 0.0258072 0.0254179 0.0263692 0.0296275 0.0229556 0.0291177 0.0262138 0.0242661 0.0251323 0.0301656 0.0000000 0.0293294 0.0248148 0.0284408 0.0259134 0.0279831 0.0275927 0.0277355 0.0254261 0.0249551 0.0224261 0.0321995 0.0311036 0.0355425 0.0281125 0.0314202 0.0343924 0.0337037 0.0336214 0.0356314 0.0358403 0.0380656 0.0289772 0.0345266 0.0397259 0.0291881 0.0358328 0.0330950 0.0290576 0.0350372 0.0374198 0.0328263 0.0345787 0.0345011 0.0291378 0.0353673 0.0281515 0.0285300 0.0213069 0.0273242 0.0267258 0.0238075 0.0263888 0.0258375 0.0271108 0.0256037 0.0300637 0.0270731 0.0296086 0.0262067 0.0264247 0.0288874 0.0281318 0.0291311 0.0291902 0.0280868 0.0295689 0.0266137 0.0277101 0.0255367 0.0255225 0.0288703 
pop1.indv12 0.0290527 0.0252426 0.0328385 0.0259494 0.0224560 0.0264230 0.0287201 0.0257846 0.0287774 0.0281020 0.0295625 0.0314496 0.0289869 0.0293294 0.0000000 0.0259418 0.0306389 0.0248450 0.0292292 0.0252348 0.0207220 0.0282985 0.0262052 0.0226665 0.0302029 0.0290526 0.0347865 0.0331583 0.0336905 0.0344398 0.0340852 0.0290810 0.0323082 0.0335350 0.0364679 0.0299992 0.0351103 0.0377123 0.0293535 0.0342016 0.0363192 0.0343714 0.0343224 0.0312391 0.0384879 0.0387101 0.0353554 0.0336287 0.0377525 0.0322230 0.0321892 0.0225106 0.0301384 0.0294651 0.0267114 0.0310843 0.0267116 0.0243339 0.0326654 0.0246798 0.0300898 0.0265073 0.0261204 0.0259491 0.0338041 0.0258951 0.0333545 0.0320524 0.0332411 0.0306229 0.0287100 0.0272093 0.0292371 0.0314394 0.0273339 
pop1.indv13 0.0340723 0.0321536 0.0238297 0.0255230 0.0262404 0.0257419 0.0317775 0.0239622 0.0289262 0.0304530 0.0290154 0.0277529 0.0328276 0.0248148 0.0259418 0.0000000 0.0277891 0.0258160 0.0277265 0.0265254 0.0264539 0.0306854 0.0232982 0.0264073 0.0300658 0.0311135 0.0361943 0.0313323 0.0315743 0.0317595 0.0311752 0.0337324 0.0352828 0.0336455 0.0376277 0.0299993 0.0305781 0.0341676 0.0368617 0.0356358 0.0316897 0.0336495 0.0372488 0.0339450 0.0316789 0.0354317 0.0387026 0.0378397 0.0371055 0.0324951 0.0306250 0.0214106 0.0301498 0.0243328 0.0213014 0.0329568 0.0269800 0.0249127 0.0287131 0.0270089 0.0316464 0.0272421 0.0303062 0.0304860 0.0345595 0.0303659 0.0312059 0.0284265 0.0276197 0.0284811 0.0264240 0.0267495 0.0302009 0.0270690 0.0260431 
pop1.indv14 0.0262346 0.0236699 0.0298582 0.0313414 0.0240211 0.0272160 0.0252686 0.0301745 0.0265793 0.0306416 0.0302192 0.0327909 0.0270618 0.0284408 0.0306389 0.0277891 0.0000000 0.0285231 0.0332034 0.0290434 0.0266772 0.0278406 0.0254027 0.0295448 0.0273056 0.0436122 0.0343481 0.0335457 0.0334678 0.0350495 0.0379527 0.0331445 0.0346257 0.0367843 0.0417330 0.0404785 0.0383137 0.0383010 0.0350751 0.0408873 0.0321305 0.0401490 0.0357938 0.0334596 0.0356460 0.0413417 0.0407328 0.0384709 0.0344328 0.0345809 0.0297869 0.0285890 0.0309140 0.0247233 0.0265938 0.0322080 0.0276830 0.0268456 0.0287386 0.0291522 0.0298913 0.0292073 0.0307056 0.0340829 0.0252405 0.0283862 0.0326942 0.0313496 0.0297425 0.0296491 0.0259743 0.0261315 0.0300863 0.0317967 0.0346336 
pop1.indv15 0.0283180 0.0248239 0.0236309 0.0247747 0.0225397 0.0277198 0.0282997 0.0246073 0.0295845 0.0264229 0.0231841 0.0306389 0.0258598 0.0259134 0.0248450 0.0258160 0.0285231 0.0000000 0.0244909 0.0282134 0.0297928 0.0313015 0.0281647 0.0223775 0.0292079 0.0362382 0.0378978 0.0362393 0.0311852 0.0411478 0.0312638 0.0339282 0.0348520 0.0344867 0.0381130 0.0315534 0.0345432 0.0369815 0.0340843 0.0380634 0.0310339 0.0309113 0.0363704 0.0347749 0.0375766 0.0395669 0.0368390 0.0338296 0.0361702 0.0332631 0.0360094 0.0270607 0.0294702 0.0282626 0.0257465 0.0303802 0.0268202 0.0265388 0.0254919 0.0280660 0.0264600 0.0272564 0.0265431 0.0271477 0.0306252 0.0259873 0.0267588 0.0283888 0.0274014 0.0273607 0.0214625 0.0263553 0.0265176 0.0299314 0.0292609 
pop1.indv16 0.0282322 0.0279181 0.0250670 0.0241847 0.0256696 0.0277911 0.0269620 0.0252656 0.0272221 0.0290445 0.0257012 0.0264527 0.0301204 0.0279831 0.0292292 0.0277265 0.0332034 0.0244909 0.0000000 0.0292040 0.0252084 0.0279250 0.0288989 0.0256560 0.0262593 0.0359639 0.0358316 0.0334227 0.0294072 0.0341873 0.0299352 0.0352537 0.0351774 0.0369887 0.0404637 0.0383182 0.0416212 0.0364765 0.0332318 0.0367639 0.0308022 0.0325570 0.0349763 0.0386479 0.0346370 0.0363336 0.0358783 0.0355347 0.0404633 0.0269714 0.0302404 0.0243513 0.0317490 0.0284485 0.0249440 0.0273429 0.0256941 0.0281470 0.0252684 0.0271835 0.0315999 0.0238828 0.0298503 0.0303727 0.0328407 0.0318003 0.0321930 0.0257378 0.0312368 0.0263158 0.0295449 0.0290142 0.0298169 0.0324512 0.0280536 
pop1.indv17 0.0312912 0.0234059 0.0260601 0.0315226 0.0248185 0.0235451 0.0300126 0.0266504 0.0264855 0.0271669 0.0267327 0.0288737 0.0333363 0.0275927 0.0252348 0.0265254 0.0290434 0.0282134 0.0292040 0.0000000 0.0251912 0.0310241 0.0300405 0.0304163 0.0269916 0.0358927 0.0347426 0.0326225 0.0332312 0.0429200 0.0327194 0.0342913 0.0384663 0.0372734 0.0371093 0.0337463 0.0373220 0.0348659 0.0334695 0.0378984 0.0331746 0.0322247 0.0363267 0.0314928 0.0342611 0.0350569 0.0365270 0.0386104 0.0353953 0.0361915 0.0302993 0.0243473 0.0269014 0.0259315 0.0259604 0.0318341 0.0251531 0.0279663 0.0278895 0.0277126 0.0319188 0.0271097 0.0283250 0.0296256 0.0294155 0.0253165 0.0294555 0.0322510 0.0305268 0.0320826 0.0270492 0.0321281 0.0277202 0.0290425 0.0311193 
pop1.indv18 0.0266015 0.0232752 0.0210526 0.0278452 0.0236159 0.0256921 0.0289345 0.0248673 0.0272536 0.0252822 0.0238779 0.0281682 0.0271450 0.0277355 0.0207220 0.0264539 0.0266772 0.0297928 0.0252084 0.0251912 0.0000000 0.0303237 0.0259063 0.0253168 0.0280783 0.0330015 0.0352285 0.0367700 0.0331389 0.0351655 0.0305408 0.0315190 0.0350081 0.0316050 0.0396474 0.0328783 0.0327896 0.0377491 0.0356383 0.0344521 0.0325939 0.0311584 0.0362618 0.0365956 0.0372210 0.0322573 0.0380149 0.0379733 0.0331879 0.0295835 0.0323634 0.0239552 0.0285182 0.0243688 0.0247795 0.0302324 0.0250643 0.0226781 0.0273413 0.0242486 0.0266837 0.0294514 0.0311489 0.0265069 0.0294413 0.0325374 0.0318821 0.0289533 0.0328578 0.0288630 0.0269007 0.0261865 0.0291421 0.0293472 0.0295005 
pop1.indv19 0.0276028 0.0309067 0.0259731 0.0270936 0.0232266 0.0278642 0.0298923 0.0289755 0.0273124 0.0275933 0.0260034 0.0282098 0.0278482 0.0254261 0.0282985 0.0306854 0.0278406 0.0313015 0.0279250 0.0310241 0.0303237 0.0000000 0.0259091 0.0267316 0.0300991 0.0318970 0.0335619 0.0331178 0.0316032 0.0384508 0.0294543 0.0329954 0.0321123 0.0347392 0.0394431 0.0319151 0.0351933 0.0332836 0.0371099 0.0388092 0.0312042 0.0321325 0.0395888 0.0335806 0.0314638 0.0385006 0.0388038 0.0386728 0.0399149 0.0317517 0.0359649 0.0226169 0.0284631 0.0286770 0.0251763 0.0331162 0.0248128 0.0288894 0.0303220 0.0276666 0.0311309 0.0272277 0.0275096 0.0269211 0.0295073 0.0300806 0.0327468 0.0274804 0.0279048 0.0277704 0.0262169 0.0294884 0.0295023 0.0311790 0.0294017 
pop1.indv20 0.0283677 0.0261246 0.0254523 0.0290956 0.0203898 0.0236808 0.0294908 0.0232958 0.0249756 0.0262980 0.0255312 0.0311831 0.0286523 0.0249551 0.0262052 0.0232982 0.0254027 0.0281647 0.0288989 0.0300405 0.0259063 0.0259091 0.0000000 0.0239804 0.0278979 0.0366735 0.0359146 0.0291663 0.0356829 0.0359818 0.0296831 0.0309474 0.0310041 0.0342680 0.0402182 0.0336307 0.0300233 0.0312359 0.0324470 0.0330231 0.0313707 0.0275724 0.0345525 0.0346751 0.0330330 0.0375886 0.0342042 0.0355242 0.0340394 0.0301662 0.0289342 0.0267384 0.0269302 0.0247922 0.0279394 0.0295711 0.0243135 0.0258021 0.0325794 0.0250529 0.0274857 0.0259219 0.0274917 0.0292294 0.0293455 0.0298028 0.0310611 0.0293183 0.0275073 0.0297263 0.0236305 0.0296021 0.0279838 0.0285810 0.0287732 
pop1.indv21 0.0308373 0.0251734 0.0227871 0.0258592 0.0282259 0.0246879 0.0268575 0.0277541 0.0262400 0.0257440 0.0248359 0.0276823 0.0242879 0.0224261 0.0226665 0.0264073 0.0295448 0.0223775 0.0256560 0.0304163 0.0253168 0.0267316 0.0239804 0.0000000 0.0294501 0.0333835 0.0299609 0.0314315 0.0360354 0.0349635 0.0301782 0.0335341 0.0297262 0.0372408 0.0390348 0.0321757 0.0339173 0.0345659 0.0343356 0.0386826 0.0311431 0.0337717 0.0341164 0.0347669 0.0294881 0.0384106 0.0303576 0.0352551 0.0320579 0.0319174 0.0308095 0.0268909 0.0251674 0.0277202 0.0221545 0.0270558 0.0226789 0.0218930 0.0251326 0.0276892 0.0290373 0.0230518 0.0290972 0.0286011 0.0295407 0.0256432 0.0303602 0.0277089 0.0291390 0.0269404 0.0255520 0.0275400 0.0268091 0.0262995 0.0322554 
pop1.indv25 0.0332004 0.0276151 0.0286261 0.0312016 0.0291284 0.0257042 0.0288825 0.0318184 0.0323364 0.0314196 0.0280470 0.0327322 0.0323914 0.0321995 0.0302029 0.0300658 0.0273056 0.0292079 0.0262593 0.0269916 0.0280783 0.0300991 0.0278979 0.0294501 0.0000000 0.0427255 0.0401759 0.0329242 0.0348467 0.0366547 0.0316473 0.0341560 0.0353146 0.0389952 0.0413442 0.0355422 0.0341506 0.0340765 0.0348853 0.0366338 0.0307827 0.0310112 0.0376922 0.0377719 0.0344322 0.0350243 0.0344028 0.0375273 0.0359017 0.0310345 0.0326172 0.0295802 0.0347842 0.0335983 0.0261667 0.0340826 0.0247585 0.0301560 0.0286377 0.0291326 0.0317872 0.0289141 0.0301608 0.0275176 0.0330858 0.0286389 0.0352513 0.0298612 0.0327557 0.0352501 0.0253577 0.0297286 0.0265903 0.0342654 0.0333673 
pop2.indv6  0.0270760 0.0294541 0.0345110 0.0259904 0.0351454 0.0353910 0.0327107 0.0305093 0.0340114 0.0351682 0.0341086 0.0331284 0.0420851 0.0311036 0.0290526 0.0311135 0.0436122 0.0362382 0.0359639 0.0358927 0.0330015 0.0318970 0.0366735 0.0333835 0.0427255 0.0000000 0.0338117 0.0302596 0.0269633 0.0265501 0.0215709 0.0241158 0.0250874 0.0247545 0.0321507 0.0330074 0.0250652 0.0291455 0.0278431 0.0311752 0.0240235 0.0226679 0.0249069 0.0260695 0.0214865 0.0311827 0.0184631 0.0221259 0.0226163 0.0261476 0.0361869 0.0270301 0.0353849 0.0355311 0.0367584 0.0371889 0.0326848 0.0335743 0.0379230 0.0344210 0.0280195 0.0349650 0.0395656 0.0366354 0.0420605 0.0329581 0.0381752 0.0318792 0.0378482 0.0331060 0.0299562 0.0321094 0.0302325 0.0331745 0.0352909 
pop2.indv3  0.0268274 0.0414542 0.0355249 0.0368661 0.0304899 0.0314645 0.0373604 0.0370822 0.0294427 0.0322845 0.0331172 0.0347798 0.0422649 0.0355425 0.0347865 0.0361943 0.0343481 0.0378978 0.0358316 0.0347426 0.0352285 0.0335619 0.0359146 0.0299609 0.0401759 0.0338117 0.0000000 0.0219582 0.0333268 0.0325412 0.0259079 0.0266487 0.0264256 0.0299893 0.0316722 0.0305671 0.0267387 0.0341822 0.0310095 0.0295703 0.0281537 0.0236193 0.0296494 0.0257335 0.0281833 0.0304020 0.0281389 0.0237716 0.0318894 0.0282288 0.0376309 0.0341820 0.0299656 0.0294192 0.0291073 0.0419231 0.0276652 0.0350819 0.0405153 0.0358673 0.0402716 0.0347087 0.0315201 0.0374298 0.0371389 0.0327863 0.0398380 0.0379774 0.0393489 0.0317164 0.0278570 0.0373694 0.0337095 0.0377782 0.0388018 
pop2.indv9  0.0318820 0.0335604 0.0320240 0.0327155 0.0356893 0.0318017 0.0323577 0.0303194 0.0304314 0.0388670 0.0301969 0.0306367 0.0380972 0.0281125 0.0331583 0.0313323 0.0335457 0.0362393 0.0334227 0.0326225 0.0367700 0.0331178 0.0291663 0.0314315 0.0329242 0.0302596 0.0219582 0.0000000 0.0260427 0.0234957 0.0244764 0.0232762 0.0307339 0.0251973 0.0294152 0.0224150 0.0230935 0.0310769 0.0303449 0.0254304 0.0266812 0.0273955 0.0294174 0.0271034 0.0245023 0.0275801 0.0274104 0.0331805 0.0270306 0.0208831 0.0305866 0.0249937 0.0323438 0.0261771 0.0249404 0.0332707 0.0313071 0.0324525 0.0366535 0.0224094 0.0326154 0.0305270 0.0330292 0.0327459 0.0303806 0.0343671 0.0321821 0.0352419 0.0315352 0.0373306 0.0341277 0.0338293 0.0268995 0.0356739 0.0364588 
pop2.indv14 0.0284994 0.0320390 0.0332605 0.0407477 0.0306902 0.0371823 0.0362743 0.0339952 0.0448982 0.0418746 0.0306423 0.0347658 0.0342269 0.0314202 0.0336905 0.0315743 0.0334678 0.0311852 0.0294072 0.0332312 0.0331389 0.0316032 0.0356829 0.0360354 0.0348467 0.0269633 0.0333268 0.0260427 0.0000000 0.0239402 0.0303268 0.0222460 0.0270432 0.0234013 0.0326072 0.0219272 0.0296278 0.0253429 0.0326103 0.0283807 0.0308636 0.0282869 0.0309491 0.0306136 0.0216622 0.0251282 0.0293495 0.0267413 0.0284499 0.0230199 0.0366033 0.0374435 0.0345299 0.0308739 0.0302358 0.0381170 0.0327567 0.0336593 0.0348778 0.0278913 0.0327608 0.0371362 0.0271010 0.0361415 0.0317700 0.0357048 0.0387510 0.0292563 0.0326755 0.0324076 0.0296905 0.0336670 0.0281503 0.0306161 0.0431752 
pop2.indv11 0.0339010 0.0360321 0.0427669 0.0361737 0.0306656 0.0362744 0.0337863 0.0337754 0.0383334 0.0375816 0.0343837 0.0416898 0.0372644 0.0343924 0.0344398 0.0317595 0.0350495 0.0411478 0.0341873 0.0429200 0.0351655 0.0384508 0.0359818 0.0349635 0.0366547 0.0265501 0.0325412 0.0234957 0.0239402 0.0000000 0.0288801 0.0287136 0.0258866 0.0312554 0.0296224 0.0251721 0.0321468 0.0314753 0.0272105 0.0291980 0.0293718 0.0269761 0.0249711 0.0353316 0.0296342 0.0295194 0.0290283 0.0267070 0.0289172 0.0298318 0.0432791 0.0337031 0.0329190 0.0408476 0.0293031 0.0314324 0.0280262 0.0334373 0.0338576 0.0317392 0.0421144 0.0333222 0.0368627 0.0379905 0.0355100 0.0405396 0.0464926 0.0353750 0.0337262 0.0400961 0.0339833 0.0348380 0.0364324 0.0380946 0.0399696 
pop2.indv1  0.0328342 0.0232837 0.0318670 0.0333892 0.0285196 0.0326543 0.0322037 0.0331643 0.0288444 0.0369625 0.0318898 0.0312817 0.0349960 0.0337037 0.0340852 0.0311752 0.0379527 0.0312638 0.0299352 0.0327194 0.0305408 0.0294543 0.0296831 0.0301782 0.0316473 0.0215709 0.0259079 0.0244764 0.0303268 0.0288801 0.0000000 0.0217662 0.0245273 0.0281829 0.0337304 0.0259512 0.0278676 0.0288091 0.0216639 0.0246686 0.0275225 0.0235930 0.0263632 0.0273178 0.0223188 0.0235780 0.0273724 0.0207813 0.0254663 0.0250684 0.0304957 0.0261205 0.0286711 0.0341610 0.0311063 0.0313264 0.0277730 0.0300318 0.0351326 0.0297657 0.0339894 0.0302950 0.0286607 0.0360090 0.0329166 0.0313127 0.0348492 0.0326784 0.0324353 0.0294321 0.0269934 0.0299393 0.0280905 0.0302733 0.0317025 
pop2.indv2  0.0340123 0.0309653 0.0324887 0.0304105 0.0326009 0.0319710 0.0331795 0.0316355 0.0324420 0.0339110 0.0351085 0.0372891 0.0376555 0.0336214 0.0290810 0.0337324 0.0331445 0.0339282 0.0352537 0.0342913 0.0315190 0.0329954 0.0309474 0.0335341 0.0341560 0.0241158 0.0266487 0.0232762 0.0222460 0.0287136 0.0217662 0.0000000 0.0251401 0.0290706 0.0322213 0.0306718 0.0280566 0.0309545 0.0284798 0.0301752 0.0240801 0.0213460 0.0275942 0.0294481 0.0257395 0.0306988 0.0279171 0.0276003 0.0281392 0.0234806 0.0331791 0.0268496 0.0345792 0.0355474 0.0222740 0.0364707 0.0280921 0.0327535 0.0375092 0.0338611 0.0353485 0.0328014 0.0327184 0.0341045 0.0339983 0.0304359 0.0342361 0.0350555 0.0334990 0.0283387 0.0261896 0.0329652 0.0296400 0.0331006 0.0343324 
pop2.indv4  0.0312657 0.0343403 0.0352931 0.0373524 0.0315326 0.0304513 0.0318872 0.0367444 0.0336236 0.0389273 0.0326880 0.0373219 0.0347576 0.0356314 0.0323082 0.0352828 0.0346257 0.0348520 0.0351774 0.0384663 0.0350081 0.0321123 0.0310041 0.0297262 0.0353146 0.0250874 0.0264256 0.0307339 0.0270432 0.0258866 0.0245273 0.0251401 0.0000000 0.0320650 0.0304345 0.0313916 0.0231327 0.0282155 0.0275839 0.0348344 0.0291790 0.0274823 0.0269171 0.0298058 0.0264221 0.0282665 0.0313241 0.0287681 0.0268695 0.0266788 0.0331291 0.0349382 0.0366205 0.0400675 0.0320368 0.0321258 0.0293846 0.0339792 0.0379083 0.0344791 0.0370370 0.0303947 0.0312864 0.0334408 0.0348646 0.0354089 0.0350877 0.0339694 0.0346532 0.0376993 0.0333400 0.0365609 0.0287724 0.0303598 0.0445076 
pop2.indv5  0.0354349 0.0377090 0.0329886 0.0442789 0.0274793 0.0385070 0.0389172 0.0353435 0.0379114 0.0365895 0.0354892 0.0362960 0.0426626 0.0358403 0.0335350 0.0336455 0.0367843 0.0344867 0.0369887 0.0372734 0.0316050 0.0347392 0.0342680 0.0372408 0.0389952 0.0247545 0.0299893 0.0251973 0.0234013 0.0312554 0.0281829 0.0290706 0.0320650 0.0000000 0.0379733 0.0291913 0.0276436 0.0288532 0.0296327 0.0306239 0.0305481 0.0259614 0.0300947 0.0294729 0.0278323 0.0299827 0.0300237 0.0291351 0.0313426 0.0249570 0.0307134 0.0351477 0.0367609 0.0342478 0.0283050 0.0388165 0.0344549 0.0323362 0.0408047 0.0316825 0.0384382 0.0361596 0.0364146 0.0370623 0.0395409 0.0404499 0.0421366 0.0389149 0.0393396 0.0358904 0.0347182 0.0367990 0.0371893 0.0358218 0.0396745 
pop2.indv7  0.0441162 0.0382888 0.0336385 0.0400404 0.0396028 0.0348647 0.0433178 0.0374366 0.0410182 0.0382360 0.0384162 0.0387516 0.0421865 0.0380656 0.0364679 0.0376277 0.0417330 0.0381130 0.0404637 0.0371093 0.0396474 0.0394431 0.0402182 0.0390348 0.0413442 0.0321507 0.0316722 0.0294152 0.0326072 0.0296224 0.0337304 0.0322213 0.0304345 0.0379733 0.0000000 0.0327139 0.0300834 0.0338420 0.0336479 0.0382783 0.0282629 0.0282535 0.0330911 0.0334041 0.0303799 0.0336626 0.0370315 0.0307261 0.0325925 0.0301995 0.0377953 0.0314779 0.0391164 0.0430959 0.0412478 0.0422580 0.0340292 0.0434494 0.0417869 0.0404368 0.0437723 0.0408896 0.0383899 0.0381306 0.0455479 0.0417840 0.0444730 0.0432216 0.0412558 0.0428157 0.0370407 0.0405946 0.0367926 0.0372323 0.0421633 
pop2.indv8  0.0378918 0.0352189 0.0378205 0.0340420 0.0324683 0.0356346 0.0351104 0.0330627 0.0400324 0.0386643 0.0350359 0.0361186 0.0387290 0.0289772 0.0299992 0.0299993 0.0404785 0.0315534 0.0383182 0.0337463 0.0328783 0.0319151 0.0336307 0.0321757 0.0355422 0.0330074 0.0305671 0.0224150 0.0219272 0.0251721 0.0259512 0.0306718 0.0313916 0.0291913 0.0327139 0.0000000 0.0300974 0.0270663 0.0272304 0.0338025 0.0277652 0.0260764 0.0290759 0.0299281 0.0281855 0.0319379 0.0331972 0.0301731 0.0304547 0.0252767 0.0380396 0.0291341 0.0331257 0.0362349 0.0304684 0.0333400 0.0332077 0.0321693 0.0347711 0.0340132 0.0324017 0.0357841 0.0341941 0.0316935 0.0384826 0.0362281 0.0352314 0.0380266 0.0328118 0.0325101 0.0329348 0.0364267 0.0338184 0.0313003 0.0374576 
pop2.indv10 0.0313995 0.0322470 0.0390542 0.0375835 0.0343152 0.0342437 0.0374477 0.0358411 0.0348924 0.0353051 0.0343505 0.0405564 0.0411806 0.0345266 0.0351103 0.0305781 0.0383137 0.0345432 0.0416212 0.0373220 0.0327896 0.0351933 0.0300233 0.0339173 0.0341506 0.0250652 0.0267387 0.0230935 0.0296278 0.0321468 0.0278676 0.0280566 0.0231327 0.0276436 0.0300834 0.0300974 0.0000000 0.0302681 0.0318223 0.0306062 0.0303821 0.0276499 0.0269955 0.0281619 0.0266639 0.0283131 0.0279602 0.0276567 0.0298681 0.0261911 0.0349907 0.0322106 0.0400418 0.0369887 0.0329114 0.0376835 0.0318836 0.0371138 0.0414527 0.0339162 0.0364369 0.0335824 0.0376195 0.0376994 0.0384734 0.0329588 0.0355948 0.0352118 0.0375357 0.0334568 0.0335545 0.0306660 0.0306255 0.0357291 0.0370263 
pop2.indv12 0.0328164 0.0376852 0.0360176 0.0412453 0.0347317 0.0374002 0.0356069 0.0389558 0.0378316 0.0375436 0.0434813 0.0395683 0.0443743 0.0397259 0.0377123 0.0341676 0.0383010 0.0369815 0.0364765 0.0348659 0.0377491 0.0332836 0.0312359 0.0345659 0.0340765 0.0291455 0.0341822 0.0310769 0.0253429 0.0314753 0.0288091 0.0309545 0.0282155 0.0288532 0.0338420 0.0270663 0.0302681 0.0000000 0.0297203 0.0320723 0.0312325 0.0287963 0.0264974 0.0284715 0.0274281 0.0353623 0.0328439 0.0314548 0.0264286 0.0272334 0.0335076 0.0267167 0.0381466 0.0397622 0.0315469 0.0350206 0.0343263 0.0345684 0.0377154 0.0328294 0.0359328 0.0333806 0.0377811 0.0352432 0.0371379 0.0399759 0.0386007 0.0407560 0.0367164 0.0371052 0.0329592 0.0364021 0.0356866 0.0349021 0.0420636 
pop2.indv13 0.0376546 0.0346850 0.0300182 0.0368063 0.0338748 0.0298738 0.0338276 0.0330067 0.0344924 0.0377723 0.0328559 0.0344055 0.0366900 0.0291881 0.0293535 0.0368617 0.0350751 0.0340843 0.0332318 0.0334695 0.0356383 0.0371099 0.0324470 0.0343356 0.0348853 0.0278431 0.0310095 0.0303449 0.0326103 0.0272105 0.0216639 0.0284798 0.0275839 0.0296327 0.0336479 0.0272304 0.0318223 0.0297203 0.0000000 0.0322684 0.0301355 0.0263075 0.0313288 0.0278451 0.0268687 0.0278963 0.0294921 0.0305436 0.0324531 0.0263798 0.0387336 0.0360561 0.0311439 0.0321447 0.0277948 0.0359933 0.0332021 0.0320069 0.0379416 0.0329659 0.0344990 0.0313731 0.0321066 0.0386900 0.0426446 0.0363351 0.0359249 0.0373330 0.0364524 0.0337230 0.0316243 0.0343336 0.0350805 0.0374519 0.0359426 
pop2.indv15 0.0415544 0.0425384 0.0294030 0.0411569 0.0311212 0.0401926 0.0349713 0.0401514 0.0398243 0.0412669 0.0374744 0.0360580 0.0397458 0.0358328 0.0342016 0.0356358 0.0408873 0.0380634 0.0367639 0.0378984 0.0344521 0.0388092 0.0330231 0.0386826 0.0366338 0.0311752 0.0295703 0.0254304 0.0283807 0.0291980 0.0246686 0.0301752 0.0348344 0.0306239 0.0382783 0.0338025 0.0306062 0.0320723 0.0322684 0.0000000 0.0280662 0.0324298 0.0329441 0.0272363 0.0320180 0.0337647 0.0336594 0.0364550 0.0380042 0.0312421 0.0353854 0.0361051 0.0364897 0.0385949 0.0319332 0.0354266 0.0363164 0.0380355 0.0404148 0.0343457 0.0398776 0.0341201 0.0378489 0.0392056 0.0438908 0.0392219 0.0371626 0.0376804 0.0382888 0.0368426 0.0343645 0.0359650 0.0325207 0.0369867 0.0379273 
pop2.indv16 0.0357860 0.0326827 0.0350201 0.0327532 0.0317694 0.0288454 0.0357480 0.0331416 0.0311022 0.0359776 0.0310380 0.0348101 0.0377977 0.0330950 0.0363192 0.0316897 0.0321305 0.0310339 0.0308022 0.0331746 0.0325939 0.0312042 0.0313707 0.0311431 0.0307827 0.0240235 0.0281537 0.0266812 0.0308636 0.0293718 0.0275225 0.0240801 0.0291790 0.0305481 0.0282629 0.0277652 0.0303821 0.0312325 0.0301355 0.0280662 0.0000000 0.0263388 0.0283804 0.0306748 0.0267641 0.0261147 0.0254018 0.0285934 0.0273052 0.0267260 0.0319905 0.0294929 0.0339488 0.0366307 0.0348489 0.0340666 0.0294567 0.0289163 0.0347692 0.0327085 0.0339295 0.0354824 0.0317063 0.0372092 0.0368208 0.0325185 0.0365700 0.0394613 0.0337036 0.0369904 0.0320535 0.0290272 0.0346137 0.0294056 0.0359857 
pop2.indv17 0.0331911 0.0339849 0.0277520 0.0294922 0.0317242 0.0336192 0.0366829 0.0336313 0.0334003 0.0345850 0.0319638 0.0375726 0.0334460 0.0290576 0.0343714 0.0336495 0.0401490 0.0309113 0.0325570 0.0322247 0.0311584 0.0321325 0.0275724 0.0337717 0.0310112 0.0226679 0.0236193 0.0273955 0.0282869 0.0269761 0.0235930 0.0213460 0.0274823 0.0259614 0.0282535 0.0260764 0.0276499 0.0287963 0.0263075 0.0324298 0.0263388 0.0000000 0.0282661 0.0250874 0.0250478 0.0313536 0.0296813 0.0275165 0.0316628 0.0229029 0.0312795 0.0322460 0.0318194 0.0363756 0.0258019 0.0360568 0.0295420 0.0296251 0.0352283 0.0343303 0.0378896 0.0314934 0.0324851 0.0336205 0.0393280 0.0346211 0.0390553 0.0357456 0.0340604 0.0361322 0.0267073 0.0343752 0.0326537 0.0336602 0.0379339 
pop2.indv18 0.0349402 0.0363752 0.0430425 0.0394362 0.0317024 0.0370883 0.0342500 0.0380285 0.0355292 0.0353053 0.0340710 0.0356681 0.0447140 0.0350372 0.0343224 0.0372488 0.0357938 0.0363704 0.0349763 0.0363267 0.0362618 0.0395888 0.0345525 0.0341164 0.0376922 0.0249069 0.0296494 0.0294174 0.0309491 0.0249711 0.0263632 0.0275942 0.0269171 0.0300947 0.0330911 0.0290759 0.0269955 0.0264974 0.0313288 0.0329441 0.0283804 0.0282661 0.0000000 0.0298266 0.0279114 0.0293600 0.0284820 0.0266957 0.0336933 0.0280095 0.0380135 0.0253245 0.0399693 0.0325197 0.0295928 0.0357399 0.0350658 0.0351690 0.0375015 0.0308497 0.0343795 0.0315488 0.0374225 0.0374121 0.0356347 0.0399244 0.0341835 0.0337433 0.0372155 0.0341971 0.0344544 0.0358179 0.0343116 0.0375114 0.0371956 
pop2.indv19 0.0284872 0.0286531 0.0308710 0.0376746 0.0333544 0.0342658 0.0324354 0.0329872 0.0347665 0.0388980 0.0331718 0.0373043 0.0378809 0.0374198 0.0312391 0.0339450 0.0334596 0.0347749 0.0386479 0.0314928 0.0365956 0.0335806 0.0346751 0.0347669 0.0377719 0.0260695 0.0257335 0.0271034 0.0306136 0.0353316 0.0273178 0.0294481 0.0298058 0.0294729 0.0334041 0.0299281 0.0281619 0.0284715 0.0278451 0.0272363 0.0306748 0.0250874 0.0298266 0.0000000 0.0295758 0.0327112 0.0308734 0.0255281 0.0285720 0.0259907 0.0355238 0.0347827 0.0307952 0.0349635 0.0276403 0.0339288 0.0293761 0.0339267 0.0350515 0.0266547 0.0339321 0.0307290 0.0360148 0.0321997 0.0369925 0.0326069 0.0379540 0.0413949 0.0343478 0.0359831 0.0302522 0.0337786 0.0328654 0.0364350 0.0331260 
pop2.indv20 0.0338237 0.0354897 0.0358619 0.0313622 0.0250238 0.0335019 0.0377697 0.0339912 0.0378567 0.0331631 0.0374134 0.0321816 0.0407647 0.0328263 0.0384879 0.0316789 0.0356460 0.0375766 0.0346370 0.0342611 0.0372210 0.0314638 0.0330330 0.0294881 0.0344322 0.0214865 0.0281833 0.0245023 0.0216622 0.0296342 0.0223188 0.0257395 0.0264221 0.0278323 0.0303799 0.0281855 0.0266639 0.0274281 0.0268687 0.0320180 0.0267641 0.0250478 0.0279114 0.0295758 0.0000000 0.0268730 0.0274341 0.0280886 0.0296964 0.0261439 0.0329148 0.0324904 0.0333125 0.0353745 0.0286354 0.0351862 0.0303218 0.0332738 0.0383608 0.0337377 0.0361767 0.0328170 0.0327840 0.0348641 0.0346208 0.0343593 0.0351910 0.0340748 0.0347639 0.0368949 0.0309506 0.0363495 0.0333138 0.0324645 0.0324240 
pop2.indv21 0.0356508 0.0393149 0.0343725 0.0335755 0.0377762 0.0339445 0.0335526 0.0365772 0.0386976 0.0410749 0.0399220 0.0335031 0.0432089 0.0345787 0.0387101 0.0354317 0.0413417 0.0395669 0.0363336 0.0350569 0.0322573 0.0385006 0.0375886 0.0384106 0.0350243 0.0311827 0.0304020 0.0275801 0.0251282 0.0295194 0.0235780 0.0306988 0.0282665 0.0299827 0.0336626 0.0319379 0.0283131 0.0353623 0.0278963 0.0337647 0.0261147 0.0313536 0.0293600 0.0327112 0.0268730 0.0000000 0.0306514 0.0286170 0.0329492 0.0285041 0.0458385 0.0313746 0.0333802 0.0399738 0.0366988 0.0365787 0.0325964 0.0359474 0.0397734 0.0359381 0.0372682 0.0379273 0.0367845 0.0396223 0.0406983 0.0363989 0.0389571 0.0395531 0.0388212 0.0397770 0.0304762 0.0336227 0.0344694 0.0340972 0.0387700 
pop2.indv22 0.0368352 0.0391306 0.0396841 0.0318929 0.0343237 0.0360182 0.0374644 0.0366097 0.0345688 0.0337669 0.0395792 0.0420042 0.0420786 0.0345011 0.0353554 0.0387026 0.0407328 0.0368390 0.0358783 0.0365270 0.0380149 0.0388038 0.0342042 0.0303576 0.0344028 0.0184631 0.0281389 0.0274104 0.0293495 0.0290283 0.0273724 0.0279171 0.0313241 0.0300237 0.0370315 0.0331972 0.0279602 0.0328439 0.0294921 0.0336594 0.0254018 0.0296813 0.0284820 0.0308734 0.0274341 0.0306514 0.0000000 0.0290907 0.0315986 0.0251236 0.0349731 0.0316245 0.0395610 0.0341978 0.0312403 0.0401241 0.0326049 0.0330377 0.0364600 0.0327898 0.0405003 0.0377177 0.0340649 0.0382438 0.0368539 0.0363267 0.0365362 0.0394826 0.0423239 0.0369630 0.0363758 0.0347765 0.0345468 0.0384692 0.0370577 
pop2.indv23 0.0307651 0.0311339 0.0413038 0.0311345 0.0323177 0.0341301 0.0367096 0.0316301 0.0350645 0.0358515 0.0360346 0.0323971 0.0420371 0.0291378 0.0336287 0.0378397 0.0384709 0.0338296 0.0355347 0.0386104 0.0379733 0.0386728 0.0355242 0.0352551 0.0375273 0.0221259 0.0237716 0.0331805 0.0267413 0.0267070 0.0207813 0.0276003 0.0287681 0.0291351 0.0307261 0.0301731 0.0276567 0.0314548 0.0305436 0.0364550 0.0285934 0.0275165 0.0266957 0.0255281 0.0280886 0.0286170 0.0290907 0.0000000 0.0322120 0.0255775 0.0377229 0.0355431 0.0347894 0.0381346 0.0357227 0.0380398 0.0310739 0.0332188 0.0351805 0.0363904 0.0369103 0.0335443 0.0339813 0.0364081 0.0353253 0.0335553 0.0376498 0.0388097 0.0362654 0.0328996 0.0332409 0.0361272 0.0371956 0.0358754 0.0339161 
pop2.indv24 0.0398258 0.0312384 0.0338991 0.0402202 0.0343846 0.0350670 0.0304219 0.0350233 0.0336779 0.0396446 0.0380171 0.0368487 0.0397072 0.0353673 0.0377525 0.0371055 0.0344328 0.0361702 0.0404633 0.0353953 0.0331879 0.0399149 0.0340394 0.0320579 0.0359017 0.0226163 0.0318894 0.0270306 0.0284499 0.0289172 0.0254663 0.0281392 0.0268695 0.0313426 0.0325925 0.0304547 0.0298681 0.0264286 0.0324531 0.0380042 0.0273052 0.0316628 0.0336933 0.0285720 0.0296964 0.0329492 0.0315986 0.0322120 0.0000000 0.0240695 0.0390281 0.0335339 0.0384619 0.0409911 0.0249830 0.0368576 0.0324652 0.0312516 0.0412387 0.0363794 0.0343255 0.0399253 0.0348095 0.0360852 0.0360143 0.0392362 0.0394720 0.0402099 0.0365843 0.0353385 0.0322986 0.0332185 0.0326125 0.0350869 0.0385497 
pop2.indv25 0.0302812 0.0333749 0.0330336 0.0289847 0.0294100 0.0342867 0.0351217 0.0308774 0.0342441 0.0345655 0.0309041 0.0328346 0.0378473 0.0281515 0.0322230 0.0324951 0.0345809 0.0332631 0.0269714 0.0361915 0.0295835 0.0317517 0.0301662 0.0319174 0.0310345 0.0261476 0.0282288 0.0208831 0.0230199 0.0298318 0.0250684 0.0234806 0.0266788 0.0249570 0.0301995 0.0252767 0.0261911 0.0272334 0.0263798 0.0312421 0.0267260 0.0229029 0.0280095 0.0259907 0.0261439 0.0285041 0.0251236 0.0255775 0.0240695 0.0000000 0.0355214 0.0262616 0.0321353 0.0323686 0.0332414 0.0347110 0.0266266 0.0272106 0.0319803 0.0288061 0.0345004 0.0334321 0.0313306 0.0324654 0.0354487 0.0309618 0.0368345 0.0323046 0.0347810 0.0352604 0.0298511 0.0307692 0.0312348 0.0293871 0.0318795 
pop3.indv17 0.0267240 0.0386851 0.0304589 0.0330059 0.0351975 0.0280907 0.0313299 0.0282169 0.0295404 0.0344525 0.0309067 0.0336545 0.0330669 0.0285300 0.0321892 0.0306250 0.0297869 0.0360094 0.0302404 0.0302993 0.0323634 0.0359649 0.0289342 0.0308095 0.0326172 0.0361869 0.0376309 0.0305866 0.0366033 0.0432791 0.0304957 0.0331791 0.0331291 0.0307134 0.0377953 0.0380396 0.0349907 0.0335076 0.0387336 0.0353854 0.0319905 0.0312795 0.0380135 0.0355238 0.0329148 0.0458385 0.0349731 0.0377229 0.0390281 0.0355214 0.0000000 0.0333058 0.0311444 0.0265416 0.0293614 0.0299833 0.0253225 0.0334731 0.0291495 0.0330531 0.0288761 0.0314197 0.0252248 0.0304920 0.0281440 0.0271691 0.0316987 0.0322042 0.0280905 0.0298248 0.0281482 0.0281413 0.0308685 0.0311713 0.0356145 
pop3.indv4  0.0209449 0.0277942 0.0269687 0.0221462 0.0232018 0.0222276 0.0256347 0.0233814 0.0266063 0.0252224 0.0233142 0.0211139 0.0367478 0.0213069 0.0225106 0.0214106 0.0285890 0.0270607 0.0243513 0.0243473 0.0239552 0.0226169 0.0267384 0.0268909 0.0295802 0.0270301 0.0341820 0.0249937 0.0374435 0.0337031 0.0261205 0.0268496 0.0349382 0.0351477 0.0314779 0.0291341 0.0322106 0.0267167 0.0360561 0.0361051 0.0294929 0.0322460 0.0253245 0.0347827 0.0324904 0.0313746 0.0316245 0.0355431 0.0335339 0.0262616 0.0333058 0.0000000 0.0214127 0.0276400 0.0188509 0.0273113 0.0188113 0.0238642 0.0240137 0.0181331 0.0233594 0.0221519 0.0239680 0.0223751 0.0248117 0.0243146 0.0301389 0.0257153 0.0198086 0.0233803 0.0254527 0.0196217 0.0259994 0.0244140 0.0273419 
