75
pop1.indv18 0.0000000 0.0257347 0.0262572 0.0293288 0.0258377 0.0270478 0.0255066 0.0264573 0.0254053 0.0227757 0.0246030 0.0282421 0.0213394 0.0267533 0.0268719 0.0289132 0.0257592 0.0261922 0.0288186 0.0269067 0.0242444 0.0269117 0.0222471 0.0230357 0.0263709 0.0371537 0.0293833 0.0324831 0.0303073 0.0317240 0.0309204 0.0322968 0.0359225 0.0307750 0.0334432 0.0371750 0.0355276 0.0329159 0.0317334 0.0364181 0.0369654 0.0357690 0.0342909 0.0305894 0.0357039 0.0366151 0.0323261 0.0367386 0.0370367 0.0340985 0.0262950 0.0298429 0.0279198 0.0287943 0.0257347 0.0307448 0.0251777 0.0249467 0.0253336 0.0218695 0.0271933 0.0241949 0.0294184 0.0313741 0.0275399 0.0286215 0.0332005 0.0313945 0.0301303 0.0266692 0.0332338 0.0271532 0.0294077 0.0262929 0.0275726 
pop1.indv1  0.0257347 0.0000000 0.0262628 0.0266436 0.0233771 0.0302515 0.0260959 0.0262231 0.0263553 0.0250445 0.0243440 0.0297090 0.0264493 0.0261153 0.0272660 0.0291043 0.0271447 0.0250593 0.0283889 0.0251777 0.0249782 0.0270076 0.0235906 0.0298690 0.0260109 0.0342103 0.0339352 0.0276761 0.0325035 0.0354501 0.0345762 0.0285512 0.0301791 0.0384845 0.0377865 0.0364036 0.0336885 0.0346078 0.0379300 0.0375418 0.0303593 0.0362200 0.0396047 0.0354628 0.0393606 0.0344059 0.0351387 0.0358989 0.0352575 0.0343954 0.0285981 0.0289563 0.0255202 0.0325842 0.0272443 0.0355600 0.0294974 0.0285341 0.0273390 0.0280042 0.0279541 0.0271773 0.0287416 0.0336783 0.0289391 0.0263553 0.0286900 0.0250968 0.0273736 0.0267964 0.0304895 0.0256149 0.0267884 0.0267485 0.0278960 
pop1.indv11 0.0262572 0.0262628 0.0000000 0.0243032 0.0240682 0.0284296 0.0217300 0.0281675 0.0248932 0.0236191 0.0252356 0.0288761 0.0292520 0.0248428 0.0273614 0.0257519 0.0266513 0.0258345 0.0244382 0.0249076 0.0209172 0.0252503 0.0222997 0.0295159 0.0331742 0.0353045 0.0284334 0.0318197 0.0334078 0.0294850 0.0325321 0.0332106 0.0336565 0.0343052 0.0295238 0.0375600 0.0292520 0.0335260 0.0328529 0.0390836 0.0290345 0.0334958 0.0356499 0.0292565 0.0366270 0.0324352 0.0343363 0.0330407 0.0287758 0.0346404 0.0251411 0.0307331 0.0253099 0.0297112 0.0254846 0.0263719 0.0268204 0.0254723 0.0290543 0.0270016 0.0258637 0.0290714 0.0300487 0.0264651 0.0269383 0.0276333 0.0269462 0.0281080 0.0280615 0.0251041 0.0269722 0.0238599 0.0283423 0.0267345 0.0258571 
pop1.indv8  0.0293288 0.0266436 0.0243032 0.0000000 0.0286262 0.0316764 0.0322481 0.0312348 0.0268085 0.0310958 0.0276333 0.0355781 0.0323859 0.0267579 0.0329021 0.0309164 0.0272891 0.0288774 0.0285975 0.0313202 0.0288519 0.0261383 0.0255547 0.0314505 0.0335260 0.0371909 0.0340915 0.0359754 0.0325340 0.0360096 0.0367102 0.0332911 0.0385507 0.0362182 0.0335153 0.0408002 0.0336673 0.0420330 0.0413736 0.0390015 0.0370140 0.0379716 0.0361962 0.0392805 0.0370866 0.0334647 0.0366322 0.0424904 0.0341662 0.0385368 0.0329793 0.0355595 0.0296034 0.0305544 0.0302344 0.0349235 0.0290747 0.0271532 0.0256692 0.0303080 0.0331147 0.0320490 0.0299639 0.0332307 0.0305985 0.0318634 0.0303803 0.0315063 0.0266613 0.0316196 0.0315254 0.0271051 0.0356143 0.0292261 0.0321542 
pop1.indv3  0.0258377 0.0233771 0.0240682 0.0286262 0.0000000 0.0261114 0.0302398 0.0269916 0.0286471 0.0255369 0.0252531 0.0288100 0.0295676 0.0300891 0.0273146 0.0269975 0.0267964 0.0241553 0.0252456 0.0265041 0.0270317 0.0273308 0.0201881 0.0296034 0.0293988 0.0328635 0.0331757 0.0326773 0.0297986 0.0371909 0.0310793 0.0330106 0.0339536 0.0346171 0.0314692 0.0359986 0.0331364 0.0335351 0.0366936 0.0374270 0.0332783 0.0341924 0.0425601 0.0325325 0.0363624 0.0334840 0.0382466 0.0396170 0.0353008 0.0355781 0.0280068 0.0353095 0.0269242 0.0308375 0.0262118 0.0357341 0.0285788 0.0239721 0.0298958 0.0274042 0.0321027 0.0284601 0.0280796 0.0246552 0.0303608 0.0270800 0.0284741 0.0300085 0.0268163 0.0246699 0.0243440 0.0239013 0.0296302 0.0283635 0.0319923 
pop1.indv2  0.0270478 0.0302515 0.0284296 0.0316764 0.0261114 0.0000000 0.0287999 0.0289709 0.0270690 0.0289316 0.0286266 0.0306477 0.0297920 0.0320647 0.0269537 0.0284770 0.0264726 0.0302089 0.0297059 0.0296287 0.0278425 0.0279538 0.0261786 0.0307890 0.0301221 0.0322458 0.0350529 0.0369686 0.0327997 0.0362182 0.0344306 0.0349192 0.0324273 0.0396927 0.0354448 0.0428763 0.0359148 0.0379858 0.0351639 0.0354973 0.0357537 0.0397095 0.0353194 0.0375221 0.0338515 0.0368717 0.0344911 0.0365628 0.0372358 0.0306668 0.0287844 0.0273552 0.0324249 0.0307152 0.0321801 0.0267592 0.0248283 0.0272869 0.0329638 0.0225587 0.0305863 0.0282009 0.0312051 0.0336454 0.0295948 0.0332845 0.0316505 0.0310119 0.0299220 0.0265635 0.0297902 0.0314965 0.0295005 0.0260969 0.0329829 
pop1.indv4  0.0255066 0.0260959 0.0217300 0.0322481 0.0302398 0.0287999 0.0000000 0.0295863 0.0288902 0.0253052 0.0298844 0.0312344 0.0261936 0.0244615 0.0303488 0.0251335 0.0250976 0.0259514 0.0294323 0.0233830 0.0277140 0.0277856 0.0238751 0.0250905 0.0322193 0.0334213 0.0310043 0.0333214 0.0321249 0.0346605 0.0307559 0.0341308 0.0350917 0.0340405 0.0307043 0.0369839 0.0333307 0.0357768 0.0332236 0.0397283 0.0330015 0.0332625 0.0395327 0.0331076 0.0393163 0.0337047 0.0364696 0.0365347 0.0323783 0.0341308 0.0312796 0.0309577 0.0284230 0.0289543 0.0302788 0.0333307 0.0283871 0.0293364 0.0315421 0.0250476 0.0293835 0.0260156 0.0272791 0.0288916 0.0268587 0.0325216 0.0316614 0.0287093 0.0318095 0.0278575 0.0269920 0.0275682 0.0278161 0.0296034 0.0296289 
pop1.indv5  0.0264573 0.0262231 0.0281675 0.0312348 0.0269916 0.0289709 0.0295863 0.0000000 0.0302722 0.0270092 0.0299244 0.0321966 0.0282815 0.0287908 0.0267712 0.0298329 0.0274705 0.0259568 0.0264500 0.0251898 0.0258983 0.0268393 0.0241855 0.0290536 0.0320794 0.0346394 0.0339299 0.0306532 0.0289305 0.0396771 0.0327194 0.0290536 0.0337709 0.0364229 0.0356929 0.0412275 0.0318525 0.0331213 0.0359260 0.0366119 0.0348577 0.0410749 0.0397730 0.0342645 0.0360306 0.0379075 0.0382948 0.0350917 0.0352014 0.0330980 0.0312255 0.0302990 0.0311576 0.0333361 0.0284179 0.0322403 0.0258473 0.0282573 0.0305164 0.0253675 0.0303259 0.0327174 0.0253890 0.0312775 0.0319869 0.0302462 0.0306038 0.0332802 0.0326641 0.0272781 0.0330355 0.0285285 0.0322287 0.0290287 0.0274705 
pop1.indv6  0.0254053 0.0263553 0.0248932 0.0268085 0.0286471 0.0270690 0.0288902 0.0302722 0.0000000 0.0257237 0.0312523 0.0328090 0.0273793 0.0318184 0.0296710 0.0270922 0.0297560 0.0281207 0.0276666 0.0273233 0.0253961 0.0308834 0.0215804 0.0314328 0.0314147 0.0392431 0.0356283 0.0364368 0.0403065 0.0390597 0.0327765 0.0328720 0.0400593 0.0367305 0.0355957 0.0396793 0.0370384 0.0351809 0.0358728 0.0394801 0.0395389 0.0396859 0.0410385 0.0350076 0.0364515 0.0346543 0.0415464 0.0335962 0.0369730 0.0420094 0.0353876 0.0326297 0.0258884 0.0354613 0.0284095 0.0352322 0.0266605 0.0289648 0.0299500 0.0290065 0.0296872 0.0305252 0.0300616 0.0350097 0.0319776 0.0300875 0.0274420 0.0296704 0.0293644 0.0295438 0.0308745 0.0271622 0.0312413 0.0347557 0.0310702 
pop1.indv7  0.0227757 0.0250445 0.0236191 0.0310958 0.0255369 0.0289316 0.0253052 0.0270092 0.0257237 0.0000000 0.0293332 0.0297377 0.0297145 0.0301514 0.0303155 0.0234227 0.0257456 0.0265850 0.0252836 0.0260204 0.0248143 0.0291117 0.0218990 0.0257237 0.0280499 0.0341610 0.0307816 0.0322383 0.0323849 0.0357690 0.0350302 0.0337037 0.0316141 0.0364658 0.0372028 0.0379075 0.0303752 0.0346039 0.0312051 0.0407545 0.0333111 0.0306491 0.0389028 0.0322776 0.0333522 0.0369622 0.0386841 0.0382681 0.0349192 0.0362328 0.0269276 0.0308370 0.0269516 0.0307062 0.0271532 0.0295184 0.0257821 0.0262759 0.0275173 0.0289233 0.0283584 0.0274083 0.0265180 0.0287419 0.0320331 0.0239363 0.0302437 0.0264130 0.0242507 0.0282734 0.0246266 0.0291617 0.0307381 0.0260230 0.0264275 
pop1.indv9  0.0246030 0.0243440 0.0252356 0.0276333 0.0252531 0.0286266 0.0298844 0.0299244 0.0312523 0.0293332 0.0000000 0.0288479 0.0317420 0.0270473 0.0292286 0.0225523 0.0256801 0.0269154 0.0273715 0.0305509 0.0271776 0.0256729 0.0251691 0.0333425 0.0295269 0.0359874 0.0356607 0.0357473 0.0333518 0.0379254 0.0324933 0.0360413 0.0373029 0.0349192 0.0406108 0.0427741 0.0363480 0.0398672 0.0381821 0.0381321 0.0359458 0.0353664 0.0364229 0.0337807 0.0431779 0.0399618 0.0375012 0.0398872 0.0399974 0.0367847 0.0284348 0.0344924 0.0262851 0.0315808 0.0275481 0.0356748 0.0303329 0.0278495 0.0324933 0.0313784 0.0321141 0.0332967 0.0315330 0.0331366 0.0319224 0.0333135 0.0335961 0.0382358 0.0314692 0.0321539 0.0355097 0.0329925 0.0300487 0.0289233 0.0294171 
pop1.indv10 0.0282421 0.0297090 0.0288761 0.0355781 0.0288100 0.0306477 0.0312344 0.0321966 0.0328090 0.0297377 0.0288479 0.0000000 0.0288902 0.0344288 0.0276459 0.0266453 0.0302981 0.0333254 0.0283182 0.0294105 0.0243042 0.0328747 0.0283745 0.0350076 0.0324746 0.0392397 0.0397257 0.0385976 0.0371183 0.0395199 0.0391539 0.0377740 0.0367509 0.0425747 0.0415340 0.0424078 0.0357475 0.0418609 0.0359573 0.0442285 0.0370275 0.0376635 0.0407759 0.0359156 0.0444348 0.0410993 0.0424101 0.0419843 0.0418469 0.0401898 0.0340220 0.0322793 0.0347975 0.0343332 0.0293311 0.0358427 0.0293835 0.0341610 0.0378922 0.0315234 0.0310862 0.0328653 0.0342843 0.0311961 0.0311807 0.0316851 0.0339180 0.0349352 0.0292538 0.0295099 0.0350761 0.0316399 0.0356303 0.0289709 0.0339739 
pop1.indv12 0.0213394 0.0264493 0.0292520 0.0323859 0.0295676 0.0297920 0.0261936 0.0282815 0.0273793 0.0297145 0.0317420 0.0288902 0.0000000 0.0260673 0.0304901 0.0250905 0.0287999 0.0251833 0.0290315 0.0267440 0.0233633 0.0252333 0.0223508 0.0278415 0.0299880 0.0320267 0.0314311 0.0348825 0.0351172 0.0308278 0.0289670 0.0342115 0.0328242 0.0332989 0.0321791 0.0364336 0.0331716 0.0351535 0.0365196 0.0372015 0.0300795 0.0372358 0.0347557 0.0340069 0.0362416 0.0382909 0.0378221 0.0348792 0.0335666 0.0367256 0.0298446 0.0312890 0.0291043 0.0273534 0.0269756 0.0327765 0.0271697 0.0272634 0.0265939 0.0237737 0.0333350 0.0241855 0.0268895 0.0264499 0.0256790 0.0334299 0.0266473 0.0326330 0.0323116 0.0289250 0.0325308 0.0297059 0.0302060 0.0284442 0.0314874 
pop1.indv13 0.0267533 0.0261153 0.0248428 0.0267579 0.0300891 0.0320647 0.0244615 0.0287908 0.0318184 0.0301514 0.0270473 0.0344288 0.0260673 0.0000000 0.0280489 0.0263301 0.0277321 0.0270168 0.0309854 0.0251335 0.0276303 0.0251828 0.0255718 0.0313524 0.0314782 0.0337181 0.0329964 0.0315348 0.0333138 0.0312162 0.0334313 0.0329352 0.0368792 0.0339970 0.0319684 0.0397425 0.0334990 0.0313972 0.0329691 0.0335864 0.0365476 0.0336444 0.0361780 0.0333086 0.0386409 0.0321292 0.0360516 0.0381148 0.0382384 0.0380366 0.0328137 0.0323676 0.0284798 0.0272405 0.0280932 0.0332680 0.0269485 0.0284635 0.0262506 0.0240906 0.0282986 0.0273464 0.0277007 0.0305341 0.0325211 0.0341660 0.0310561 0.0321537 0.0297645 0.0261266 0.0277732 0.0261522 0.0290618 0.0277810 0.0273619 
pop1.indv14 0.0268719 0.0272660 0.0273614 0.0329021 0.0273146 0.0269537 0.0303488 0.0267712 0.0296710 0.0303155 0.0292286 0.0276459 0.0304901 0.0280489 0.0000000 0.0294677 0.0331309 0.0287502 0.0279060 0.0258910 0.0283102 0.0316962 0.0233896 0.0302089 0.0269537 0.0337398 0.0346288 0.0315449 0.0402434 0.0415652 0.0333716 0.0323510 0.0349280 0.0363078 0.0401764 0.0406454 0.0363267 0.0392118 0.0383628 0.0380982 0.0360629 0.0359779 0.0408397 0.0396793 0.0362628 0.0355328 0.0418828 0.0402364 0.0387644 0.0344380 0.0308555 0.0301070 0.0282033 0.0340792 0.0258427 0.0319224 0.0285285 0.0280902 0.0311240 0.0270536 0.0279143 0.0293332 0.0288571 0.0326260 0.0345938 0.0252405 0.0290065 0.0316670 0.0313138 0.0296631 0.0294339 0.0251619 0.0304811 0.0245652 0.0325026 
pop1.indv15 0.0289132 0.0291043 0.0257519 0.0309164 0.0269975 0.0284770 0.0251335 0.0298329 0.0270922 0.0234227 0.0225523 0.0266453 0.0250905 0.0263301 0.0294677 0.0000000 0.0246908 0.0284716 0.0324556 0.0281447 0.0232259 0.0268127 0.0226481 0.0300487 0.0292884 0.0359985 0.0344059 0.0304433 0.0308870 0.0331304 0.0331076 0.0364479 0.0350815 0.0346943 0.0350428 0.0397567 0.0375790 0.0346140 0.0400093 0.0372138 0.0341711 0.0368935 0.0384051 0.0330884 0.0381434 0.0380247 0.0391217 0.0372571 0.0342864 0.0365952 0.0263709 0.0344479 0.0264101 0.0312907 0.0265825 0.0313965 0.0267745 0.0262684 0.0315239 0.0281063 0.0271008 0.0291117 0.0274106 0.0276637 0.0281710 0.0300053 0.0271931 0.0271699 0.0286752 0.0257231 0.0286595 0.0261712 0.0265339 0.0230802 0.0305253 
pop1.indv16 0.0257592 0.0271447 0.0266513 0.0272891 0.0267964 0.0264726 0.0250976 0.0274705 0.0297560 0.0257456 0.0256801 0.0302981 0.0287999 0.0277321 0.0331309 0.0246908 0.0000000 0.0286184 0.0276903 0.0277321 0.0256584 0.0251051 0.0225587 0.0279299 0.0262309 0.0368857 0.0274615 0.0296566 0.0294874 0.0367772 0.0357874 0.0311240 0.0352322 0.0372248 0.0333014 0.0405129 0.0346331 0.0408727 0.0334494 0.0366169 0.0327983 0.0363908 0.0366277 0.0328971 0.0358414 0.0339806 0.0355538 0.0364155 0.0344005 0.0401764 0.0310137 0.0311576 0.0283381 0.0282338 0.0280948 0.0282492 0.0261043 0.0253412 0.0275642 0.0282977 0.0267636 0.0277557 0.0240652 0.0300574 0.0314147 0.0330500 0.0314783 0.0312187 0.0266167 0.0260257 0.0308834 0.0268127 0.0261004 0.0289565 0.0315147 
pop1.indv17 0.0261922 0.0250593 0.0258345 0.0288774 0.0241553 0.0302089 0.0259514 0.0259568 0.0281207 0.0265850 0.0269154 0.0333254 0.0251833 0.0270168 0.0287502 0.0284716 0.0286184 0.0000000 0.0305253 0.0286278 0.0302808 0.0304026 0.0241062 0.0292202 0.0268204 0.0303243 0.0367660 0.0314692 0.0305994 0.0327376 0.0336841 0.0322568 0.0377630 0.0366442 0.0362756 0.0365262 0.0333813 0.0363771 0.0374671 0.0336356 0.0333893 0.0359463 0.0374016 0.0321384 0.0365690 0.0346039 0.0344005 0.0355015 0.0377215 0.0351329 0.0304530 0.0330308 0.0273471 0.0304535 0.0316480 0.0314056 0.0276192 0.0250191 0.0277951 0.0264802 0.0294522 0.0268393 0.0279618 0.0287254 0.0317328 0.0290370 0.0250191 0.0281983 0.0316798 0.0285856 0.0297630 0.0242812 0.0313047 0.0266302 0.0293249 
pop1.indv19 0.0288186 0.0283889 0.0244382 0.0285975 0.0252456 0.0297059 0.0294323 0.0264500 0.0276666 0.0252836 0.0273715 0.0283182 0.0290315 0.0309854 0.0279060 0.0324556 0.0276903 0.0305253 0.0000000 0.0269078 0.0271161 0.0248213 0.0231454 0.0283464 0.0301481 0.0334432 0.0317524 0.0319827 0.0301031 0.0315354 0.0328720 0.0336061 0.0321166 0.0336454 0.0320851 0.0395334 0.0365196 0.0347151 0.0350097 0.0330744 0.0370468 0.0382046 0.0381434 0.0330404 0.0402017 0.0311571 0.0384082 0.0381887 0.0376993 0.0396689 0.0314032 0.0332206 0.0279043 0.0285975 0.0287246 0.0339476 0.0280902 0.0262309 0.0269843 0.0282411 0.0302635 0.0272007 0.0271775 0.0269900 0.0276587 0.0307359 0.0299361 0.0322702 0.0278495 0.0272087 0.0287994 0.0276903 0.0279458 0.0271231 0.0317604 
pop1.indv20 0.0269067 0.0251777 0.0249076 0.0313202 0.0265041 0.0296287 0.0233830 0.0251898 0.0273233 0.0260204 0.0305509 0.0294105 0.0267440 0.0251335 0.0258910 0.0281447 0.0277321 0.0286278 0.0269078 0.0000000 0.0239629 0.0275681 0.0200879 0.0272626 0.0286522 0.0343222 0.0314598 0.0314881 0.0291266 0.0343363 0.0309277 0.0365155 0.0314152 0.0359674 0.0380924 0.0397658 0.0332171 0.0303938 0.0365645 0.0311870 0.0322193 0.0378407 0.0341116 0.0273079 0.0355817 0.0332749 0.0365048 0.0340366 0.0361674 0.0345134 0.0280948 0.0303351 0.0270732 0.0279785 0.0305712 0.0295696 0.0267863 0.0242401 0.0267335 0.0265699 0.0326968 0.0256884 0.0259715 0.0273247 0.0307864 0.0293332 0.0290867 0.0304388 0.0298501 0.0281928 0.0284663 0.0247933 0.0289067 0.0235271 0.0299158 
pop1.indv21 0.0242444 0.0249782 0.0209172 0.0288519 0.0270317 0.0278425 0.0277140 0.0258983 0.0253961 0.0248143 0.0271776 0.0243042 0.0233633 0.0276303 0.0283102 0.0232259 0.0256584 0.0302808 0.0271161 0.0239629 0.0000000 0.0240838 0.0234492 0.0316688 0.0296371 0.0353824 0.0319682 0.0321317 0.0302697 0.0335562 0.0330980 0.0311510 0.0298817 0.0370057 0.0322381 0.0377408 0.0293729 0.0344633 0.0318673 0.0344508 0.0341062 0.0355575 0.0382497 0.0332776 0.0343338 0.0306136 0.0376770 0.0300835 0.0353767 0.0317971 0.0287673 0.0302720 0.0255697 0.0333759 0.0269778 0.0276114 0.0229445 0.0227908 0.0277242 0.0220020 0.0251546 0.0278985 0.0233173 0.0292202 0.0292748 0.0286767 0.0260599 0.0300868 0.0271931 0.0260599 0.0291742 0.0270778 0.0265787 0.0262408 0.0261522 
pop1.indv22 0.0269117 0.0270076 0.0252503 0.0261383 0.0273308 0.0279538 0.0277856 0.0268393 0.0308834 0.0291117 0.0256729 0.0328747 0.0252333 0.0251828 0.0316962 0.0268127 0.0251051 0.0304026 0.0248213 0.0275681 0.0240838 0.0000000 0.0227523 0.0294171 0.0347961 0.0391461 0.0324639 0.0342700 0.0323164 0.0294096 0.0330020 0.0310215 0.0344234 0.0397686 0.0349603 0.0397730 0.0339308 0.0363694 0.0365476 0.0364336 0.0361581 0.0371588 0.0401285 0.0303677 0.0368323 0.0334105 0.0376216 0.0342965 0.0340863 0.0364766 0.0325227 0.0297799 0.0305169 0.0307881 0.0270334 0.0308959 0.0252405 0.0273481 0.0259202 0.0270613 0.0307601 0.0270549 0.0285366 0.0310215 0.0300272 0.0309099 0.0288819 0.0333086 0.0266779 0.0238480 0.0282701 0.0277696 0.0278815 0.0270381 0.0293919 
pop1.indv23 0.0222471 0.0235906 0.0222997 0.0255547 0.0201881 0.0261786 0.0238751 0.0241855 0.0215804 0.0218990 0.0251691 0.0283745 0.0223508 0.0255718 0.0233896 0.0226481 0.0225587 0.0241062 0.0231454 0.0200879 0.0234492 0.0227523 0.0000000 0.0250547 0.0274106 0.0325825 0.0284912 0.0314406 0.0312890 0.0319152 0.0295518 0.0270678 0.0303137 0.0308007 0.0322831 0.0364658 0.0327598 0.0307113 0.0278175 0.0328368 0.0291360 0.0325880 0.0293279 0.0308157 0.0316338 0.0283505 0.0350222 0.0337543 0.0327694 0.0320664 0.0274779 0.0287675 0.0225612 0.0278299 0.0216079 0.0258775 0.0213887 0.0212074 0.0230672 0.0243984 0.0253818 0.0278109 0.0240925 0.0264727 0.0258849 0.0264953 0.0263513 0.0251265 0.0233765 0.0214673 0.0239363 0.0230737 0.0252200 0.0255042 0.0263136 
pop1.indv24 0.0230357 0.0298690 0.0295159 0.0314505 0.0296034 0.0307890 0.0250905 0.0290536 0.0314328 0.0257237 0.0333425 0.0350076 0.0278415 0.0313524 0.0302089 0.0300487 0.0279299 0.0292202 0.0283464 0.0272626 0.0316688 0.0294171 0.0250547 0.0000000 0.0340763 0.0305447 0.0302153 0.0384308 0.0327399 0.0351354 0.0317971 0.0345215 0.0335183 0.0356587 0.0308635 0.0444781 0.0310485 0.0323804 0.0324461 0.0355119 0.0375679 0.0362098 0.0417202 0.0345636 0.0362204 0.0346535 0.0380870 0.0388913 0.0311662 0.0397331 0.0306989 0.0292582 0.0306270 0.0309072 0.0284179 0.0314601 0.0273403 0.0282279 0.0270536 0.0286924 0.0296456 0.0328212 0.0288489 0.0298265 0.0322218 0.0289898 0.0309585 0.0312988 0.0308007 0.0288166 0.0307006 0.0292538 0.0341860 0.0315596 0.0327574 
pop1.indv25 0.0263709 0.0260109 0.0331742 0.0335260 0.0293988 0.0301221 0.0322193 0.0320794 0.0314147 0.0280499 0.0295269 0.0324746 0.0299880 0.0314782 0.0269537 0.0292884 0.0262309 0.0268204 0.0301481 0.0286522 0.0296371 0.0347961 0.0274106 0.0340763 0.0000000 0.0387984 0.0317524 0.0296744 0.0327499 0.0359656 0.0344105 0.0352570 0.0356511 0.0387529 0.0380021 0.0423237 0.0382497 0.0337922 0.0343603 0.0348987 0.0347352 0.0373685 0.0370711 0.0316779 0.0382046 0.0350428 0.0352259 0.0369919 0.0393085 0.0364658 0.0318001 0.0329558 0.0283550 0.0338484 0.0287758 0.0350302 0.0295523 0.0253340 0.0311061 0.0302437 0.0295024 0.0296880 0.0308513 0.0309316 0.0279538 0.0327384 0.0290065 0.0361138 0.0324267 0.0311961 0.0338590 0.0305429 0.0355747 0.0254897 0.0347860 
pop2.indv19 0.0371537 0.0342103 0.0353045 0.0371909 0.0328635 0.0322458 0.0334213 0.0346394 0.0392431 0.0341610 0.0359874 0.0392397 0.0320267 0.0337181 0.0337398 0.0359985 0.0368857 0.0303243 0.0334432 0.0343222 0.0353824 0.0391461 0.0325825 0.0305447 0.0387984 0.0000000 0.0242932 0.0320477 0.0268494 0.0322711 0.0277969 0.0233835 0.0296385 0.0278877 0.0309019 0.0328463 0.0278546 0.0282285 0.0288100 0.0284601 0.0274123 0.0303803 0.0273065 0.0250968 0.0291657 0.0293020 0.0324054 0.0301881 0.0259956 0.0280376 0.0329052 0.0328116 0.0314692 0.0333010 0.0327288 0.0349157 0.0327101 0.0294325 0.0353068 0.0331869 0.0356251 0.0267884 0.0314692 0.0364104 0.0322261 0.0353008 0.0321478 0.0362713 0.0424965 0.0308870 0.0339124 0.0325527 0.0346171 0.0307657 0.0357341 
pop2.indv25 0.0293833 0.0339352 0.0284334 0.0340915 0.0331757 0.0350529 0.0310043 0.0339299 0.0356283 0.0307816 0.0356607 0.0397257 0.0314311 0.0329964 0.0346288 0.0344059 0.0274615 0.0367660 0.0317524 0.0314598 0.0319682 0.0324639 0.0284912 0.0302153 0.0317524 0.0242932 0.0000000 0.0283986 0.0249194 0.0265297 0.0244881 0.0279871 0.0265889 0.0255022 0.0269037 0.0294202 0.0236498 0.0278720 0.0278884 0.0276252 0.0277231 0.0267533 0.0321733 0.0236532 0.0288264 0.0260464 0.0285553 0.0264807 0.0253979 0.0246463 0.0354388 0.0366302 0.0319831 0.0337217 0.0310195 0.0357799 0.0321027 0.0258434 0.0307173 0.0276054 0.0334257 0.0292703 0.0330706 0.0316497 0.0348084 0.0348507 0.0312796 0.0358694 0.0317551 0.0361962 0.0347037 0.0311669 0.0364853 0.0307816 0.0301791 
pop2.indv16 0.0324831 0.0276761 0.0318197 0.0359754 0.0326773 0.0369686 0.0333214 0.0306532 0.0364368 0.0322383 0.0357473 0.0385976 0.0348825 0.0315348 0.0315449 0.0304433 0.0296566 0.0314692 0.0319827 0.0314881 0.0321317 0.0342700 0.0314406 0.0384308 0.0296744 0.0320477 0.0283986 0.0000000 0.0284595 0.0283813 0.0242586 0.0260617 0.0282255 0.0310273 0.0256527 0.0290458 0.0269462 0.0302271 0.0281097 0.0310551 0.0288874 0.0336365 0.0281364 0.0255498 0.0300931 0.0259855 0.0265354 0.0253112 0.0284685 0.0275236 0.0343281 0.0322184 0.0354276 0.0377699 0.0303168 0.0341766 0.0324249 0.0304801 0.0368822 0.0286900 0.0338078 0.0331543 0.0357907 0.0328097 0.0384160 0.0386197 0.0341352 0.0356422 0.0390394 0.0379883 0.0335965 0.0349462 0.0382111 0.0326787 0.0301340 
pop2.indv1  0.0303073 0.0325035 0.0334078 0.0325340 0.0297986 0.0327997 0.0321249 0.0289305 0.0403065 0.0323849 0.0333518 0.0371183 0.0351172 0.0333138 0.0402434 0.0308870 0.0294874 0.0305994 0.0301031 0.0291266 0.0302697 0.0323164 0.0312890 0.0327399 0.0327499 0.0268494 0.0249194 0.0284595 0.0000000 0.0262068 0.0211722 0.0233221 0.0250456 0.0295945 0.0242483 0.0351957 0.0277969 0.0276904 0.0268164 0.0272417 0.0222340 0.0295946 0.0253336 0.0239919 0.0274261 0.0227890 0.0239086 0.0273776 0.0205654 0.0263397 0.0334484 0.0320334 0.0284354 0.0322011 0.0305363 0.0317455 0.0273227 0.0281638 0.0311202 0.0306823 0.0363153 0.0308740 0.0302334 0.0295230 0.0370367 0.0318863 0.0309245 0.0340996 0.0343183 0.0323751 0.0346718 0.0313173 0.0291656 0.0276218 0.0292485 
pop2.indv8  0.0317240 0.0354501 0.0294850 0.0360096 0.0371909 0.0362182 0.0346605 0.0396771 0.0390597 0.0357690 0.0379254 0.0395199 0.0308278 0.0312162 0.0415652 0.0331304 0.0367772 0.0327376 0.0315354 0.0343363 0.0335562 0.0294096 0.0319152 0.0351354 0.0359656 0.0322711 0.0265297 0.0283813 0.0262068 0.0000000 0.0291743 0.0292002 0.0322717 0.0300801 0.0306806 0.0308216 0.0274018 0.0301823 0.0246305 0.0261614 0.0266930 0.0262411 0.0347871 0.0270665 0.0288434 0.0276171 0.0323388 0.0323471 0.0305712 0.0309717 0.0336075 0.0363979 0.0330360 0.0396051 0.0368622 0.0334647 0.0328166 0.0326112 0.0346718 0.0322675 0.0338484 0.0335562 0.0353824 0.0356904 0.0330308 0.0371977 0.0371523 0.0347037 0.0369085 0.0353715 0.0335562 0.0371636 0.0327201 0.0335052 0.0314786 
pop2.indv2  0.0309204 0.0345762 0.0325321 0.0367102 0.0310793 0.0344306 0.0307559 0.0327194 0.0327765 0.0350302 0.0324933 0.0391539 0.0289670 0.0334313 0.0333716 0.0331076 0.0357874 0.0336841 0.0328720 0.0309277 0.0330980 0.0330020 0.0295518 0.0317971 0.0344105 0.0277969 0.0244881 0.0242586 0.0211722 0.0291743 0.0000000 0.0259715 0.0266359 0.0288571 0.0267364 0.0315858 0.0265624 0.0282302 0.0262038 0.0303329 0.0278981 0.0256512 0.0295949 0.0203028 0.0283906 0.0253746 0.0307513 0.0274627 0.0271161 0.0277557 0.0339536 0.0338428 0.0290868 0.0347349 0.0329059 0.0371821 0.0316688 0.0276318 0.0326910 0.0330404 0.0372812 0.0335280 0.0326437 0.0320664 0.0343804 0.0346240 0.0316246 0.0337611 0.0367692 0.0282116 0.0326532 0.0306402 0.0292504 0.0256059 0.0336547 
pop2.indv3  0.0322968 0.0285512 0.0332106 0.0332911 0.0330106 0.0349192 0.0341308 0.0290536 0.0328720 0.0337037 0.0360413 0.0377740 0.0342115 0.0329352 0.0323510 0.0364479 0.0311240 0.0322568 0.0336061 0.0365155 0.0311510 0.0310215 0.0270678 0.0345215 0.0352570 0.0233835 0.0279871 0.0260617 0.0233221 0.0292002 0.0259715 0.0000000 0.0279537 0.0267898 0.0286512 0.0298307 0.0253675 0.0250556 0.0256295 0.0307979 0.0297645 0.0296880 0.0288902 0.0252535 0.0279933 0.0281848 0.0260673 0.0301394 0.0238690 0.0280967 0.0349249 0.0371050 0.0301394 0.0357818 0.0322871 0.0364981 0.0306136 0.0324838 0.0350404 0.0332333 0.0368107 0.0345234 0.0335569 0.0315983 0.0351639 0.0367305 0.0352778 0.0363559 0.0342926 0.0335471 0.0342405 0.0319358 0.0305433 0.0299880 0.0360307 
pop2.indv4  0.0359225 0.0301791 0.0336565 0.0385507 0.0339536 0.0324273 0.0350917 0.0337709 0.0400593 0.0316141 0.0373029 0.0367509 0.0328242 0.0368792 0.0349280 0.0350815 0.0352322 0.0377630 0.0321166 0.0314152 0.0298817 0.0344234 0.0303137 0.0335183 0.0356511 0.0296385 0.0265889 0.0282255 0.0250456 0.0322717 0.0266359 0.0279537 0.0000000 0.0307425 0.0292716 0.0312899 0.0312276 0.0251265 0.0264204 0.0281687 0.0275095 0.0277888 0.0348359 0.0273907 0.0287097 0.0277478 0.0288479 0.0307952 0.0277635 0.0270168 0.0375403 0.0374030 0.0273065 0.0443566 0.0369943 0.0334990 0.0354849 0.0301447 0.0341116 0.0342206 0.0377708 0.0339543 0.0316688 0.0309585 0.0348265 0.0338492 0.0362416 0.0347657 0.0358823 0.0343003 0.0346051 0.0371930 0.0357139 0.0329161 0.0305252 
pop2.indv5  0.0307750 0.0384845 0.0343052 0.0362182 0.0346171 0.0396927 0.0340405 0.0364229 0.0367305 0.0364658 0.0349192 0.0425747 0.0332989 0.0339970 0.0363078 0.0346943 0.0372248 0.0366442 0.0336454 0.0359674 0.0370057 0.0397686 0.0308007 0.0356587 0.0387529 0.0278877 0.0255022 0.0310273 0.0295945 0.0300801 0.0288571 0.0267898 0.0307425 0.0000000 0.0259810 0.0371943 0.0303242 0.0266076 0.0265850 0.0271620 0.0286924 0.0294171 0.0309988 0.0253532 0.0296710 0.0274342 0.0292118 0.0295184 0.0283382 0.0305871 0.0374149 0.0358548 0.0369883 0.0390597 0.0366936 0.0391217 0.0359034 0.0339439 0.0393981 0.0320383 0.0404409 0.0301915 0.0348896 0.0376796 0.0372248 0.0383401 0.0406961 0.0410142 0.0382754 0.0356482 0.0402504 0.0337146 0.0365021 0.0345012 0.0347659 
pop2.indv6  0.0334432 0.0377865 0.0295238 0.0335153 0.0314692 0.0354448 0.0307043 0.0356929 0.0355957 0.0372028 0.0406108 0.0415340 0.0321791 0.0319684 0.0401764 0.0350428 0.0333014 0.0362756 0.0320851 0.0380924 0.0322381 0.0349603 0.0322831 0.0308635 0.0380021 0.0309019 0.0269037 0.0256527 0.0242483 0.0306806 0.0267364 0.0286512 0.0292716 0.0259810 0.0000000 0.0344234 0.0280098 0.0266529 0.0281287 0.0290650 0.0306846 0.0311420 0.0317787 0.0238088 0.0256078 0.0238209 0.0311151 0.0244331 0.0242332 0.0271775 0.0362758 0.0338842 0.0336688 0.0354628 0.0311452 0.0358506 0.0328720 0.0331814 0.0363293 0.0317538 0.0388677 0.0327384 0.0339308 0.0375808 0.0351361 0.0404052 0.0372910 0.0353921 0.0350140 0.0397402 0.0401067 0.0340305 0.0335864 0.0322381 0.0313229 
pop2.indv7  0.0371750 0.0364036 0.0375600 0.0408002 0.0359986 0.0428763 0.0369839 0.0412275 0.0396793 0.0379075 0.0427741 0.0424078 0.0364336 0.0397425 0.0406454 0.0397567 0.0405129 0.0365262 0.0395334 0.0397658 0.0377408 0.0397730 0.0364658 0.0444781 0.0423237 0.0328463 0.0294202 0.0290458 0.0351957 0.0308216 0.0315858 0.0298307 0.0312899 0.0371943 0.0344234 0.0000000 0.0290670 0.0302486 0.0297377 0.0347155 0.0337904 0.0368722 0.0389008 0.0271168 0.0339803 0.0309188 0.0332967 0.0354789 0.0304122 0.0326517 0.0430846 0.0385250 0.0358670 0.0418144 0.0411773 0.0424480 0.0385943 0.0345620 0.0380143 0.0432683 0.0416394 0.0411062 0.0413618 0.0395389 0.0390617 0.0453318 0.0417451 0.0443008 0.0440318 0.0422480 0.0410096 0.0406575 0.0435288 0.0361569 0.0376635 
pop2.indv9  0.0355276 0.0336885 0.0292520 0.0336673 0.0331364 0.0359148 0.0333307 0.0318525 0.0370384 0.0303752 0.0363480 0.0357475 0.0331716 0.0334990 0.0363267 0.0375790 0.0346331 0.0333813 0.0365196 0.0332171 0.0293729 0.0339308 0.0327598 0.0310485 0.0382497 0.0278546 0.0236498 0.0269462 0.0277969 0.0274018 0.0265624 0.0253675 0.0312276 0.0303242 0.0280098 0.0290670 0.0000000 0.0261228 0.0263315 0.0309632 0.0279060 0.0267636 0.0317759 0.0274290 0.0280171 0.0282170 0.0283987 0.0296034 0.0304026 0.0286116 0.0359546 0.0321967 0.0290171 0.0385741 0.0364368 0.0347965 0.0359463 0.0330259 0.0350917 0.0335569 0.0373903 0.0269767 0.0313320 0.0352778 0.0342261 0.0344206 0.0355224 0.0328023 0.0371793 0.0310666 0.0373684 0.0321913 0.0369590 0.0344105 0.0385699 
pop2.indv10 0.0329159 0.0346078 0.0335260 0.0420330 0.0335351 0.0379858 0.0357768 0.0331213 0.0351809 0.0346039 0.0398672 0.0418609 0.0351535 0.0313972 0.0392118 0.0346140 0.0408727 0.0363771 0.0347151 0.0303938 0.0344633 0.0363694 0.0307113 0.0323804 0.0337922 0.0282285 0.0278720 0.0302271 0.0276904 0.0301823 0.0282302 0.0250556 0.0251265 0.0266076 0.0266529 0.0302486 0.0261228 0.0000000 0.0288479 0.0303329 0.0313694 0.0318307 0.0318765 0.0274444 0.0269788 0.0266756 0.0278346 0.0275251 0.0272936 0.0303155 0.0371523 0.0354736 0.0323849 0.0375388 0.0317524 0.0381036 0.0368323 0.0309406 0.0377519 0.0368863 0.0416762 0.0340033 0.0344206 0.0384424 0.0381036 0.0389136 0.0330980 0.0360200 0.0360309 0.0374901 0.0375317 0.0364941 0.0335373 0.0349077 0.0361463 
pop2.indv11 0.0317334 0.0379300 0.0328529 0.0413736 0.0366936 0.0351639 0.0332236 0.0359260 0.0358728 0.0312051 0.0381821 0.0359573 0.0365196 0.0329691 0.0383628 0.0400093 0.0334494 0.0374671 0.0350097 0.0365645 0.0318673 0.0365476 0.0278175 0.0324461 0.0343603 0.0288100 0.0278884 0.0281097 0.0268164 0.0246305 0.0262038 0.0256295 0.0264204 0.0265850 0.0281287 0.0297377 0.0263315 0.0288479 0.0000000 0.0296371 0.0256295 0.0279143 0.0309011 0.0263094 0.0231094 0.0280887 0.0283022 0.0297050 0.0263675 0.0326143 0.0382159 0.0365035 0.0342700 0.0379551 0.0357039 0.0338786 0.0332556 0.0293559 0.0363983 0.0344911 0.0348963 0.0332075 0.0341161 0.0358189 0.0378964 0.0365690 0.0376105 0.0393547 0.0351949 0.0327860 0.0315234 0.0352322 0.0378333 0.0327194 0.0351809 
pop2.indv12 0.0364181 0.0375418 0.0390836 0.0390015 0.0374270 0.0354973 0.0397283 0.0366119 0.0394801 0.0407545 0.0381321 0.0442285 0.0372015 0.0335864 0.0380982 0.0372138 0.0366169 0.0336356 0.0330744 0.0311870 0.0344508 0.0364336 0.0328368 0.0355119 0.0348987 0.0284601 0.0276252 0.0310551 0.0272417 0.0261614 0.0303329 0.0307979 0.0281687 0.0271620 0.0290650 0.0347155 0.0309632 0.0303329 0.0296371 0.0000000 0.0299448 0.0263450 0.0317145 0.0274471 0.0255287 0.0273247 0.0348475 0.0323804 0.0311420 0.0258040 0.0362535 0.0380052 0.0339050 0.0393485 0.0353392 0.0367738 0.0344810 0.0335270 0.0325406 0.0347354 0.0381148 0.0328624 0.0322756 0.0385547 0.0348169 0.0375234 0.0392149 0.0385131 0.0394309 0.0352195 0.0366442 0.0376908 0.0355184 0.0330550 0.0347659 
pop2.indv13 0.0369654 0.0303593 0.0290345 0.0370140 0.0332783 0.0357537 0.0330015 0.0348577 0.0395389 0.0333111 0.0359458 0.0370275 0.0300795 0.0365476 0.0360629 0.0341711 0.0327983 0.0333893 0.0370468 0.0322193 0.0341062 0.0361581 0.0291360 0.0375679 0.0347352 0.0274123 0.0277231 0.0288874 0.0222340 0.0266930 0.0278981 0.0297645 0.0275095 0.0286924 0.0306846 0.0337904 0.0279060 0.0313694 0.0256295 0.0299448 0.0000000 0.0299275 0.0323804 0.0257893 0.0312075 0.0276035 0.0267287 0.0292202 0.0310881 0.0318248 0.0337912 0.0425201 0.0346490 0.0344298 0.0358879 0.0372028 0.0337245 0.0323783 0.0384082 0.0308815 0.0375441 0.0329103 0.0320757 0.0323592 0.0388681 0.0416799 0.0369590 0.0362924 0.0389043 0.0324362 0.0373025 0.0318374 0.0348380 0.0323321 0.0366820 
pop2.indv14 0.0357690 0.0362200 0.0334958 0.0379716 0.0341924 0.0397095 0.0332625 0.0410749 0.0396859 0.0306491 0.0353664 0.0376635 0.0372358 0.0336444 0.0359779 0.0368935 0.0363908 0.0359463 0.0382046 0.0378407 0.0355575 0.0371588 0.0325880 0.0362098 0.0373685 0.0303803 0.0267533 0.0336365 0.0295946 0.0262411 0.0256512 0.0296880 0.0277888 0.0294171 0.0311420 0.0368722 0.0267636 0.0318307 0.0279143 0.0263450 0.0299275 0.0000000 0.0325401 0.0296536 0.0282621 0.0254249 0.0296371 0.0312254 0.0287093 0.0324559 0.0383451 0.0381341 0.0335966 0.0405540 0.0335052 0.0378407 0.0371712 0.0350222 0.0359148 0.0366335 0.0382427 0.0311061 0.0362416 0.0318374 0.0415800 0.0352734 0.0390521 0.0406893 0.0375234 0.0360837 0.0373575 0.0367413 0.0387524 0.0330980 0.0337233 
pop2.indv15 0.0342909 0.0396047 0.0356499 0.0361962 0.0425601 0.0353194 0.0395327 0.0397730 0.0410385 0.0389028 0.0364229 0.0407759 0.0347557 0.0361780 0.0408397 0.0384051 0.0366277 0.0374016 0.0381434 0.0341116 0.0382497 0.0401285 0.0293279 0.0417202 0.0370711 0.0273065 0.0321733 0.0281364 0.0253336 0.0347871 0.0295949 0.0288902 0.0348359 0.0309988 0.0317787 0.0389008 0.0317759 0.0318765 0.0309011 0.0317145 0.0323804 0.0325401 0.0000000 0.0313166 0.0322032 0.0313604 0.0336743 0.0328307 0.0365476 0.0374781 0.0394945 0.0408827 0.0331667 0.0397378 0.0379883 0.0371808 0.0361049 0.0363185 0.0398554 0.0374458 0.0399885 0.0338885 0.0345924 0.0382000 0.0414185 0.0416579 0.0388913 0.0365220 0.0391710 0.0353090 0.0388104 0.0364766 0.0363078 0.0357034 0.0370602 
pop2.indv17 0.0305894 0.0354628 0.0292565 0.0392805 0.0325325 0.0375221 0.0331076 0.0342645 0.0350076 0.0322776 0.0337807 0.0359156 0.0340069 0.0333086 0.0396793 0.0330884 0.0328971 0.0321384 0.0330404 0.0273079 0.0332776 0.0303677 0.0308157 0.0345636 0.0316779 0.0250968 0.0236532 0.0255498 0.0239919 0.0270665 0.0203028 0.0252535 0.0273907 0.0253532 0.0238088 0.0271168 0.0274290 0.0274444 0.0263094 0.0274471 0.0257893 0.0296536 0.0313166 0.0000000 0.0295951 0.0253720 0.0306290 0.0284663 0.0264502 0.0305250 0.0377532 0.0350609 0.0330109 0.0375713 0.0349235 0.0358427 0.0331404 0.0308246 0.0371619 0.0296541 0.0353461 0.0333446 0.0316871 0.0343503 0.0360201 0.0393357 0.0369222 0.0389676 0.0364122 0.0298244 0.0350458 0.0342007 0.0356511 0.0277399 0.0332012 
pop2.indv18 0.0357039 0.0393606 0.0366270 0.0370866 0.0363624 0.0338515 0.0393163 0.0360306 0.0364515 0.0333522 0.0431779 0.0444348 0.0362416 0.0386409 0.0362628 0.0381434 0.0358414 0.0365690 0.0402017 0.0355817 0.0343338 0.0368323 0.0316338 0.0362204 0.0382046 0.0291657 0.0288264 0.0300931 0.0274261 0.0288434 0.0283906 0.0279933 0.0287097 0.0296710 0.0256078 0.0339803 0.0280171 0.0269788 0.0231094 0.0255287 0.0312075 0.0282621 0.0322032 0.0295951 0.0000000 0.0284310 0.0291576 0.0295024 0.0269307 0.0330355 0.0344298 0.0374601 0.0330659 0.0380010 0.0358016 0.0374341 0.0350889 0.0351329 0.0340131 0.0358938 0.0385379 0.0306565 0.0323897 0.0394684 0.0371059 0.0368646 0.0411237 0.0349854 0.0345518 0.0362522 0.0375536 0.0333329 0.0341860 0.0344933 0.0368899 
pop2.indv20 0.0366151 0.0344059 0.0324352 0.0334647 0.0334840 0.0368717 0.0337047 0.0379075 0.0346543 0.0369622 0.0399618 0.0410993 0.0382909 0.0321292 0.0355328 0.0380247 0.0339806 0.0346039 0.0311571 0.0332749 0.0306136 0.0334105 0.0283505 0.0346535 0.0350428 0.0293020 0.0260464 0.0259855 0.0227890 0.0276171 0.0253746 0.0281848 0.0277478 0.0274342 0.0238209 0.0309188 0.0282170 0.0266756 0.0280887 0.0273247 0.0276035 0.0254249 0.0313604 0.0253720 0.0284310 0.0000000 0.0264875 0.0279538 0.0273169 0.0302263 0.0367274 0.0355562 0.0327797 0.0331543 0.0370708 0.0353975 0.0318525 0.0298092 0.0370275 0.0334884 0.0396443 0.0327384 0.0343166 0.0324552 0.0357348 0.0338911 0.0361794 0.0366818 0.0338738 0.0342763 0.0345535 0.0323227 0.0367630 0.0315239 0.0328242 
pop2.indv21 0.0323261 0.0351387 0.0343363 0.0366322 0.0382466 0.0344911 0.0364696 0.0382948 0.0415464 0.0386841 0.0375012 0.0424101 0.0378221 0.0360516 0.0418828 0.0391217 0.0355538 0.0344005 0.0384082 0.0365048 0.0376770 0.0376216 0.0350222 0.0380870 0.0352259 0.0324054 0.0285553 0.0265354 0.0239086 0.0323388 0.0307513 0.0260673 0.0288479 0.0292118 0.0311151 0.0332967 0.0283987 0.0278346 0.0283022 0.0348475 0.0267287 0.0296371 0.0336743 0.0306290 0.0291576 0.0264875 0.0000000 0.0313243 0.0278346 0.0325871 0.0354908 0.0390857 0.0334636 0.0374593 0.0342180 0.0360625 0.0315604 0.0315336 0.0356303 0.0345113 0.0393472 0.0348772 0.0371588 0.0377997 0.0399145 0.0399500 0.0370711 0.0386623 0.0404783 0.0356693 0.0370625 0.0414680 0.0401267 0.0312684 0.0336841 
pop2.indv22 0.0367386 0.0358989 0.0330407 0.0424904 0.0396170 0.0365628 0.0365347 0.0350917 0.0335962 0.0382681 0.0398872 0.0419843 0.0348792 0.0381148 0.0402364 0.0372571 0.0364155 0.0355015 0.0381887 0.0340366 0.0300835 0.0342965 0.0337543 0.0388913 0.0369919 0.0301881 0.0264807 0.0253112 0.0273776 0.0323471 0.0274627 0.0301394 0.0307952 0.0295184 0.0244331 0.0354789 0.0296034 0.0275251 0.0297050 0.0323804 0.0292202 0.0312254 0.0328307 0.0284663 0.0295024 0.0279538 0.0313243 0.0000000 0.0288324 0.0310971 0.0404562 0.0326804 0.0338739 0.0381341 0.0343326 0.0399349 0.0338416 0.0326176 0.0396742 0.0326355 0.0364941 0.0327765 0.0380021 0.0334089 0.0392265 0.0369262 0.0356693 0.0360306 0.0397235 0.0349603 0.0416331 0.0356377 0.0367256 0.0361368 0.0384082 
pop2.indv23 0.0370367 0.0352575 0.0287758 0.0341662 0.0353008 0.0372358 0.0323783 0.0352014 0.0369730 0.0349192 0.0399974 0.0418469 0.0335666 0.0382384 0.0387644 0.0342864 0.0344005 0.0377215 0.0376993 0.0361674 0.0353767 0.0340863 0.0327694 0.0311662 0.0393085 0.0259956 0.0253979 0.0284685 0.0205654 0.0305712 0.0271161 0.0238690 0.0277635 0.0283382 0.0242332 0.0304122 0.0304026 0.0272936 0.0263675 0.0311420 0.0310881 0.0287093 0.0365476 0.0264502 0.0269307 0.0273169 0.0278346 0.0288324 0.0000000 0.0315959 0.0368290 0.0375187 0.0358328 0.0333438 0.0356577 0.0377773 0.0350507 0.0306415 0.0354286 0.0336751 0.0359260 0.0365797 0.0346026 0.0342763 0.0374237 0.0345417 0.0352466 0.0374122 0.0381725 0.0355642 0.0345535 0.0343570 0.0316353 0.0321259 0.0357453 
pop2.indv24 0.0340985 0.0343954 0.0346404 0.0385368 0.0355781 0.0306668 0.0341308 0.0330980 0.0420094 0.0362328 0.0367847 0.0401898 0.0367256 0.0380366 0.0344380 0.0365952 0.0401764 0.0351329 0.0396689 0.0345134 0.0317971 0.0364766 0.0320664 0.0397331 0.0364658 0.0280376 0.0246463 0.0275236 0.0263397 0.0309717 0.0277557 0.0280967 0.0270168 0.0305871 0.0271775 0.0326517 0.0286116 0.0303155 0.0326143 0.0258040 0.0318248 0.0324559 0.0374781 0.0305250 0.0330355 0.0302263 0.0325871 0.0310971 0.0315959 0.0000000 0.0348622 0.0389185 0.0334534 0.0375844 0.0343117 0.0373465 0.0379299 0.0318095 0.0358189 0.0316706 0.0427741 0.0354078 0.0415924 0.0348586 0.0382340 0.0359458 0.0398872 0.0385717 0.0402111 0.0338239 0.0360202 0.0371368 0.0350946 0.0334787 0.0344609 
pop3.indv8  0.0262950 0.0285981 0.0251411 0.0329793 0.0280068 0.0287844 0.0312796 0.0312255 0.0353876 0.0269276 0.0284348 0.0340220 0.0298446 0.0328137 0.0308555 0.0263709 0.0310137 0.0304530 0.0314032 0.0280948 0.0287673 0.0325227 0.0274779 0.0306989 0.0318001 0.0329052 0.0354388 0.0343281 0.0334484 0.0336075 0.0339536 0.0349249 0.0375403 0.0374149 0.0362758 0.0430846 0.0359546 0.0371523 0.0382159 0.0362535 0.0337912 0.0383451 0.0394945 0.0377532 0.0344298 0.0367274 0.0354908 0.0404562 0.0368290 0.0348622 0.0000000 0.0335970 0.0276706 0.0261191 0.0306496 0.0324151 0.0297002 0.0266692 0.0281031 0.0304803 0.0275846 0.0280118 0.0295945 0.0326309 0.0264184 0.0313938 0.0284601 0.0312278 0.0260495 0.0292310 0.0338281 0.0303441 0.0306639 0.0196582 0.0306623 
pop3.indv17 0.0298429 0.0289563 0.0307331 0.0355595 0.0353095 0.0273552 0.0309577 0.0302990 0.0326297 0.0308370 0.0344924 0.0322793 0.0312890 0.0323676 0.0301070 0.0344479 0.0311576 0.0330308 0.0332206 0.0303351 0.0302720 0.0297799 0.0287675 0.0292582 0.0329558 0.0328116 0.0366302 0.0322184 0.0320334 0.0363979 0.0338428 0.0371050 0.0374030 0.0358548 0.0338842 0.0385250 0.0321967 0.0354736 0.0365035 0.0380052 0.0425201 0.0381341 0.0408827 0.0350609 0.0374601 0.0355562 0.0390857 0.0326804 0.0375187 0.0389185 0.0335970 0.0000000 0.0270348 0.0372637 0.0296308 0.0319587 0.0268085 0.0254386 0.0314126 0.0303985 0.0336164 0.0299639 0.0312044 0.0268604 0.0314975 0.0278052 0.0290694 0.0321477 0.0315456 0.0308926 0.0269383 0.0266139 0.0286557 0.0280948 0.0287076 
