75
pop1.indv1  0.0000000 0.0307057 0.0235430 0.0258364 0.0277472 0.0268576 0.0267407 0.0268058 0.0257111 0.0319244 0.0237961 0.0274076 0.0250149 0.0277647 0.0277715 0.0279398 0.0259164 0.0279674 0.0292552 0.0241451 0.0240952 0.0262070 0.0243680 0.0281064 0.0263222 0.0321733 0.0383482 0.0268050 0.0310372 0.0380890 0.0363644 0.0364480 0.0327409 0.0357879 0.0324024 0.0366625 0.0333602 0.0269822 0.0348157 0.0379771 0.0268202 0.0367225 0.0415455 0.0386644 0.0343122 0.0345215 0.0288318 0.0287668 0.0337644 0.0415631 0.0352010 0.0295305 0.0302703 0.0271529 0.0294539 0.0295196 0.0268422 0.0278503 0.0280178 0.0337553 0.0272419 0.0264058 0.0261924 0.0238915 0.0281014 0.0250488 0.0294619 0.0309812 0.0268789 0.0258001 0.0293660 0.0276405 0.0257231 0.0292211 0.0335155 
pop1.indv2  0.0307057 0.0000000 0.0266259 0.0303299 0.0302531 0.0283685 0.0296766 0.0308245 0.0304657 0.0309073 0.0289233 0.0326167 0.0296035 0.0282934 0.0283249 0.0278705 0.0309495 0.0281968 0.0315014 0.0314592 0.0294146 0.0286761 0.0269750 0.0306497 0.0295555 0.0340266 0.0390815 0.0307940 0.0335800 0.0442889 0.0358514 0.0412887 0.0384978 0.0347371 0.0350877 0.0349857 0.0358348 0.0380498 0.0429062 0.0376075 0.0353213 0.0475434 0.0361540 0.0293559 0.0309282 0.0387123 0.0325269 0.0419059 0.0359960 0.0363423 0.0294696 0.0255953 0.0282361 0.0331832 0.0233374 0.0301637 0.0294706 0.0312473 0.0312729 0.0352204 0.0302691 0.0342684 0.0318201 0.0322188 0.0310025 0.0279213 0.0281782 0.0309236 0.0315286 0.0288215 0.0284772 0.0319620 0.0335418 0.0341988 0.0306177 
pop1.indv3  0.0235430 0.0266259 0.0000000 0.0286873 0.0265075 0.0278390 0.0241706 0.0284906 0.0259971 0.0299397 0.0228993 0.0290209 0.0290989 0.0278093 0.0253175 0.0269312 0.0250288 0.0256454 0.0237937 0.0263414 0.0267650 0.0286441 0.0200581 0.0300588 0.0279593 0.0259322 0.0322853 0.0293286 0.0347035 0.0368930 0.0370436 0.0361930 0.0402183 0.0379598 0.0300386 0.0382421 0.0375104 0.0270600 0.0370303 0.0420044 0.0347056 0.0360088 0.0406388 0.0320850 0.0286286 0.0339960 0.0311117 0.0347709 0.0371731 0.0339496 0.0349888 0.0318862 0.0249248 0.0281631 0.0270567 0.0314270 0.0293552 0.0273577 0.0283799 0.0239713 0.0316838 0.0279237 0.0272537 0.0306003 0.0277531 0.0253596 0.0346430 0.0258954 0.0248914 0.0287415 0.0292139 0.0246914 0.0277360 0.0334449 0.0328083 
pop1.indv4  0.0258364 0.0303299 0.0286873 0.0000000 0.0299553 0.0281518 0.0257319 0.0337370 0.0306465 0.0314028 0.0213913 0.0283923 0.0244045 0.0309993 0.0254280 0.0255377 0.0257323 0.0257443 0.0291705 0.0239034 0.0301063 0.0293754 0.0238103 0.0248854 0.0330896 0.0308315 0.0282747 0.0288172 0.0368929 0.0371077 0.0325629 0.0338146 0.0426127 0.0338930 0.0367307 0.0334939 0.0383590 0.0356854 0.0412664 0.0402852 0.0364202 0.0414393 0.0368409 0.0369611 0.0278238 0.0350254 0.0324634 0.0307687 0.0319570 0.0356084 0.0355847 0.0310870 0.0296662 0.0310642 0.0246818 0.0288687 0.0267598 0.0337513 0.0277193 0.0287460 0.0266782 0.0328975 0.0342559 0.0298576 0.0314705 0.0271128 0.0329463 0.0292912 0.0281106 0.0274568 0.0291773 0.0304662 0.0300851 0.0312821 0.0285318 
pop1.indv5  0.0277472 0.0302531 0.0265075 0.0299553 0.0000000 0.0306495 0.0281457 0.0336115 0.0313602 0.0328836 0.0277566 0.0297424 0.0276504 0.0259508 0.0287250 0.0276387 0.0270377 0.0250254 0.0255966 0.0246906 0.0271412 0.0270918 0.0245433 0.0286911 0.0315539 0.0314676 0.0324160 0.0246036 0.0316565 0.0342246 0.0358829 0.0365919 0.0375570 0.0309632 0.0315594 0.0332059 0.0433988 0.0361217 0.0473911 0.0373896 0.0269659 0.0385735 0.0375901 0.0390718 0.0336014 0.0401223 0.0329642 0.0376815 0.0283243 0.0385880 0.0331230 0.0269757 0.0295922 0.0309867 0.0250429 0.0295913 0.0321226 0.0299942 0.0244135 0.0329769 0.0327748 0.0293399 0.0304523 0.0349545 0.0332619 0.0266459 0.0301710 0.0319595 0.0300074 0.0321339 0.0309487 0.0299183 0.0315181 0.0276616 0.0333446 
pop1.indv6  0.0268576 0.0283685 0.0278390 0.0281518 0.0306495 0.0000000 0.0258760 0.0253927 0.0331936 0.0315527 0.0256138 0.0286607 0.0313921 0.0303434 0.0263459 0.0297813 0.0297616 0.0269863 0.0277001 0.0275163 0.0259101 0.0311307 0.0219572 0.0313482 0.0311847 0.0438537 0.0277062 0.0275520 0.0401357 0.0379453 0.0353777 0.0315591 0.0405764 0.0359318 0.0349431 0.0370826 0.0394811 0.0413401 0.0363407 0.0393032 0.0350526 0.0398001 0.0350667 0.0413941 0.0317163 0.0424581 0.0270580 0.0403808 0.0427248 0.0322884 0.0352547 0.0265205 0.0296329 0.0303613 0.0290764 0.0285951 0.0295623 0.0348153 0.0278016 0.0350454 0.0320968 0.0298026 0.0274907 0.0311353 0.0298722 0.0286935 0.0331109 0.0309049 0.0277693 0.0289368 0.0345489 0.0289511 0.0276676 0.0311047 0.0362712 
pop1.indv7  0.0267407 0.0296766 0.0241706 0.0257319 0.0281457 0.0258760 0.0000000 0.0299940 0.0303989 0.0293879 0.0234960 0.0317177 0.0300977 0.0302518 0.0232372 0.0269681 0.0270354 0.0241752 0.0256514 0.0256068 0.0260431 0.0295837 0.0215221 0.0241027 0.0273746 0.0330449 0.0354504 0.0265826 0.0333717 0.0361750 0.0350471 0.0400086 0.0362871 0.0301001 0.0336574 0.0282625 0.0410341 0.0306145 0.0301022 0.0392384 0.0285150 0.0276610 0.0379939 0.0398980 0.0360147 0.0352555 0.0321226 0.0332441 0.0301297 0.0280260 0.0284642 0.0256901 0.0269031 0.0273269 0.0289194 0.0294486 0.0277093 0.0264519 0.0248620 0.0300556 0.0324714 0.0248970 0.0298647 0.0275742 0.0238195 0.0286638 0.0292627 0.0234634 0.0317927 0.0285736 0.0264537 0.0264898 0.0269850 0.0274740 0.0304418 
pop1.indv8  0.0268058 0.0308245 0.0284906 0.0337370 0.0336115 0.0253927 0.0299940 0.0000000 0.0283308 0.0366150 0.0246184 0.0329477 0.0283769 0.0337090 0.0300375 0.0272589 0.0284480 0.0289022 0.0299315 0.0319835 0.0284325 0.0261064 0.0266611 0.0319047 0.0350482 0.0386087 0.0411246 0.0302082 0.0389164 0.0313066 0.0345499 0.0375747 0.0401209 0.0310026 0.0366077 0.0400444 0.0377803 0.0339639 0.0416192 0.0389203 0.0344061 0.0397385 0.0359069 0.0446574 0.0320855 0.0354073 0.0370286 0.0321584 0.0339086 0.0382205 0.0341871 0.0306157 0.0271474 0.0274750 0.0295544 0.0319931 0.0325451 0.0330259 0.0296337 0.0332053 0.0299540 0.0312156 0.0308603 0.0304939 0.0274364 0.0325579 0.0355854 0.0321174 0.0278711 0.0344074 0.0283120 0.0319574 0.0297570 0.0347380 0.0317381 
pop1.indv9  0.0257111 0.0304657 0.0259971 0.0306465 0.0313602 0.0331936 0.0303989 0.0283308 0.0000000 0.0307857 0.0246987 0.0328397 0.0283015 0.0289580 0.0238939 0.0255395 0.0273596 0.0254745 0.0279234 0.0308178 0.0284165 0.0266351 0.0235729 0.0324265 0.0279952 0.0366035 0.0337482 0.0322324 0.0347046 0.0299516 0.0435941 0.0399387 0.0428203 0.0401023 0.0376704 0.0403918 0.0391195 0.0337573 0.0361830 0.0359300 0.0323522 0.0393777 0.0416551 0.0414558 0.0283629 0.0369891 0.0328777 0.0436403 0.0318744 0.0359047 0.0350082 0.0330986 0.0296750 0.0330643 0.0331247 0.0319972 0.0334456 0.0294375 0.0314557 0.0337150 0.0320894 0.0341752 0.0324621 0.0402612 0.0318743 0.0316057 0.0363326 0.0347399 0.0354297 0.0279813 0.0298443 0.0291306 0.0238712 0.0302693 0.0325631 
pop1.indv10 0.0319244 0.0309073 0.0299397 0.0314028 0.0328836 0.0315527 0.0293879 0.0366150 0.0307857 0.0000000 0.0298459 0.0282326 0.0352391 0.0262036 0.0254657 0.0295772 0.0325784 0.0283820 0.0263964 0.0289630 0.0248383 0.0323094 0.0285856 0.0346058 0.0314152 0.0350028 0.0462220 0.0284211 0.0434779 0.0414896 0.0412920 0.0444696 0.0405456 0.0287715 0.0390013 0.0326364 0.0350770 0.0337135 0.0373416 0.0388411 0.0308250 0.0328241 0.0368041 0.0405942 0.0343584 0.0352606 0.0318838 0.0428107 0.0349884 0.0403499 0.0364856 0.0283871 0.0340983 0.0379656 0.0322187 0.0301960 0.0333892 0.0335100 0.0342300 0.0314704 0.0304862 0.0291308 0.0352857 0.0343496 0.0282876 0.0289591 0.0316931 0.0341173 0.0309512 0.0348759 0.0298342 0.0301132 0.0329191 0.0354346 0.0334056 
pop1.indv11 0.0237961 0.0289233 0.0228993 0.0213913 0.0277566 0.0256138 0.0234960 0.0246184 0.0246987 0.0298459 0.0000000 0.0280374 0.0243668 0.0262782 0.0246592 0.0253378 0.0244314 0.0263278 0.0246120 0.0238518 0.0208041 0.0253969 0.0230447 0.0314764 0.0300339 0.0323093 0.0280257 0.0234724 0.0366124 0.0342980 0.0303661 0.0378559 0.0288392 0.0284383 0.0322144 0.0294625 0.0431181 0.0277065 0.0382414 0.0368603 0.0258284 0.0255716 0.0349267 0.0380383 0.0268051 0.0252639 0.0278851 0.0276235 0.0333645 0.0240059 0.0248566 0.0287776 0.0228326 0.0283253 0.0257684 0.0255005 0.0265510 0.0271899 0.0293584 0.0265849 0.0242286 0.0270703 0.0254024 0.0276979 0.0281912 0.0257196 0.0268973 0.0263011 0.0249370 0.0282631 0.0264787 0.0256953 0.0260410 0.0259883 0.0281992 
pop1.indv12 0.0274076 0.0326167 0.0290209 0.0283923 0.0297424 0.0286607 0.0317177 0.0329477 0.0328397 0.0282326 0.0280374 0.0000000 0.0251305 0.0306662 0.0231806 0.0292857 0.0261288 0.0223785 0.0298584 0.0283655 0.0236497 0.0257189 0.0240856 0.0291025 0.0300341 0.0394728 0.0263915 0.0263563 0.0352734 0.0356200 0.0306608 0.0356967 0.0296334 0.0346838 0.0335640 0.0349649 0.0392246 0.0302679 0.0382702 0.0354435 0.0352239 0.0356676 0.0369742 0.0389583 0.0290203 0.0400707 0.0301248 0.0337505 0.0395536 0.0357644 0.0323767 0.0292529 0.0269466 0.0263706 0.0250956 0.0337427 0.0252835 0.0307948 0.0282125 0.0263111 0.0275590 0.0343528 0.0275136 0.0336968 0.0328536 0.0291411 0.0316985 0.0336070 0.0320020 0.0302318 0.0302461 0.0276222 0.0319681 0.0350905 0.0287942 
pop1.indv13 0.0250149 0.0296035 0.0290989 0.0244045 0.0276504 0.0313921 0.0300977 0.0283769 0.0283015 0.0352391 0.0243668 0.0251305 0.0000000 0.0253049 0.0267520 0.0275087 0.0262145 0.0283072 0.0297905 0.0245771 0.0261560 0.0246333 0.0250117 0.0318608 0.0301871 0.0360067 0.0297575 0.0305169 0.0308904 0.0302563 0.0299552 0.0325159 0.0317072 0.0296579 0.0282349 0.0293495 0.0350513 0.0342098 0.0330018 0.0417728 0.0290377 0.0380409 0.0388115 0.0351350 0.0322770 0.0289365 0.0293250 0.0379985 0.0362268 0.0325220 0.0317545 0.0263114 0.0276410 0.0258048 0.0258488 0.0280447 0.0268191 0.0321759 0.0255014 0.0309927 0.0310097 0.0326107 0.0307207 0.0315624 0.0296966 0.0258507 0.0307525 0.0288170 0.0254906 0.0277969 0.0270861 0.0267070 0.0303920 0.0271508 0.0275804 
pop1.indv14 0.0277647 0.0282934 0.0278093 0.0309993 0.0259508 0.0303434 0.0302518 0.0337090 0.0289580 0.0262036 0.0262782 0.0306662 0.0253049 0.0000000 0.0294638 0.0323731 0.0268892 0.0256480 0.0271073 0.0251865 0.0303357 0.0312083 0.0234589 0.0301435 0.0278068 0.0403501 0.0315604 0.0289478 0.0348174 0.0410800 0.0338654 0.0411962 0.0440967 0.0362350 0.0316220 0.0331057 0.0338854 0.0319880 0.0373176 0.0434798 0.0302902 0.0365920 0.0299290 0.0320746 0.0321962 0.0402931 0.0350596 0.0358685 0.0353050 0.0310047 0.0328488 0.0283559 0.0284994 0.0321140 0.0270202 0.0285152 0.0300371 0.0309421 0.0290933 0.0325827 0.0362688 0.0237309 0.0293688 0.0313595 0.0301377 0.0313965 0.0296915 0.0297915 0.0253756 0.0293579 0.0247054 0.0255294 0.0282138 0.0316076 0.0354114 
pop1.indv15 0.0277715 0.0283249 0.0253175 0.0254280 0.0287250 0.0263459 0.0232372 0.0300375 0.0238939 0.0254657 0.0246592 0.0231806 0.0267520 0.0294638 0.0000000 0.0245619 0.0279235 0.0288676 0.0321824 0.0278453 0.0234479 0.0267535 0.0212825 0.0281773 0.0285735 0.0272849 0.0371606 0.0263301 0.0345889 0.0342247 0.0332973 0.0373408 0.0299228 0.0353514 0.0363449 0.0353464 0.0364146 0.0273751 0.0379022 0.0395874 0.0323463 0.0350229 0.0363047 0.0364912 0.0355541 0.0357379 0.0277401 0.0328812 0.0377182 0.0336263 0.0277366 0.0264019 0.0258056 0.0315508 0.0285779 0.0261914 0.0262055 0.0271371 0.0276437 0.0266533 0.0268802 0.0274143 0.0253664 0.0246815 0.0275955 0.0260257 0.0339736 0.0277873 0.0257787 0.0254563 0.0207580 0.0273292 0.0232687 0.0299265 0.0281526 
pop1.indv16 0.0279398 0.0278705 0.0269312 0.0255377 0.0276387 0.0297813 0.0269681 0.0272589 0.0255395 0.0295772 0.0253378 0.0292857 0.0275087 0.0323731 0.0245619 0.0000000 0.0286507 0.0249354 0.0280502 0.0291448 0.0256427 0.0235677 0.0235974 0.0277127 0.0255995 0.0362550 0.0377530 0.0245541 0.0339564 0.0347043 0.0321281 0.0375699 0.0425645 0.0369566 0.0370460 0.0305804 0.0346940 0.0312200 0.0316839 0.0382670 0.0314200 0.0357546 0.0330290 0.0384776 0.0261382 0.0343932 0.0297878 0.0372845 0.0402800 0.0264393 0.0292814 0.0260129 0.0268889 0.0297130 0.0285546 0.0263401 0.0250233 0.0315402 0.0244689 0.0295733 0.0324541 0.0346166 0.0324080 0.0322573 0.0269260 0.0257536 0.0301389 0.0292182 0.0262651 0.0247274 0.0286899 0.0284159 0.0298887 0.0314658 0.0298443 
pop1.indv17 0.0259164 0.0309495 0.0250288 0.0257323 0.0270377 0.0297616 0.0270354 0.0284480 0.0273596 0.0325784 0.0244314 0.0261288 0.0262145 0.0268892 0.0279235 0.0286507 0.0000000 0.0248833 0.0296238 0.0273281 0.0297669 0.0312555 0.0252535 0.0286206 0.0256173 0.0337857 0.0308582 0.0232920 0.0394681 0.0335580 0.0398484 0.0358464 0.0323172 0.0275369 0.0334447 0.0354622 0.0331472 0.0337001 0.0356581 0.0432048 0.0313297 0.0341721 0.0344789 0.0282049 0.0293428 0.0302168 0.0317441 0.0333232 0.0362909 0.0367188 0.0305173 0.0278884 0.0249529 0.0264869 0.0264136 0.0306030 0.0279620 0.0312224 0.0276217 0.0281898 0.0328058 0.0295157 0.0252162 0.0285749 0.0312381 0.0275103 0.0314382 0.0304858 0.0246830 0.0298389 0.0263851 0.0315644 0.0279974 0.0274736 0.0306154 
pop1.indv18 0.0279674 0.0281968 0.0256454 0.0257443 0.0250254 0.0269863 0.0241752 0.0289022 0.0254745 0.0283820 0.0263278 0.0223785 0.0283072 0.0256480 0.0288676 0.0249354 0.0248833 0.0000000 0.0294935 0.0265799 0.0255640 0.0280855 0.0244823 0.0214020 0.0279542 0.0313650 0.0312732 0.0264394 0.0403656 0.0293334 0.0366611 0.0372710 0.0312862 0.0358285 0.0341473 0.0306443 0.0370193 0.0325214 0.0386059 0.0311995 0.0341049 0.0363776 0.0346386 0.0374029 0.0282642 0.0293846 0.0359402 0.0379723 0.0355791 0.0369157 0.0299496 0.0272165 0.0258184 0.0275529 0.0233414 0.0270824 0.0239474 0.0264497 0.0283103 0.0335392 0.0283371 0.0277224 0.0329316 0.0327161 0.0326359 0.0282379 0.0316529 0.0344853 0.0286700 0.0283618 0.0288172 0.0269037 0.0293155 0.0305917 0.0317061 
pop1.indv19 0.0292552 0.0315014 0.0237937 0.0291705 0.0255966 0.0277001 0.0256514 0.0299315 0.0279234 0.0263964 0.0246120 0.0298584 0.0297905 0.0271073 0.0321824 0.0280502 0.0296238 0.0294935 0.0000000 0.0250940 0.0275653 0.0256775 0.0227738 0.0273607 0.0302901 0.0291885 0.0378673 0.0261536 0.0379255 0.0291163 0.0348137 0.0338947 0.0345700 0.0378379 0.0291952 0.0301988 0.0325608 0.0276026 0.0404482 0.0318038 0.0275485 0.0314541 0.0403153 0.0357334 0.0269384 0.0373371 0.0319672 0.0352270 0.0374529 0.0316953 0.0341701 0.0285748 0.0257669 0.0286738 0.0281323 0.0323428 0.0270118 0.0334541 0.0265023 0.0280351 0.0264053 0.0293992 0.0308834 0.0311992 0.0256171 0.0280830 0.0333461 0.0281244 0.0278932 0.0274918 0.0275865 0.0292828 0.0276248 0.0327738 0.0290091 
pop1.indv20 0.0241451 0.0314592 0.0263414 0.0239034 0.0246906 0.0275163 0.0256068 0.0319835 0.0308178 0.0289630 0.0238518 0.0283655 0.0245771 0.0251865 0.0278453 0.0291448 0.0273281 0.0265799 0.0250940 0.0000000 0.0235256 0.0278277 0.0211504 0.0287765 0.0274570 0.0263346 0.0311618 0.0276904 0.0271672 0.0369277 0.0381029 0.0398619 0.0336296 0.0314562 0.0275493 0.0335067 0.0290913 0.0289877 0.0365648 0.0374661 0.0290129 0.0271984 0.0364192 0.0361601 0.0319025 0.0282154 0.0266468 0.0356786 0.0323372 0.0311562 0.0297342 0.0265012 0.0249661 0.0258224 0.0270081 0.0319860 0.0271451 0.0270959 0.0259870 0.0263330 0.0316581 0.0275869 0.0296244 0.0309287 0.0286800 0.0279449 0.0296313 0.0275962 0.0260379 0.0262109 0.0240186 0.0303393 0.0275137 0.0314959 0.0280278 
pop1.indv21 0.0240952 0.0294146 0.0267650 0.0301063 0.0271412 0.0259101 0.0260431 0.0284325 0.0284165 0.0248383 0.0208041 0.0236497 0.0261560 0.0303357 0.0234479 0.0256427 0.0297669 0.0255640 0.0275653 0.0235256 0.0000000 0.0248790 0.0239749 0.0317289 0.0286819 0.0319602 0.0344234 0.0246164 0.0307825 0.0374756 0.0312490 0.0387497 0.0294454 0.0307165 0.0296934 0.0318980 0.0389279 0.0322613 0.0348309 0.0366268 0.0276020 0.0364860 0.0292026 0.0352657 0.0248610 0.0371965 0.0277088 0.0315976 0.0325944 0.0348534 0.0273885 0.0230775 0.0223021 0.0287741 0.0221346 0.0244621 0.0285111 0.0296064 0.0221827 0.0298396 0.0306117 0.0264737 0.0254323 0.0304719 0.0276773 0.0265688 0.0300028 0.0303423 0.0276100 0.0258617 0.0269332 0.0263791 0.0270937 0.0263778 0.0349495 
pop1.indv22 0.0262070 0.0286761 0.0286441 0.0293754 0.0270918 0.0311307 0.0295837 0.0261064 0.0266351 0.0323094 0.0253969 0.0257189 0.0246333 0.0312083 0.0267535 0.0235677 0.0312555 0.0280855 0.0256775 0.0278277 0.0248790 0.0000000 0.0246937 0.0299565 0.0347097 0.0321965 0.0344925 0.0247124 0.0377012 0.0363283 0.0315310 0.0368376 0.0330929 0.0379292 0.0413641 0.0340811 0.0365949 0.0355180 0.0402998 0.0431034 0.0320315 0.0331109 0.0343642 0.0445331 0.0258062 0.0359977 0.0333851 0.0303325 0.0331835 0.0359554 0.0315779 0.0255145 0.0279034 0.0257308 0.0273232 0.0316091 0.0274423 0.0322901 0.0275475 0.0302653 0.0296160 0.0313759 0.0299641 0.0337411 0.0283289 0.0251390 0.0291080 0.0293091 0.0285573 0.0262545 0.0288153 0.0269629 0.0314411 0.0285180 0.0322972 
pop1.indv23 0.0243680 0.0269750 0.0200581 0.0238103 0.0245433 0.0219572 0.0215221 0.0266611 0.0235729 0.0285856 0.0230447 0.0240856 0.0250117 0.0234589 0.0212825 0.0235974 0.0252535 0.0244823 0.0227738 0.0211504 0.0239749 0.0246937 0.0000000 0.0244069 0.0280046 0.0302344 0.0304036 0.0235524 0.0315571 0.0326195 0.0285032 0.0339902 0.0344556 0.0285191 0.0270030 0.0251065 0.0331969 0.0254213 0.0358033 0.0257084 0.0341843 0.0331192 0.0280857 0.0366210 0.0217629 0.0325162 0.0292685 0.0317541 0.0309058 0.0293843 0.0251458 0.0216931 0.0219424 0.0222922 0.0232046 0.0264378 0.0281613 0.0277990 0.0242498 0.0273893 0.0258915 0.0266981 0.0274223 0.0259008 0.0240639 0.0212708 0.0295838 0.0254707 0.0246337 0.0255067 0.0245917 0.0213121 0.0242995 0.0289672 0.0285196 
pop1.indv24 0.0281064 0.0306497 0.0300588 0.0248854 0.0286911 0.0313482 0.0241027 0.0319047 0.0324265 0.0346058 0.0314764 0.0291025 0.0318608 0.0301435 0.0281773 0.0277127 0.0286206 0.0214020 0.0273607 0.0287765 0.0317289 0.0299565 0.0244069 0.0000000 0.0312768 0.0343371 0.0310645 0.0298477 0.0338480 0.0339996 0.0325449 0.0421485 0.0367277 0.0339101 0.0322045 0.0235882 0.0364815 0.0396765 0.0384925 0.0381689 0.0302521 0.0357564 0.0342552 0.0364190 0.0281303 0.0377321 0.0282453 0.0286232 0.0390545 0.0291134 0.0300500 0.0300990 0.0291368 0.0258202 0.0286323 0.0304724 0.0337620 0.0283971 0.0288161 0.0300016 0.0314013 0.0299147 0.0306684 0.0309380 0.0301353 0.0289917 0.0307533 0.0307406 0.0293636 0.0339308 0.0324375 0.0277429 0.0299296 0.0340405 0.0304013 
pop1.indv25 0.0263222 0.0295555 0.0279593 0.0330896 0.0315539 0.0311847 0.0273746 0.0350482 0.0279952 0.0314152 0.0300339 0.0300341 0.0301871 0.0278068 0.0285735 0.0255995 0.0256173 0.0279542 0.0302901 0.0274570 0.0286819 0.0347097 0.0280046 0.0312768 0.0000000 0.0330189 0.0363583 0.0279118 0.0415603 0.0422768 0.0349276 0.0454271 0.0344201 0.0359889 0.0330863 0.0298172 0.0300366 0.0389213 0.0375080 0.0380855 0.0290058 0.0311409 0.0379226 0.0334669 0.0296898 0.0304319 0.0298923 0.0383801 0.0340178 0.0319363 0.0367767 0.0308840 0.0244124 0.0315116 0.0300729 0.0286633 0.0300622 0.0325421 0.0309469 0.0307939 0.0281673 0.0312497 0.0283668 0.0361372 0.0314784 0.0304326 0.0334341 0.0342302 0.0310607 0.0346494 0.0267908 0.0288554 0.0291701 0.0357834 0.0340221 
pop2.indv1  0.0321733 0.0340266 0.0259322 0.0308315 0.0314676 0.0438537 0.0330449 0.0386087 0.0366035 0.0350028 0.0323093 0.0394728 0.0360067 0.0403501 0.0272849 0.0362550 0.0337857 0.0313650 0.0291885 0.0263346 0.0319602 0.0321965 0.0302344 0.0343371 0.0330189 0.0000000 0.0213210 0.0214469 0.0312849 0.0400464 0.0138298 0.0308342 0.0230941 0.0252230 0.0191925 0.0231599 0.0306649 0.0238843 0.0273665 0.0290275 0.0260630 0.0252738 0.0289675 0.0301938 0.0272482 0.0230078 0.0244776 0.0241802 0.0244800 0.0319148 0.0323210 0.0283057 0.0321669 0.0319661 0.0326914 0.0321019 0.0304449 0.0353758 0.0309691 0.0363645 0.0352754 0.0310193 0.0260250 0.0333918 0.0364993 0.0332036 0.0271094 0.0300305 0.0271849 0.0309746 0.0246429 0.0342614 0.0227423 0.0277384 0.0298383 
pop2.indv2  0.0383482 0.0390815 0.0322853 0.0282747 0.0324160 0.0277062 0.0354504 0.0411246 0.0337482 0.0462220 0.0280257 0.0263915 0.0297575 0.0315604 0.0371606 0.0377530 0.0308582 0.0312732 0.0378673 0.0311618 0.0344234 0.0344925 0.0304036 0.0310645 0.0363583 0.0213210 0.0000000 0.0186780 0.0275853 0.0329198 0.0223468 0.0238533 0.0357402 0.0299237 0.0388725 0.0203543 0.0344816 0.0245129 0.0322072 0.0328777 0.0225361 0.0243825 0.0308971 0.0337834 0.0239425 0.0332448 0.0228973 0.0230413 0.0351851 0.0327185 0.0358491 0.0398574 0.0238276 0.0283315 0.0318759 0.0365286 0.0325369 0.0378130 0.0316676 0.0336052 0.0376072 0.0367634 0.0326090 0.0369388 0.0416283 0.0301773 0.0341101 0.0350443 0.0319844 0.0311621 0.0308118 0.0339308 0.0315832 0.0436914 0.0345267 
pop2.indv3  0.0268050 0.0307940 0.0293286 0.0288172 0.0246036 0.0275520 0.0265826 0.0302082 0.0322324 0.0284211 0.0234724 0.0263563 0.0305169 0.0289478 0.0263301 0.0245541 0.0232920 0.0264394 0.0261536 0.0276904 0.0246164 0.0247124 0.0235524 0.0298477 0.0279118 0.0214469 0.0186780 0.0000000 0.0239601 0.0239647 0.0248694 0.0201820 0.0220602 0.0188009 0.0168829 0.0257039 0.0354172 0.0228572 0.0251448 0.0222204 0.0243888 0.0256541 0.0228388 0.0208198 0.0197611 0.0218679 0.0242080 0.0199039 0.0238017 0.0193986 0.0330284 0.0241838 0.0273271 0.0283659 0.0269653 0.0291126 0.0260865 0.0319784 0.0256111 0.0229515 0.0235718 0.0304552 0.0337792 0.0335539 0.0274614 0.0265715 0.0252265 0.0329828 0.0292377 0.0241559 0.0278151 0.0282252 0.0255273 0.0299730 0.0297828 
pop2.indv4  0.0310372 0.0335800 0.0347035 0.0368929 0.0316565 0.0401357 0.0333717 0.0389164 0.0347046 0.0434779 0.0366124 0.0352734 0.0308904 0.0348174 0.0345889 0.0339564 0.0394681 0.0403656 0.0379255 0.0271672 0.0307825 0.0377012 0.0315571 0.0338480 0.0415603 0.0312849 0.0275853 0.0239601 0.0000000 0.0264261 0.0227791 0.0267504 0.0303945 0.0275918 0.0139507 0.0271868 0.0280718 0.0221075 0.0250815 0.0295167 0.0300887 0.0261059 0.0234462 0.0291004 0.0267042 0.0336506 0.0290269 0.0254210 0.0320160 0.0325167 0.0371936 0.0386793 0.0304664 0.0341190 0.0357899 0.0371397 0.0308233 0.0431471 0.0306922 0.0344843 0.0353487 0.0319423 0.0357259 0.0350628 0.0361522 0.0374002 0.0382831 0.0359836 0.0387100 0.0310123 0.0273430 0.0415888 0.0306308 0.0271030 0.0400836 
pop2.indv5  0.0380890 0.0442889 0.0368930 0.0371077 0.0342246 0.0379453 0.0361750 0.0313066 0.0299516 0.0414896 0.0342980 0.0356200 0.0302563 0.0410800 0.0342247 0.0347043 0.0335580 0.0293334 0.0291163 0.0369277 0.0374756 0.0363283 0.0326195 0.0339996 0.0422768 0.0400464 0.0329198 0.0239647 0.0264261 0.0000000 0.0196722 0.0308436 0.0321854 0.0349453 0.0301137 0.0235968 0.0314438 0.0227459 0.0249193 0.0190714 0.0277225 0.0206613 0.0294630 0.0324305 0.0306197 0.0246097 0.0326263 0.0289637 0.0278866 0.0250731 0.0338493 0.0310020 0.0325844 0.0427873 0.0337683 0.0433451 0.0334928 0.0366452 0.0385880 0.0329219 0.0339917 0.0372248 0.0389219 0.0355723 0.0339798 0.0383645 0.0320166 0.0392882 0.0329701 0.0370080 0.0318922 0.0318878 0.0379436 0.0314278 0.0332069 
pop2.indv6  0.0363644 0.0358514 0.0370436 0.0325629 0.0358829 0.0353777 0.0350471 0.0345499 0.0435941 0.0412920 0.0303661 0.0306608 0.0299552 0.0338654 0.0332973 0.0321281 0.0398484 0.0366611 0.0348137 0.0381029 0.0312490 0.0315310 0.0285032 0.0325449 0.0349276 0.0138298 0.0223468 0.0248694 0.0227791 0.0196722 0.0000000 0.0291169 0.0233939 0.0254219 0.0248382 0.0329085 0.0311437 0.0254851 0.0254226 0.0336317 0.0221219 0.0190427 0.0137038 0.0325493 0.0223301 0.0298916 0.0211441 0.0239460 0.0239887 0.0242701 0.0353765 0.0304397 0.0361050 0.0314858 0.0327591 0.0379592 0.0327678 0.0324963 0.0296170 0.0399510 0.0333829 0.0362713 0.0347970 0.0388546 0.0345572 0.0369647 0.0264417 0.0379177 0.0373960 0.0347414 0.0338649 0.0284248 0.0309979 0.0306424 0.0323586 
pop2.indv7  0.0364480 0.0412887 0.0361930 0.0338146 0.0365919 0.0315591 0.0400086 0.0375747 0.0399387 0.0444696 0.0378559 0.0356967 0.0325159 0.0411962 0.0373408 0.0375699 0.0358464 0.0372710 0.0338947 0.0398619 0.0387497 0.0368376 0.0339902 0.0421485 0.0454271 0.0308342 0.0238533 0.0201820 0.0267504 0.0308436 0.0291169 0.0000000 0.0387329 0.0304385 0.0396972 0.0283999 0.0296411 0.0334597 0.0367672 0.0367636 0.0280134 0.0343315 0.0243438 0.0374196 0.0242404 0.0247305 0.0281574 0.0298920 0.0250696 0.0309203 0.0380347 0.0354664 0.0318324 0.0397463 0.0421158 0.0439858 0.0405364 0.0432882 0.0388962 0.0375117 0.0393942 0.0443080 0.0440677 0.0430845 0.0382107 0.0393455 0.0415151 0.0325365 0.0399399 0.0409357 0.0317143 0.0383500 0.0319832 0.0349011 0.0354952 
pop2.indv8  0.0327409 0.0384978 0.0402183 0.0426127 0.0375570 0.0405764 0.0362871 0.0401209 0.0428203 0.0405456 0.0288392 0.0296334 0.0317072 0.0440967 0.0299228 0.0425645 0.0323172 0.0312862 0.0345700 0.0336296 0.0294454 0.0330929 0.0344556 0.0367277 0.0344201 0.0230941 0.0357402 0.0220602 0.0303945 0.0321854 0.0233939 0.0387329 0.0000000 0.0151978 0.0298715 0.0175412 0.0336064 0.0226077 0.0321816 0.0358641 0.0266408 0.0301705 0.0293332 0.0251913 0.0266440 0.0253041 0.0297979 0.0273222 0.0264957 0.0326649 0.0309437 0.0336136 0.0351014 0.0382530 0.0349969 0.0335491 0.0363870 0.0357119 0.0305292 0.0394994 0.0293767 0.0443170 0.0419323 0.0415669 0.0342163 0.0405265 0.0371038 0.0344591 0.0362388 0.0319920 0.0297793 0.0362571 0.0336532 0.0321759 0.0449250 
pop2.indv9  0.0357879 0.0347371 0.0379598 0.0338930 0.0309632 0.0359318 0.0301001 0.0310026 0.0401023 0.0287715 0.0284383 0.0346838 0.0296579 0.0362350 0.0353514 0.0369566 0.0275369 0.0358285 0.0378379 0.0314562 0.0307165 0.0379292 0.0285191 0.0339101 0.0359889 0.0252230 0.0299237 0.0188009 0.0275918 0.0349453 0.0254219 0.0304385 0.0151978 0.0000000 0.0283318 0.0217828 0.0204634 0.0262552 0.0286916 0.0311377 0.0280610 0.0288345 0.0314440 0.0267338 0.0247063 0.0228319 0.0245636 0.0300429 0.0244771 0.0286617 0.0296962 0.0313647 0.0334815 0.0361771 0.0261993 0.0378466 0.0253172 0.0362823 0.0337530 0.0384791 0.0262061 0.0303057 0.0358532 0.0352869 0.0338790 0.0335088 0.0279074 0.0339539 0.0309725 0.0335525 0.0284128 0.0319436 0.0312422 0.0412309 0.0347760 
pop2.indv10 0.0324024 0.0350877 0.0300386 0.0367307 0.0315594 0.0349431 0.0336574 0.0366077 0.0376704 0.0390013 0.0322144 0.0335640 0.0282349 0.0316220 0.0363449 0.0370460 0.0334447 0.0341473 0.0291952 0.0275493 0.0296934 0.0413641 0.0270030 0.0322045 0.0330863 0.0191925 0.0388725 0.0168829 0.0139507 0.0301137 0.0248382 0.0396972 0.0298715 0.0283318 0.0000000 0.0287019 0.0287415 0.0269913 0.0309629 0.0323372 0.0255664 0.0359725 0.0278681 0.0274688 0.0263567 0.0228006 0.0180596 0.0271504 0.0313698 0.0206738 0.0415497 0.0335118 0.0297153 0.0396046 0.0346049 0.0420916 0.0375756 0.0413206 0.0355810 0.0391202 0.0355933 0.0358438 0.0296175 0.0358943 0.0393809 0.0368785 0.0336469 0.0378593 0.0360413 0.0371228 0.0348337 0.0282737 0.0309001 0.0411685 0.0377846 
pop2.indv11 0.0366625 0.0349857 0.0382421 0.0334939 0.0332059 0.0370826 0.0282625 0.0400444 0.0403918 0.0326364 0.0294625 0.0349649 0.0293495 0.0331057 0.0353464 0.0305804 0.0354622 0.0306443 0.0301988 0.0335067 0.0318980 0.0340811 0.0251065 0.0235882 0.0298172 0.0231599 0.0203543 0.0257039 0.0271868 0.0235968 0.0329085 0.0283999 0.0175412 0.0217828 0.0287019 0.0000000 0.0233934 0.0254985 0.0299497 0.0293813 0.0286925 0.0222253 0.0198682 0.0316786 0.0231405 0.0253760 0.0187408 0.0288755 0.0285675 0.0231787 0.0312118 0.0312207 0.0255042 0.0367233 0.0360251 0.0303687 0.0339128 0.0410367 0.0278254 0.0367381 0.0309195 0.0349916 0.0370563 0.0389456 0.0380191 0.0318300 0.0333260 0.0293552 0.0332491 0.0362315 0.0323668 0.0298294 0.0339356 0.0285781 0.0412332 
pop2.indv12 0.0333602 0.0358348 0.0375104 0.0383590 0.0433988 0.0394811 0.0410341 0.0377803 0.0391195 0.0350770 0.0431181 0.0392246 0.0350513 0.0338854 0.0364146 0.0346940 0.0331472 0.0370193 0.0325608 0.0290913 0.0389279 0.0365949 0.0331969 0.0364815 0.0300366 0.0306649 0.0344816 0.0354172 0.0280718 0.0314438 0.0311437 0.0296411 0.0336064 0.0204634 0.0287415 0.0233934 0.0000000 0.0293106 0.0274199 0.0327615 0.0281581 0.0260848 0.0321023 0.0364276 0.0292601 0.0303408 0.0367689 0.0364603 0.0243378 0.0169943 0.0355176 0.0341089 0.0346787 0.0332133 0.0333022 0.0366696 0.0313302 0.0352613 0.0304382 0.0431369 0.0311927 0.0381809 0.0412379 0.0431872 0.0397250 0.0290490 0.0346047 0.0378563 0.0380310 0.0364760 0.0286851 0.0342487 0.0348102 0.0367035 0.0410666 
pop2.indv13 0.0269822 0.0380498 0.0270600 0.0356854 0.0361217 0.0413401 0.0306145 0.0339639 0.0337573 0.0337135 0.0277065 0.0302679 0.0342098 0.0319880 0.0273751 0.0312200 0.0337001 0.0325214 0.0276026 0.0289877 0.0322613 0.0355180 0.0254213 0.0396765 0.0389213 0.0238843 0.0245129 0.0228572 0.0221075 0.0227459 0.0254851 0.0334597 0.0226077 0.0262552 0.0269913 0.0254985 0.0293106 0.0000000 0.0237777 0.0336315 0.0297271 0.0277576 0.0311810 0.0296176 0.0224748 0.0165093 0.0216902 0.0284766 0.0275506 0.0283731 0.0379650 0.0379182 0.0303673 0.0406705 0.0279434 0.0322456 0.0332931 0.0354944 0.0307593 0.0335133 0.0407132 0.0356103 0.0354515 0.0344149 0.0367426 0.0294866 0.0442373 0.0349740 0.0307525 0.0301065 0.0298748 0.0336692 0.0318065 0.0374843 0.0308598 
pop2.indv14 0.0348157 0.0429062 0.0370303 0.0412664 0.0473911 0.0363407 0.0301022 0.0416192 0.0361830 0.0373416 0.0382414 0.0382702 0.0330018 0.0373176 0.0379022 0.0316839 0.0356581 0.0386059 0.0404482 0.0365648 0.0348309 0.0402998 0.0358033 0.0384925 0.0375080 0.0273665 0.0322072 0.0251448 0.0250815 0.0249193 0.0254226 0.0367672 0.0321816 0.0286916 0.0309629 0.0299497 0.0274199 0.0237777 0.0000000 0.0296640 0.0381343 0.0300152 0.0244351 0.0308479 0.0212090 0.0301249 0.0281654 0.0315695 0.0352228 0.0289212 0.0448295 0.0431810 0.0391121 0.0404725 0.0463387 0.0402046 0.0335128 0.0381747 0.0371551 0.0313051 0.0452404 0.0364522 0.0394726 0.0400372 0.0441544 0.0365398 0.0381010 0.0391880 0.0377002 0.0393056 0.0301128 0.0355593 0.0327344 0.0412871 0.0364414 
pop2.indv15 0.0379771 0.0376075 0.0420044 0.0402852 0.0373896 0.0393032 0.0392384 0.0389203 0.0359300 0.0388411 0.0368603 0.0354435 0.0417728 0.0434798 0.0395874 0.0382670 0.0432048 0.0311995 0.0318038 0.0374661 0.0366268 0.0431034 0.0257084 0.0381689 0.0380855 0.0290275 0.0328777 0.0222204 0.0295167 0.0190714 0.0336317 0.0367636 0.0358641 0.0311377 0.0323372 0.0293813 0.0327615 0.0336315 0.0296640 0.0000000 0.0236161 0.0266350 0.0333344 0.0299861 0.0276578 0.0357296 0.0375774 0.0352170 0.0368983 0.0322599 0.0313323 0.0339998 0.0405868 0.0425720 0.0358083 0.0456667 0.0366385 0.0380435 0.0348007 0.0327680 0.0405271 0.0362213 0.0409040 0.0398107 0.0404397 0.0327802 0.0417772 0.0433714 0.0336876 0.0349054 0.0343589 0.0414948 0.0274050 0.0349703 0.0410483 
pop2.indv16 0.0268202 0.0353213 0.0347056 0.0364202 0.0269659 0.0350526 0.0285150 0.0344061 0.0323522 0.0308250 0.0258284 0.0352239 0.0290377 0.0302902 0.0323463 0.0314200 0.0313297 0.0341049 0.0275485 0.0290129 0.0276020 0.0320315 0.0341843 0.0302521 0.0290058 0.0260630 0.0225361 0.0243888 0.0300887 0.0277225 0.0221219 0.0280134 0.0266408 0.0280610 0.0255664 0.0286925 0.0281581 0.0297271 0.0381343 0.0236161 0.0000000 0.0266094 0.0255616 0.0432826 0.0222781 0.0298598 0.0278315 0.0262914 0.0219484 0.0274652 0.0319909 0.0333675 0.0286528 0.0335716 0.0278739 0.0258511 0.0339334 0.0278714 0.0306921 0.0279300 0.0400601 0.0375565 0.0286080 0.0343049 0.0385011 0.0315847 0.0318002 0.0288197 0.0376089 0.0347967 0.0304809 0.0284828 0.0355507 0.0309328 0.0356794 
pop2.indv17 0.0367225 0.0475434 0.0360088 0.0414393 0.0385735 0.0398001 0.0276610 0.0397385 0.0393777 0.0328241 0.0255716 0.0356676 0.0380409 0.0365920 0.0350229 0.0357546 0.0341721 0.0363776 0.0314541 0.0271984 0.0364860 0.0331109 0.0331192 0.0357564 0.0311409 0.0252738 0.0243825 0.0256541 0.0261059 0.0206613 0.0190427 0.0343315 0.0301705 0.0288345 0.0359725 0.0222253 0.0260848 0.0277576 0.0300152 0.0266350 0.0266094 0.0000000 0.0267660 0.0316779 0.0266482 0.0347670 0.0323267 0.0316434 0.0335223 0.0204347 0.0340940 0.0376739 0.0320470 0.0362059 0.0295172 0.0312909 0.0312427 0.0452712 0.0324793 0.0346611 0.0342779 0.0383899 0.0404563 0.0430727 0.0380739 0.0345545 0.0331808 0.0313214 0.0358244 0.0344441 0.0321093 0.0319149 0.0309059 0.0278718 0.0394920 
pop2.indv18 0.0415455 0.0361540 0.0406388 0.0368409 0.0375901 0.0350667 0.0379939 0.0359069 0.0416551 0.0368041 0.0349267 0.0369742 0.0388115 0.0299290 0.0363047 0.0330290 0.0344789 0.0346386 0.0403153 0.0364192 0.0292026 0.0343642 0.0280857 0.0342552 0.0379226 0.0289675 0.0308971 0.0228388 0.0234462 0.0294630 0.0137038 0.0243438 0.0293332 0.0314440 0.0278681 0.0198682 0.0321023 0.0311810 0.0244351 0.0333344 0.0255616 0.0267660 0.0000000 0.0380602 0.0305685 0.0254844 0.0192087 0.0294205 0.0286455 0.0222392 0.0331412 0.0352932 0.0316658 0.0353963 0.0343145 0.0326836 0.0267770 0.0330886 0.0239946 0.0442692 0.0355855 0.0309248 0.0426533 0.0285468 0.0333996 0.0365821 0.0351680 0.0358404 0.0355963 0.0365244 0.0294715 0.0350585 0.0358972 0.0351200 0.0328827 
pop2.indv19 0.0386644 0.0293559 0.0320850 0.0369611 0.0390718 0.0413941 0.0398980 0.0446574 0.0414558 0.0405942 0.0380383 0.0389583 0.0351350 0.0320746 0.0364912 0.0384776 0.0282049 0.0374029 0.0357334 0.0361601 0.0352657 0.0445331 0.0366210 0.0364190 0.0334669 0.0301938 0.0337834 0.0208198 0.0291004 0.0324305 0.0325493 0.0374196 0.0251913 0.0267338 0.0274688 0.0316786 0.0364276 0.0296176 0.0308479 0.0299861 0.0432826 0.0316779 0.0380602 0.0000000 0.0243983 0.0353552 0.0304616 0.0259750 0.0199403 0.0334425 0.0355433 0.0355956 0.0343534 0.0336252 0.0303981 0.0357870 0.0299256 0.0377319 0.0296220 0.0336047 0.0374932 0.0416956 0.0364210 0.0421107 0.0404293 0.0311558 0.0324504 0.0362285 0.0333633 0.0384395 0.0317843 0.0370956 0.0335049 0.0389140 0.0301507 
pop2.indv20 0.0343122 0.0309282 0.0286286 0.0278238 0.0336014 0.0317163 0.0360147 0.0320855 0.0283629 0.0343584 0.0268051 0.0290203 0.0322770 0.0321962 0.0355541 0.0261382 0.0293428 0.0282642 0.0269384 0.0319025 0.0248610 0.0258062 0.0217629 0.0281303 0.0296898 0.0272482 0.0239425 0.0197611 0.0267042 0.0306197 0.0223301 0.0242404 0.0266440 0.0247063 0.0263567 0.0231405 0.0292601 0.0224748 0.0212090 0.0276578 0.0222781 0.0266482 0.0305685 0.0243983 0.0000000 0.0273685 0.0242710 0.0184655 0.0229119 0.0160298 0.0358782 0.0270305 0.0231710 0.0315133 0.0333974 0.0338507 0.0292569 0.0271954 0.0316340 0.0312822 0.0329042 0.0367723 0.0295312 0.0340651 0.0332440 0.0351203 0.0318528 0.0354728 0.0309623 0.0362863 0.0254836 0.0254237 0.0290175 0.0331978 0.0310455 
pop2.indv21 0.0345215 0.0387123 0.0339960 0.0350254 0.0401223 0.0424581 0.0352555 0.0354073 0.0369891 0.0352606 0.0252639 0.0400707 0.0289365 0.0402931 0.0357379 0.0343932 0.0302168 0.0293846 0.0373371 0.0282154 0.0371965 0.0359977 0.0325162 0.0377321 0.0304319 0.0230078 0.0332448 0.0218679 0.0336506 0.0246097 0.0298916 0.0247305 0.0253041 0.0228319 0.0228006 0.0253760 0.0303408 0.0165093 0.0301249 0.0357296 0.0298598 0.0347670 0.0254844 0.0353552 0.0273685 0.0000000 0.0164485 0.0307778 0.0212533 0.0205699 0.0333860 0.0307432 0.0287243 0.0262845 0.0309359 0.0327534 0.0355228 0.0345382 0.0367330 0.0429921 0.0375204 0.0349870 0.0453406 0.0412837 0.0341994 0.0285660 0.0356662 0.0323519 0.0396880 0.0293795 0.0290837 0.0355564 0.0295337 0.0347052 0.0342608 
pop2.indv22 0.0288318 0.0325269 0.0311117 0.0324634 0.0329642 0.0270580 0.0321226 0.0370286 0.0328777 0.0318838 0.0278851 0.0301248 0.0293250 0.0350596 0.0277401 0.0297878 0.0317441 0.0359402 0.0319672 0.0266468 0.0277088 0.0333851 0.0292685 0.0282453 0.0298923 0.0244776 0.0228973 0.0242080 0.0290269 0.0326263 0.0211441 0.0281574 0.0297979 0.0245636 0.0180596 0.0187408 0.0367689 0.0216902 0.0281654 0.0375774 0.0278315 0.0323267 0.0192087 0.0304616 0.0242710 0.0164485 0.0000000 0.0257494 0.0205657 0.0316753 0.0389909 0.0256725 0.0256893 0.0365625 0.0296240 0.0297882 0.0255133 0.0349161 0.0364476 0.0307541 0.0343446 0.0301334 0.0292745 0.0314915 0.0380636 0.0300251 0.0319987 0.0356636 0.0335298 0.0316109 0.0322798 0.0346810 0.0297162 0.0380735 0.0311634 
pop2.indv23 0.0287668 0.0419059 0.0347709 0.0307687 0.0376815 0.0403808 0.0332441 0.0321584 0.0436403 0.0428107 0.0276235 0.0337505 0.0379985 0.0358685 0.0328812 0.0372845 0.0333232 0.0379723 0.0352270 0.0356786 0.0315976 0.0303325 0.0317541 0.0286232 0.0383801 0.0241802 0.0230413 0.0199039 0.0254210 0.0289637 0.0239460 0.0298920 0.0273222 0.0300429 0.0271504 0.0288755 0.0364603 0.0284766 0.0315695 0.0352170 0.0262914 0.0316434 0.0294205 0.0259750 0.0184655 0.0307778 0.0257494 0.0000000 0.0355937 0.0318590 0.0409638 0.0324594 0.0314711 0.0357447 0.0329032 0.0298842 0.0339228 0.0360766 0.0359361 0.0314438 0.0407394 0.0328842 0.0347254 0.0316336 0.0416015 0.0333353 0.0341582 0.0311526 0.0288153 0.0308512 0.0321443 0.0364482 0.0314901 0.0383020 0.0334543 
pop2.indv24 0.0337644 0.0359960 0.0371731 0.0319570 0.0283243 0.0427248 0.0301297 0.0339086 0.0318744 0.0349884 0.0333645 0.0395536 0.0362268 0.0353050 0.0377182 0.0402800 0.0362909 0.0355791 0.0374529 0.0323372 0.0325944 0.0331835 0.0309058 0.0390545 0.0340178 0.0244800 0.0351851 0.0238017 0.0320160 0.0278866 0.0239887 0.0250696 0.0264957 0.0244771 0.0313698 0.0285675 0.0243378 0.0275506 0.0352228 0.0368983 0.0219484 0.0335223 0.0286455 0.0199403 0.0229119 0.0212533 0.0205657 0.0355937 0.0000000 0.0237507 0.0354832 0.0375286 0.0286913 0.0344044 0.0261795 0.0429206 0.0402664 0.0314680 0.0407237 0.0377286 0.0422249 0.0307954 0.0411540 0.0351637 0.0423647 0.0335447 0.0378659 0.0323032 0.0337033 0.0399363 0.0326091 0.0374235 0.0315975 0.0320485 0.0382778 
pop2.indv25 0.0415631 0.0363423 0.0339496 0.0356084 0.0385880 0.0322884 0.0280260 0.0382205 0.0359047 0.0403499 0.0240059 0.0357644 0.0325220 0.0310047 0.0336263 0.0264393 0.0367188 0.0369157 0.0316953 0.0311562 0.0348534 0.0359554 0.0293843 0.0291134 0.0319363 0.0319148 0.0327185 0.0193986 0.0325167 0.0250731 0.0242701 0.0309203 0.0326649 0.0286617 0.0206738 0.0231787 0.0169943 0.0283731 0.0289212 0.0322599 0.0274652 0.0204347 0.0222392 0.0334425 0.0160298 0.0205699 0.0316753 0.0318590 0.0237507 0.0000000 0.0357426 0.0313742 0.0259073 0.0304730 0.0350560 0.0292421 0.0293836 0.0432318 0.0336923 0.0350440 0.0389666 0.0352173 0.0338457 0.0385537 0.0321389 0.0370090 0.0305531 0.0339925 0.0319648 0.0381067 0.0312160 0.0305224 0.0272614 0.0335809 0.0346288 
pop3.indv1  0.0352010 0.0294696 0.0349888 0.0355847 0.0331230 0.0352547 0.0284642 0.0341871 0.0350082 0.0364856 0.0248566 0.0323767 0.0317545 0.0328488 0.0277366 0.0292814 0.0305173 0.0299496 0.0341701 0.0297342 0.0273885 0.0315779 0.0251458 0.0300500 0.0367767 0.0323210 0.0358491 0.0330284 0.0371936 0.0338493 0.0353765 0.0380347 0.0309437 0.0296962 0.0415497 0.0312118 0.0355176 0.0379650 0.0448295 0.0313323 0.0319909 0.0340940 0.0331412 0.0355433 0.0358782 0.0333860 0.0389909 0.0409638 0.0354832 0.0357426 0.0000000 0.0296847 0.0283451 0.0311941 0.0276146 0.0319039 0.0287562 0.0338614 0.0292829 0.0317039 0.0325658 0.0364640 0.0333126 0.0365341 0.0296002 0.0320022 0.0308387 0.0316675 0.0326351 0.0307566 0.0273398 0.0263661 0.0292398 0.0320646 0.0304882 
pop3.indv2  0.0295305 0.0255953 0.0318862 0.0310870 0.0269757 0.0265205 0.0256901 0.0306157 0.0330986 0.0283871 0.0287776 0.0292529 0.0263114 0.0283559 0.0264019 0.0260129 0.0278884 0.0272165 0.0285748 0.0265012 0.0230775 0.0255145 0.0216931 0.0300990 0.0308840 0.0283057 0.0398574 0.0241838 0.0386793 0.0310020 0.0304397 0.0354664 0.0336136 0.0313647 0.0335118 0.0312207 0.0341089 0.0379182 0.0431810 0.0339998 0.0333675 0.0376739 0.0352932 0.0355956 0.0270305 0.0307432 0.0256725 0.0324594 0.0375286 0.0313742 0.0296847 0.0000000 0.0247010 0.0280963 0.0272598 0.0307035 0.0297821 0.0325095 0.0309272 0.0268774 0.0302596 0.0289432 0.0319851 0.0343554 0.0330686 0.0259595 0.0275780 0.0313133 0.0315305 0.0289320 0.0268063 0.0261893 0.0290638 0.0308485 0.0263544 
