75
pop1.indv1  0.0000000 0.0300751 0.0239927 0.0254870 0.0267075 0.0263138 0.0265228 0.0266322 0.0249961 0.0307151 0.0259238 0.0263262 0.0255566 0.0277773 0.0291869 0.0276703 0.0247108 0.0262429 0.0279745 0.0245510 0.0243431 0.0272023 0.0235934 0.0293533 0.0256829 0.0319854 0.0345414 0.0282348 0.0303876 0.0378179 0.0377956 0.0361634 0.0348752 0.0340897 0.0340838 0.0375092 0.0363128 0.0304733 0.0343024 0.0390494 0.0294673 0.0344875 0.0382355 0.0352813 0.0342749 0.0360755 0.0366543 0.0343054 0.0352965 0.0337454 0.0344584 0.0290670 0.0271454 0.0269239 0.0276242 0.0278789 0.0270363 0.0291163 0.0282124 0.0336234 0.0287828 0.0271306 0.0281652 0.0241621 0.0275491 0.0257887 0.0293113 0.0308630 0.0262077 0.0264275 0.0284761 0.0276127 0.0254553 0.0272014 0.0314172 
pop1.indv2  0.0300751 0.0000000 0.0265883 0.0289078 0.0287350 0.0271556 0.0290232 0.0307388 0.0287345 0.0307284 0.0292869 0.0298545 0.0322328 0.0270369 0.0288743 0.0265406 0.0302968 0.0280883 0.0289150 0.0300757 0.0279453 0.0279731 0.0265554 0.0306025 0.0299529 0.0325546 0.0354860 0.0342613 0.0326890 0.0394047 0.0356060 0.0430264 0.0355132 0.0362085 0.0380553 0.0349395 0.0351024 0.0350247 0.0400953 0.0344957 0.0364257 0.0380728 0.0340048 0.0324484 0.0382127 0.0342178 0.0368875 0.0372066 0.0305530 0.0348956 0.0265244 0.0252247 0.0270752 0.0327422 0.0226948 0.0306295 0.0285509 0.0296454 0.0313130 0.0336989 0.0300382 0.0333305 0.0317209 0.0311400 0.0296616 0.0269324 0.0279404 0.0301416 0.0315861 0.0296160 0.0267911 0.0326086 0.0325929 0.0331230 0.0305900 
pop1.indv3  0.0239927 0.0265883 0.0000000 0.0300151 0.0264781 0.0293174 0.0248046 0.0294150 0.0251392 0.0288691 0.0237312 0.0286071 0.0304970 0.0271185 0.0271621 0.0275906 0.0244439 0.0259530 0.0254740 0.0261024 0.0274653 0.0270939 0.0202530 0.0293989 0.0300672 0.0314319 0.0316793 0.0334937 0.0353417 0.0349384 0.0314368 0.0357155 0.0366077 0.0331406 0.0335179 0.0365776 0.0381193 0.0336387 0.0335759 0.0418913 0.0341837 0.0327709 0.0365098 0.0327604 0.0344630 0.0379970 0.0382380 0.0345849 0.0353532 0.0322478 0.0355383 0.0297296 0.0239146 0.0292500 0.0269602 0.0316715 0.0291335 0.0276236 0.0291482 0.0251437 0.0309510 0.0277769 0.0279486 0.0304053 0.0272769 0.0264029 0.0347231 0.0263776 0.0241590 0.0303113 0.0297044 0.0262634 0.0276773 0.0329056 0.0306955 
pop1.indv4  0.0254870 0.0289078 0.0300151 0.0000000 0.0299185 0.0289684 0.0256593 0.0315474 0.0296805 0.0313068 0.0219334 0.0265045 0.0245530 0.0297866 0.0254757 0.0251159 0.0262860 0.0251611 0.0292608 0.0234675 0.0277751 0.0277400 0.0235868 0.0251793 0.0323425 0.0328410 0.0314270 0.0339055 0.0354078 0.0345311 0.0314267 0.0372774 0.0338393 0.0334666 0.0364686 0.0328619 0.0390750 0.0334184 0.0324648 0.0393802 0.0331884 0.0332191 0.0398586 0.0342642 0.0338986 0.0368694 0.0362041 0.0324669 0.0333938 0.0318833 0.0337066 0.0284760 0.0288000 0.0315748 0.0254441 0.0296927 0.0260578 0.0313377 0.0269928 0.0288876 0.0268912 0.0325160 0.0317137 0.0282019 0.0318689 0.0281794 0.0309457 0.0272968 0.0279157 0.0278939 0.0299758 0.0304242 0.0292438 0.0297269 0.0285818 
pop1.indv5  0.0267075 0.0287350 0.0264781 0.0299185 0.0000000 0.0303353 0.0270609 0.0308239 0.0293634 0.0322376 0.0277463 0.0279511 0.0288621 0.0264736 0.0295180 0.0271917 0.0259920 0.0266513 0.0262311 0.0249604 0.0259231 0.0270813 0.0238851 0.0290828 0.0318365 0.0280678 0.0332777 0.0292142 0.0333479 0.0369484 0.0355047 0.0409359 0.0397209 0.0319328 0.0323838 0.0366450 0.0355399 0.0340102 0.0408219 0.0392497 0.0310664 0.0343205 0.0367421 0.0344238 0.0388932 0.0387662 0.0353281 0.0343534 0.0322937 0.0334299 0.0325659 0.0265341 0.0280174 0.0302273 0.0254326 0.0303138 0.0323950 0.0318815 0.0254297 0.0312300 0.0323409 0.0295900 0.0302622 0.0324181 0.0326822 0.0282194 0.0297977 0.0326902 0.0288185 0.0322753 0.0293647 0.0285055 0.0318214 0.0269031 0.0324401 
pop1.indv6  0.0263138 0.0271556 0.0293174 0.0289684 0.0303353 0.0000000 0.0264070 0.0265783 0.0310429 0.0331850 0.0255320 0.0279829 0.0322720 0.0297536 0.0271421 0.0298066 0.0281515 0.0256197 0.0274740 0.0274539 0.0254704 0.0308373 0.0218842 0.0315320 0.0311803 0.0393229 0.0340992 0.0322735 0.0407964 0.0373066 0.0360985 0.0373680 0.0391884 0.0369734 0.0348432 0.0356451 0.0394652 0.0398714 0.0390719 0.0410158 0.0365644 0.0342162 0.0366332 0.0400043 0.0345100 0.0411568 0.0342132 0.0365699 0.0418603 0.0344856 0.0352870 0.0273605 0.0287175 0.0296697 0.0288800 0.0296897 0.0305433 0.0346156 0.0300893 0.0350465 0.0323682 0.0297516 0.0274687 0.0297346 0.0293864 0.0299160 0.0331158 0.0309082 0.0269169 0.0316908 0.0351364 0.0282590 0.0270646 0.0308643 0.0341793 
pop1.indv7  0.0265228 0.0290232 0.0248046 0.0256593 0.0270609 0.0264070 0.0000000 0.0310926 0.0291706 0.0301324 0.0237849 0.0303702 0.0303093 0.0304234 0.0237984 0.0258188 0.0266544 0.0243836 0.0257405 0.0262180 0.0251960 0.0291373 0.0222335 0.0255052 0.0281482 0.0330841 0.0361257 0.0327722 0.0315097 0.0367082 0.0371501 0.0378824 0.0350893 0.0307794 0.0346027 0.0311776 0.0411820 0.0332640 0.0301357 0.0390831 0.0324175 0.0324531 0.0328136 0.0350658 0.0372737 0.0388230 0.0383645 0.0354298 0.0362569 0.0309148 0.0293027 0.0261807 0.0263571 0.0273072 0.0290967 0.0284145 0.0271202 0.0274623 0.0262787 0.0287686 0.0324482 0.0242669 0.0309195 0.0265190 0.0246192 0.0292775 0.0300936 0.0246961 0.0292454 0.0308704 0.0266940 0.0277072 0.0265996 0.0265474 0.0296090 
pop1.indv8  0.0266322 0.0307388 0.0294150 0.0315474 0.0308239 0.0265783 0.0310926 0.0000000 0.0277433 0.0360352 0.0245844 0.0322236 0.0279116 0.0324993 0.0303148 0.0277215 0.0289274 0.0284523 0.0278239 0.0312870 0.0279445 0.0256683 0.0257067 0.0314206 0.0331717 0.0323742 0.0371631 0.0317626 0.0382152 0.0364289 0.0334853 0.0401386 0.0366601 0.0340487 0.0402568 0.0400895 0.0372228 0.0356246 0.0375638 0.0356614 0.0357722 0.0378183 0.0356410 0.0385058 0.0319017 0.0351500 0.0404130 0.0331726 0.0361761 0.0324995 0.0338627 0.0288686 0.0273158 0.0261442 0.0297264 0.0317024 0.0315919 0.0312648 0.0300016 0.0330965 0.0302267 0.0316906 0.0300250 0.0305188 0.0270950 0.0318904 0.0350322 0.0314455 0.0269405 0.0348071 0.0289807 0.0305701 0.0291016 0.0324457 0.0303240 
pop1.indv9  0.0249961 0.0287345 0.0251392 0.0296805 0.0293634 0.0310429 0.0291706 0.0277433 0.0000000 0.0289033 0.0250322 0.0317347 0.0278138 0.0287015 0.0232028 0.0257678 0.0278904 0.0245895 0.0269070 0.0304097 0.0272355 0.0263023 0.0252260 0.0331175 0.0296155 0.0327793 0.0335231 0.0352366 0.0370280 0.0348140 0.0403183 0.0422245 0.0394381 0.0359834 0.0406344 0.0390645 0.0385744 0.0352159 0.0347400 0.0359341 0.0369846 0.0339297 0.0424545 0.0361028 0.0400726 0.0379397 0.0390131 0.0403451 0.0365316 0.0346095 0.0351154 0.0307485 0.0276264 0.0319563 0.0312263 0.0318451 0.0330631 0.0276791 0.0310024 0.0328592 0.0319922 0.0336675 0.0333387 0.0377277 0.0318596 0.0319407 0.0345500 0.0358811 0.0324783 0.0295447 0.0296194 0.0293151 0.0259341 0.0289340 0.0311737 
pop1.indv10 0.0307151 0.0307284 0.0288691 0.0313068 0.0322376 0.0331850 0.0301324 0.0360352 0.0289033 0.0000000 0.0299921 0.0285602 0.0342872 0.0276626 0.0266997 0.0303562 0.0333728 0.0284056 0.0284289 0.0298205 0.0240504 0.0328779 0.0286830 0.0351121 0.0325649 0.0377691 0.0399810 0.0373051 0.0373579 0.0422701 0.0406232 0.0422163 0.0393724 0.0365838 0.0410219 0.0357204 0.0453565 0.0359563 0.0373025 0.0410030 0.0387566 0.0357603 0.0440748 0.0393528 0.0415337 0.0426505 0.0417745 0.0415426 0.0395673 0.0397843 0.0358981 0.0294867 0.0339592 0.0376448 0.0313479 0.0311228 0.0328593 0.0342957 0.0343124 0.0311897 0.0311878 0.0317073 0.0339635 0.0347147 0.0292798 0.0292469 0.0327371 0.0354604 0.0316838 0.0357116 0.0296349 0.0294899 0.0344928 0.0340724 0.0340841 
pop1.indv11 0.0259238 0.0292869 0.0237312 0.0219334 0.0277463 0.0255320 0.0237849 0.0245844 0.0250322 0.0299921 0.0000000 0.0288206 0.0249889 0.0276221 0.0263762 0.0272538 0.0264471 0.0270371 0.0248603 0.0246182 0.0217045 0.0262022 0.0224098 0.0300657 0.0323155 0.0335317 0.0332039 0.0325915 0.0342630 0.0341607 0.0303421 0.0385143 0.0293737 0.0297325 0.0347945 0.0319099 0.0392935 0.0293166 0.0334409 0.0345029 0.0327754 0.0294732 0.0363683 0.0364721 0.0323942 0.0350803 0.0332803 0.0297013 0.0352828 0.0281770 0.0263641 0.0277777 0.0254683 0.0283747 0.0264818 0.0261322 0.0292334 0.0266815 0.0296136 0.0261408 0.0254046 0.0278218 0.0284621 0.0277797 0.0286626 0.0254695 0.0289312 0.0275859 0.0244862 0.0287134 0.0267333 0.0275874 0.0252428 0.0259361 0.0280271 
pop1.indv12 0.0263262 0.0298545 0.0286071 0.0265045 0.0279511 0.0279829 0.0303702 0.0322236 0.0317347 0.0285602 0.0288206 0.0000000 0.0264491 0.0304923 0.0253884 0.0291038 0.0254820 0.0219330 0.0288033 0.0270771 0.0233760 0.0254491 0.0232475 0.0281738 0.0297558 0.0348485 0.0294718 0.0342519 0.0323693 0.0336353 0.0319107 0.0365781 0.0289155 0.0325775 0.0350394 0.0365407 0.0374019 0.0301273 0.0361528 0.0351266 0.0354997 0.0344033 0.0366710 0.0314735 0.0385900 0.0386398 0.0354572 0.0332371 0.0369979 0.0315962 0.0327898 0.0272098 0.0269719 0.0265889 0.0238255 0.0333059 0.0241668 0.0302085 0.0265842 0.0264042 0.0259619 0.0339867 0.0263196 0.0323813 0.0323374 0.0289146 0.0307593 0.0327980 0.0297414 0.0302477 0.0290813 0.0271454 0.0298043 0.0314925 0.0269629 
pop1.indv13 0.0255566 0.0322328 0.0304970 0.0245530 0.0288621 0.0322720 0.0303093 0.0279116 0.0278138 0.0342872 0.0249889 0.0264491 0.0000000 0.0284622 0.0267225 0.0281827 0.0271589 0.0275842 0.0309053 0.0256099 0.0277521 0.0255383 0.0259707 0.0312249 0.0319878 0.0331296 0.0345935 0.0327556 0.0376886 0.0346470 0.0322393 0.0402778 0.0309141 0.0324170 0.0316664 0.0317584 0.0318576 0.0369433 0.0343096 0.0361206 0.0328209 0.0334623 0.0393253 0.0352486 0.0320318 0.0365849 0.0382182 0.0383421 0.0371832 0.0323637 0.0336992 0.0277206 0.0279881 0.0263470 0.0245471 0.0290244 0.0274150 0.0331507 0.0278430 0.0306450 0.0330029 0.0342829 0.0311860 0.0326436 0.0305429 0.0265252 0.0325674 0.0284917 0.0265715 0.0292554 0.0273155 0.0284190 0.0299628 0.0272185 0.0269934 
pop1.indv14 0.0277773 0.0270369 0.0271185 0.0297866 0.0264736 0.0297536 0.0304234 0.0324993 0.0287015 0.0276626 0.0276221 0.0304923 0.0284622 0.0000000 0.0295110 0.0325448 0.0285117 0.0267569 0.0274091 0.0256793 0.0286756 0.0316835 0.0234177 0.0305873 0.0270534 0.0398398 0.0343457 0.0320441 0.0348614 0.0369350 0.0401422 0.0402789 0.0420098 0.0361973 0.0393010 0.0381844 0.0374742 0.0349929 0.0359049 0.0406753 0.0329738 0.0399041 0.0364349 0.0342412 0.0364120 0.0417552 0.0409660 0.0380155 0.0339751 0.0351156 0.0319699 0.0286331 0.0278147 0.0314730 0.0271256 0.0276203 0.0293419 0.0303283 0.0288953 0.0326358 0.0343319 0.0252219 0.0293657 0.0308286 0.0313855 0.0297184 0.0308854 0.0297658 0.0251698 0.0302177 0.0251938 0.0264175 0.0295442 0.0319279 0.0341337 
pop1.indv15 0.0291869 0.0288743 0.0271621 0.0254757 0.0295180 0.0271421 0.0237984 0.0303148 0.0232028 0.0266997 0.0263762 0.0253884 0.0267225 0.0295110 0.0000000 0.0250401 0.0287963 0.0299504 0.0322650 0.0279286 0.0232676 0.0267627 0.0232453 0.0298050 0.0293358 0.0322682 0.0335258 0.0365298 0.0350264 0.0342546 0.0345833 0.0391707 0.0333803 0.0381669 0.0342237 0.0412636 0.0372038 0.0336770 0.0367799 0.0378720 0.0315281 0.0331640 0.0382941 0.0351733 0.0383802 0.0399706 0.0372581 0.0348296 0.0368943 0.0342939 0.0314847 0.0274452 0.0260024 0.0315534 0.0282232 0.0271110 0.0291096 0.0262725 0.0277453 0.0276628 0.0282501 0.0296679 0.0272172 0.0263250 0.0290272 0.0260753 0.0344186 0.0286887 0.0262121 0.0269207 0.0237335 0.0277356 0.0273218 0.0303050 0.0298296 
pop1.indv16 0.0276703 0.0265406 0.0275906 0.0251159 0.0271917 0.0298066 0.0258188 0.0277215 0.0257678 0.0303562 0.0272538 0.0291038 0.0281827 0.0325448 0.0250401 0.0000000 0.0286647 0.0259975 0.0277940 0.0284613 0.0257300 0.0253974 0.0228860 0.0279825 0.0262995 0.0309018 0.0365627 0.0314062 0.0346224 0.0370588 0.0331427 0.0408704 0.0382986 0.0348018 0.0410421 0.0328663 0.0372316 0.0329594 0.0363410 0.0357698 0.0312146 0.0339601 0.0359509 0.0376324 0.0342050 0.0370139 0.0367272 0.0339373 0.0399466 0.0276708 0.0286165 0.0258662 0.0250852 0.0279288 0.0284121 0.0270610 0.0277642 0.0301087 0.0241028 0.0300392 0.0314514 0.0330903 0.0312209 0.0306942 0.0269534 0.0260542 0.0303719 0.0308908 0.0271684 0.0261499 0.0296370 0.0285865 0.0284976 0.0312875 0.0281659 
pop1.indv17 0.0247108 0.0302968 0.0244439 0.0262860 0.0259920 0.0281515 0.0266544 0.0289274 0.0278904 0.0333728 0.0264471 0.0254820 0.0271589 0.0285117 0.0287963 0.0286647 0.0000000 0.0257460 0.0306402 0.0287222 0.0300264 0.0303995 0.0238061 0.0292835 0.0269268 0.0313549 0.0340336 0.0315617 0.0377663 0.0375191 0.0362091 0.0354753 0.0335812 0.0338275 0.0363696 0.0375650 0.0334312 0.0335339 0.0345375 0.0368836 0.0335625 0.0328123 0.0367119 0.0308505 0.0355017 0.0347778 0.0361003 0.0359804 0.0351089 0.0363004 0.0314344 0.0273756 0.0244416 0.0278499 0.0268858 0.0294791 0.0268359 0.0309000 0.0276786 0.0286958 0.0318313 0.0290080 0.0253796 0.0276476 0.0320290 0.0289446 0.0331370 0.0297973 0.0246127 0.0313914 0.0272647 0.0319943 0.0272335 0.0291187 0.0300019 
pop1.indv18 0.0262429 0.0280883 0.0259530 0.0251611 0.0266513 0.0256197 0.0243836 0.0284523 0.0245895 0.0284056 0.0270371 0.0219330 0.0275842 0.0267569 0.0299504 0.0259975 0.0257460 0.0000000 0.0292806 0.0268121 0.0244971 0.0276491 0.0225583 0.0237005 0.0278288 0.0320446 0.0315785 0.0320089 0.0363396 0.0315588 0.0344185 0.0399285 0.0347007 0.0355972 0.0334363 0.0327295 0.0357469 0.0368895 0.0355379 0.0342391 0.0332855 0.0309048 0.0356620 0.0373902 0.0376510 0.0329099 0.0377753 0.0363257 0.0342646 0.0303561 0.0307815 0.0260856 0.0251759 0.0258424 0.0232146 0.0273269 0.0243983 0.0267250 0.0289393 0.0309959 0.0274066 0.0280960 0.0331379 0.0310826 0.0304821 0.0277645 0.0310547 0.0335003 0.0267651 0.0292411 0.0270641 0.0265445 0.0297617 0.0293173 0.0302875 
pop1.indv19 0.0279745 0.0289150 0.0254740 0.0292608 0.0262311 0.0274740 0.0257405 0.0278239 0.0269070 0.0284289 0.0248603 0.0288033 0.0309053 0.0274091 0.0322650 0.0277940 0.0306402 0.0292806 0.0000000 0.0270487 0.0269177 0.0245509 0.0231820 0.0281721 0.0303116 0.0305823 0.0329847 0.0337211 0.0317543 0.0331855 0.0316644 0.0402792 0.0325405 0.0365500 0.0341164 0.0351235 0.0340188 0.0370263 0.0382072 0.0380386 0.0311773 0.0335279 0.0394577 0.0337019 0.0310530 0.0389244 0.0379800 0.0370075 0.0397800 0.0310707 0.0341237 0.0279183 0.0260329 0.0264653 0.0281085 0.0306641 0.0272689 0.0311987 0.0269764 0.0270557 0.0274840 0.0304898 0.0294478 0.0312414 0.0279319 0.0276249 0.0324152 0.0289143 0.0277949 0.0274393 0.0275524 0.0292734 0.0287678 0.0313104 0.0282190 
pop1.indv20 0.0245510 0.0300757 0.0261024 0.0234675 0.0249604 0.0274539 0.0262180 0.0312870 0.0304097 0.0298205 0.0246182 0.0270771 0.0256099 0.0256793 0.0279286 0.0284613 0.0287222 0.0268121 0.0270487 0.0000000 0.0237337 0.0279196 0.0201628 0.0277321 0.0287901 0.0305657 0.0319920 0.0357180 0.0314032 0.0359458 0.0374252 0.0395892 0.0343287 0.0331200 0.0302184 0.0364396 0.0316843 0.0324318 0.0372008 0.0339223 0.0313808 0.0282998 0.0351203 0.0351572 0.0339031 0.0357527 0.0343769 0.0364852 0.0348643 0.0324072 0.0290550 0.0269346 0.0240140 0.0268518 0.0267367 0.0327678 0.0254340 0.0270779 0.0263642 0.0273969 0.0306238 0.0287686 0.0285242 0.0300003 0.0299781 0.0286135 0.0300161 0.0288525 0.0248845 0.0290395 0.0242230 0.0303342 0.0279395 0.0300659 0.0285727 
pop1.indv21 0.0243431 0.0279453 0.0274653 0.0277751 0.0259231 0.0254704 0.0251960 0.0279445 0.0272355 0.0240504 0.0217045 0.0233760 0.0277521 0.0286756 0.0232676 0.0257300 0.0300264 0.0244971 0.0269177 0.0237337 0.0000000 0.0240711 0.0234718 0.0314526 0.0297581 0.0313516 0.0341247 0.0310716 0.0303717 0.0380004 0.0320233 0.0377749 0.0334985 0.0297783 0.0337809 0.0308735 0.0339857 0.0326874 0.0348323 0.0374573 0.0332254 0.0333827 0.0341173 0.0345775 0.0307172 0.0375269 0.0302871 0.0349584 0.0320067 0.0321801 0.0276692 0.0230179 0.0228227 0.0271720 0.0223993 0.0251815 0.0276122 0.0292216 0.0230844 0.0289068 0.0290217 0.0286864 0.0257771 0.0302002 0.0275462 0.0264135 0.0299108 0.0292132 0.0268350 0.0266211 0.0266199 0.0271888 0.0264444 0.0256184 0.0334189 
pop1.indv22 0.0272023 0.0279731 0.0270939 0.0277400 0.0270813 0.0308373 0.0291373 0.0256683 0.0263023 0.0328779 0.0262022 0.0254491 0.0255383 0.0316835 0.0267627 0.0253974 0.0303995 0.0276491 0.0245509 0.0279196 0.0240711 0.0000000 0.0230380 0.0294381 0.0351217 0.0328466 0.0339127 0.0307985 0.0346436 0.0403442 0.0350817 0.0400587 0.0303501 0.0336406 0.0355297 0.0364864 0.0365168 0.0363479 0.0366959 0.0395353 0.0342607 0.0306429 0.0369044 0.0387809 0.0338376 0.0384177 0.0335137 0.0348124 0.0360069 0.0325413 0.0312034 0.0255784 0.0270377 0.0256158 0.0270962 0.0306976 0.0266781 0.0321181 0.0282069 0.0309630 0.0299963 0.0308347 0.0288597 0.0327069 0.0269835 0.0241158 0.0299298 0.0285287 0.0277588 0.0278983 0.0276309 0.0278553 0.0302603 0.0290909 0.0308332 
pop1.indv23 0.0235934 0.0265554 0.0202530 0.0235868 0.0238851 0.0218842 0.0222335 0.0257067 0.0252260 0.0286830 0.0224098 0.0232475 0.0259707 0.0234177 0.0232453 0.0228860 0.0238061 0.0225583 0.0231820 0.0201628 0.0234718 0.0230380 0.0000000 0.0250938 0.0277524 0.0300961 0.0298236 0.0266222 0.0298231 0.0309104 0.0326645 0.0351493 0.0312997 0.0329241 0.0301699 0.0273243 0.0326987 0.0278710 0.0317492 0.0280168 0.0322966 0.0305495 0.0313118 0.0327446 0.0277479 0.0346758 0.0336656 0.0325359 0.0319702 0.0280726 0.0258940 0.0217412 0.0212115 0.0228043 0.0241739 0.0259787 0.0274761 0.0270243 0.0237917 0.0261236 0.0256142 0.0264387 0.0263667 0.0248661 0.0236808 0.0221009 0.0289725 0.0239241 0.0233829 0.0255684 0.0255544 0.0217121 0.0223354 0.0263643 0.0286555 
pop1.indv24 0.0293533 0.0306025 0.0293989 0.0251793 0.0290828 0.0315320 0.0255052 0.0314206 0.0331175 0.0351121 0.0300657 0.0281738 0.0312249 0.0305873 0.0298050 0.0279825 0.0292835 0.0237005 0.0281721 0.0277321 0.0314526 0.0294381 0.0250938 0.0000000 0.0342204 0.0315555 0.0321637 0.0339703 0.0338665 0.0346395 0.0306597 0.0443638 0.0370619 0.0322105 0.0322539 0.0324251 0.0348106 0.0371745 0.0352499 0.0413613 0.0385842 0.0347344 0.0354926 0.0314254 0.0343001 0.0386356 0.0397254 0.0306858 0.0392352 0.0304329 0.0316107 0.0277719 0.0276683 0.0271546 0.0288102 0.0299885 0.0325707 0.0301941 0.0285982 0.0295350 0.0323358 0.0290196 0.0310670 0.0310902 0.0311738 0.0285866 0.0297753 0.0304881 0.0293569 0.0339477 0.0319298 0.0299145 0.0291463 0.0325873 0.0295361 
pop1.indv25 0.0256829 0.0299529 0.0300672 0.0323425 0.0318365 0.0311803 0.0281482 0.0331717 0.0296155 0.0325649 0.0323155 0.0297558 0.0319878 0.0270534 0.0293358 0.0262995 0.0269268 0.0278288 0.0303116 0.0287901 0.0297581 0.0351217 0.0277524 0.0342204 0.0000000 0.0321469 0.0352014 0.0350490 0.0358984 0.0387762 0.0379413 0.0421749 0.0355481 0.0382901 0.0337836 0.0344220 0.0342090 0.0342482 0.0363807 0.0362852 0.0312286 0.0318058 0.0383856 0.0388716 0.0343242 0.0356734 0.0366365 0.0392391 0.0365223 0.0307233 0.0347832 0.0299905 0.0251097 0.0308498 0.0300630 0.0295075 0.0294260 0.0316091 0.0305929 0.0309582 0.0280122 0.0324734 0.0290266 0.0359770 0.0318415 0.0312790 0.0327301 0.0339097 0.0302823 0.0350395 0.0261703 0.0299146 0.0276161 0.0349497 0.0336080 
pop2.indv1  0.0319854 0.0325546 0.0314319 0.0328410 0.0280678 0.0393229 0.0330841 0.0323742 0.0327793 0.0377691 0.0335317 0.0348485 0.0331296 0.0398398 0.0322682 0.0309018 0.0313549 0.0320446 0.0305823 0.0305657 0.0313516 0.0328466 0.0300961 0.0315555 0.0321469 0.0000000 0.0214638 0.0231903 0.0255085 0.0287982 0.0242424 0.0353503 0.0270530 0.0285371 0.0281440 0.0276820 0.0277201 0.0229784 0.0284307 0.0250397 0.0291349 0.0231560 0.0267602 0.0284552 0.0222354 0.0241950 0.0275551 0.0191091 0.0261224 0.0253915 0.0324910 0.0275521 0.0288856 0.0308960 0.0318576 0.0359515 0.0309518 0.0337830 0.0306777 0.0295373 0.0353994 0.0319183 0.0315965 0.0346172 0.0337443 0.0330732 0.0318487 0.0337559 0.0317461 0.0290556 0.0274567 0.0298414 0.0286581 0.0297946 0.0324483 
pop2.indv2  0.0345414 0.0354860 0.0316793 0.0314270 0.0332777 0.0340992 0.0361257 0.0371631 0.0335231 0.0399810 0.0332039 0.0294718 0.0345935 0.0343457 0.0335258 0.0365627 0.0340336 0.0315785 0.0329847 0.0319920 0.0341247 0.0339127 0.0298236 0.0321637 0.0352014 0.0214638 0.0000000 0.0259471 0.0268813 0.0288006 0.0281722 0.0326876 0.0296563 0.0270426 0.0272959 0.0267984 0.0294001 0.0284508 0.0248400 0.0304688 0.0258453 0.0208021 0.0286172 0.0288670 0.0255555 0.0315851 0.0286480 0.0272499 0.0280666 0.0249370 0.0379562 0.0323359 0.0272312 0.0330551 0.0341282 0.0377394 0.0338236 0.0345233 0.0330242 0.0323124 0.0347964 0.0349586 0.0322274 0.0335491 0.0365216 0.0291091 0.0331858 0.0329700 0.0306524 0.0289473 0.0270757 0.0335293 0.0300781 0.0333832 0.0354670 
pop2.indv3  0.0282348 0.0342613 0.0334937 0.0339055 0.0292142 0.0322735 0.0327722 0.0317626 0.0352366 0.0373051 0.0325915 0.0342519 0.0327556 0.0320441 0.0365298 0.0314062 0.0315617 0.0320089 0.0337211 0.0357180 0.0310716 0.0307985 0.0266222 0.0339703 0.0350490 0.0231903 0.0259471 0.0000000 0.0269440 0.0266183 0.0294545 0.0288349 0.0280650 0.0245003 0.0244959 0.0258560 0.0298088 0.0291096 0.0280541 0.0277151 0.0260577 0.0249748 0.0274634 0.0252290 0.0258825 0.0262142 0.0301815 0.0234934 0.0276717 0.0274105 0.0356213 0.0305686 0.0312021 0.0354063 0.0329907 0.0356085 0.0332614 0.0341886 0.0322629 0.0314974 0.0346248 0.0364743 0.0346825 0.0365400 0.0346712 0.0339236 0.0367291 0.0336079 0.0306873 0.0298302 0.0299594 0.0312848 0.0307421 0.0355061 0.0369469 
pop2.indv4  0.0303876 0.0326890 0.0353417 0.0354078 0.0333479 0.0407964 0.0315097 0.0382152 0.0370280 0.0373579 0.0342630 0.0323693 0.0376886 0.0348614 0.0350264 0.0346224 0.0377663 0.0363396 0.0317543 0.0314032 0.0303717 0.0346436 0.0298231 0.0338665 0.0358984 0.0255085 0.0268813 0.0269440 0.0000000 0.0313380 0.0283293 0.0308847 0.0324126 0.0311016 0.0245104 0.0262390 0.0270353 0.0266153 0.0275704 0.0342307 0.0294571 0.0283658 0.0285149 0.0308854 0.0272187 0.0278252 0.0313939 0.0275318 0.0261620 0.0270747 0.0341099 0.0354878 0.0286724 0.0340402 0.0345880 0.0377666 0.0345158 0.0373595 0.0305802 0.0317092 0.0350851 0.0337221 0.0362079 0.0354342 0.0361204 0.0332957 0.0366208 0.0351389 0.0378888 0.0356494 0.0328310 0.0364995 0.0285091 0.0307206 0.0444886 
pop2.indv5  0.0378179 0.0394047 0.0349384 0.0345311 0.0369484 0.0373066 0.0367082 0.0364289 0.0348140 0.0422701 0.0341607 0.0336353 0.0346470 0.0369350 0.0342546 0.0370588 0.0375191 0.0315588 0.0331855 0.0359458 0.0380004 0.0403442 0.0309104 0.0346395 0.0387762 0.0287982 0.0288006 0.0266183 0.0313380 0.0000000 0.0264078 0.0366903 0.0307950 0.0301497 0.0266531 0.0269994 0.0275250 0.0290275 0.0291626 0.0298651 0.0315886 0.0242424 0.0303943 0.0285001 0.0281046 0.0291534 0.0299916 0.0284077 0.0301158 0.0253377 0.0397462 0.0371783 0.0344271 0.0390103 0.0322307 0.0407562 0.0305838 0.0364293 0.0340146 0.0378326 0.0378598 0.0386527 0.0416679 0.0404181 0.0391836 0.0358709 0.0352863 0.0402941 0.0343124 0.0367862 0.0350204 0.0361171 0.0366393 0.0353620 0.0395401 
pop2.indv6  0.0377956 0.0356060 0.0314368 0.0314267 0.0355047 0.0360985 0.0371501 0.0334853 0.0403183 0.0406232 0.0303421 0.0319107 0.0322393 0.0401422 0.0345833 0.0331427 0.0362091 0.0344185 0.0316644 0.0374252 0.0320233 0.0350817 0.0326645 0.0306597 0.0379413 0.0242424 0.0281722 0.0294545 0.0283293 0.0264078 0.0000000 0.0354632 0.0310458 0.0282745 0.0268894 0.0282531 0.0291490 0.0307200 0.0296581 0.0316107 0.0263807 0.0219788 0.0250685 0.0313392 0.0241702 0.0320638 0.0255274 0.0239733 0.0277720 0.0266871 0.0343927 0.0324062 0.0323171 0.0359054 0.0321868 0.0402235 0.0334689 0.0345420 0.0343856 0.0374949 0.0342896 0.0400211 0.0374738 0.0356190 0.0349145 0.0403905 0.0352688 0.0404316 0.0345262 0.0337579 0.0323752 0.0309676 0.0343451 0.0314117 0.0359370 
pop2.indv7  0.0361634 0.0430264 0.0357155 0.0372774 0.0409359 0.0373680 0.0378824 0.0401386 0.0422245 0.0422163 0.0385143 0.0365781 0.0402778 0.0402789 0.0391707 0.0408704 0.0354753 0.0399285 0.0402792 0.0395892 0.0377749 0.0400587 0.0351493 0.0443638 0.0421749 0.0353503 0.0326876 0.0288349 0.0308847 0.0366903 0.0354632 0.0000000 0.0315432 0.0298408 0.0298010 0.0300496 0.0341719 0.0335600 0.0360000 0.0377340 0.0296234 0.0264978 0.0335819 0.0327141 0.0298478 0.0325943 0.0350510 0.0293035 0.0323683 0.0293691 0.0429129 0.0384395 0.0341006 0.0360461 0.0431152 0.0419964 0.0405382 0.0427309 0.0410330 0.0393956 0.0381122 0.0454282 0.0421445 0.0439005 0.0451897 0.0419471 0.0385723 0.0403830 0.0404022 0.0433901 0.0358745 0.0404188 0.0371985 0.0367088 0.0423191 
pop2.indv8  0.0348752 0.0355132 0.0366077 0.0338393 0.0397209 0.0391884 0.0350893 0.0366601 0.0394381 0.0393724 0.0293737 0.0289155 0.0309141 0.0420098 0.0333803 0.0382986 0.0335812 0.0347007 0.0325405 0.0343287 0.0334985 0.0303501 0.0312997 0.0370619 0.0355481 0.0270530 0.0296563 0.0280650 0.0324126 0.0307950 0.0310458 0.0315432 0.0000000 0.0273136 0.0305862 0.0257188 0.0262563 0.0275689 0.0272418 0.0344835 0.0292408 0.0267416 0.0294517 0.0314267 0.0273673 0.0318995 0.0327181 0.0299179 0.0307352 0.0264728 0.0340225 0.0334512 0.0325825 0.0342891 0.0329171 0.0356345 0.0336747 0.0344553 0.0365038 0.0357922 0.0324224 0.0373317 0.0369811 0.0336610 0.0387480 0.0361889 0.0373485 0.0337755 0.0376368 0.0319535 0.0337741 0.0359788 0.0332494 0.0323403 0.0382241 
pop2.indv9  0.0340897 0.0362085 0.0331406 0.0334666 0.0319328 0.0369734 0.0307794 0.0340487 0.0359834 0.0365838 0.0297325 0.0325775 0.0324170 0.0361973 0.0381669 0.0348018 0.0338275 0.0355972 0.0365500 0.0331200 0.0297783 0.0336406 0.0329241 0.0322105 0.0382901 0.0285371 0.0270426 0.0245003 0.0311016 0.0301497 0.0282745 0.0298408 0.0273136 0.0000000 0.0254474 0.0267149 0.0298634 0.0279070 0.0251532 0.0318536 0.0270671 0.0271159 0.0286560 0.0286820 0.0273269 0.0276727 0.0301013 0.0307612 0.0280870 0.0225954 0.0343008 0.0368945 0.0321926 0.0346109 0.0341814 0.0379882 0.0263864 0.0362816 0.0314271 0.0354449 0.0337358 0.0342894 0.0359948 0.0329558 0.0376990 0.0311892 0.0320233 0.0375853 0.0323477 0.0368900 0.0351913 0.0346031 0.0298939 0.0388299 0.0390447 
pop2.indv10 0.0340838 0.0380553 0.0335179 0.0364686 0.0323838 0.0348432 0.0346027 0.0402568 0.0406344 0.0410219 0.0347945 0.0350394 0.0316664 0.0393010 0.0342237 0.0410421 0.0363696 0.0334363 0.0341164 0.0302184 0.0337809 0.0355297 0.0301699 0.0322539 0.0337836 0.0281440 0.0272959 0.0244959 0.0245104 0.0266531 0.0268894 0.0298010 0.0305862 0.0254474 0.0000000 0.0287705 0.0288486 0.0315616 0.0315022 0.0323965 0.0304895 0.0277721 0.0254025 0.0297582 0.0263479 0.0274269 0.0276394 0.0266105 0.0305256 0.0280655 0.0378445 0.0378483 0.0297647 0.0373972 0.0370204 0.0413705 0.0332508 0.0362607 0.0340111 0.0387431 0.0378489 0.0387887 0.0323573 0.0354554 0.0359483 0.0371394 0.0353577 0.0375107 0.0364704 0.0340850 0.0354793 0.0315552 0.0322402 0.0364890 0.0370660 
pop2.indv11 0.0375092 0.0349395 0.0365776 0.0328619 0.0366450 0.0356451 0.0311776 0.0400895 0.0390645 0.0357204 0.0319099 0.0365407 0.0317584 0.0381844 0.0412636 0.0328663 0.0375650 0.0327295 0.0351235 0.0364396 0.0308735 0.0364864 0.0273243 0.0324251 0.0344220 0.0276820 0.0267984 0.0258560 0.0262390 0.0269994 0.0282531 0.0300496 0.0257188 0.0267149 0.0287705 0.0000000 0.0292906 0.0250135 0.0274280 0.0311802 0.0284708 0.0257366 0.0229878 0.0294819 0.0282736 0.0285593 0.0290268 0.0251290 0.0324284 0.0259342 0.0342466 0.0349296 0.0286206 0.0365328 0.0345581 0.0342239 0.0331364 0.0386772 0.0331420 0.0361725 0.0370508 0.0372782 0.0377254 0.0397148 0.0353089 0.0327887 0.0357598 0.0317040 0.0353302 0.0380234 0.0334031 0.0346278 0.0355651 0.0355773 0.0382675 
pop2.indv12 0.0363128 0.0351024 0.0381193 0.0390750 0.0355399 0.0394652 0.0411820 0.0372228 0.0385744 0.0453565 0.0392935 0.0374019 0.0318576 0.0374742 0.0372038 0.0372316 0.0334312 0.0357469 0.0340188 0.0316843 0.0339857 0.0365168 0.0326987 0.0348106 0.0342090 0.0277201 0.0294001 0.0298088 0.0270353 0.0275250 0.0291490 0.0341719 0.0262563 0.0298634 0.0288486 0.0292906 0.0000000 0.0291391 0.0260652 0.0321735 0.0332706 0.0273740 0.0260376 0.0286670 0.0273974 0.0350000 0.0323599 0.0305900 0.0260862 0.0279498 0.0367167 0.0351192 0.0332851 0.0326456 0.0346784 0.0383528 0.0323246 0.0352463 0.0317323 0.0384633 0.0350164 0.0370273 0.0374919 0.0385893 0.0386474 0.0347774 0.0360459 0.0355779 0.0379260 0.0354344 0.0332623 0.0364309 0.0340032 0.0353176 0.0398291 
pop2.indv13 0.0304733 0.0350247 0.0336387 0.0334184 0.0340102 0.0398714 0.0332640 0.0356246 0.0352159 0.0359563 0.0293166 0.0301273 0.0369433 0.0349929 0.0336770 0.0329594 0.0335339 0.0368895 0.0370263 0.0324318 0.0326874 0.0363479 0.0278710 0.0371745 0.0342482 0.0229784 0.0284508 0.0291096 0.0266153 0.0290275 0.0307200 0.0335600 0.0275689 0.0279070 0.0315616 0.0250135 0.0291391 0.0000000 0.0290453 0.0315084 0.0287647 0.0260153 0.0309433 0.0276168 0.0267154 0.0268540 0.0296958 0.0298445 0.0320249 0.0275634 0.0368013 0.0329613 0.0311884 0.0377236 0.0310209 0.0374499 0.0327230 0.0341820 0.0312301 0.0327503 0.0378389 0.0406385 0.0371735 0.0356186 0.0388473 0.0319674 0.0404246 0.0365521 0.0309777 0.0353369 0.0321648 0.0342335 0.0350215 0.0363289 0.0363588 
pop2.indv14 0.0343024 0.0400953 0.0335759 0.0324648 0.0408219 0.0390719 0.0301357 0.0375638 0.0347400 0.0373025 0.0334409 0.0361528 0.0343096 0.0359049 0.0367799 0.0363410 0.0345375 0.0355379 0.0382072 0.0372008 0.0348323 0.0366959 0.0317492 0.0352499 0.0363807 0.0284307 0.0248400 0.0280541 0.0275704 0.0291626 0.0296581 0.0360000 0.0272418 0.0251532 0.0315022 0.0274280 0.0260652 0.0290453 0.0000000 0.0317538 0.0336655 0.0293801 0.0272616 0.0302792 0.0266526 0.0305507 0.0310968 0.0284437 0.0314860 0.0265887 0.0381797 0.0366416 0.0338977 0.0348841 0.0366798 0.0369203 0.0302521 0.0373539 0.0352094 0.0306294 0.0402971 0.0351324 0.0379418 0.0388153 0.0368406 0.0360209 0.0367449 0.0366418 0.0357373 0.0380569 0.0329431 0.0321122 0.0330788 0.0329708 0.0408152 
pop2.indv15 0.0390494 0.0344957 0.0418913 0.0393802 0.0392497 0.0410158 0.0390831 0.0356614 0.0359341 0.0410030 0.0345029 0.0351266 0.0361206 0.0406753 0.0378720 0.0357698 0.0368836 0.0342391 0.0380386 0.0339223 0.0374573 0.0395353 0.0280168 0.0413613 0.0362852 0.0250397 0.0304688 0.0277151 0.0342307 0.0298651 0.0316107 0.0377340 0.0344835 0.0318536 0.0323965 0.0311802 0.0321735 0.0315084 0.0317538 0.0000000 0.0289010 0.0310485 0.0316037 0.0267558 0.0318141 0.0327544 0.0337707 0.0348533 0.0368868 0.0308372 0.0356408 0.0366401 0.0354143 0.0393636 0.0376837 0.0401864 0.0339754 0.0380384 0.0340499 0.0384105 0.0400239 0.0407689 0.0391711 0.0358133 0.0390906 0.0353853 0.0398347 0.0389757 0.0359903 0.0364008 0.0345526 0.0368627 0.0325562 0.0362717 0.0381410 
pop2.indv16 0.0294673 0.0364257 0.0341837 0.0331884 0.0310664 0.0365644 0.0324175 0.0357722 0.0369846 0.0387566 0.0327754 0.0354997 0.0328209 0.0329738 0.0315281 0.0312146 0.0335625 0.0332855 0.0311773 0.0313808 0.0332254 0.0342607 0.0322966 0.0385842 0.0312286 0.0291349 0.0258453 0.0260577 0.0294571 0.0315886 0.0263807 0.0296234 0.0292408 0.0270671 0.0304895 0.0284708 0.0332706 0.0287647 0.0336655 0.0289010 0.0000000 0.0259680 0.0296106 0.0313429 0.0265053 0.0266041 0.0264431 0.0286126 0.0274275 0.0260335 0.0356174 0.0328852 0.0310288 0.0369940 0.0286724 0.0345258 0.0326035 0.0344694 0.0358825 0.0331621 0.0384573 0.0372951 0.0345192 0.0362101 0.0401145 0.0388118 0.0328181 0.0340555 0.0350994 0.0386925 0.0344388 0.0299057 0.0362183 0.0310395 0.0377484 
pop2.indv17 0.0344875 0.0380728 0.0327709 0.0332191 0.0343205 0.0342162 0.0324531 0.0378183 0.0339297 0.0357603 0.0294732 0.0344033 0.0334623 0.0399041 0.0331640 0.0339601 0.0328123 0.0309048 0.0335279 0.0282998 0.0333827 0.0306429 0.0305495 0.0347344 0.0318058 0.0231560 0.0208021 0.0249748 0.0283658 0.0242424 0.0219788 0.0264978 0.0267416 0.0271159 0.0277721 0.0257366 0.0273740 0.0260153 0.0293801 0.0310485 0.0259680 0.0000000 0.0298989 0.0260978 0.0252923 0.0311859 0.0291713 0.0260171 0.0320330 0.0231411 0.0360520 0.0339647 0.0309366 0.0379822 0.0303700 0.0347921 0.0324757 0.0377795 0.0314861 0.0347696 0.0361828 0.0387531 0.0373852 0.0389915 0.0375085 0.0304694 0.0338594 0.0351978 0.0340448 0.0361710 0.0277678 0.0349373 0.0324320 0.0330407 0.0380035 
pop2.indv18 0.0382355 0.0340048 0.0365098 0.0398586 0.0367421 0.0366332 0.0328136 0.0356410 0.0424545 0.0440748 0.0363683 0.0366710 0.0393253 0.0364349 0.0382941 0.0359509 0.0367119 0.0356620 0.0394577 0.0351203 0.0341173 0.0369044 0.0313118 0.0354926 0.0383856 0.0267602 0.0286172 0.0274634 0.0285149 0.0303943 0.0250685 0.0335819 0.0294517 0.0286560 0.0254025 0.0229878 0.0260376 0.0309433 0.0272616 0.0316037 0.0296106 0.0298989 0.0000000 0.0292819 0.0274181 0.0280790 0.0301770 0.0258758 0.0322621 0.0273788 0.0368726 0.0349425 0.0340034 0.0337932 0.0364402 0.0383402 0.0306412 0.0340273 0.0321213 0.0389391 0.0363095 0.0368987 0.0409925 0.0348037 0.0356417 0.0367021 0.0374072 0.0376402 0.0327915 0.0345886 0.0351845 0.0354948 0.0346834 0.0367785 0.0386627 
pop2.indv19 0.0352813 0.0324484 0.0327604 0.0342642 0.0344238 0.0400043 0.0350658 0.0385058 0.0361028 0.0393528 0.0364721 0.0314735 0.0352486 0.0342412 0.0351733 0.0376324 0.0308505 0.0373902 0.0337019 0.0351572 0.0345775 0.0387809 0.0327446 0.0314254 0.0388716 0.0284552 0.0288670 0.0252290 0.0308854 0.0285001 0.0313392 0.0327141 0.0314267 0.0286820 0.0297582 0.0294819 0.0286670 0.0276168 0.0302792 0.0267558 0.0313429 0.0260978 0.0292819 0.0000000 0.0308779 0.0327032 0.0297693 0.0249410 0.0299299 0.0250993 0.0354223 0.0333367 0.0299953 0.0364505 0.0330729 0.0351229 0.0266541 0.0324775 0.0316690 0.0361281 0.0333725 0.0359930 0.0332838 0.0374158 0.0439412 0.0307580 0.0340764 0.0356758 0.0330825 0.0371212 0.0319000 0.0346085 0.0324449 0.0366630 0.0335181 
pop2.indv20 0.0342749 0.0382127 0.0344630 0.0338986 0.0388932 0.0345100 0.0372737 0.0319017 0.0400726 0.0415337 0.0323942 0.0385900 0.0320318 0.0364120 0.0383802 0.0342050 0.0355017 0.0376510 0.0310530 0.0339031 0.0307172 0.0338376 0.0277479 0.0343001 0.0343242 0.0222354 0.0255555 0.0258825 0.0272187 0.0281046 0.0241702 0.0298478 0.0273673 0.0273269 0.0263479 0.0282736 0.0273974 0.0267154 0.0266526 0.0318141 0.0265053 0.0252923 0.0274181 0.0308779 0.0000000 0.0266174 0.0284026 0.0279935 0.0297039 0.0252970 0.0349903 0.0323487 0.0299321 0.0373940 0.0340813 0.0396329 0.0328662 0.0360258 0.0342145 0.0322678 0.0353335 0.0343715 0.0364755 0.0367236 0.0343850 0.0351852 0.0350527 0.0350455 0.0325237 0.0363094 0.0317621 0.0367160 0.0335900 0.0327147 0.0318797 
pop2.indv21 0.0360755 0.0342178 0.0379970 0.0368694 0.0387662 0.0411568 0.0388230 0.0351500 0.0379397 0.0426505 0.0350803 0.0386398 0.0365849 0.0417552 0.0399706 0.0370139 0.0347778 0.0329099 0.0389244 0.0357527 0.0375269 0.0384177 0.0346758 0.0386356 0.0356734 0.0241950 0.0315851 0.0262142 0.0278252 0.0291534 0.0320638 0.0325943 0.0318995 0.0276727 0.0274269 0.0285593 0.0350000 0.0268540 0.0305507 0.0327544 0.0266041 0.0311859 0.0280790 0.0327032 0.0266174 0.0000000 0.0310131 0.0288886 0.0320019 0.0286421 0.0361221 0.0322542 0.0315062 0.0354179 0.0343666 0.0385310 0.0348796 0.0370888 0.0375287 0.0369097 0.0384761 0.0401453 0.0376290 0.0372595 0.0407327 0.0367561 0.0405585 0.0368316 0.0417252 0.0389528 0.0313102 0.0331279 0.0348326 0.0334009 0.0378126 
pop2.indv22 0.0366543 0.0368875 0.0382380 0.0362041 0.0353281 0.0342132 0.0383645 0.0404130 0.0390131 0.0417745 0.0332803 0.0354572 0.0382182 0.0409660 0.0372581 0.0367272 0.0361003 0.0377753 0.0379800 0.0343769 0.0302871 0.0335137 0.0336656 0.0397254 0.0366365 0.0275551 0.0286480 0.0301815 0.0313939 0.0299916 0.0255274 0.0350510 0.0327181 0.0301013 0.0276394 0.0290268 0.0323599 0.0296958 0.0310968 0.0337707 0.0264431 0.0291713 0.0301770 0.0297693 0.0284026 0.0310131 0.0000000 0.0286748 0.0313651 0.0264044 0.0407157 0.0344387 0.0318607 0.0400914 0.0322105 0.0364462 0.0332718 0.0403148 0.0380711 0.0339916 0.0392373 0.0375306 0.0359804 0.0354564 0.0406695 0.0348681 0.0335328 0.0420250 0.0366763 0.0357654 0.0367324 0.0354552 0.0347403 0.0388329 0.0376183 
pop2.indv23 0.0343054 0.0372066 0.0345849 0.0324669 0.0343534 0.0365699 0.0354298 0.0331726 0.0403451 0.0415426 0.0297013 0.0332371 0.0383421 0.0380155 0.0348296 0.0339373 0.0359804 0.0363257 0.0370075 0.0364852 0.0349584 0.0348124 0.0325359 0.0306858 0.0392391 0.0191091 0.0272499 0.0234934 0.0275318 0.0284077 0.0239733 0.0293035 0.0299179 0.0307612 0.0266105 0.0251290 0.0305900 0.0298445 0.0284437 0.0348533 0.0286126 0.0260171 0.0258758 0.0249410 0.0279935 0.0288886 0.0286748 0.0000000 0.0312577 0.0252860 0.0376897 0.0349087 0.0297706 0.0350057 0.0335719 0.0357611 0.0363874 0.0365640 0.0344343 0.0346807 0.0359934 0.0347107 0.0351281 0.0370290 0.0377655 0.0360974 0.0364721 0.0347120 0.0345845 0.0317467 0.0322676 0.0360258 0.0365615 0.0363523 0.0334882 
pop2.indv24 0.0352965 0.0305530 0.0353532 0.0333938 0.0322937 0.0418603 0.0362569 0.0361761 0.0365316 0.0395673 0.0352828 0.0369979 0.0371832 0.0339751 0.0368943 0.0399466 0.0351089 0.0342646 0.0397800 0.0348643 0.0320067 0.0360069 0.0319702 0.0392352 0.0365223 0.0261224 0.0280666 0.0276717 0.0261620 0.0301158 0.0277720 0.0323683 0.0307352 0.0280870 0.0305256 0.0324284 0.0260862 0.0320249 0.0314860 0.0368868 0.0274275 0.0320330 0.0322621 0.0299299 0.0297039 0.0320019 0.0313651 0.0312577 0.0000000 0.0236418 0.0370481 0.0373230 0.0322530 0.0351170 0.0322373 0.0419199 0.0340640 0.0356571 0.0410155 0.0350129 0.0375998 0.0354838 0.0402138 0.0386730 0.0396445 0.0337542 0.0380433 0.0363112 0.0361525 0.0360782 0.0337375 0.0335170 0.0333612 0.0337804 0.0384676 
pop2.indv25 0.0337454 0.0348956 0.0322478 0.0318833 0.0334299 0.0344856 0.0309148 0.0324995 0.0346095 0.0397843 0.0281770 0.0315962 0.0323637 0.0351156 0.0342939 0.0276708 0.0363004 0.0303561 0.0310707 0.0324072 0.0321801 0.0325413 0.0280726 0.0304329 0.0307233 0.0253915 0.0249370 0.0274105 0.0270747 0.0253377 0.0266871 0.0293691 0.0264728 0.0225954 0.0280655 0.0259342 0.0279498 0.0275634 0.0265887 0.0308372 0.0260335 0.0231411 0.0273788 0.0250993 0.0252970 0.0286421 0.0264044 0.0252860 0.0236418 0.0000000 0.0362664 0.0316737 0.0250921 0.0296005 0.0279008 0.0325854 0.0291941 0.0344313 0.0326445 0.0320842 0.0330812 0.0352929 0.0311356 0.0344594 0.0319233 0.0362804 0.0342833 0.0352071 0.0303914 0.0349195 0.0310210 0.0306259 0.0306239 0.0294565 0.0314331 
pop3.indv1  0.0344584 0.0265244 0.0355383 0.0337066 0.0325659 0.0352870 0.0293027 0.0338627 0.0351154 0.0358981 0.0263641 0.0327898 0.0336992 0.0319699 0.0314847 0.0286165 0.0314344 0.0307815 0.0341237 0.0290550 0.0276692 0.0312034 0.0258940 0.0316107 0.0347832 0.0324910 0.0379562 0.0356213 0.0341099 0.0397462 0.0343927 0.0429129 0.0340225 0.0343008 0.0378445 0.0342466 0.0367167 0.0368013 0.0381797 0.0356408 0.0356174 0.0360520 0.0368726 0.0354223 0.0349903 0.0361221 0.0407157 0.0376897 0.0370481 0.0362664 0.0000000 0.0282415 0.0282833 0.0297185 0.0271514 0.0328057 0.0290005 0.0323381 0.0295378 0.0315778 0.0332591 0.0361517 0.0337468 0.0349809 0.0297485 0.0324005 0.0315365 0.0321385 0.0311025 0.0303001 0.0276269 0.0275701 0.0294270 0.0338900 0.0303424 
pop3.indv2  0.0290670 0.0252247 0.0297296 0.0284760 0.0265341 0.0273605 0.0261807 0.0288686 0.0307485 0.0294867 0.0277777 0.0272098 0.0277206 0.0286331 0.0274452 0.0258662 0.0273756 0.0260856 0.0279183 0.0269346 0.0230179 0.0255784 0.0217412 0.0277719 0.0299905 0.0275521 0.0323359 0.0305686 0.0354878 0.0371783 0.0324062 0.0384395 0.0334512 0.0368945 0.0378483 0.0349296 0.0351192 0.0329613 0.0366416 0.0366401 0.0328852 0.0339647 0.0349425 0.0333367 0.0323487 0.0322542 0.0344387 0.0349087 0.0373230 0.0316737 0.0282415 0.0000000 0.0234175 0.0275387 0.0268814 0.0295272 0.0302250 0.0307833 0.0295200 0.0268672 0.0295187 0.0309844 0.0311681 0.0322055 0.0319772 0.0255265 0.0262591 0.0301751 0.0305894 0.0307762 0.0276051 0.0263275 0.0283621 0.0303901 0.0267902 
