75
pop1.indv1  0.0000000 0.0267685 0.0306992 0.0322530 0.0326350 0.0294394 0.0284219 0.0310310 0.0336256 0.0326634 0.0284875 0.0306104 0.0360465 0.0321641 0.0348624 0.0306369 0.0254300 0.0295579 0.0346701 0.0302580 0.0291682 0.0290548 0.0264931 0.0280845 0.0332178 0.0345164 0.0288366 0.0286256 0.0285413 0.0297446 0.0319695 0.0322108 0.0271869 0.0282199 0.0335575 0.0302846 0.0330517 0.0303741 0.0349072 0.0298390 0.0280096 0.0261856 0.0276502 0.0324068 0.0310880 0.0293916 0.0313718 0.0285117 0.0319075 0.0291899 0.0316150 0.0311521 0.0322598 0.0299940 0.0334258 0.0312198 0.0346852 0.0322907 0.0306238 0.0308791 0.0325273 0.0312062 0.0308568 0.0311237 0.0329834 0.0345792 0.0357405 0.0321378 0.0298842 0.0282465 0.0290674 0.0316994 0.0303193 0.0335185 0.0298600 
pop1.indv2  0.0267685 0.0000000 0.0311510 0.0274820 0.0301415 0.0285781 0.0327176 0.0312513 0.0337289 0.0330510 0.0250701 0.0336370 0.0276732 0.0303842 0.0327416 0.0297171 0.0301898 0.0274502 0.0339764 0.0327273 0.0306383 0.0278299 0.0297804 0.0230724 0.0303105 0.0312483 0.0259685 0.0288860 0.0327933 0.0290679 0.0280218 0.0302242 0.0295035 0.0286763 0.0326310 0.0308536 0.0293590 0.0292163 0.0331853 0.0282116 0.0252018 0.0265688 0.0322442 0.0347726 0.0355272 0.0297817 0.0323570 0.0301176 0.0318830 0.0288086 0.0283120 0.0336220 0.0305046 0.0327992 0.0273004 0.0261173 0.0314519 0.0301912 0.0312999 0.0306921 0.0346226 0.0328813 0.0313503 0.0299461 0.0300326 0.0291175 0.0359995 0.0313215 0.0297866 0.0305539 0.0329442 0.0309461 0.0322321 0.0329977 0.0277494 
pop1.indv3  0.0306992 0.0311510 0.0000000 0.0298959 0.0283939 0.0270692 0.0299363 0.0279110 0.0357702 0.0278225 0.0303619 0.0322108 0.0322719 0.0270562 0.0285123 0.0283158 0.0311556 0.0287276 0.0307235 0.0316272 0.0345304 0.0320589 0.0290748 0.0256462 0.0327800 0.0399526 0.0254895 0.0264829 0.0300686 0.0316942 0.0311264 0.0343286 0.0315702 0.0279693 0.0287402 0.0317395 0.0316560 0.0297949 0.0366104 0.0300325 0.0301942 0.0298438 0.0324606 0.0303442 0.0317490 0.0324068 0.0349384 0.0272193 0.0293478 0.0301491 0.0323032 0.0289974 0.0306652 0.0284684 0.0301471 0.0308274 0.0336717 0.0368700 0.0282374 0.0333639 0.0298827 0.0394431 0.0304376 0.0302580 0.0321109 0.0300283 0.0311463 0.0291168 0.0309550 0.0309412 0.0342537 0.0350565 0.0307461 0.0295789 0.0322511 
pop1.indv4  0.0322530 0.0274820 0.0298959 0.0000000 0.0285328 0.0289273 0.0287691 0.0286701 0.0345373 0.0351732 0.0247090 0.0290877 0.0274633 0.0315902 0.0326174 0.0284478 0.0272462 0.0268840 0.0306160 0.0347770 0.0290790 0.0287401 0.0293039 0.0241034 0.0304603 0.0319504 0.0326587 0.0304867 0.0286031 0.0315655 0.0311805 0.0363051 0.0234991 0.0254709 0.0283033 0.0330023 0.0311219 0.0306456 0.0375280 0.0315362 0.0321379 0.0328886 0.0332500 0.0333431 0.0317872 0.0300012 0.0318677 0.0350567 0.0310706 0.0320704 0.0318805 0.0313090 0.0314703 0.0260461 0.0276653 0.0320580 0.0327608 0.0360748 0.0287737 0.0277453 0.0329636 0.0304376 0.0281586 0.0327821 0.0332655 0.0301294 0.0346021 0.0285392 0.0251247 0.0288914 0.0247556 0.0344693 0.0295615 0.0290580 0.0331093 
pop1.indv5  0.0326350 0.0301415 0.0283939 0.0285328 0.0000000 0.0262252 0.0302536 0.0294816 0.0335870 0.0318212 0.0282131 0.0299147 0.0294082 0.0305971 0.0333820 0.0308782 0.0267680 0.0332924 0.0319741 0.0298900 0.0311674 0.0283529 0.0310632 0.0281855 0.0346498 0.0323533 0.0302802 0.0306731 0.0308629 0.0338418 0.0313308 0.0318173 0.0318885 0.0309778 0.0298502 0.0304460 0.0264281 0.0355057 0.0365720 0.0325431 0.0283283 0.0325529 0.0365616 0.0357266 0.0281617 0.0339430 0.0282775 0.0277125 0.0320559 0.0328002 0.0313104 0.0307304 0.0292062 0.0287857 0.0292316 0.0317476 0.0347563 0.0364268 0.0306858 0.0286818 0.0319880 0.0301986 0.0295833 0.0279272 0.0319786 0.0316304 0.0328377 0.0281921 0.0267064 0.0302866 0.0312312 0.0311130 0.0282669 0.0251964 0.0319415 
pop1.indv6  0.0294394 0.0285781 0.0270692 0.0289273 0.0262252 0.0000000 0.0291513 0.0329454 0.0317658 0.0342859 0.0275814 0.0279393 0.0330604 0.0303808 0.0357562 0.0298236 0.0293784 0.0256805 0.0301066 0.0338225 0.0348174 0.0239281 0.0300760 0.0291430 0.0331808 0.0326212 0.0278050 0.0258181 0.0279805 0.0320607 0.0294781 0.0317652 0.0303682 0.0283533 0.0392691 0.0314051 0.0286934 0.0372392 0.0321029 0.0336526 0.0294912 0.0282074 0.0343152 0.0344309 0.0307667 0.0301124 0.0291946 0.0318409 0.0315786 0.0293327 0.0336364 0.0368013 0.0297588 0.0271088 0.0304204 0.0279240 0.0343760 0.0354087 0.0289191 0.0297760 0.0323756 0.0320206 0.0320908 0.0314429 0.0342368 0.0298020 0.0344033 0.0307822 0.0267215 0.0249656 0.0324705 0.0369758 0.0323378 0.0327704 0.0323438 
pop1.indv7  0.0284219 0.0327176 0.0299363 0.0287691 0.0302536 0.0291513 0.0000000 0.0288924 0.0346044 0.0333853 0.0304115 0.0311401 0.0305354 0.0323520 0.0333723 0.0329689 0.0314932 0.0333559 0.0300891 0.0278798 0.0330268 0.0234153 0.0302073 0.0303940 0.0334794 0.0384020 0.0313726 0.0317253 0.0342960 0.0354316 0.0297930 0.0367327 0.0309547 0.0327708 0.0391771 0.0341058 0.0333752 0.0289955 0.0328002 0.0294956 0.0298369 0.0324122 0.0323544 0.0319696 0.0364781 0.0329182 0.0362635 0.0313108 0.0316589 0.0346362 0.0329159 0.0288731 0.0359676 0.0334892 0.0306280 0.0307661 0.0342670 0.0358126 0.0315440 0.0321612 0.0334343 0.0354559 0.0314429 0.0365158 0.0327464 0.0330268 0.0344540 0.0318656 0.0259663 0.0331530 0.0316272 0.0337204 0.0360741 0.0341417 0.0340670 
pop1.indv8  0.0310310 0.0312513 0.0279110 0.0286701 0.0294816 0.0329454 0.0288924 0.0000000 0.0372595 0.0331566 0.0293446 0.0299893 0.0303427 0.0299806 0.0327606 0.0296302 0.0312696 0.0271283 0.0297658 0.0268256 0.0312333 0.0303237 0.0327203 0.0249392 0.0359362 0.0331604 0.0352724 0.0322083 0.0315268 0.0356293 0.0286560 0.0326247 0.0281658 0.0305316 0.0283532 0.0312430 0.0291683 0.0337583 0.0380073 0.0333343 0.0280423 0.0338068 0.0305721 0.0272229 0.0368424 0.0330664 0.0357103 0.0318125 0.0327855 0.0303964 0.0351902 0.0306636 0.0324895 0.0304781 0.0273457 0.0333869 0.0339679 0.0313924 0.0329016 0.0351283 0.0346903 0.0348890 0.0306592 0.0321624 0.0325131 0.0334696 0.0357300 0.0343375 0.0281572 0.0316993 0.0306104 0.0366122 0.0346852 0.0303192 0.0311566 
pop1.indv9  0.0336256 0.0337289 0.0357702 0.0345373 0.0335870 0.0317658 0.0346044 0.0372595 0.0000000 0.0357686 0.0294890 0.0340026 0.0339285 0.0348685 0.0301740 0.0337929 0.0271053 0.0294123 0.0314566 0.0332612 0.0366230 0.0289754 0.0329693 0.0307857 0.0366981 0.0380129 0.0355401 0.0320219 0.0318126 0.0363791 0.0312660 0.0411591 0.0322324 0.0355470 0.0366881 0.0369452 0.0414546 0.0365672 0.0357416 0.0358594 0.0294478 0.0316335 0.0335625 0.0388167 0.0375548 0.0325088 0.0372448 0.0326636 0.0341925 0.0318562 0.0307947 0.0313343 0.0361730 0.0339679 0.0307502 0.0327345 0.0394166 0.0399409 0.0335774 0.0347309 0.0377887 0.0383082 0.0314748 0.0371889 0.0342168 0.0382496 0.0360417 0.0329304 0.0349455 0.0360314 0.0315249 0.0366607 0.0344061 0.0357773 0.0335919 
pop1.indv10 0.0326634 0.0330510 0.0278225 0.0351732 0.0318212 0.0342859 0.0333853 0.0331566 0.0357686 0.0000000 0.0275182 0.0221755 0.0370714 0.0286484 0.0283568 0.0293124 0.0317364 0.0276093 0.0293870 0.0284425 0.0300673 0.0264059 0.0313559 0.0290799 0.0307857 0.0357537 0.0380303 0.0275417 0.0343633 0.0308109 0.0307941 0.0291900 0.0339770 0.0302511 0.0325715 0.0351701 0.0300280 0.0313201 0.0327464 0.0321459 0.0325675 0.0293415 0.0317133 0.0318734 0.0337937 0.0354416 0.0323970 0.0278151 0.0338241 0.0316523 0.0293489 0.0324467 0.0331518 0.0321595 0.0353252 0.0355490 0.0301971 0.0358286 0.0293167 0.0330801 0.0318153 0.0348284 0.0286030 0.0377630 0.0327944 0.0313879 0.0386659 0.0321943 0.0310368 0.0325994 0.0325899 0.0368828 0.0304382 0.0363297 0.0354811 
pop1.indv11 0.0284875 0.0250701 0.0303619 0.0247090 0.0282131 0.0275814 0.0304115 0.0293446 0.0294890 0.0275182 0.0000000 0.0268414 0.0268795 0.0273317 0.0290799 0.0306785 0.0273749 0.0283774 0.0299670 0.0300544 0.0288356 0.0263441 0.0277333 0.0312922 0.0284752 0.0297949 0.0274812 0.0272031 0.0253433 0.0306194 0.0244117 0.0283239 0.0263026 0.0273913 0.0319743 0.0323679 0.0297018 0.0267077 0.0358420 0.0286086 0.0245330 0.0299211 0.0305047 0.0243749 0.0336330 0.0278695 0.0276978 0.0292032 0.0284966 0.0311171 0.0302733 0.0281922 0.0271043 0.0262362 0.0259642 0.0263793 0.0332115 0.0334331 0.0302866 0.0297387 0.0305534 0.0293807 0.0287611 0.0321968 0.0300587 0.0292654 0.0339698 0.0280176 0.0250088 0.0291638 0.0269154 0.0283899 0.0285223 0.0297473 0.0258357 
pop1.indv12 0.0306104 0.0336370 0.0322108 0.0290877 0.0299147 0.0279393 0.0311401 0.0299893 0.0340026 0.0221755 0.0268414 0.0000000 0.0311085 0.0309235 0.0319834 0.0289505 0.0291726 0.0278541 0.0302956 0.0243050 0.0326523 0.0309144 0.0261660 0.0274901 0.0304780 0.0332572 0.0326928 0.0290811 0.0312061 0.0360492 0.0274402 0.0294771 0.0250910 0.0312671 0.0312130 0.0346049 0.0349048 0.0314801 0.0326457 0.0306868 0.0299478 0.0310893 0.0292851 0.0296274 0.0327587 0.0327193 0.0283114 0.0295212 0.0307832 0.0352231 0.0351993 0.0311098 0.0309914 0.0314887 0.0301504 0.0309687 0.0333853 0.0352032 0.0342073 0.0358552 0.0352620 0.0316412 0.0284892 0.0352628 0.0312999 0.0335279 0.0356565 0.0329337 0.0310278 0.0315308 0.0313965 0.0377845 0.0309778 0.0287317 0.0293210 
pop1.indv13 0.0360465 0.0276732 0.0322719 0.0274633 0.0294082 0.0330604 0.0305354 0.0303427 0.0339285 0.0370714 0.0268795 0.0311085 0.0000000 0.0342720 0.0312713 0.0346848 0.0290632 0.0280433 0.0351386 0.0313422 0.0321520 0.0242253 0.0325084 0.0285494 0.0290850 0.0352977 0.0323938 0.0293155 0.0312829 0.0380243 0.0298193 0.0343408 0.0280766 0.0325571 0.0338521 0.0359671 0.0340293 0.0337887 0.0381794 0.0325667 0.0303070 0.0315448 0.0350826 0.0283534 0.0327610 0.0340598 0.0301628 0.0331456 0.0318838 0.0352929 0.0307616 0.0362707 0.0340819 0.0317384 0.0335921 0.0338423 0.0358141 0.0310813 0.0306193 0.0319648 0.0358722 0.0362439 0.0311176 0.0294689 0.0336758 0.0345221 0.0343173 0.0337998 0.0283202 0.0337352 0.0334589 0.0321269 0.0307662 0.0309867 0.0312243 
pop1.indv14 0.0321641 0.0303842 0.0270562 0.0315902 0.0305971 0.0303808 0.0323520 0.0299806 0.0348685 0.0286484 0.0273317 0.0309235 0.0342720 0.0000000 0.0320066 0.0294751 0.0299364 0.0335328 0.0328619 0.0323851 0.0299756 0.0309732 0.0287277 0.0296350 0.0318951 0.0360214 0.0285243 0.0266161 0.0318160 0.0336642 0.0286933 0.0351119 0.0305368 0.0291858 0.0305274 0.0306594 0.0363603 0.0333350 0.0314845 0.0353671 0.0286340 0.0320559 0.0321172 0.0315181 0.0361475 0.0336178 0.0329921 0.0300102 0.0348783 0.0283409 0.0338297 0.0309054 0.0350383 0.0330947 0.0285906 0.0325134 0.0340413 0.0324320 0.0332557 0.0367096 0.0356645 0.0322558 0.0326764 0.0353099 0.0294708 0.0330947 0.0359352 0.0288030 0.0299575 0.0335922 0.0296652 0.0359298 0.0306651 0.0329977 0.0317549 
pop1.indv15 0.0348624 0.0327416 0.0285123 0.0326174 0.0333820 0.0357562 0.0333723 0.0327606 0.0301740 0.0283568 0.0290799 0.0319834 0.0312713 0.0320066 0.0000000 0.0286030 0.0305223 0.0281895 0.0343509 0.0324895 0.0314747 0.0291556 0.0306015 0.0257248 0.0336602 0.0333552 0.0302046 0.0312456 0.0296667 0.0307510 0.0289378 0.0339734 0.0301660 0.0300060 0.0326879 0.0335126 0.0291641 0.0302152 0.0365891 0.0297534 0.0294436 0.0296572 0.0320495 0.0299611 0.0330465 0.0359671 0.0346467 0.0295525 0.0334619 0.0352770 0.0302886 0.0317642 0.0350460 0.0323625 0.0323906 0.0314107 0.0314474 0.0327800 0.0301592 0.0329449 0.0322908 0.0336610 0.0304957 0.0327841 0.0297416 0.0309150 0.0356672 0.0321849 0.0258359 0.0315025 0.0307885 0.0328777 0.0301329 0.0354035 0.0320619 
pop1.indv16 0.0306369 0.0297171 0.0283158 0.0284478 0.0308782 0.0298236 0.0329689 0.0296302 0.0337929 0.0293124 0.0306785 0.0289505 0.0346848 0.0294751 0.0286030 0.0000000 0.0285639 0.0271868 0.0321049 0.0281104 0.0291513 0.0268529 0.0316087 0.0280363 0.0313013 0.0327587 0.0302645 0.0263260 0.0311919 0.0320848 0.0325724 0.0342495 0.0266791 0.0291510 0.0296444 0.0316446 0.0324117 0.0340077 0.0367389 0.0319171 0.0306501 0.0307051 0.0311481 0.0327586 0.0336431 0.0303096 0.0300054 0.0286884 0.0292337 0.0303638 0.0311492 0.0323413 0.0312952 0.0362546 0.0290030 0.0284353 0.0299321 0.0341772 0.0283243 0.0317343 0.0308782 0.0328313 0.0296350 0.0349918 0.0320589 0.0313136 0.0338975 0.0294305 0.0310960 0.0291810 0.0326812 0.0368628 0.0262680 0.0358392 0.0320861 
pop1.indv17 0.0254300 0.0301898 0.0311556 0.0272462 0.0267680 0.0293784 0.0314932 0.0312696 0.0271053 0.0317364 0.0273749 0.0291726 0.0290632 0.0299364 0.0305223 0.0285639 0.0000000 0.0264973 0.0307394 0.0303677 0.0270616 0.0280160 0.0280241 0.0328233 0.0307215 0.0343945 0.0315588 0.0274809 0.0281718 0.0316799 0.0302511 0.0336685 0.0292688 0.0302441 0.0322759 0.0287105 0.0306183 0.0267553 0.0355969 0.0333551 0.0261827 0.0302691 0.0341467 0.0265805 0.0305047 0.0312688 0.0305882 0.0303412 0.0291641 0.0297727 0.0265702 0.0303841 0.0318618 0.0305001 0.0302514 0.0302734 0.0311267 0.0329588 0.0291174 0.0296263 0.0296306 0.0290116 0.0315625 0.0311746 0.0319319 0.0277574 0.0367805 0.0266025 0.0284353 0.0282621 0.0306070 0.0335230 0.0345662 0.0312084 0.0314795 
pop1.indv18 0.0295579 0.0274502 0.0287276 0.0268840 0.0332924 0.0256805 0.0333559 0.0271283 0.0294123 0.0276093 0.0283774 0.0278541 0.0280433 0.0335328 0.0281895 0.0271868 0.0264973 0.0000000 0.0320628 0.0304337 0.0273120 0.0261357 0.0282466 0.0241185 0.0321781 0.0326506 0.0288205 0.0269374 0.0301313 0.0316464 0.0277133 0.0286465 0.0268739 0.0274358 0.0297357 0.0299565 0.0267040 0.0286635 0.0329676 0.0293310 0.0290558 0.0288042 0.0281617 0.0286636 0.0300235 0.0280600 0.0320180 0.0271069 0.0259591 0.0319171 0.0291430 0.0322700 0.0314335 0.0288439 0.0307660 0.0272962 0.0305712 0.0315670 0.0295619 0.0289905 0.0314473 0.0296306 0.0279635 0.0259087 0.0280494 0.0308693 0.0323127 0.0260341 0.0268259 0.0276099 0.0308918 0.0334049 0.0286859 0.0346746 0.0338968 
pop1.indv19 0.0346701 0.0339764 0.0307235 0.0306160 0.0319741 0.0301066 0.0300891 0.0297658 0.0314566 0.0293870 0.0299670 0.0302956 0.0351386 0.0328619 0.0343509 0.0321049 0.0307394 0.0320628 0.0000000 0.0293659 0.0358457 0.0292529 0.0322814 0.0257176 0.0343609 0.0347516 0.0365672 0.0281133 0.0301764 0.0411457 0.0331010 0.0367882 0.0252354 0.0296666 0.0296226 0.0302018 0.0356185 0.0343167 0.0352231 0.0330024 0.0293545 0.0302781 0.0302624 0.0319456 0.0343633 0.0342083 0.0341674 0.0339975 0.0303729 0.0316731 0.0313514 0.0362028 0.0353565 0.0342620 0.0325936 0.0314703 0.0311611 0.0336221 0.0288690 0.0315071 0.0334687 0.0341367 0.0273832 0.0311746 0.0341417 0.0321190 0.0334540 0.0331494 0.0320165 0.0341115 0.0289947 0.0359622 0.0336907 0.0344642 0.0326746 
pop1.indv20 0.0302580 0.0327273 0.0316272 0.0347770 0.0298900 0.0338225 0.0278798 0.0268256 0.0332612 0.0284425 0.0300544 0.0243050 0.0313422 0.0323851 0.0324895 0.0281104 0.0303677 0.0304337 0.0293659 0.0000000 0.0323567 0.0314520 0.0321189 0.0286907 0.0322249 0.0346728 0.0335425 0.0297152 0.0287147 0.0321428 0.0301883 0.0327366 0.0274683 0.0357288 0.0351769 0.0314894 0.0308628 0.0297885 0.0395805 0.0300992 0.0264786 0.0304056 0.0313169 0.0271632 0.0338292 0.0324075 0.0316465 0.0261328 0.0315927 0.0328198 0.0315982 0.0362814 0.0332196 0.0277551 0.0298494 0.0303237 0.0308971 0.0376351 0.0301461 0.0314199 0.0304249 0.0308378 0.0291852 0.0339581 0.0343881 0.0314474 0.0343375 0.0257579 0.0303088 0.0291257 0.0321238 0.0339415 0.0309686 0.0347001 0.0355072 
pop1.indv21 0.0291682 0.0306383 0.0345304 0.0290790 0.0311674 0.0348174 0.0330268 0.0312333 0.0366230 0.0300673 0.0288356 0.0326523 0.0321520 0.0299756 0.0314747 0.0291513 0.0270616 0.0273120 0.0358457 0.0323567 0.0000000 0.0306427 0.0337501 0.0295532 0.0283976 0.0322301 0.0311111 0.0266398 0.0291123 0.0286542 0.0280219 0.0334719 0.0274643 0.0274036 0.0334970 0.0324606 0.0313577 0.0340026 0.0365886 0.0298989 0.0296138 0.0316211 0.0295307 0.0320520 0.0339259 0.0311898 0.0314470 0.0294991 0.0325290 0.0302690 0.0353773 0.0309098 0.0336561 0.0306192 0.0317410 0.0289610 0.0339614 0.0353512 0.0319132 0.0350538 0.0292740 0.0350849 0.0314749 0.0312605 0.0294149 0.0314566 0.0388339 0.0293267 0.0235771 0.0277935 0.0324129 0.0326841 0.0305224 0.0315809 0.0307393 
pop1.indv22 0.0290548 0.0278299 0.0320589 0.0287401 0.0283529 0.0239281 0.0234153 0.0303237 0.0289754 0.0264059 0.0263441 0.0309144 0.0242253 0.0309732 0.0291556 0.0268529 0.0280160 0.0261357 0.0292529 0.0314520 0.0306427 0.0000000 0.0313377 0.0265623 0.0294039 0.0348677 0.0284238 0.0279977 0.0269378 0.0329821 0.0245298 0.0296534 0.0275417 0.0272233 0.0285453 0.0289785 0.0310010 0.0296445 0.0298768 0.0277864 0.0273995 0.0261328 0.0276351 0.0253506 0.0333350 0.0264864 0.0273084 0.0276841 0.0292556 0.0266412 0.0272145 0.0307235 0.0329208 0.0311583 0.0302822 0.0284147 0.0309007 0.0316241 0.0280606 0.0311355 0.0325611 0.0304019 0.0302205 0.0282587 0.0340404 0.0306427 0.0343035 0.0297314 0.0278177 0.0272500 0.0291682 0.0368573 0.0308648 0.0345355 0.0315025 
pop1.indv23 0.0264931 0.0297804 0.0290748 0.0293039 0.0310632 0.0300760 0.0302073 0.0327203 0.0329693 0.0313559 0.0277333 0.0261660 0.0325084 0.0287277 0.0306015 0.0316087 0.0280241 0.0282466 0.0322814 0.0321189 0.0337501 0.0313377 0.0000000 0.0327560 0.0315569 0.0331467 0.0287232 0.0299167 0.0278029 0.0327735 0.0307647 0.0335523 0.0252128 0.0309593 0.0331109 0.0322710 0.0330868 0.0290342 0.0345164 0.0294609 0.0297816 0.0336482 0.0341874 0.0318638 0.0332850 0.0328640 0.0318830 0.0300503 0.0371758 0.0329379 0.0297933 0.0347821 0.0346236 0.0307615 0.0311175 0.0373857 0.0365038 0.0348593 0.0315856 0.0338048 0.0351056 0.0363055 0.0334049 0.0336750 0.0309188 0.0324705 0.0391361 0.0251173 0.0306427 0.0310778 0.0342376 0.0365092 0.0322321 0.0323555 0.0319368 
pop1.indv24 0.0280845 0.0230724 0.0256462 0.0241034 0.0281855 0.0291430 0.0303940 0.0249392 0.0307857 0.0290799 0.0312922 0.0274901 0.0285494 0.0296350 0.0257248 0.0280363 0.0328233 0.0241185 0.0257176 0.0286907 0.0295532 0.0265623 0.0327560 0.0000000 0.0308434 0.0307373 0.0291771 0.0275092 0.0249256 0.0285220 0.0256375 0.0312176 0.0255305 0.0304000 0.0250146 0.0298811 0.0297018 0.0307326 0.0317205 0.0298679 0.0269598 0.0293808 0.0296920 0.0256474 0.0296050 0.0248997 0.0339136 0.0281267 0.0301672 0.0295611 0.0295232 0.0325229 0.0297287 0.0297717 0.0298322 0.0311039 0.0308019 0.0304509 0.0258619 0.0282956 0.0318339 0.0264402 0.0291093 0.0331132 0.0261057 0.0257471 0.0324087 0.0257468 0.0284809 0.0293764 0.0262947 0.0320909 0.0249587 0.0261886 0.0307572 
pop1.indv25 0.0332178 0.0303105 0.0327800 0.0304603 0.0346498 0.0331808 0.0334794 0.0359362 0.0366981 0.0307857 0.0284752 0.0304780 0.0290850 0.0318951 0.0336602 0.0313013 0.0307215 0.0321781 0.0343609 0.0322249 0.0283976 0.0294039 0.0315569 0.0308434 0.0000000 0.0395806 0.0343953 0.0325383 0.0289743 0.0317936 0.0339076 0.0355363 0.0295218 0.0343203 0.0321822 0.0328751 0.0328492 0.0307394 0.0416742 0.0341721 0.0349177 0.0296571 0.0354092 0.0369053 0.0413475 0.0290825 0.0334306 0.0376910 0.0354096 0.0346112 0.0325462 0.0349455 0.0386498 0.0332147 0.0373357 0.0326079 0.0397213 0.0341015 0.0328107 0.0366122 0.0361798 0.0315569 0.0336660 0.0333885 0.0344693 0.0360735 0.0372361 0.0354874 0.0283529 0.0288689 0.0323756 0.0357668 0.0316993 0.0362385 0.0325273 
pop2.indv1  0.0345164 0.0312483 0.0399526 0.0319504 0.0323533 0.0326212 0.0384020 0.0331604 0.0380129 0.0357537 0.0297949 0.0332572 0.0352977 0.0360214 0.0333552 0.0327587 0.0343945 0.0326506 0.0347516 0.0346728 0.0322301 0.0348677 0.0331467 0.0307373 0.0395806 0.0000000 0.0308093 0.0282239 0.0274669 0.0325800 0.0319115 0.0357330 0.0259754 0.0284871 0.0292655 0.0329768 0.0284269 0.0364567 0.0378344 0.0299823 0.0313128 0.0290758 0.0368810 0.0373411 0.0332951 0.0307890 0.0321481 0.0293900 0.0344172 0.0350407 0.0373127 0.0336234 0.0320656 0.0328493 0.0300594 0.0318315 0.0357103 0.0324653 0.0336635 0.0334004 0.0347410 0.0349878 0.0320128 0.0378569 0.0299154 0.0329281 0.0362247 0.0297567 0.0276318 0.0320035 0.0310893 0.0367221 0.0289118 0.0348518 0.0345216 
pop2.indv2  0.0288366 0.0259685 0.0254895 0.0326587 0.0302802 0.0278050 0.0313726 0.0352724 0.0355401 0.0380303 0.0274812 0.0326928 0.0323938 0.0285243 0.0302046 0.0302645 0.0315588 0.0288205 0.0365672 0.0335425 0.0311111 0.0284238 0.0287232 0.0291771 0.0343953 0.0308093 0.0000000 0.0250049 0.0299415 0.0295338 0.0311825 0.0297343 0.0265580 0.0282046 0.0263417 0.0305735 0.0278514 0.0280865 0.0312107 0.0296096 0.0229559 0.0251283 0.0311218 0.0301776 0.0304404 0.0310106 0.0287968 0.0291949 0.0249897 0.0293171 0.0316570 0.0319933 0.0302847 0.0298827 0.0277150 0.0329730 0.0357043 0.0312922 0.0323208 0.0288545 0.0328605 0.0298017 0.0262124 0.0299625 0.0301659 0.0306216 0.0335573 0.0298768 0.0278370 0.0298678 0.0332251 0.0373863 0.0310973 0.0332825 0.0333074 
pop2.indv3  0.0286256 0.0288860 0.0264829 0.0304867 0.0306731 0.0258181 0.0317253 0.0322083 0.0320219 0.0275417 0.0272031 0.0290811 0.0293155 0.0266161 0.0312456 0.0263260 0.0274809 0.0269374 0.0281133 0.0297152 0.0266398 0.0279977 0.0299167 0.0275092 0.0325383 0.0282239 0.0250049 0.0000000 0.0272907 0.0296552 0.0290362 0.0280028 0.0239177 0.0278211 0.0282983 0.0243880 0.0340409 0.0274792 0.0327489 0.0319552 0.0219572 0.0252077 0.0259150 0.0252077 0.0302783 0.0259887 0.0264111 0.0247641 0.0278085 0.0258464 0.0245691 0.0275214 0.0267986 0.0304550 0.0273553 0.0261827 0.0359886 0.0315512 0.0255455 0.0300952 0.0298484 0.0272316 0.0252614 0.0258590 0.0274683 0.0258411 0.0312765 0.0239144 0.0291598 0.0287099 0.0292601 0.0282775 0.0252687 0.0287872 0.0328541 
pop2.indv4  0.0285413 0.0327933 0.0300686 0.0286031 0.0308629 0.0279805 0.0342960 0.0315268 0.0318126 0.0343633 0.0253433 0.0312061 0.0312829 0.0318160 0.0296667 0.0311919 0.0281718 0.0301313 0.0301764 0.0287147 0.0291123 0.0269378 0.0278029 0.0249256 0.0289743 0.0274669 0.0299415 0.0272907 0.0000000 0.0272370 0.0259964 0.0307656 0.0220355 0.0272824 0.0260041 0.0290494 0.0290626 0.0277621 0.0343725 0.0270485 0.0241245 0.0313368 0.0280281 0.0313019 0.0317257 0.0278050 0.0303226 0.0290627 0.0326152 0.0297132 0.0338039 0.0274483 0.0310613 0.0259591 0.0268779 0.0290430 0.0360159 0.0339924 0.0272236 0.0302171 0.0367054 0.0291339 0.0281884 0.0319364 0.0300235 0.0281884 0.0357754 0.0311517 0.0290071 0.0273491 0.0288087 0.0334457 0.0299213 0.0338161 0.0232535 
pop2.indv5  0.0297446 0.0290679 0.0316942 0.0315655 0.0338418 0.0320607 0.0354316 0.0356293 0.0363791 0.0308109 0.0306194 0.0360492 0.0380243 0.0336642 0.0307510 0.0320848 0.0316799 0.0316464 0.0411457 0.0321428 0.0286542 0.0329821 0.0327735 0.0285220 0.0317936 0.0325800 0.0295338 0.0296552 0.0272370 0.0000000 0.0286661 0.0296054 0.0285390 0.0271627 0.0300232 0.0287923 0.0308880 0.0301376 0.0336659 0.0316145 0.0263269 0.0284915 0.0302599 0.0303738 0.0349673 0.0309592 0.0310306 0.0293069 0.0337128 0.0291242 0.0293328 0.0348730 0.0311311 0.0286129 0.0353618 0.0327982 0.0333802 0.0385176 0.0326324 0.0304638 0.0350779 0.0338776 0.0345040 0.0327757 0.0331217 0.0323339 0.0367622 0.0319794 0.0315043 0.0333481 0.0333380 0.0345040 0.0289548 0.0338674 0.0380533 
pop2.indv6  0.0319695 0.0280218 0.0311264 0.0311805 0.0313308 0.0294781 0.0297930 0.0286560 0.0312660 0.0307941 0.0244117 0.0274402 0.0298193 0.0286933 0.0289378 0.0325724 0.0302511 0.0277133 0.0331010 0.0301883 0.0280219 0.0245298 0.0307647 0.0256375 0.0339076 0.0319115 0.0311825 0.0290362 0.0259964 0.0286661 0.0000000 0.0245736 0.0248012 0.0270604 0.0294492 0.0283579 0.0291641 0.0266138 0.0301412 0.0277434 0.0242364 0.0269147 0.0308109 0.0284698 0.0279185 0.0308046 0.0310300 0.0264830 0.0292169 0.0275169 0.0301614 0.0299833 0.0291769 0.0282704 0.0289399 0.0308444 0.0296313 0.0351152 0.0305727 0.0315126 0.0266414 0.0278777 0.0276963 0.0344823 0.0266883 0.0301214 0.0320223 0.0301446 0.0238970 0.0308663 0.0289313 0.0309410 0.0299788 0.0291039 0.0316195 
pop2.indv7  0.0322108 0.0302242 0.0343286 0.0363051 0.0318173 0.0317652 0.0367327 0.0326247 0.0411591 0.0291900 0.0283239 0.0294771 0.0343408 0.0351119 0.0339734 0.0342495 0.0336685 0.0286465 0.0367882 0.0327366 0.0334719 0.0296534 0.0335523 0.0312176 0.0355363 0.0357330 0.0297343 0.0280028 0.0307656 0.0296054 0.0245736 0.0000000 0.0322867 0.0308607 0.0324800 0.0326438 0.0278347 0.0293809 0.0321055 0.0307862 0.0304958 0.0279395 0.0325930 0.0263878 0.0352371 0.0318677 0.0295648 0.0286144 0.0290890 0.0288224 0.0357395 0.0363713 0.0366939 0.0339379 0.0378512 0.0333670 0.0320218 0.0310194 0.0323194 0.0313343 0.0362777 0.0282406 0.0330023 0.0333984 0.0332750 0.0321267 0.0346571 0.0328032 0.0293285 0.0320945 0.0338902 0.0371040 0.0290688 0.0322516 0.0338874 
pop2.indv8  0.0271869 0.0295035 0.0315702 0.0234991 0.0318885 0.0303682 0.0309547 0.0281658 0.0322324 0.0339770 0.0263026 0.0250910 0.0280766 0.0305368 0.0301660 0.0266791 0.0292688 0.0268739 0.0252354 0.0274683 0.0274643 0.0275417 0.0252128 0.0255305 0.0295218 0.0259754 0.0265580 0.0239177 0.0220355 0.0285390 0.0248012 0.0322867 0.0000000 0.0239501 0.0277420 0.0222585 0.0278125 0.0242656 0.0316966 0.0243804 0.0233549 0.0268345 0.0261599 0.0279829 0.0313271 0.0280330 0.0236596 0.0301698 0.0264513 0.0277420 0.0285263 0.0249509 0.0274481 0.0220012 0.0278656 0.0303231 0.0303186 0.0296628 0.0243462 0.0234784 0.0307601 0.0262675 0.0253580 0.0279687 0.0239772 0.0248380 0.0317728 0.0266199 0.0228280 0.0254405 0.0294595 0.0290472 0.0284038 0.0272434 0.0242642 
pop2.indv9  0.0282199 0.0286763 0.0279693 0.0254709 0.0309778 0.0283533 0.0327708 0.0305316 0.0355470 0.0302511 0.0273913 0.0312671 0.0325571 0.0291858 0.0300060 0.0291510 0.0302441 0.0274358 0.0296666 0.0357288 0.0274036 0.0272233 0.0309593 0.0304000 0.0343203 0.0284871 0.0282046 0.0278211 0.0272824 0.0271627 0.0270604 0.0308607 0.0239501 0.0000000 0.0317663 0.0266895 0.0273426 0.0296411 0.0337617 0.0294627 0.0286966 0.0303842 0.0310388 0.0348753 0.0308359 0.0312699 0.0264631 0.0264074 0.0284915 0.0305325 0.0302287 0.0303186 0.0353459 0.0313494 0.0318790 0.0274115 0.0320455 0.0365044 0.0283617 0.0336128 0.0386159 0.0299744 0.0270550 0.0306578 0.0296533 0.0239248 0.0344101 0.0269935 0.0294594 0.0327193 0.0312456 0.0352763 0.0310799 0.0302916 0.0317227 
pop2.indv10 0.0335575 0.0326310 0.0287402 0.0283033 0.0298502 0.0392691 0.0391771 0.0283532 0.0366881 0.0325715 0.0319743 0.0312130 0.0338521 0.0305274 0.0326879 0.0296444 0.0322759 0.0297357 0.0296226 0.0351769 0.0334970 0.0285453 0.0331109 0.0250146 0.0321822 0.0292655 0.0263417 0.0282983 0.0260041 0.0300232 0.0294492 0.0324800 0.0277420 0.0317663 0.0000000 0.0287272 0.0285713 0.0309168 0.0307721 0.0320909 0.0280907 0.0287618 0.0318351 0.0284770 0.0312367 0.0286199 0.0263916 0.0286404 0.0294184 0.0297297 0.0316523 0.0303786 0.0272467 0.0284643 0.0293699 0.0291210 0.0271671 0.0376824 0.0309409 0.0281990 0.0358366 0.0309317 0.0275864 0.0307370 0.0327561 0.0339430 0.0343820 0.0312829 0.0301928 0.0280599 0.0269877 0.0353990 0.0300591 0.0341109 0.0327488 
pop2.indv11 0.0302846 0.0308536 0.0317395 0.0330023 0.0304460 0.0314051 0.0341058 0.0312430 0.0369452 0.0351701 0.0323679 0.0346049 0.0359671 0.0306594 0.0335126 0.0316446 0.0287105 0.0299565 0.0302018 0.0314894 0.0324606 0.0289785 0.0322710 0.0298811 0.0328751 0.0329768 0.0305735 0.0243880 0.0290494 0.0287923 0.0283579 0.0326438 0.0222585 0.0266895 0.0287272 0.0000000 0.0328462 0.0320333 0.0351776 0.0315322 0.0300369 0.0293720 0.0282649 0.0315234 0.0341676 0.0312795 0.0262200 0.0282133 0.0293631 0.0318532 0.0337583 0.0312922 0.0333919 0.0326733 0.0336677 0.0347828 0.0343717 0.0314188 0.0308536 0.0338191 0.0344698 0.0360972 0.0301839 0.0299442 0.0318457 0.0308858 0.0382852 0.0312576 0.0275133 0.0311264 0.0286848 0.0399802 0.0273351 0.0333100 0.0321603 
pop2.indv12 0.0330517 0.0293590 0.0316560 0.0311219 0.0264281 0.0286934 0.0333752 0.0291683 0.0414546 0.0300280 0.0297018 0.0349048 0.0340293 0.0363603 0.0291641 0.0324117 0.0306183 0.0267040 0.0356185 0.0308628 0.0313577 0.0310010 0.0330868 0.0297018 0.0328492 0.0284269 0.0278514 0.0340409 0.0290626 0.0308880 0.0291641 0.0278347 0.0278125 0.0273426 0.0285713 0.0328462 0.0000000 0.0283709 0.0319504 0.0308047 0.0272523 0.0279437 0.0341103 0.0288100 0.0295383 0.0349223 0.0288058 0.0323558 0.0285132 0.0304864 0.0317605 0.0350460 0.0290515 0.0290827 0.0345632 0.0262095 0.0317511 0.0345354 0.0313297 0.0308812 0.0326554 0.0339106 0.0328493 0.0291297 0.0318063 0.0280468 0.0331768 0.0241613 0.0288000 0.0335521 0.0288773 0.0337938 0.0305773 0.0340488 0.0344594 
pop2.indv13 0.0303741 0.0292163 0.0297949 0.0306456 0.0355057 0.0372392 0.0289955 0.0337583 0.0365672 0.0313201 0.0267077 0.0314801 0.0337887 0.0333350 0.0302152 0.0340077 0.0267553 0.0286635 0.0343167 0.0297885 0.0340026 0.0296445 0.0290342 0.0307326 0.0307394 0.0364567 0.0280865 0.0274792 0.0277621 0.0301376 0.0266138 0.0293809 0.0242656 0.0296411 0.0309168 0.0320333 0.0283709 0.0000000 0.0344572 0.0275375 0.0276325 0.0269793 0.0290591 0.0277706 0.0325493 0.0246502 0.0278547 0.0314181 0.0268427 0.0268345 0.0371378 0.0346467 0.0295743 0.0330812 0.0311481 0.0307234 0.0346101 0.0297549 0.0317016 0.0291250 0.0358474 0.0303141 0.0258068 0.0288460 0.0333200 0.0361462 0.0393689 0.0301132 0.0319792 0.0323581 0.0329923 0.0335221 0.0305500 0.0325285 0.0315597 
pop2.indv14 0.0349072 0.0331853 0.0366104 0.0375280 0.0365720 0.0321029 0.0328002 0.0380073 0.0357416 0.0327464 0.0358420 0.0326457 0.0381794 0.0314845 0.0365891 0.0367389 0.0355969 0.0329676 0.0352231 0.0395805 0.0365886 0.0298768 0.0345164 0.0317205 0.0416742 0.0378344 0.0312107 0.0327489 0.0343725 0.0336659 0.0301412 0.0321055 0.0316966 0.0337617 0.0307721 0.0351776 0.0319504 0.0344572 0.0000000 0.0328762 0.0328161 0.0278807 0.0353079 0.0329164 0.0365537 0.0346503 0.0330325 0.0343092 0.0398650 0.0314517 0.0342032 0.0335674 0.0324267 0.0367715 0.0347933 0.0340649 0.0334269 0.0403754 0.0323581 0.0347043 0.0372958 0.0319410 0.0293590 0.0314890 0.0366441 0.0405728 0.0404623 0.0325732 0.0323630 0.0358244 0.0373184 0.0399495 0.0332850 0.0345528 0.0329775 
pop2.indv15 0.0298390 0.0282116 0.0300325 0.0315362 0.0325431 0.0336526 0.0294956 0.0333343 0.0358594 0.0321459 0.0286086 0.0306868 0.0325667 0.0353671 0.0297534 0.0319171 0.0333551 0.0293310 0.0330024 0.0300992 0.0298989 0.0277864 0.0294609 0.0298679 0.0341721 0.0299823 0.0296096 0.0319552 0.0270485 0.0316145 0.0277434 0.0307862 0.0243804 0.0294627 0.0320909 0.0315322 0.0308047 0.0275375 0.0328762 0.0000000 0.0285284 0.0260633 0.0289161 0.0310111 0.0334191 0.0332137 0.0312202 0.0314137 0.0329408 0.0348795 0.0297227 0.0358637 0.0339531 0.0302178 0.0265480 0.0315174 0.0348864 0.0374486 0.0331506 0.0348876 0.0364065 0.0343218 0.0294609 0.0351244 0.0332750 0.0312083 0.0334970 0.0319070 0.0288214 0.0331654 0.0289398 0.0333521 0.0335573 0.0319983 0.0320504 
pop2.indv16 0.0280096 0.0252018 0.0301942 0.0321379 0.0283283 0.0294912 0.0298369 0.0280423 0.0294478 0.0325675 0.0245330 0.0299478 0.0303070 0.0286340 0.0294436 0.0306501 0.0261827 0.0290558 0.0293545 0.0264786 0.0296138 0.0273995 0.0297816 0.0269598 0.0349177 0.0313128 0.0229559 0.0219572 0.0241245 0.0263269 0.0242364 0.0304958 0.0233549 0.0286966 0.0280907 0.0300369 0.0272523 0.0276325 0.0328161 0.0285284 0.0000000 0.0243842 0.0308201 0.0280364 0.0320860 0.0295828 0.0293382 0.0289004 0.0309216 0.0301412 0.0302151 0.0336330 0.0286466 0.0299442 0.0276309 0.0273311 0.0330270 0.0328278 0.0265216 0.0322661 0.0315080 0.0312549 0.0308949 0.0268966 0.0271750 0.0294350 0.0287829 0.0308386 0.0291164 0.0299378 0.0294114 0.0309872 0.0290860 0.0312502 0.0335924 
pop2.indv17 0.0261856 0.0265688 0.0298438 0.0328886 0.0325529 0.0282074 0.0324122 0.0338068 0.0316335 0.0293415 0.0299211 0.0310893 0.0315448 0.0320559 0.0296572 0.0307051 0.0302691 0.0288042 0.0302781 0.0304056 0.0316211 0.0261328 0.0336482 0.0293808 0.0296571 0.0290758 0.0251283 0.0252077 0.0313368 0.0284915 0.0269147 0.0279395 0.0268345 0.0303842 0.0287618 0.0293720 0.0279437 0.0269793 0.0278807 0.0260633 0.0243842 0.0000000 0.0277309 0.0250907 0.0296851 0.0298960 0.0312299 0.0265899 0.0345072 0.0273509 0.0312362 0.0328985 0.0313077 0.0273772 0.0323641 0.0258674 0.0297710 0.0322372 0.0280508 0.0264941 0.0342289 0.0348929 0.0264982 0.0298608 0.0312176 0.0343769 0.0352019 0.0304410 0.0268264 0.0327242 0.0334820 0.0330960 0.0283828 0.0345476 0.0329775 
pop2.indv18 0.0276502 0.0322442 0.0324606 0.0332500 0.0365616 0.0343152 0.0323544 0.0305721 0.0335625 0.0317133 0.0305047 0.0292851 0.0350826 0.0321172 0.0320495 0.0311481 0.0341467 0.0281617 0.0302624 0.0313169 0.0295307 0.0276351 0.0341874 0.0296920 0.0354092 0.0368810 0.0311218 0.0259150 0.0280281 0.0302599 0.0308109 0.0325930 0.0261599 0.0310388 0.0318351 0.0282649 0.0341103 0.0290591 0.0353079 0.0289161 0.0308201 0.0277309 0.0000000 0.0266019 0.0255466 0.0355936 0.0283881 0.0320229 0.0304634 0.0348412 0.0283989 0.0313215 0.0314427 0.0297692 0.0280333 0.0355683 0.0292753 0.0327953 0.0295263 0.0329533 0.0328751 0.0318468 0.0270842 0.0332263 0.0324412 0.0311603 0.0340344 0.0286636 0.0311158 0.0319457 0.0250294 0.0334019 0.0283906 0.0297445 0.0317297 
pop2.indv19 0.0324068 0.0347726 0.0303442 0.0333431 0.0357266 0.0344309 0.0319696 0.0272229 0.0388167 0.0318734 0.0243749 0.0296274 0.0283534 0.0315181 0.0299611 0.0327586 0.0265805 0.0286636 0.0319456 0.0271632 0.0320520 0.0253506 0.0318638 0.0256474 0.0369053 0.0373411 0.0301776 0.0252077 0.0313019 0.0303738 0.0284698 0.0263878 0.0279829 0.0348753 0.0284770 0.0315234 0.0288100 0.0277706 0.0329164 0.0310111 0.0280364 0.0250907 0.0266019 0.0000000 0.0336599 0.0320186 0.0269935 0.0290934 0.0250109 0.0287097 0.0285602 0.0335521 0.0299122 0.0325821 0.0316921 0.0287317 0.0318316 0.0318734 0.0271432 0.0295256 0.0310427 0.0348095 0.0278442 0.0278041 0.0284796 0.0294949 0.0327833 0.0338029 0.0295786 0.0331918 0.0260015 0.0319696 0.0309082 0.0320175 0.0334870 
pop2.indv20 0.0310880 0.0355272 0.0317490 0.0317872 0.0281617 0.0307667 0.0364781 0.0368424 0.0375548 0.0337937 0.0336330 0.0327587 0.0327610 0.0361475 0.0330465 0.0336431 0.0305047 0.0300235 0.0343633 0.0338292 0.0339259 0.0333350 0.0332850 0.0296050 0.0413475 0.0332951 0.0304404 0.0302783 0.0317257 0.0349673 0.0279185 0.0352371 0.0313271 0.0308359 0.0312367 0.0341676 0.0295383 0.0325493 0.0365537 0.0334191 0.0320860 0.0296851 0.0255466 0.0336599 0.0000000 0.0321152 0.0307937 0.0305788 0.0340837 0.0339115 0.0340853 0.0366164 0.0373018 0.0357503 0.0364230 0.0376308 0.0335321 0.0343789 0.0340496 0.0353190 0.0322999 0.0336431 0.0327660 0.0348136 0.0328149 0.0324752 0.0364065 0.0289592 0.0344153 0.0342443 0.0374380 0.0390818 0.0329527 0.0374495 0.0366608 
pop2.indv21 0.0293916 0.0297817 0.0324068 0.0300012 0.0339430 0.0301124 0.0329182 0.0330664 0.0325088 0.0354416 0.0278695 0.0327193 0.0340598 0.0336178 0.0359671 0.0303096 0.0312688 0.0280600 0.0342083 0.0324075 0.0311898 0.0264864 0.0328640 0.0248997 0.0290825 0.0307890 0.0310106 0.0259887 0.0278050 0.0309592 0.0308046 0.0318677 0.0280330 0.0312699 0.0286199 0.0312795 0.0349223 0.0246502 0.0346503 0.0332137 0.0295828 0.0298960 0.0355936 0.0320186 0.0321152 0.0000000 0.0292130 0.0296410 0.0291287 0.0286231 0.0353297 0.0369277 0.0303875 0.0262620 0.0298812 0.0321746 0.0318030 0.0343737 0.0296887 0.0303141 0.0360266 0.0298856 0.0287274 0.0321109 0.0328689 0.0306365 0.0351045 0.0247248 0.0264164 0.0312827 0.0264943 0.0315127 0.0338140 0.0325528 0.0318986 
pop2.indv22 0.0313718 0.0323570 0.0349384 0.0318677 0.0282775 0.0291946 0.0362635 0.0357103 0.0372448 0.0323970 0.0276978 0.0283114 0.0301628 0.0329921 0.0346467 0.0300054 0.0305882 0.0320180 0.0341674 0.0316465 0.0314470 0.0273084 0.0318830 0.0339136 0.0334306 0.0321481 0.0287968 0.0264111 0.0303226 0.0310306 0.0310300 0.0295648 0.0236596 0.0264631 0.0263916 0.0262200 0.0288058 0.0278547 0.0330325 0.0312202 0.0293382 0.0312299 0.0283881 0.0269935 0.0307937 0.0292130 0.0000000 0.0310306 0.0292087 0.0309022 0.0336285 0.0376505 0.0344674 0.0246414 0.0299424 0.0296317 0.0329173 0.0385534 0.0328576 0.0306702 0.0379658 0.0328527 0.0289809 0.0333050 0.0319842 0.0337855 0.0371173 0.0272647 0.0269229 0.0291027 0.0301004 0.0352166 0.0292732 0.0307118 0.0361365 
pop2.indv23 0.0285117 0.0301176 0.0272193 0.0350567 0.0277125 0.0318409 0.0313108 0.0318125 0.0326636 0.0278151 0.0292032 0.0295212 0.0331456 0.0300102 0.0295525 0.0286884 0.0303412 0.0271069 0.0339975 0.0261328 0.0294991 0.0276841 0.0300503 0.0281267 0.0376910 0.0293900 0.0291949 0.0247641 0.0290627 0.0293069 0.0264830 0.0286144 0.0301698 0.0264074 0.0286404 0.0282133 0.0323558 0.0314181 0.0343092 0.0314137 0.0289004 0.0265899 0.0320229 0.0290934 0.0305788 0.0296410 0.0310306 0.0000000 0.0320725 0.0344254 0.0325091 0.0309041 0.0322903 0.0267157 0.0342547 0.0303141 0.0352763 0.0330619 0.0271390 0.0368830 0.0316872 0.0305818 0.0294246 0.0355523 0.0319122 0.0306091 0.0383904 0.0269653 0.0303729 0.0319407 0.0318590 0.0351738 0.0323242 0.0329478 0.0301660 
pop2.indv24 0.0319075 0.0318830 0.0293478 0.0310706 0.0320559 0.0315786 0.0316589 0.0327855 0.0341925 0.0338241 0.0284966 0.0307832 0.0318838 0.0348783 0.0334619 0.0292337 0.0291641 0.0259591 0.0303729 0.0315927 0.0325290 0.0292556 0.0371758 0.0301672 0.0354096 0.0344172 0.0249897 0.0278085 0.0326152 0.0337128 0.0292169 0.0290890 0.0264513 0.0284915 0.0294184 0.0293631 0.0285132 0.0268427 0.0398650 0.0329408 0.0309216 0.0345072 0.0304634 0.0250109 0.0340837 0.0291287 0.0292087 0.0320725 0.0000000 0.0274666 0.0320993 0.0275786 0.0312969 0.0315409 0.0320752 0.0284671 0.0341724 0.0331617 0.0311685 0.0327439 0.0371191 0.0304047 0.0319219 0.0309321 0.0327636 0.0268621 0.0349686 0.0291905 0.0288945 0.0310574 0.0295963 0.0375640 0.0303819 0.0307695 0.0352604 
pop2.indv25 0.0291899 0.0288086 0.0301491 0.0320704 0.0328002 0.0293327 0.0346362 0.0303964 0.0318562 0.0316523 0.0311171 0.0352231 0.0352929 0.0283409 0.0352770 0.0303638 0.0297727 0.0319171 0.0316731 0.0328198 0.0302690 0.0266412 0.0329379 0.0295611 0.0346112 0.0350407 0.0293171 0.0258464 0.0297132 0.0291242 0.0275169 0.0288224 0.0277420 0.0305325 0.0297297 0.0318532 0.0304864 0.0268345 0.0314517 0.0348795 0.0301412 0.0273509 0.0348412 0.0287097 0.0339115 0.0286231 0.0309022 0.0344254 0.0274666 0.0000000 0.0292676 0.0297063 0.0357395 0.0306532 0.0321219 0.0342083 0.0328198 0.0308063 0.0323533 0.0355325 0.0362392 0.0318220 0.0281618 0.0327391 0.0283700 0.0354149 0.0335825 0.0304684 0.0340180 0.0275784 0.0319792 0.0392847 0.0335825 0.0304046 0.0361135 
pop3.indv1  0.0316150 0.0283120 0.0323032 0.0318805 0.0313104 0.0336364 0.0329159 0.0351902 0.0307947 0.0293489 0.0302733 0.0351993 0.0307616 0.0338297 0.0302886 0.0311492 0.0265702 0.0291430 0.0313514 0.0315982 0.0353773 0.0272145 0.0297933 0.0295232 0.0325462 0.0373127 0.0316570 0.0245691 0.0338039 0.0293328 0.0301614 0.0357395 0.0285263 0.0302287 0.0316523 0.0337583 0.0317605 0.0371378 0.0342032 0.0297227 0.0302151 0.0312362 0.0283989 0.0285602 0.0340853 0.0353297 0.0336285 0.0325091 0.0320993 0.0292676 0.0000000 0.0311084 0.0299632 0.0295621 0.0293912 0.0293869 0.0292813 0.0357120 0.0289443 0.0298192 0.0321283 0.0291724 0.0316487 0.0299854 0.0273120 0.0302319 0.0328426 0.0268452 0.0321284 0.0287736 0.0304293 0.0304470 0.0326746 0.0319926 0.0293574 
pop3.indv2  0.0311521 0.0336220 0.0289974 0.0313090 0.0307304 0.0368013 0.0288731 0.0306636 0.0313343 0.0324467 0.0281922 0.0311098 0.0362707 0.0309054 0.0317642 0.0323413 0.0303841 0.0322700 0.0362028 0.0362814 0.0309098 0.0307235 0.0347821 0.0325229 0.0349455 0.0336234 0.0319933 0.0275214 0.0274483 0.0348730 0.0299833 0.0363713 0.0249509 0.0303186 0.0303786 0.0312922 0.0350460 0.0346467 0.0335674 0.0358637 0.0336330 0.0328985 0.0313215 0.0335521 0.0366164 0.0369277 0.0376505 0.0309041 0.0275786 0.0297063 0.0311084 0.0000000 0.0294209 0.0305705 0.0262214 0.0292316 0.0331905 0.0286860 0.0286527 0.0305001 0.0325851 0.0321660 0.0282253 0.0266962 0.0289989 0.0294849 0.0288398 0.0300370 0.0268724 0.0279076 0.0283572 0.0318618 0.0284064 0.0295318 0.0286866 
