75
pop1.indv8  0.0000000 0.0325944 0.0276898 0.0306364 0.0329084 0.0298799 0.0310363 0.0283333 0.0278801 0.0285989 0.0335308 0.0283048 0.0373741 0.0294466 0.0297267 0.0307541 0.0298667 0.0303688 0.0321381 0.0274551 0.0267120 0.0301352 0.0325730 0.0250922 0.0358423 0.0278068 0.0294224 0.0296470 0.0365853 0.0305819 0.0345021 0.0348904 0.0328750 0.0314205 0.0339162 0.0298993 0.0285329 0.0281367 0.0301567 0.0301728 0.0328692 0.0368302 0.0331214 0.0332133 0.0313003 0.0268690 0.0337421 0.0356924 0.0315269 0.0317764 0.0311876 0.0316744 0.0301560 0.0335952 0.0349407 0.0351516 0.0301036 0.0330287 0.0299285 0.0276933 0.0335510 0.0312317 0.0328270 0.0344836 0.0333608 0.0317280 0.0306585 0.0323292 0.0354466 0.0278181 0.0307690 0.0342763 0.0338974 0.0285174 0.0310639 
pop1.indv10 0.0325944 0.0000000 0.0290262 0.0271699 0.0292714 0.0332111 0.0330699 0.0285462 0.0352883 0.0327823 0.0348751 0.0336287 0.0362936 0.0278595 0.0222981 0.0376018 0.0285299 0.0300704 0.0310177 0.0280371 0.0285557 0.0305188 0.0318580 0.0298035 0.0318904 0.0330654 0.0325580 0.0325297 0.0363391 0.0297645 0.0372608 0.0374510 0.0297688 0.0351889 0.0311448 0.0310832 0.0332534 0.0338595 0.0369570 0.0312191 0.0314675 0.0324551 0.0325350 0.0300936 0.0324829 0.0333632 0.0373626 0.0340528 0.0285370 0.0346206 0.0362617 0.0329759 0.0289124 0.0332295 0.0362917 0.0302122 0.0340902 0.0341531 0.0318250 0.0360218 0.0299008 0.0359183 0.0294328 0.0329735 0.0330921 0.0386155 0.0340115 0.0322892 0.0393855 0.0328864 0.0332005 0.0370054 0.0314679 0.0375467 0.0366959 
pop1.indv19 0.0276898 0.0290262 0.0000000 0.0278587 0.0349759 0.0343245 0.0349714 0.0285540 0.0310929 0.0318713 0.0305179 0.0301007 0.0310162 0.0300820 0.0284546 0.0356917 0.0318405 0.0316026 0.0305333 0.0326351 0.0287458 0.0358335 0.0318499 0.0253078 0.0335714 0.0291779 0.0290599 0.0306767 0.0340204 0.0359996 0.0343844 0.0342021 0.0290269 0.0304261 0.0406478 0.0317813 0.0255320 0.0299714 0.0291190 0.0347834 0.0338752 0.0336399 0.0330611 0.0289127 0.0309849 0.0316640 0.0338066 0.0334291 0.0341725 0.0309504 0.0316125 0.0344054 0.0276059 0.0335199 0.0348727 0.0309363 0.0355123 0.0360105 0.0342524 0.0327631 0.0310178 0.0331546 0.0289729 0.0313732 0.0327188 0.0313545 0.0339600 0.0323803 0.0334163 0.0321376 0.0290704 0.0369880 0.0329034 0.0337115 0.0332430 
pop1.indv22 0.0306364 0.0271699 0.0278587 0.0000000 0.0284999 0.0289309 0.0279895 0.0304290 0.0289456 0.0285024 0.0248493 0.0227336 0.0285467 0.0263986 0.0311107 0.0245829 0.0310010 0.0262573 0.0274219 0.0262340 0.0316855 0.0308985 0.0312114 0.0262482 0.0295589 0.0276284 0.0263319 0.0295551 0.0337603 0.0300403 0.0370569 0.0283525 0.0283576 0.0273444 0.0334952 0.0252288 0.0271026 0.0293851 0.0285048 0.0311806 0.0291940 0.0298982 0.0281950 0.0262442 0.0281027 0.0241453 0.0268788 0.0279773 0.0289110 0.0293557 0.0273613 0.0251435 0.0317332 0.0298111 0.0308832 0.0270264 0.0308513 0.0332518 0.0307749 0.0308590 0.0311317 0.0315221 0.0282198 0.0310195 0.0328957 0.0279818 0.0336977 0.0295574 0.0334435 0.0288386 0.0290028 0.0363179 0.0297505 0.0335906 0.0314602 
pop1.indv15 0.0329084 0.0292714 0.0349759 0.0284999 0.0000000 0.0353122 0.0327364 0.0291136 0.0322684 0.0330814 0.0362481 0.0334140 0.0303961 0.0289734 0.0327913 0.0321839 0.0313884 0.0287592 0.0316547 0.0287063 0.0327728 0.0324391 0.0314389 0.0266351 0.0332690 0.0298342 0.0361118 0.0305906 0.0328777 0.0340350 0.0352155 0.0307451 0.0316309 0.0293518 0.0305423 0.0294324 0.0290598 0.0322929 0.0345144 0.0303295 0.0301254 0.0354934 0.0298668 0.0301854 0.0319664 0.0301001 0.0341947 0.0343678 0.0293560 0.0339935 0.0315398 0.0331261 0.0292721 0.0308199 0.0330060 0.0295939 0.0323110 0.0354586 0.0321144 0.0326770 0.0312754 0.0327734 0.0297216 0.0346068 0.0336423 0.0334355 0.0298409 0.0322015 0.0366317 0.0264852 0.0300432 0.0332208 0.0305068 0.0352294 0.0327723 
pop1.indv1  0.0298799 0.0332111 0.0343245 0.0289309 0.0353122 0.0000000 0.0268490 0.0310856 0.0321860 0.0326333 0.0296867 0.0283782 0.0336325 0.0285080 0.0305955 0.0363719 0.0315861 0.0305895 0.0250762 0.0296120 0.0301891 0.0292212 0.0264385 0.0280351 0.0331193 0.0289082 0.0278818 0.0294038 0.0318565 0.0312637 0.0360233 0.0280030 0.0287723 0.0287456 0.0296557 0.0314807 0.0265935 0.0340691 0.0300463 0.0333173 0.0300410 0.0337320 0.0297402 0.0261538 0.0273307 0.0329231 0.0290070 0.0305264 0.0294717 0.0327100 0.0314866 0.0278785 0.0318401 0.0318336 0.0311667 0.0313051 0.0314333 0.0323125 0.0297245 0.0334173 0.0349390 0.0319411 0.0306806 0.0311866 0.0328853 0.0311017 0.0329018 0.0346408 0.0361444 0.0297903 0.0290760 0.0316953 0.0299110 0.0332340 0.0295844 
pop1.indv2  0.0310363 0.0330699 0.0349714 0.0279895 0.0327364 0.0268490 0.0000000 0.0315488 0.0281274 0.0301502 0.0282384 0.0324140 0.0341199 0.0253949 0.0336615 0.0273585 0.0302037 0.0297344 0.0298587 0.0274863 0.0327465 0.0300416 0.0294446 0.0227565 0.0309016 0.0262882 0.0284823 0.0302747 0.0352481 0.0297871 0.0326976 0.0254581 0.0291174 0.0318917 0.0286607 0.0279858 0.0291792 0.0329055 0.0302726 0.0300365 0.0286602 0.0327190 0.0284786 0.0262202 0.0325016 0.0352621 0.0303270 0.0327231 0.0307424 0.0317273 0.0249655 0.0309096 0.0317382 0.0320501 0.0319879 0.0283658 0.0336218 0.0305613 0.0328966 0.0273084 0.0314154 0.0301851 0.0313448 0.0316597 0.0346869 0.0299433 0.0299650 0.0294910 0.0361425 0.0300600 0.0329721 0.0306411 0.0318552 0.0329845 0.0281343 
pop1.indv3  0.0283333 0.0285462 0.0285540 0.0304290 0.0291136 0.0310856 0.0315488 0.0000000 0.0296182 0.0287567 0.0273852 0.0302883 0.0359139 0.0304027 0.0322499 0.0329993 0.0274558 0.0286144 0.0314889 0.0294609 0.0319260 0.0342425 0.0290794 0.0256089 0.0330927 0.0300203 0.0305195 0.0301952 0.0314676 0.0342671 0.0412999 0.0253013 0.0267631 0.0296851 0.0321343 0.0310088 0.0312295 0.0300694 0.0311319 0.0323181 0.0295132 0.0366723 0.0297646 0.0307204 0.0330712 0.0310086 0.0319657 0.0356528 0.0273000 0.0299636 0.0307195 0.0313859 0.0310476 0.0287630 0.0393690 0.0317361 0.0290865 0.0313722 0.0285331 0.0301801 0.0333158 0.0365565 0.0292601 0.0340688 0.0302592 0.0305840 0.0320581 0.0300647 0.0309617 0.0316221 0.0346238 0.0348311 0.0309993 0.0296690 0.0326910 
pop1.indv4  0.0278801 0.0352883 0.0310929 0.0289456 0.0322684 0.0321860 0.0281274 0.0296182 0.0000000 0.0285251 0.0291538 0.0288195 0.0345588 0.0243934 0.0294192 0.0280956 0.0320022 0.0277967 0.0275236 0.0275259 0.0347476 0.0293766 0.0292512 0.0240549 0.0307403 0.0337499 0.0310698 0.0260898 0.0307554 0.0363848 0.0343308 0.0320254 0.0306572 0.0278208 0.0310483 0.0313606 0.0233098 0.0280914 0.0320275 0.0323696 0.0303447 0.0376947 0.0320970 0.0327208 0.0331296 0.0326146 0.0298687 0.0322363 0.0355597 0.0313188 0.0300696 0.0295676 0.0281118 0.0288018 0.0307698 0.0319492 0.0309628 0.0311480 0.0254808 0.0276228 0.0330789 0.0357503 0.0284524 0.0277734 0.0329815 0.0330661 0.0331700 0.0301438 0.0346704 0.0247637 0.0251168 0.0342037 0.0295062 0.0293873 0.0331979 
pop1.indv5  0.0285989 0.0327823 0.0318713 0.0285024 0.0330814 0.0326333 0.0301502 0.0287567 0.0285251 0.0000000 0.0262094 0.0298974 0.0336630 0.0282437 0.0308348 0.0297039 0.0306240 0.0311344 0.0267369 0.0340095 0.0298418 0.0311968 0.0310561 0.0281558 0.0349037 0.0295255 0.0324302 0.0312987 0.0284252 0.0310926 0.0334301 0.0299486 0.0311309 0.0303727 0.0336002 0.0315425 0.0314888 0.0301712 0.0301209 0.0271078 0.0347065 0.0376483 0.0336617 0.0332876 0.0374537 0.0351751 0.0340117 0.0284349 0.0280704 0.0325554 0.0301184 0.0306510 0.0295315 0.0283486 0.0311121 0.0313269 0.0307010 0.0292231 0.0285141 0.0291867 0.0350648 0.0364381 0.0303764 0.0289925 0.0320306 0.0278861 0.0318954 0.0319832 0.0328846 0.0266332 0.0315629 0.0308052 0.0282209 0.0251943 0.0320102 
pop1.indv6  0.0335308 0.0348751 0.0305179 0.0248493 0.0362481 0.0296867 0.0282384 0.0273852 0.0291538 0.0262094 0.0000000 0.0290781 0.0313831 0.0274836 0.0284933 0.0336253 0.0304131 0.0300744 0.0292453 0.0256439 0.0336983 0.0347817 0.0299857 0.0290629 0.0330598 0.0309372 0.0289495 0.0292164 0.0305545 0.0326499 0.0342889 0.0280811 0.0259656 0.0280835 0.0321559 0.0289297 0.0305885 0.0399859 0.0316235 0.0292980 0.0363959 0.0315869 0.0337734 0.0290451 0.0341303 0.0348827 0.0302010 0.0299061 0.0311265 0.0317158 0.0270457 0.0250655 0.0314302 0.0310169 0.0309300 0.0336195 0.0363541 0.0296766 0.0270360 0.0303297 0.0345955 0.0359365 0.0292029 0.0306823 0.0323353 0.0316857 0.0343317 0.0310049 0.0350031 0.0268834 0.0324107 0.0362135 0.0328550 0.0326980 0.0323567 
pop1.indv7  0.0283048 0.0336287 0.0301007 0.0227336 0.0334140 0.0283782 0.0324140 0.0302883 0.0288195 0.0298974 0.0290781 0.0000000 0.0336359 0.0300052 0.0308004 0.0305302 0.0324128 0.0325655 0.0310673 0.0336977 0.0275265 0.0330168 0.0297700 0.0306430 0.0333708 0.0313595 0.0338908 0.0334902 0.0362915 0.0360397 0.0386347 0.0316184 0.0311568 0.0343176 0.0350878 0.0299720 0.0306209 0.0382968 0.0330372 0.0338173 0.0283298 0.0333263 0.0293623 0.0318610 0.0315964 0.0314936 0.0330162 0.0358550 0.0311861 0.0318047 0.0310058 0.0331967 0.0314904 0.0318289 0.0364978 0.0319886 0.0288184 0.0356012 0.0331626 0.0305613 0.0338981 0.0357673 0.0311961 0.0317853 0.0337454 0.0360565 0.0323155 0.0329493 0.0344997 0.0258891 0.0315605 0.0333517 0.0359755 0.0341022 0.0341043 
pop1.indv9  0.0373741 0.0362936 0.0310162 0.0285467 0.0303961 0.0336325 0.0341199 0.0359139 0.0345588 0.0336630 0.0313831 0.0336359 0.0000000 0.0294770 0.0343271 0.0342266 0.0349549 0.0340754 0.0270586 0.0297883 0.0335773 0.0370061 0.0329447 0.0304291 0.0362980 0.0286830 0.0316417 0.0356914 0.0371121 0.0412267 0.0400075 0.0348603 0.0327732 0.0316224 0.0354523 0.0313875 0.0325324 0.0375024 0.0362332 0.0415790 0.0361148 0.0348580 0.0365680 0.0314783 0.0335513 0.0389416 0.0326602 0.0381611 0.0335736 0.0350176 0.0320618 0.0370207 0.0308562 0.0337337 0.0377796 0.0308591 0.0310227 0.0359058 0.0340127 0.0313231 0.0396923 0.0395973 0.0339246 0.0347837 0.0384839 0.0372132 0.0341488 0.0383236 0.0364540 0.0345813 0.0315762 0.0369631 0.0346795 0.0358230 0.0336748 
pop1.indv11 0.0294466 0.0278595 0.0300820 0.0263986 0.0289734 0.0285080 0.0253949 0.0304027 0.0243934 0.0282437 0.0274836 0.0300052 0.0294770 0.0000000 0.0268140 0.0271792 0.0273695 0.0305801 0.0273067 0.0286477 0.0300342 0.0285476 0.0276811 0.0312515 0.0283727 0.0258963 0.0303748 0.0276453 0.0340144 0.0282251 0.0314953 0.0268575 0.0276986 0.0256326 0.0298350 0.0246864 0.0269535 0.0315689 0.0319970 0.0293296 0.0264576 0.0356081 0.0282782 0.0297830 0.0307433 0.0244502 0.0286289 0.0275896 0.0294637 0.0297000 0.0248219 0.0291473 0.0286057 0.0288273 0.0288480 0.0302480 0.0281387 0.0273824 0.0262020 0.0262425 0.0330575 0.0333789 0.0302582 0.0300396 0.0308742 0.0320713 0.0299434 0.0295576 0.0336818 0.0249218 0.0269070 0.0280035 0.0283940 0.0297365 0.0261310 
pop1.indv12 0.0297267 0.0222981 0.0284546 0.0311107 0.0327913 0.0305955 0.0336615 0.0322499 0.0294192 0.0308348 0.0284933 0.0308004 0.0343271 0.0268140 0.0000000 0.0317217 0.0309974 0.0291819 0.0291313 0.0288120 0.0245479 0.0325870 0.0260935 0.0277330 0.0304186 0.0300874 0.0352581 0.0312102 0.0324414 0.0306087 0.0343356 0.0326367 0.0302063 0.0306526 0.0360855 0.0271067 0.0251238 0.0318033 0.0341717 0.0352977 0.0317424 0.0327757 0.0311984 0.0315216 0.0298569 0.0305443 0.0325328 0.0294553 0.0317661 0.0313584 0.0298180 0.0316177 0.0294300 0.0340189 0.0329378 0.0355543 0.0313663 0.0309751 0.0315200 0.0304291 0.0335555 0.0354407 0.0345388 0.0361414 0.0355522 0.0351596 0.0315147 0.0338266 0.0360162 0.0312313 0.0316960 0.0380499 0.0314884 0.0290172 0.0296652 
pop1.indv13 0.0307541 0.0376018 0.0356917 0.0245829 0.0321839 0.0363719 0.0273585 0.0329993 0.0280956 0.0297039 0.0336253 0.0305302 0.0342266 0.0271792 0.0317217 0.0000000 0.0343668 0.0346355 0.0293042 0.0283861 0.0318664 0.0324362 0.0324534 0.0285070 0.0293321 0.0305693 0.0359579 0.0332128 0.0320801 0.0343055 0.0375831 0.0320393 0.0294551 0.0316336 0.0380152 0.0306155 0.0280699 0.0344171 0.0361903 0.0345483 0.0334135 0.0378809 0.0330171 0.0313329 0.0345737 0.0286117 0.0354021 0.0302869 0.0327541 0.0320209 0.0338147 0.0328701 0.0324281 0.0332335 0.0373203 0.0307366 0.0362227 0.0343589 0.0314222 0.0335234 0.0360642 0.0310145 0.0312549 0.0326193 0.0364945 0.0300294 0.0335344 0.0348097 0.0339834 0.0288364 0.0334340 0.0320936 0.0309645 0.0316353 0.0312228 
pop1.indv14 0.0298667 0.0285299 0.0318405 0.0310010 0.0313884 0.0315861 0.0302037 0.0274558 0.0320022 0.0306240 0.0304131 0.0324128 0.0349549 0.0273695 0.0309974 0.0343668 0.0000000 0.0291362 0.0299591 0.0336506 0.0324649 0.0300283 0.0281158 0.0290042 0.0322455 0.0296683 0.0276758 0.0305527 0.0366318 0.0359008 0.0378498 0.0286627 0.0269439 0.0310420 0.0330952 0.0286002 0.0296246 0.0302185 0.0297940 0.0363264 0.0333711 0.0310747 0.0352616 0.0318975 0.0314154 0.0312485 0.0343985 0.0327668 0.0307138 0.0346998 0.0322609 0.0335334 0.0331542 0.0284901 0.0319046 0.0339004 0.0310011 0.0351339 0.0328757 0.0289593 0.0340677 0.0327995 0.0333510 0.0368027 0.0357849 0.0360173 0.0291342 0.0332063 0.0353412 0.0299563 0.0294345 0.0359892 0.0309445 0.0331081 0.0318577 
pop1.indv16 0.0303688 0.0300704 0.0316026 0.0262573 0.0287592 0.0305895 0.0297344 0.0286144 0.0277967 0.0311344 0.0300744 0.0325655 0.0340754 0.0305801 0.0291819 0.0346355 0.0291362 0.0000000 0.0283982 0.0271393 0.0280029 0.0291076 0.0315239 0.0285592 0.0318402 0.0319542 0.0303049 0.0297671 0.0333970 0.0341448 0.0334999 0.0299087 0.0258850 0.0306174 0.0315444 0.0333172 0.0260677 0.0299307 0.0312342 0.0332815 0.0335346 0.0358154 0.0314939 0.0311651 0.0307410 0.0326237 0.0317179 0.0310751 0.0289701 0.0290502 0.0278565 0.0284657 0.0298286 0.0303143 0.0334511 0.0314592 0.0322694 0.0312111 0.0362577 0.0289354 0.0298740 0.0340651 0.0285934 0.0317019 0.0311221 0.0345724 0.0316202 0.0312630 0.0335546 0.0315870 0.0329572 0.0367706 0.0261286 0.0358029 0.0320451 
pop1.indv17 0.0321381 0.0310177 0.0305333 0.0274219 0.0316547 0.0250762 0.0298587 0.0314889 0.0275236 0.0267369 0.0292453 0.0310673 0.0270586 0.0273067 0.0291313 0.0293042 0.0299591 0.0283982 0.0000000 0.0267997 0.0302988 0.0267395 0.0282577 0.0327619 0.0306470 0.0275892 0.0281105 0.0311023 0.0295127 0.0332331 0.0357607 0.0308737 0.0273066 0.0277642 0.0314500 0.0303791 0.0295239 0.0321899 0.0281526 0.0311849 0.0268501 0.0349771 0.0334753 0.0310091 0.0330238 0.0268887 0.0320462 0.0306914 0.0302663 0.0287252 0.0301358 0.0281770 0.0321571 0.0267271 0.0288799 0.0265618 0.0299697 0.0317787 0.0300898 0.0301877 0.0310581 0.0329084 0.0291035 0.0299765 0.0295772 0.0310817 0.0315071 0.0283386 0.0365428 0.0283863 0.0305932 0.0334447 0.0347686 0.0311549 0.0310710 
pop1.indv18 0.0274551 0.0280371 0.0326351 0.0262340 0.0287063 0.0296120 0.0274863 0.0294609 0.0275259 0.0340095 0.0256439 0.0336977 0.0297883 0.0286477 0.0288120 0.0283861 0.0336506 0.0271393 0.0267997 0.0000000 0.0304320 0.0276707 0.0288835 0.0235468 0.0324470 0.0292653 0.0319530 0.0290351 0.0316828 0.0285049 0.0338136 0.0288798 0.0262200 0.0300233 0.0311673 0.0275757 0.0266511 0.0303652 0.0302584 0.0267973 0.0284675 0.0334334 0.0286920 0.0286963 0.0281600 0.0287375 0.0292682 0.0323968 0.0271611 0.0256716 0.0261731 0.0272087 0.0291595 0.0256271 0.0301854 0.0298600 0.0319598 0.0314287 0.0289192 0.0310721 0.0308599 0.0315411 0.0292712 0.0293352 0.0318172 0.0274771 0.0283402 0.0312251 0.0326981 0.0270985 0.0312566 0.0331067 0.0295743 0.0344083 0.0350235 
pop1.indv20 0.0267120 0.0285557 0.0287458 0.0316855 0.0327728 0.0301891 0.0327465 0.0319260 0.0347476 0.0298418 0.0336983 0.0275265 0.0335773 0.0300342 0.0245479 0.0318664 0.0324649 0.0280029 0.0302988 0.0304320 0.0000000 0.0319883 0.0320271 0.0289221 0.0321341 0.0279253 0.0328744 0.0361721 0.0318764 0.0319686 0.0359972 0.0334449 0.0291837 0.0289053 0.0316171 0.0303100 0.0271147 0.0346976 0.0315354 0.0308248 0.0297517 0.0388025 0.0290260 0.0299576 0.0317800 0.0274874 0.0325383 0.0310625 0.0270483 0.0311868 0.0302232 0.0293364 0.0300435 0.0239732 0.0306236 0.0316192 0.0362213 0.0334393 0.0277417 0.0294237 0.0308137 0.0375650 0.0301230 0.0310629 0.0303997 0.0338835 0.0343048 0.0313715 0.0340347 0.0301736 0.0320823 0.0336075 0.0307977 0.0346525 0.0352066 
pop1.indv21 0.0301352 0.0305188 0.0358335 0.0308985 0.0324391 0.0292212 0.0300416 0.0342425 0.0293766 0.0311968 0.0347817 0.0330168 0.0370061 0.0285476 0.0325870 0.0324362 0.0300283 0.0291076 0.0267395 0.0276707 0.0319883 0.0000000 0.0330387 0.0295109 0.0280522 0.0301813 0.0283046 0.0279670 0.0336690 0.0341714 0.0329735 0.0301519 0.0268632 0.0296601 0.0272891 0.0276585 0.0268912 0.0333533 0.0311237 0.0310294 0.0333349 0.0356641 0.0288782 0.0311828 0.0288794 0.0318965 0.0310559 0.0312782 0.0304425 0.0327205 0.0288210 0.0273625 0.0307956 0.0295693 0.0351790 0.0350961 0.0302422 0.0333887 0.0303799 0.0314422 0.0332821 0.0353712 0.0316146 0.0344155 0.0289753 0.0305868 0.0290328 0.0314666 0.0386117 0.0228869 0.0317917 0.0323103 0.0301484 0.0309104 0.0301300 
pop1.indv23 0.0325730 0.0318580 0.0318499 0.0312114 0.0314389 0.0264385 0.0294446 0.0290794 0.0292512 0.0310561 0.0299857 0.0297700 0.0329447 0.0276811 0.0260935 0.0324534 0.0281158 0.0315239 0.0282577 0.0288835 0.0320271 0.0330387 0.0000000 0.0329372 0.0314358 0.0302153 0.0325747 0.0311669 0.0347407 0.0334182 0.0338045 0.0284166 0.0303113 0.0279255 0.0322571 0.0301983 0.0258531 0.0332850 0.0312175 0.0322704 0.0286921 0.0339874 0.0283949 0.0330504 0.0339970 0.0317002 0.0332184 0.0325769 0.0302869 0.0378149 0.0361397 0.0294697 0.0317391 0.0247895 0.0357053 0.0300365 0.0346226 0.0348875 0.0303878 0.0310191 0.0363950 0.0347970 0.0315702 0.0337800 0.0354007 0.0339013 0.0304743 0.0324197 0.0387728 0.0304754 0.0345584 0.0361361 0.0320797 0.0319693 0.0318942 
pop1.indv24 0.0250922 0.0298035 0.0253078 0.0262482 0.0266351 0.0280351 0.0227565 0.0256089 0.0240549 0.0281558 0.0290629 0.0306430 0.0304291 0.0312515 0.0277330 0.0285070 0.0290042 0.0285592 0.0327619 0.0235468 0.0289221 0.0295109 0.0329372 0.0000000 0.0313227 0.0270167 0.0294465 0.0317370 0.0298275 0.0304426 0.0324844 0.0282332 0.0276169 0.0254418 0.0284072 0.0258716 0.0252493 0.0244534 0.0298906 0.0302048 0.0306646 0.0311585 0.0294342 0.0301520 0.0283323 0.0260017 0.0245431 0.0338564 0.0293738 0.0306129 0.0315888 0.0309488 0.0289613 0.0258555 0.0268269 0.0300997 0.0327745 0.0296531 0.0296810 0.0294237 0.0309796 0.0303668 0.0258407 0.0285579 0.0317723 0.0330017 0.0260182 0.0253728 0.0324206 0.0283508 0.0262221 0.0316872 0.0248582 0.0258449 0.0313722 
pop1.indv25 0.0358423 0.0318904 0.0335714 0.0295589 0.0332690 0.0331193 0.0309016 0.0330927 0.0307403 0.0349037 0.0330598 0.0333708 0.0362980 0.0283727 0.0304186 0.0293321 0.0322455 0.0318402 0.0306470 0.0324470 0.0321341 0.0280522 0.0314358 0.0313227 0.0000000 0.0358573 0.0335476 0.0346513 0.0409500 0.0354606 0.0401286 0.0333056 0.0325673 0.0284229 0.0321835 0.0332514 0.0294697 0.0326803 0.0324684 0.0333029 0.0310275 0.0427954 0.0336386 0.0295152 0.0354466 0.0372432 0.0295518 0.0337647 0.0391535 0.0357237 0.0308440 0.0284435 0.0340130 0.0353795 0.0314836 0.0325341 0.0348444 0.0385894 0.0331500 0.0368681 0.0398724 0.0339723 0.0330808 0.0362731 0.0363992 0.0335979 0.0342835 0.0360306 0.0372252 0.0282215 0.0323037 0.0363916 0.0315272 0.0361800 0.0325014 
pop2.indv16 0.0278068 0.0330654 0.0291779 0.0276284 0.0298342 0.0289082 0.0262882 0.0300203 0.0337499 0.0295255 0.0309372 0.0313595 0.0286830 0.0258963 0.0300874 0.0305693 0.0296683 0.0319542 0.0275892 0.0292653 0.0279253 0.0301813 0.0302153 0.0270167 0.0358573 0.0000000 0.0304013 0.0291997 0.0303858 0.0313554 0.0327967 0.0222839 0.0246103 0.0245625 0.0257805 0.0253144 0.0239183 0.0289058 0.0293058 0.0277690 0.0278907 0.0332741 0.0289470 0.0248804 0.0313452 0.0282802 0.0299912 0.0299609 0.0300801 0.0307186 0.0273729 0.0315416 0.0306963 0.0318646 0.0335064 0.0304837 0.0348726 0.0272120 0.0285850 0.0287674 0.0342384 0.0336780 0.0269668 0.0332212 0.0321401 0.0286416 0.0279164 0.0297405 0.0284000 0.0312104 0.0293158 0.0302535 0.0307936 0.0305588 0.0346430 
pop2.indv25 0.0294224 0.0325580 0.0290599 0.0263319 0.0361118 0.0278818 0.0284823 0.0305195 0.0310698 0.0324302 0.0289495 0.0338908 0.0316417 0.0303748 0.0352581 0.0359579 0.0276758 0.0303049 0.0281105 0.0319530 0.0328744 0.0283046 0.0325747 0.0294465 0.0335476 0.0304013 0.0000000 0.0308991 0.0341225 0.0286784 0.0369893 0.0284604 0.0247760 0.0273356 0.0283724 0.0280728 0.0270848 0.0301420 0.0308807 0.0294659 0.0262970 0.0320288 0.0340619 0.0273593 0.0334203 0.0287286 0.0291840 0.0313619 0.0339704 0.0260245 0.0332408 0.0285248 0.0273317 0.0290902 0.0318540 0.0293031 0.0297114 0.0358198 0.0294497 0.0324335 0.0321421 0.0295174 0.0320787 0.0349688 0.0349784 0.0324246 0.0279448 0.0345102 0.0330578 0.0340723 0.0312949 0.0386366 0.0329543 0.0304417 0.0362025 
pop2.indv9  0.0296470 0.0325297 0.0306767 0.0295551 0.0305906 0.0294038 0.0302747 0.0301952 0.0260898 0.0312987 0.0292164 0.0334902 0.0356914 0.0276453 0.0312102 0.0332128 0.0305527 0.0297671 0.0311023 0.0290351 0.0361721 0.0279670 0.0311669 0.0317370 0.0346513 0.0291997 0.0308991 0.0000000 0.0324236 0.0300513 0.0305842 0.0272518 0.0302093 0.0277045 0.0273949 0.0278270 0.0239218 0.0323639 0.0270217 0.0271962 0.0313237 0.0346340 0.0293939 0.0308645 0.0302902 0.0348067 0.0314711 0.0268827 0.0263604 0.0303795 0.0256660 0.0338073 0.0286752 0.0273391 0.0301280 0.0319206 0.0315919 0.0346116 0.0324134 0.0318659 0.0332392 0.0365261 0.0295570 0.0350968 0.0394337 0.0319619 0.0305242 0.0243514 0.0352601 0.0307387 0.0319296 0.0353557 0.0319769 0.0306196 0.0328662 
pop2.indv20 0.0365853 0.0363391 0.0340204 0.0337603 0.0328777 0.0318565 0.0352481 0.0314676 0.0307554 0.0284252 0.0305545 0.0362915 0.0371121 0.0340144 0.0324414 0.0320801 0.0366318 0.0333970 0.0295127 0.0316828 0.0318764 0.0336690 0.0347407 0.0298275 0.0409500 0.0303858 0.0341225 0.0324236 0.0000000 0.0348709 0.0345615 0.0304386 0.0291590 0.0296209 0.0352142 0.0282589 0.0319168 0.0289769 0.0335245 0.0315349 0.0326664 0.0367659 0.0313367 0.0290095 0.0261621 0.0326239 0.0324132 0.0296417 0.0309406 0.0335896 0.0372012 0.0355588 0.0314185 0.0301841 0.0337141 0.0345672 0.0367896 0.0374961 0.0361700 0.0354319 0.0349273 0.0344965 0.0341550 0.0346797 0.0326433 0.0348713 0.0335034 0.0324737 0.0366357 0.0347925 0.0377044 0.0386766 0.0326070 0.0361282 0.0351434 
pop2.indv7  0.0305819 0.0297645 0.0359996 0.0300403 0.0340350 0.0312637 0.0297871 0.0342671 0.0363848 0.0310926 0.0326499 0.0360397 0.0412267 0.0282251 0.0306087 0.0343055 0.0359008 0.0341448 0.0332331 0.0285049 0.0319686 0.0341714 0.0334182 0.0304426 0.0354606 0.0313554 0.0286784 0.0300513 0.0348709 0.0000000 0.0364957 0.0289718 0.0274313 0.0298547 0.0296508 0.0246926 0.0302939 0.0333725 0.0325278 0.0277761 0.0289824 0.0309180 0.0315918 0.0277133 0.0321189 0.0261753 0.0329312 0.0309168 0.0297605 0.0291690 0.0346291 0.0344359 0.0330611 0.0316851 0.0280922 0.0354776 0.0370034 0.0369969 0.0336432 0.0364603 0.0319140 0.0308630 0.0345919 0.0318692 0.0354878 0.0336014 0.0341233 0.0316560 0.0343873 0.0291480 0.0341958 0.0353942 0.0285848 0.0315619 0.0342280 
pop2.indv1  0.0345021 0.0372608 0.0343844 0.0370569 0.0352155 0.0360233 0.0326976 0.0412999 0.0343308 0.0334301 0.0342889 0.0386347 0.0400075 0.0314953 0.0343356 0.0375831 0.0378498 0.0334999 0.0357607 0.0338136 0.0359972 0.0329735 0.0338045 0.0324844 0.0401286 0.0327967 0.0369893 0.0305842 0.0345615 0.0364957 0.0000000 0.0321631 0.0306080 0.0279035 0.0335363 0.0341160 0.0266681 0.0300807 0.0333724 0.0289361 0.0367926 0.0395708 0.0307615 0.0295225 0.0377748 0.0377764 0.0321470 0.0345814 0.0302912 0.0355640 0.0318989 0.0315295 0.0331439 0.0295733 0.0374969 0.0380589 0.0349772 0.0328464 0.0332991 0.0305150 0.0373232 0.0331895 0.0344428 0.0357520 0.0371082 0.0380499 0.0306837 0.0346801 0.0379722 0.0293562 0.0322377 0.0376566 0.0297213 0.0358532 0.0343134 
pop2.indv2  0.0348904 0.0374510 0.0342021 0.0283525 0.0307451 0.0280030 0.0254581 0.0253013 0.0320254 0.0299486 0.0280811 0.0316184 0.0348603 0.0268575 0.0326367 0.0320393 0.0286627 0.0299087 0.0308737 0.0288798 0.0334449 0.0301519 0.0284166 0.0282332 0.0333056 0.0222839 0.0284604 0.0272518 0.0304386 0.0289718 0.0321631 0.0000000 0.0246982 0.0295081 0.0284853 0.0306768 0.0257694 0.0271706 0.0289913 0.0279007 0.0269464 0.0304842 0.0289379 0.0243444 0.0307297 0.0288959 0.0305672 0.0292746 0.0292009 0.0251344 0.0335358 0.0299073 0.0254905 0.0298715 0.0287606 0.0307069 0.0319730 0.0296618 0.0292662 0.0274875 0.0349275 0.0309322 0.0313940 0.0285422 0.0325743 0.0293350 0.0298029 0.0299726 0.0335637 0.0275906 0.0325002 0.0362216 0.0306872 0.0328854 0.0329589 
pop2.indv3  0.0328750 0.0297688 0.0290269 0.0283576 0.0316309 0.0287723 0.0291174 0.0267631 0.0306572 0.0311309 0.0259656 0.0311568 0.0327732 0.0276986 0.0302063 0.0294551 0.0269439 0.0258850 0.0273066 0.0262200 0.0291837 0.0268632 0.0303113 0.0276169 0.0325673 0.0246103 0.0247760 0.0302093 0.0291590 0.0274313 0.0306080 0.0246982 0.0000000 0.0286451 0.0293929 0.0294568 0.0231339 0.0285308 0.0248113 0.0343543 0.0278040 0.0319316 0.0316288 0.0266799 0.0261892 0.0252185 0.0265209 0.0265637 0.0259696 0.0282735 0.0268321 0.0287571 0.0263293 0.0239634 0.0272242 0.0254287 0.0279792 0.0279203 0.0299842 0.0271667 0.0354750 0.0319412 0.0258177 0.0299247 0.0300142 0.0260208 0.0276037 0.0260327 0.0311349 0.0292510 0.0294521 0.0284296 0.0254397 0.0289613 0.0329571 
pop2.indv4  0.0314205 0.0351889 0.0304261 0.0273444 0.0293518 0.0287456 0.0318917 0.0296851 0.0278208 0.0303727 0.0280835 0.0343176 0.0316224 0.0256326 0.0306526 0.0316336 0.0310420 0.0306174 0.0277642 0.0300233 0.0289053 0.0296601 0.0279255 0.0254418 0.0284229 0.0245625 0.0273356 0.0277045 0.0296209 0.0298547 0.0279035 0.0295081 0.0286451 0.0000000 0.0264901 0.0265355 0.0216954 0.0256962 0.0283203 0.0298774 0.0274095 0.0345554 0.0272575 0.0302888 0.0281777 0.0329664 0.0288287 0.0296825 0.0289017 0.0334947 0.0281260 0.0281220 0.0275850 0.0312979 0.0288414 0.0330001 0.0276091 0.0317891 0.0258416 0.0276397 0.0363383 0.0336696 0.0271298 0.0306520 0.0367535 0.0326552 0.0297800 0.0276764 0.0368924 0.0284869 0.0292992 0.0322237 0.0299862 0.0340872 0.0232733 
pop2.indv5  0.0339162 0.0311448 0.0406478 0.0334952 0.0305423 0.0296557 0.0286607 0.0321343 0.0310483 0.0336002 0.0321559 0.0350878 0.0354523 0.0298350 0.0360855 0.0380152 0.0330952 0.0315444 0.0314500 0.0311673 0.0316171 0.0272891 0.0322571 0.0284072 0.0321835 0.0257805 0.0283724 0.0273949 0.0352142 0.0296508 0.0335363 0.0284853 0.0293929 0.0264901 0.0000000 0.0281238 0.0272214 0.0292554 0.0280787 0.0300730 0.0296529 0.0335021 0.0313781 0.0280159 0.0306288 0.0298138 0.0316472 0.0303032 0.0289445 0.0345795 0.0327852 0.0343001 0.0329382 0.0315414 0.0339603 0.0292516 0.0349434 0.0306066 0.0279516 0.0353329 0.0331168 0.0384018 0.0327031 0.0302820 0.0352276 0.0325253 0.0321776 0.0315707 0.0364556 0.0306108 0.0323990 0.0339076 0.0293546 0.0329185 0.0370868 
pop2.indv6  0.0298993 0.0310832 0.0317813 0.0252288 0.0294324 0.0314807 0.0279858 0.0310088 0.0313606 0.0315425 0.0289297 0.0299720 0.0313875 0.0246864 0.0271067 0.0306155 0.0286002 0.0333172 0.0303791 0.0275757 0.0303100 0.0276585 0.0301983 0.0258716 0.0332514 0.0253144 0.0280728 0.0278270 0.0282589 0.0246926 0.0341160 0.0306768 0.0294568 0.0265355 0.0281238 0.0000000 0.0252115 0.0296238 0.0277694 0.0299772 0.0263343 0.0298609 0.0276979 0.0270817 0.0308574 0.0283757 0.0316945 0.0323096 0.0264790 0.0296350 0.0303281 0.0310684 0.0271466 0.0299539 0.0279484 0.0300149 0.0297867 0.0287474 0.0278951 0.0284655 0.0300057 0.0351167 0.0301446 0.0313472 0.0275511 0.0341374 0.0272116 0.0302757 0.0328267 0.0244503 0.0291264 0.0303897 0.0309604 0.0299550 0.0314402 
pop2.indv8  0.0285329 0.0332534 0.0255320 0.0271026 0.0290598 0.0265935 0.0291792 0.0312295 0.0233098 0.0314888 0.0305885 0.0306209 0.0325324 0.0269535 0.0251238 0.0280699 0.0296246 0.0260677 0.0295239 0.0266511 0.0271147 0.0268912 0.0258531 0.0252493 0.0294697 0.0239183 0.0270848 0.0239218 0.0319168 0.0302939 0.0266681 0.0257694 0.0231339 0.0216954 0.0272214 0.0252115 0.0000000 0.0271795 0.0222686 0.0275754 0.0235899 0.0306230 0.0248398 0.0265014 0.0264872 0.0277234 0.0279851 0.0231718 0.0301610 0.0259273 0.0295112 0.0262601 0.0242081 0.0266068 0.0269891 0.0285568 0.0247057 0.0268789 0.0218544 0.0272314 0.0302156 0.0292777 0.0244802 0.0242263 0.0316479 0.0273508 0.0236538 0.0252085 0.0317863 0.0225552 0.0294336 0.0283941 0.0280422 0.0269642 0.0241044 
pop2.indv10 0.0281367 0.0338595 0.0299714 0.0293851 0.0322929 0.0340691 0.0329055 0.0300694 0.0280914 0.0301712 0.0399859 0.0382968 0.0375024 0.0315689 0.0318033 0.0344171 0.0302185 0.0299307 0.0321899 0.0303652 0.0346976 0.0333533 0.0332850 0.0244534 0.0326803 0.0289058 0.0301420 0.0323639 0.0289769 0.0333725 0.0300807 0.0271706 0.0285308 0.0256962 0.0292554 0.0296238 0.0271795 0.0000000 0.0280001 0.0282441 0.0308397 0.0316396 0.0315973 0.0303312 0.0325954 0.0285603 0.0294623 0.0260370 0.0287023 0.0290466 0.0295861 0.0300843 0.0267474 0.0309582 0.0299014 0.0323551 0.0297484 0.0275452 0.0279327 0.0294277 0.0271390 0.0375425 0.0302586 0.0279275 0.0363498 0.0301020 0.0336254 0.0345405 0.0350693 0.0301181 0.0270266 0.0352882 0.0299692 0.0346594 0.0331078 
pop2.indv11 0.0301567 0.0369570 0.0291190 0.0285048 0.0345144 0.0300463 0.0302726 0.0311319 0.0320275 0.0301209 0.0316235 0.0330372 0.0362332 0.0319970 0.0341717 0.0361903 0.0297940 0.0312342 0.0281526 0.0302584 0.0315354 0.0311237 0.0312175 0.0298906 0.0324684 0.0293058 0.0308807 0.0270217 0.0335245 0.0325278 0.0333724 0.0289913 0.0248113 0.0283203 0.0280787 0.0277694 0.0222686 0.0280001 0.0000000 0.0330611 0.0313224 0.0348922 0.0314946 0.0286423 0.0292187 0.0304695 0.0311365 0.0265292 0.0279995 0.0292860 0.0337889 0.0321976 0.0278674 0.0296230 0.0351901 0.0328179 0.0299647 0.0329732 0.0323748 0.0329703 0.0332259 0.0314679 0.0311871 0.0335063 0.0341120 0.0290123 0.0307964 0.0308954 0.0378360 0.0269530 0.0280959 0.0390985 0.0270279 0.0323073 0.0311434 
pop2.indv12 0.0301728 0.0312191 0.0347834 0.0311806 0.0303295 0.0333173 0.0300365 0.0323181 0.0323696 0.0271078 0.0292980 0.0338173 0.0415790 0.0293296 0.0352977 0.0345483 0.0363264 0.0332815 0.0311849 0.0267973 0.0308248 0.0310294 0.0322704 0.0302048 0.0333029 0.0277690 0.0294659 0.0271962 0.0315349 0.0277761 0.0289361 0.0279007 0.0343543 0.0298774 0.0300730 0.0299772 0.0275754 0.0282441 0.0330611 0.0000000 0.0287711 0.0314392 0.0312904 0.0281703 0.0338109 0.0290655 0.0362517 0.0305665 0.0324683 0.0306960 0.0256800 0.0326321 0.0334748 0.0243033 0.0341872 0.0320400 0.0348887 0.0296973 0.0297748 0.0347672 0.0319989 0.0353658 0.0322525 0.0314674 0.0341988 0.0290915 0.0322820 0.0289978 0.0331596 0.0293801 0.0295592 0.0330340 0.0298161 0.0342371 0.0344136 
pop2.indv13 0.0328692 0.0314675 0.0338752 0.0291940 0.0301254 0.0300410 0.0286602 0.0295132 0.0303447 0.0347065 0.0363959 0.0283298 0.0361148 0.0264576 0.0317424 0.0334135 0.0333711 0.0335346 0.0268501 0.0284675 0.0297517 0.0333349 0.0286921 0.0306646 0.0310275 0.0278907 0.0262970 0.0313237 0.0326664 0.0289824 0.0367926 0.0269464 0.0278040 0.0274095 0.0296529 0.0263343 0.0235899 0.0308397 0.0313224 0.0287711 0.0000000 0.0337677 0.0269699 0.0263940 0.0281026 0.0272254 0.0250460 0.0288238 0.0304490 0.0281814 0.0315827 0.0311575 0.0256441 0.0301741 0.0296535 0.0366927 0.0341511 0.0290006 0.0327780 0.0308603 0.0341194 0.0297718 0.0317450 0.0281764 0.0350852 0.0297421 0.0318776 0.0354839 0.0385478 0.0318802 0.0323457 0.0325228 0.0295883 0.0318857 0.0312643 
pop2.indv14 0.0368302 0.0324551 0.0336399 0.0298982 0.0354934 0.0337320 0.0327190 0.0366723 0.0376947 0.0376483 0.0315869 0.0333263 0.0348580 0.0356081 0.0327757 0.0378809 0.0310747 0.0358154 0.0349771 0.0334334 0.0388025 0.0356641 0.0339874 0.0311585 0.0427954 0.0332741 0.0320288 0.0346340 0.0367659 0.0309180 0.0395708 0.0304842 0.0319316 0.0345554 0.0335021 0.0298609 0.0306230 0.0316396 0.0348922 0.0314392 0.0337677 0.0000000 0.0322209 0.0271381 0.0345173 0.0332658 0.0347794 0.0329456 0.0343326 0.0397083 0.0335504 0.0358048 0.0278813 0.0321098 0.0323371 0.0340041 0.0340026 0.0322205 0.0362199 0.0348955 0.0328914 0.0402628 0.0319085 0.0344919 0.0363298 0.0312893 0.0359139 0.0394984 0.0405547 0.0321260 0.0367203 0.0379846 0.0336721 0.0337170 0.0331231 
pop2.indv15 0.0331214 0.0325350 0.0330611 0.0281950 0.0298668 0.0297402 0.0284786 0.0297646 0.0320970 0.0336617 0.0337734 0.0293623 0.0365680 0.0282782 0.0311984 0.0330171 0.0352616 0.0314939 0.0334753 0.0286920 0.0290260 0.0288782 0.0283949 0.0294342 0.0336386 0.0289470 0.0340619 0.0293939 0.0313367 0.0315918 0.0307615 0.0289379 0.0316288 0.0272575 0.0313781 0.0276979 0.0248398 0.0315973 0.0314946 0.0312904 0.0269699 0.0322209 0.0000000 0.0263952 0.0294439 0.0315424 0.0328262 0.0322122 0.0316074 0.0323319 0.0303833 0.0324995 0.0305970 0.0321127 0.0344466 0.0294089 0.0353092 0.0334259 0.0298937 0.0262116 0.0355934 0.0368387 0.0329896 0.0344013 0.0361639 0.0352174 0.0336587 0.0307874 0.0343520 0.0286959 0.0292109 0.0322043 0.0339303 0.0315678 0.0322771 
pop2.indv17 0.0332133 0.0300936 0.0289127 0.0262442 0.0301854 0.0261538 0.0262202 0.0307204 0.0327208 0.0332876 0.0290451 0.0318610 0.0314783 0.0297830 0.0315216 0.0313329 0.0318975 0.0311651 0.0310091 0.0286963 0.0299576 0.0311828 0.0330504 0.0301520 0.0295152 0.0248804 0.0273593 0.0308645 0.0290095 0.0277133 0.0295225 0.0243444 0.0266799 0.0302888 0.0280159 0.0270817 0.0265014 0.0303312 0.0286423 0.0281703 0.0263940 0.0271381 0.0263952 0.0000000 0.0276841 0.0245903 0.0298923 0.0309103 0.0263692 0.0353779 0.0256045 0.0321993 0.0261867 0.0303041 0.0356362 0.0310596 0.0323918 0.0320872 0.0267301 0.0318484 0.0296063 0.0320026 0.0283451 0.0273651 0.0349830 0.0315393 0.0302826 0.0342053 0.0349827 0.0273780 0.0333030 0.0338241 0.0284984 0.0346482 0.0331255 
pop2.indv18 0.0313003 0.0324829 0.0309849 0.0281027 0.0319664 0.0273307 0.0325016 0.0330712 0.0331296 0.0374537 0.0341303 0.0315964 0.0335513 0.0307433 0.0298569 0.0345737 0.0314154 0.0307410 0.0330238 0.0281600 0.0317800 0.0288794 0.0339970 0.0283323 0.0354466 0.0313452 0.0334203 0.0302902 0.0261621 0.0321189 0.0377748 0.0307297 0.0261892 0.0281777 0.0306288 0.0308574 0.0264872 0.0325954 0.0292187 0.0338109 0.0281026 0.0345173 0.0294439 0.0276841 0.0000000 0.0285006 0.0354585 0.0294276 0.0324498 0.0300250 0.0348259 0.0322658 0.0265773 0.0279379 0.0317758 0.0287211 0.0321326 0.0323383 0.0289045 0.0288881 0.0294903 0.0323674 0.0288227 0.0328366 0.0337246 0.0339837 0.0318609 0.0327071 0.0339271 0.0316239 0.0253611 0.0322856 0.0282682 0.0300146 0.0316841 
pop2.indv19 0.0268690 0.0333632 0.0316640 0.0241453 0.0301001 0.0329231 0.0352621 0.0310086 0.0326146 0.0351751 0.0348827 0.0314936 0.0389416 0.0244502 0.0305443 0.0286117 0.0312485 0.0326237 0.0268887 0.0287375 0.0274874 0.0318965 0.0317002 0.0260017 0.0372432 0.0282802 0.0287286 0.0348067 0.0326239 0.0261753 0.0377764 0.0288959 0.0252185 0.0329664 0.0298138 0.0283757 0.0277234 0.0285603 0.0304695 0.0290655 0.0272254 0.0332658 0.0315424 0.0245903 0.0285006 0.0000000 0.0328213 0.0266227 0.0294119 0.0260308 0.0288618 0.0335491 0.0283417 0.0331051 0.0346753 0.0288631 0.0343687 0.0302402 0.0330967 0.0319013 0.0323107 0.0320758 0.0274787 0.0297998 0.0312701 0.0280281 0.0289981 0.0300563 0.0330325 0.0301333 0.0266600 0.0318944 0.0311585 0.0322471 0.0343313 
pop2.indv21 0.0337421 0.0373626 0.0338066 0.0268788 0.0341947 0.0290070 0.0303270 0.0319657 0.0298687 0.0340117 0.0302010 0.0330162 0.0326602 0.0286289 0.0325328 0.0354021 0.0343985 0.0317179 0.0320462 0.0292682 0.0325383 0.0310559 0.0332184 0.0245431 0.0295518 0.0299912 0.0291840 0.0314711 0.0324132 0.0329312 0.0321470 0.0305672 0.0265209 0.0288287 0.0316472 0.0316945 0.0279851 0.0294623 0.0311365 0.0362517 0.0250460 0.0347794 0.0328262 0.0298923 0.0354585 0.0328213 0.0000000 0.0295903 0.0291869 0.0292066 0.0313318 0.0315488 0.0285405 0.0260030 0.0315599 0.0347534 0.0368995 0.0302262 0.0258939 0.0299983 0.0328472 0.0356731 0.0314686 0.0304789 0.0364000 0.0318261 0.0332057 0.0305107 0.0368018 0.0266405 0.0267380 0.0322565 0.0338353 0.0327067 0.0323479 
pop2.indv22 0.0356924 0.0340528 0.0334291 0.0279773 0.0343678 0.0305264 0.0327231 0.0356528 0.0322363 0.0284349 0.0299061 0.0358550 0.0381611 0.0275896 0.0294553 0.0302869 0.0327668 0.0310751 0.0306914 0.0323968 0.0310625 0.0312782 0.0325769 0.0338564 0.0337647 0.0299609 0.0313619 0.0268827 0.0296417 0.0309168 0.0345814 0.0292746 0.0265637 0.0296825 0.0303032 0.0323096 0.0231718 0.0260370 0.0265292 0.0305665 0.0288238 0.0329456 0.0322122 0.0309103 0.0294276 0.0266227 0.0295903 0.0000000 0.0301337 0.0292806 0.0296190 0.0296578 0.0300392 0.0267098 0.0330159 0.0329758 0.0374638 0.0341205 0.0249421 0.0310162 0.0322577 0.0377330 0.0326079 0.0311109 0.0373557 0.0339577 0.0313374 0.0349023 0.0371686 0.0267321 0.0305895 0.0358888 0.0293770 0.0299371 0.0358779 
pop2.indv23 0.0315269 0.0285370 0.0341725 0.0289110 0.0293560 0.0294717 0.0307424 0.0273000 0.0355597 0.0280704 0.0311265 0.0311861 0.0335736 0.0294637 0.0317661 0.0327541 0.0307138 0.0289701 0.0302663 0.0271611 0.0270483 0.0304425 0.0302869 0.0293738 0.0391535 0.0300801 0.0339704 0.0263604 0.0309406 0.0297605 0.0302912 0.0292009 0.0259696 0.0289017 0.0289445 0.0264790 0.0301610 0.0287023 0.0279995 0.0324683 0.0304490 0.0343326 0.0316074 0.0263692 0.0324498 0.0294119 0.0291869 0.0301337 0.0000000 0.0321662 0.0308077 0.0312528 0.0277739 0.0284304 0.0301241 0.0327615 0.0314620 0.0328717 0.0267056 0.0352919 0.0357478 0.0332641 0.0268491 0.0370760 0.0329032 0.0366398 0.0320457 0.0302403 0.0375855 0.0299541 0.0310975 0.0350036 0.0321315 0.0331614 0.0308171 
pop2.indv24 0.0317764 0.0346206 0.0309504 0.0293557 0.0339935 0.0327100 0.0317273 0.0299636 0.0313188 0.0325554 0.0317158 0.0318047 0.0350176 0.0297000 0.0313584 0.0320209 0.0346998 0.0290502 0.0287252 0.0256716 0.0311868 0.0327205 0.0378149 0.0306129 0.0357237 0.0307186 0.0260245 0.0303795 0.0335896 0.0291690 0.0355640 0.0251344 0.0282735 0.0334947 0.0345795 0.0296350 0.0259273 0.0290466 0.0292860 0.0306960 0.0281814 0.0397083 0.0323319 0.0353779 0.0300250 0.0260308 0.0292066 0.0292806 0.0321662 0.0000000 0.0282764 0.0319101 0.0324220 0.0303222 0.0311939 0.0322545 0.0274986 0.0321203 0.0314229 0.0316069 0.0354579 0.0328866 0.0307049 0.0332337 0.0375331 0.0314490 0.0325542 0.0274833 0.0350691 0.0293886 0.0294768 0.0379472 0.0311385 0.0309801 0.0356971 
pop3.indv6  0.0311876 0.0362617 0.0316125 0.0273613 0.0315398 0.0314866 0.0249655 0.0307195 0.0300696 0.0301184 0.0270457 0.0310058 0.0320618 0.0248219 0.0298180 0.0338147 0.0322609 0.0278565 0.0301358 0.0261731 0.0302232 0.0288210 0.0361397 0.0315888 0.0308440 0.0273729 0.0332408 0.0256660 0.0372012 0.0346291 0.0318989 0.0335358 0.0268321 0.0281260 0.0327852 0.0303281 0.0295112 0.0295861 0.0337889 0.0256800 0.0315827 0.0335504 0.0303833 0.0256045 0.0348259 0.0288618 0.0313318 0.0296190 0.0308077 0.0282764 0.0000000 0.0225371 0.0265635 0.0219824 0.0281993 0.0289432 0.0277850 0.0269151 0.0279507 0.0228637 0.0320768 0.0331931 0.0255431 0.0300914 0.0258672 0.0291060 0.0258998 0.0304552 0.0315291 0.0255168 0.0290606 0.0296618 0.0277135 0.0279932 0.0299369 
pop3.indv20 0.0316744 0.0329759 0.0344054 0.0251435 0.0331261 0.0278785 0.0309096 0.0313859 0.0295676 0.0306510 0.0250655 0.0331967 0.0370207 0.0291473 0.0316177 0.0328701 0.0335334 0.0284657 0.0281770 0.0272087 0.0293364 0.0273625 0.0294697 0.0309488 0.0284435 0.0315416 0.0285248 0.0338073 0.0355588 0.0344359 0.0315295 0.0299073 0.0287571 0.0281220 0.0343001 0.0310684 0.0262601 0.0300843 0.0321976 0.0326321 0.0311575 0.0358048 0.0324995 0.0321993 0.0322658 0.0335491 0.0315488 0.0296578 0.0312528 0.0319101 0.0225371 0.0000000 0.0286362 0.0223412 0.0291120 0.0284690 0.0274493 0.0303311 0.0243457 0.0275317 0.0324412 0.0301838 0.0284150 0.0282299 0.0310204 0.0289231 0.0300957 0.0328843 0.0308499 0.0271397 0.0271393 0.0320044 0.0244333 0.0318168 0.0283861 
