75
pop1.indv1  0.0000000 0.0249378 0.0316865 0.0305933 0.0317307 0.0282436 0.0280244 0.0299557 0.0334661 0.0302224 0.0284650 0.0307137 0.0329915 0.0319705 0.0361635 0.0311981 0.0259668 0.0279846 0.0339874 0.0281755 0.0272783 0.0288454 0.0247661 0.0313784 0.0329678 0.0345923 0.0286796 0.0269874 0.0287327 0.0287327 0.0318127 0.0341193 0.0254987 0.0295749 0.0359527 0.0303446 0.0358223 0.0291433 0.0341684 0.0315499 0.0288557 0.0256111 0.0265810 0.0330075 0.0331583 0.0309238 0.0335337 0.0291122 0.0337680 0.0277348 0.0306260 0.0322185 0.0347210 0.0307670 0.0343045 0.0339874 0.0352541 0.0315840 0.0325126 0.0299029 0.0356929 0.0334117 0.0285401 0.0318079 0.0360051 0.0342673 0.0390057 0.0327590 0.0320744 0.0295872 0.0304939 0.0348093 0.0308794 0.0304720 0.0280443 
pop1.indv2  0.0249378 0.0000000 0.0278637 0.0258747 0.0275972 0.0261584 0.0295345 0.0320461 0.0338997 0.0314821 0.0251144 0.0316181 0.0247224 0.0283171 0.0312317 0.0291364 0.0303848 0.0280343 0.0316636 0.0328523 0.0289176 0.0254896 0.0295749 0.0217433 0.0321263 0.0317782 0.0252126 0.0277447 0.0308129 0.0289289 0.0269447 0.0303196 0.0293053 0.0287105 0.0322648 0.0304414 0.0297884 0.0271806 0.0356671 0.0275972 0.0256808 0.0261030 0.0315280 0.0362686 0.0359658 0.0275618 0.0317571 0.0298520 0.0312503 0.0266097 0.0267402 0.0358582 0.0280742 0.0313105 0.0265343 0.0257195 0.0323694 0.0264297 0.0278956 0.0311914 0.0344791 0.0336443 0.0310642 0.0292633 0.0266571 0.0264770 0.0364301 0.0305813 0.0295110 0.0272196 0.0330436 0.0290318 0.0325336 0.0318012 0.0247224 
pop1.indv3  0.0316865 0.0278637 0.0000000 0.0284650 0.0286411 0.0274901 0.0295766 0.0245230 0.0365837 0.0252215 0.0301366 0.0309796 0.0337429 0.0261250 0.0287225 0.0294579 0.0290318 0.0284346 0.0299800 0.0289487 0.0346708 0.0304283 0.0296295 0.0257650 0.0329205 0.0399518 0.0259299 0.0239926 0.0265061 0.0344917 0.0317782 0.0354998 0.0284294 0.0293053 0.0300015 0.0303231 0.0310132 0.0291745 0.0349873 0.0296401 0.0305146 0.0268063 0.0319322 0.0314125 0.0322417 0.0314922 0.0387459 0.0249115 0.0306260 0.0297251 0.0300512 0.0288141 0.0309016 0.0241440 0.0322608 0.0311981 0.0333268 0.0331159 0.0293670 0.0331881 0.0314708 0.0416787 0.0302655 0.0314054 0.0347336 0.0271627 0.0338786 0.0287726 0.0307908 0.0298322 0.0334848 0.0348220 0.0300445 0.0294367 0.0303956 
pop1.indv4  0.0305933 0.0258747 0.0284650 0.0000000 0.0269438 0.0285300 0.0281431 0.0275931 0.0335259 0.0310975 0.0241779 0.0260111 0.0256472 0.0334633 0.0336341 0.0275777 0.0247136 0.0283942 0.0307137 0.0331105 0.0287327 0.0279153 0.0306481 0.0251768 0.0309976 0.0314821 0.0321440 0.0267496 0.0252835 0.0270837 0.0336208 0.0329915 0.0241805 0.0260317 0.0287634 0.0321773 0.0334031 0.0286108 0.0368046 0.0291849 0.0335092 0.0296410 0.0315504 0.0323811 0.0303956 0.0302440 0.0339033 0.0342738 0.0310469 0.0300984 0.0296410 0.0315047 0.0279549 0.0264329 0.0303088 0.0318643 0.0341808 0.0342230 0.0274320 0.0292176 0.0339969 0.0306592 0.0262737 0.0314833 0.0321493 0.0297679 0.0356620 0.0254987 0.0252924 0.0268252 0.0251500 0.0352029 0.0291330 0.0304830 0.0328499 
pop1.indv5  0.0317307 0.0275972 0.0286411 0.0269438 0.0000000 0.0257843 0.0302910 0.0283004 0.0323181 0.0301580 0.0267026 0.0303088 0.0262553 0.0313585 0.0327328 0.0322880 0.0275484 0.0337916 0.0302440 0.0273453 0.0287123 0.0287634 0.0319360 0.0287941 0.0375242 0.0300122 0.0300015 0.0287838 0.0324069 0.0338525 0.0327812 0.0330271 0.0318704 0.0285362 0.0329678 0.0320637 0.0271627 0.0325463 0.0363987 0.0327575 0.0305159 0.0332713 0.0331762 0.0349234 0.0280148 0.0316516 0.0273949 0.0289169 0.0319981 0.0313026 0.0288456 0.0308216 0.0274340 0.0284898 0.0302332 0.0321318 0.0353398 0.0334874 0.0313058 0.0267657 0.0317404 0.0319632 0.0284397 0.0268967 0.0314611 0.0310198 0.0332303 0.0267141 0.0274320 0.0286310 0.0311533 0.0308350 0.0293982 0.0265814 0.0325463 
pop1.indv6  0.0282436 0.0261584 0.0274901 0.0285300 0.0257843 0.0000000 0.0266557 0.0336590 0.0315953 0.0338633 0.0262645 0.0260386 0.0310921 0.0314258 0.0359679 0.0302117 0.0286209 0.0229966 0.0304065 0.0311310 0.0352633 0.0260295 0.0340244 0.0318103 0.0342004 0.0304939 0.0284346 0.0246432 0.0274417 0.0312655 0.0296295 0.0305063 0.0314580 0.0305049 0.0399078 0.0338500 0.0276070 0.0383908 0.0313249 0.0333790 0.0327930 0.0309204 0.0342493 0.0346959 0.0322070 0.0317421 0.0325454 0.0303875 0.0323229 0.0281143 0.0327678 0.0361766 0.0285158 0.0278100 0.0323694 0.0275387 0.0350245 0.0343542 0.0269816 0.0282017 0.0346360 0.0328405 0.0335979 0.0294950 0.0361373 0.0288761 0.0360183 0.0290318 0.0264883 0.0235369 0.0353314 0.0404288 0.0332237 0.0325218 0.0333827 
pop1.indv7  0.0280244 0.0295345 0.0295766 0.0281431 0.0302910 0.0266557 0.0000000 0.0244478 0.0331937 0.0303413 0.0258927 0.0300725 0.0282905 0.0314370 0.0312247 0.0313137 0.0280643 0.0312025 0.0311804 0.0279153 0.0305824 0.0238578 0.0281956 0.0299800 0.0325587 0.0385225 0.0295345 0.0275777 0.0316403 0.0342178 0.0288249 0.0330345 0.0305929 0.0314483 0.0366903 0.0307126 0.0346981 0.0270576 0.0345248 0.0278463 0.0323345 0.0296096 0.0314945 0.0306479 0.0351745 0.0318787 0.0340739 0.0272592 0.0315613 0.0310975 0.0321545 0.0289271 0.0312093 0.0281035 0.0305933 0.0309755 0.0357446 0.0302395 0.0303660 0.0311959 0.0327561 0.0351930 0.0305936 0.0345248 0.0309976 0.0329678 0.0357533 0.0289487 0.0223017 0.0317989 0.0327339 0.0337551 0.0367438 0.0355066 0.0313390 
pop1.indv8  0.0299557 0.0320461 0.0245230 0.0275931 0.0283004 0.0336590 0.0244478 0.0000000 0.0355763 0.0295783 0.0265253 0.0280739 0.0274970 0.0294505 0.0336112 0.0313943 0.0321378 0.0242761 0.0271547 0.0273166 0.0313833 0.0313279 0.0341808 0.0255304 0.0345371 0.0304306 0.0289783 0.0303017 0.0300512 0.0327678 0.0267120 0.0329524 0.0256562 0.0279153 0.0277289 0.0299007 0.0298504 0.0339969 0.0360859 0.0306152 0.0256472 0.0312288 0.0297457 0.0269250 0.0336949 0.0313137 0.0347336 0.0268310 0.0316294 0.0284297 0.0329721 0.0296305 0.0320119 0.0291567 0.0269344 0.0314722 0.0335379 0.0274031 0.0303478 0.0347512 0.0349479 0.0331463 0.0294329 0.0305936 0.0318869 0.0306260 0.0336703 0.0314483 0.0261910 0.0295991 0.0324648 0.0366324 0.0335739 0.0304522 0.0314945 
pop1.indv9  0.0334661 0.0338997 0.0365837 0.0335259 0.0323181 0.0315953 0.0331937 0.0355763 0.0000000 0.0315953 0.0292633 0.0337188 0.0331170 0.0337187 0.0323408 0.0351619 0.0253970 0.0304630 0.0310043 0.0331762 0.0364748 0.0321431 0.0340825 0.0308984 0.0381278 0.0386805 0.0339969 0.0300472 0.0296515 0.0362286 0.0330934 0.0418528 0.0305049 0.0368179 0.0393587 0.0334950 0.0446793 0.0348610 0.0350222 0.0363987 0.0285056 0.0297875 0.0346388 0.0381060 0.0389916 0.0345495 0.0413077 0.0331820 0.0342054 0.0325587 0.0307117 0.0312728 0.0345618 0.0329407 0.0324207 0.0318530 0.0387226 0.0377564 0.0345287 0.0334099 0.0395970 0.0401140 0.0319397 0.0376715 0.0365797 0.0382576 0.0368713 0.0344588 0.0365928 0.0360199 0.0324185 0.0386210 0.0364356 0.0393189 0.0340062 
pop1.indv10 0.0302224 0.0314821 0.0252215 0.0310975 0.0301580 0.0338633 0.0303413 0.0295783 0.0315953 0.0000000 0.0269344 0.0227165 0.0342301 0.0249115 0.0256857 0.0276560 0.0302117 0.0275679 0.0287123 0.0244972 0.0297989 0.0267496 0.0305159 0.0298414 0.0305291 0.0356800 0.0352413 0.0241609 0.0334995 0.0315386 0.0322301 0.0292840 0.0315723 0.0293418 0.0326633 0.0327211 0.0308764 0.0302117 0.0316629 0.0323112 0.0318704 0.0262829 0.0321659 0.0330866 0.0336582 0.0353781 0.0311421 0.0256381 0.0335601 0.0314945 0.0279560 0.0318673 0.0293358 0.0317966 0.0372925 0.0335499 0.0274513 0.0307797 0.0276221 0.0337669 0.0310701 0.0357141 0.0304198 0.0369759 0.0321493 0.0296829 0.0412836 0.0295766 0.0309645 0.0296189 0.0315386 0.0376058 0.0277875 0.0348093 0.0318756 
pop1.indv11 0.0284650 0.0251144 0.0301366 0.0241779 0.0267026 0.0262645 0.0258927 0.0265253 0.0292633 0.0269344 0.0000000 0.0260386 0.0247205 0.0265155 0.0285300 0.0323345 0.0277150 0.0259837 0.0291745 0.0265625 0.0284798 0.0270451 0.0283680 0.0306807 0.0287847 0.0303413 0.0264874 0.0279351 0.0239503 0.0290318 0.0276462 0.0272686 0.0273471 0.0267141 0.0353909 0.0319322 0.0302763 0.0256381 0.0364119 0.0265061 0.0258014 0.0308129 0.0316742 0.0238494 0.0323838 0.0297884 0.0298322 0.0276168 0.0305159 0.0295029 0.0276997 0.0290945 0.0272590 0.0252476 0.0279648 0.0270671 0.0343417 0.0322491 0.0290275 0.0311362 0.0323032 0.0293944 0.0298626 0.0292117 0.0303521 0.0272493 0.0359902 0.0255258 0.0255215 0.0268537 0.0275520 0.0268252 0.0276757 0.0292841 0.0273742 
pop1.indv12 0.0307137 0.0316181 0.0309796 0.0260111 0.0303088 0.0260386 0.0300725 0.0280739 0.0337188 0.0227165 0.0260386 0.0000000 0.0276560 0.0334392 0.0330034 0.0306925 0.0302395 0.0304065 0.0286716 0.0242374 0.0314595 0.0343169 0.0263825 0.0287002 0.0273262 0.0317552 0.0326868 0.0293418 0.0301200 0.0359240 0.0259207 0.0287429 0.0250501 0.0281670 0.0351262 0.0330110 0.0372220 0.0302286 0.0336461 0.0274438 0.0302177 0.0299586 0.0294505 0.0315499 0.0339998 0.0314125 0.0337063 0.0326868 0.0358713 0.0321954 0.0331762 0.0302395 0.0305378 0.0305497 0.0298414 0.0329915 0.0330390 0.0339778 0.0355132 0.0347743 0.0363200 0.0321208 0.0304630 0.0361506 0.0310975 0.0331105 0.0361501 0.0318704 0.0302655 0.0289383 0.0328523 0.0377467 0.0311310 0.0312430 0.0307137 
pop1.indv13 0.0329915 0.0247224 0.0337429 0.0256472 0.0262553 0.0310921 0.0282905 0.0274970 0.0331170 0.0342301 0.0247205 0.0276560 0.0000000 0.0320744 0.0302117 0.0373312 0.0279450 0.0266932 0.0354551 0.0318673 0.0304502 0.0237660 0.0324865 0.0297572 0.0294433 0.0334633 0.0307137 0.0280343 0.0292057 0.0377863 0.0302832 0.0333072 0.0258005 0.0291122 0.0351007 0.0370371 0.0362028 0.0327812 0.0372520 0.0303088 0.0279945 0.0300512 0.0346360 0.0287021 0.0322070 0.0370188 0.0306371 0.0327795 0.0310693 0.0310198 0.0285502 0.0382227 0.0350245 0.0306693 0.0308905 0.0343417 0.0393654 0.0285464 0.0302804 0.0317629 0.0378908 0.0390489 0.0304955 0.0281431 0.0338037 0.0315726 0.0313558 0.0297358 0.0282236 0.0322532 0.0351645 0.0343599 0.0287531 0.0319590 0.0284898 
pop1.indv14 0.0319705 0.0283171 0.0261250 0.0334633 0.0313585 0.0314258 0.0314370 0.0294505 0.0337187 0.0249115 0.0265155 0.0334392 0.0320744 0.0000000 0.0331823 0.0306371 0.0298859 0.0318358 0.0329955 0.0284807 0.0284144 0.0305268 0.0297145 0.0295323 0.0334780 0.0355324 0.0292101 0.0235039 0.0284144 0.0316414 0.0318704 0.0348229 0.0330118 0.0300485 0.0302177 0.0297356 0.0392496 0.0321673 0.0321954 0.0347841 0.0309161 0.0304830 0.0321839 0.0325336 0.0345042 0.0356620 0.0347955 0.0314145 0.0339529 0.0284955 0.0337789 0.0309796 0.0343916 0.0342301 0.0300445 0.0315726 0.0326637 0.0317323 0.0332833 0.0365665 0.0374693 0.0343987 0.0323928 0.0332475 0.0293733 0.0349236 0.0399905 0.0276312 0.0298644 0.0332183 0.0285872 0.0350257 0.0326518 0.0366013 0.0310420 
pop1.indv15 0.0361635 0.0312317 0.0287225 0.0336341 0.0327328 0.0359679 0.0312247 0.0336112 0.0323408 0.0256857 0.0285300 0.0330034 0.0302117 0.0331823 0.0000000 0.0310420 0.0320513 0.0299800 0.0344216 0.0327339 0.0323147 0.0301902 0.0296932 0.0246006 0.0356977 0.0365572 0.0284346 0.0322532 0.0289885 0.0331224 0.0309016 0.0356285 0.0287622 0.0304283 0.0350119 0.0346756 0.0325346 0.0314595 0.0383270 0.0261862 0.0323694 0.0303553 0.0306693 0.0304846 0.0356977 0.0374420 0.0380611 0.0316855 0.0361501 0.0358614 0.0316621 0.0338281 0.0319475 0.0322917 0.0345707 0.0318217 0.0323492 0.0329836 0.0314945 0.0333981 0.0334542 0.0330315 0.0294087 0.0339339 0.0303196 0.0331052 0.0378528 0.0341856 0.0253459 0.0305606 0.0307577 0.0357834 0.0293670 0.0364675 0.0307561 
pop1.indv16 0.0311981 0.0291364 0.0294579 0.0275777 0.0322880 0.0302117 0.0313137 0.0313943 0.0351619 0.0276560 0.0323345 0.0306925 0.0373312 0.0306371 0.0310420 0.0000000 0.0298752 0.0288352 0.0318559 0.0303739 0.0309461 0.0261862 0.0333874 0.0303848 0.0335979 0.0346833 0.0301959 0.0257105 0.0300015 0.0334995 0.0374963 0.0353909 0.0273965 0.0307592 0.0295555 0.0307018 0.0367706 0.0350880 0.0374693 0.0322996 0.0346683 0.0352927 0.0319095 0.0339751 0.0343417 0.0345168 0.0335215 0.0276953 0.0279437 0.0304502 0.0351240 0.0338892 0.0321557 0.0392187 0.0300122 0.0318103 0.0331463 0.0349363 0.0294226 0.0340213 0.0323954 0.0345508 0.0299981 0.0335116 0.0356230 0.0319820 0.0355781 0.0299616 0.0355453 0.0288557 0.0350385 0.0399518 0.0246093 0.0404273 0.0345707 
pop1.indv17 0.0259668 0.0303848 0.0290318 0.0247136 0.0275484 0.0286209 0.0280643 0.0321378 0.0253970 0.0302117 0.0277150 0.0302395 0.0279450 0.0298859 0.0320513 0.0298752 0.0000000 0.0238411 0.0287736 0.0279450 0.0261492 0.0290709 0.0290840 0.0320397 0.0327095 0.0330628 0.0307137 0.0267214 0.0281956 0.0343358 0.0302613 0.0327221 0.0318036 0.0285425 0.0321208 0.0274901 0.0341561 0.0261677 0.0362686 0.0321324 0.0264391 0.0282636 0.0340702 0.0277447 0.0310531 0.0322608 0.0339052 0.0287021 0.0281050 0.0267714 0.0292265 0.0325808 0.0333026 0.0294087 0.0316522 0.0323229 0.0315386 0.0322023 0.0297040 0.0304414 0.0288965 0.0306371 0.0313473 0.0283799 0.0353443 0.0272783 0.0390778 0.0289814 0.0273268 0.0274929 0.0310918 0.0357925 0.0369730 0.0325218 0.0321034 
pop1.indv18 0.0279846 0.0280343 0.0284346 0.0283942 0.0337916 0.0229966 0.0312025 0.0242761 0.0304630 0.0275679 0.0259837 0.0304065 0.0266932 0.0318358 0.0299800 0.0288352 0.0238411 0.0000000 0.0310975 0.0312317 0.0264968 0.0282536 0.0293207 0.0251950 0.0354750 0.0313921 0.0296507 0.0261030 0.0315613 0.0333147 0.0266571 0.0295555 0.0267714 0.0275717 0.0315499 0.0313361 0.0266650 0.0288352 0.0357964 0.0285502 0.0295003 0.0276658 0.0270006 0.0283942 0.0299266 0.0307467 0.0327351 0.0254769 0.0253659 0.0313249 0.0293151 0.0316408 0.0303848 0.0298307 0.0333790 0.0291911 0.0305049 0.0284853 0.0311031 0.0290683 0.0327678 0.0303489 0.0269627 0.0284798 0.0261122 0.0290812 0.0347318 0.0262700 0.0259472 0.0251500 0.0307027 0.0327575 0.0281755 0.0383206 0.0354166 
pop1.indv19 0.0339874 0.0316636 0.0299800 0.0307137 0.0302440 0.0304065 0.0311804 0.0271547 0.0310043 0.0287123 0.0291745 0.0286716 0.0354551 0.0329955 0.0344216 0.0318559 0.0287736 0.0310975 0.0000000 0.0277777 0.0357316 0.0287634 0.0337063 0.0262048 0.0351969 0.0347462 0.0363612 0.0271244 0.0300337 0.0414368 0.0301742 0.0377152 0.0239154 0.0302613 0.0265437 0.0297770 0.0354294 0.0353572 0.0321034 0.0324997 0.0304702 0.0290194 0.0297980 0.0345168 0.0315726 0.0355195 0.0349618 0.0345956 0.0290214 0.0297038 0.0311251 0.0367975 0.0342301 0.0340091 0.0325696 0.0314258 0.0324997 0.0328642 0.0296315 0.0310372 0.0355005 0.0351930 0.0267496 0.0307235 0.0343169 0.0318787 0.0337553 0.0344917 0.0299159 0.0333790 0.0305819 0.0366636 0.0332237 0.0336574 0.0320005 
pop1.indv20 0.0281755 0.0328523 0.0289487 0.0331105 0.0273453 0.0311310 0.0279153 0.0273166 0.0331762 0.0244972 0.0265625 0.0242374 0.0318673 0.0284807 0.0327339 0.0303739 0.0279450 0.0312317 0.0277777 0.0000000 0.0311198 0.0332664 0.0313415 0.0285566 0.0334633 0.0358450 0.0342981 0.0273754 0.0287736 0.0336696 0.0295323 0.0347841 0.0260596 0.0346303 0.0354294 0.0285200 0.0322996 0.0300445 0.0378528 0.0293733 0.0281152 0.0293774 0.0323838 0.0286282 0.0303739 0.0319590 0.0329030 0.0240766 0.0310806 0.0323694 0.0317194 0.0343791 0.0333510 0.0258655 0.0309016 0.0294924 0.0283740 0.0358056 0.0289988 0.0319322 0.0330345 0.0322491 0.0279648 0.0331881 0.0373038 0.0309350 0.0328880 0.0248277 0.0295661 0.0269299 0.0317094 0.0364542 0.0301092 0.0339157 0.0335358 
pop1.indv21 0.0272783 0.0289176 0.0346708 0.0287327 0.0287123 0.0352633 0.0305824 0.0313833 0.0364748 0.0297989 0.0284798 0.0314595 0.0304502 0.0284144 0.0323147 0.0309461 0.0261492 0.0264968 0.0357316 0.0311198 0.0000000 0.0292579 0.0353314 0.0304939 0.0305171 0.0338281 0.0293944 0.0241949 0.0283942 0.0296613 0.0295003 0.0344216 0.0285116 0.0275125 0.0308018 0.0316733 0.0333790 0.0307027 0.0349865 0.0296189 0.0304939 0.0302980 0.0281233 0.0332785 0.0321839 0.0315499 0.0320682 0.0302980 0.0339033 0.0275679 0.0320461 0.0291433 0.0337916 0.0306584 0.0305708 0.0282836 0.0354808 0.0345797 0.0288557 0.0343899 0.0295991 0.0357533 0.0283302 0.0316066 0.0303630 0.0339874 0.0417361 0.0255168 0.0241102 0.0273852 0.0299908 0.0339505 0.0314145 0.0347462 0.0309314 
pop1.indv22 0.0288454 0.0254896 0.0304283 0.0279153 0.0287634 0.0260295 0.0238578 0.0313279 0.0321431 0.0267496 0.0270451 0.0343169 0.0237660 0.0305268 0.0301902 0.0261862 0.0290709 0.0282536 0.0287634 0.0332664 0.0292579 0.0000000 0.0334238 0.0270740 0.0286839 0.0359789 0.0272204 0.0259853 0.0245574 0.0329836 0.0247224 0.0310642 0.0281874 0.0274242 0.0290297 0.0294536 0.0332475 0.0300876 0.0319549 0.0270451 0.0279337 0.0256923 0.0273358 0.0270162 0.0305933 0.0282336 0.0286282 0.0283500 0.0321092 0.0264034 0.0265996 0.0318787 0.0351262 0.0291537 0.0308018 0.0298733 0.0306917 0.0283578 0.0262185 0.0323864 0.0334661 0.0323195 0.0314833 0.0266463 0.0367438 0.0308683 0.0366685 0.0282360 0.0298733 0.0282636 0.0297038 0.0357402 0.0291330 0.0364808 0.0291226 
pop1.indv23 0.0247661 0.0295749 0.0296295 0.0306481 0.0319360 0.0340244 0.0281956 0.0341808 0.0340825 0.0305159 0.0283680 0.0263825 0.0324865 0.0297145 0.0296932 0.0333874 0.0290840 0.0293207 0.0337063 0.0313415 0.0353314 0.0334238 0.0000000 0.0380522 0.0326750 0.0357664 0.0288141 0.0308239 0.0269970 0.0311935 0.0307045 0.0340739 0.0285942 0.0312958 0.0354089 0.0345582 0.0339654 0.0297145 0.0335337 0.0278538 0.0318619 0.0317208 0.0339604 0.0340526 0.0326518 0.0358056 0.0358019 0.0312993 0.0396940 0.0314011 0.0299586 0.0365610 0.0349108 0.0310864 0.0305708 0.0401436 0.0379678 0.0352967 0.0355195 0.0365307 0.0380193 0.0372157 0.0348093 0.0334753 0.0321092 0.0338415 0.0414446 0.0270225 0.0330556 0.0311935 0.0352837 0.0390922 0.0326400 0.0330482 0.0334151 
pop1.indv24 0.0313784 0.0217433 0.0257650 0.0251768 0.0287941 0.0318103 0.0299800 0.0255304 0.0308984 0.0298414 0.0306807 0.0287002 0.0297572 0.0295323 0.0246006 0.0303848 0.0320397 0.0251950 0.0262048 0.0285566 0.0304939 0.0270740 0.0380522 0.0000000 0.0330034 0.0355324 0.0298644 0.0257741 0.0262700 0.0295003 0.0258931 0.0311310 0.0249606 0.0293053 0.0257559 0.0285804 0.0307356 0.0332905 0.0321324 0.0273949 0.0271709 0.0285158 0.0293047 0.0274047 0.0299372 0.0247749 0.0373430 0.0319016 0.0300376 0.0284346 0.0309534 0.0365878 0.0301525 0.0294610 0.0317208 0.0317648 0.0345671 0.0306814 0.0256562 0.0308654 0.0329323 0.0289079 0.0306909 0.0353143 0.0280443 0.0271531 0.0345797 0.0267332 0.0294685 0.0286590 0.0288662 0.0341234 0.0267523 0.0256167 0.0341931 
pop1.indv25 0.0329678 0.0321263 0.0329205 0.0309976 0.0375242 0.0342004 0.0325587 0.0345371 0.0381278 0.0305291 0.0287847 0.0273262 0.0294433 0.0334780 0.0356977 0.0335979 0.0327095 0.0354750 0.0351969 0.0334633 0.0305171 0.0286839 0.0326750 0.0330034 0.0000000 0.0415428 0.0356285 0.0327912 0.0301580 0.0359679 0.0342054 0.0345125 0.0309461 0.0335965 0.0347604 0.0340751 0.0350610 0.0316516 0.0432416 0.0328852 0.0357834 0.0303446 0.0379691 0.0392759 0.0420832 0.0319777 0.0364542 0.0405786 0.0383768 0.0332118 0.0350108 0.0331344 0.0388920 0.0326513 0.0394052 0.0350485 0.0376604 0.0335479 0.0342197 0.0388246 0.0355577 0.0353015 0.0356085 0.0327895 0.0369516 0.0355005 0.0375104 0.0361766 0.0300087 0.0304198 0.0345582 0.0386665 0.0335979 0.0398347 0.0322115 
pop2.indv1  0.0345923 0.0317782 0.0399518 0.0314821 0.0300122 0.0304939 0.0385225 0.0304306 0.0386805 0.0356800 0.0303413 0.0317552 0.0334633 0.0355324 0.0365572 0.0346833 0.0330628 0.0313921 0.0347462 0.0358450 0.0338281 0.0359789 0.0357664 0.0355324 0.0415428 0.0000000 0.0302548 0.0275290 0.0254947 0.0330271 0.0340121 0.0356157 0.0237120 0.0311981 0.0278071 0.0343289 0.0284597 0.0345956 0.0418179 0.0295450 0.0304611 0.0298095 0.0362286 0.0413380 0.0331999 0.0324279 0.0330075 0.0306369 0.0356043 0.0350119 0.0352125 0.0340121 0.0326047 0.0338875 0.0304174 0.0318103 0.0368918 0.0325926 0.0329641 0.0352346 0.0352379 0.0381451 0.0314945 0.0369248 0.0303630 0.0345333 0.0374273 0.0306039 0.0294296 0.0309350 0.0303630 0.0402065 0.0265814 0.0373998 0.0327678 
pop2.indv2  0.0286796 0.0252126 0.0259299 0.0321440 0.0300015 0.0284346 0.0295345 0.0289783 0.0339969 0.0352413 0.0264874 0.0326868 0.0307137 0.0292101 0.0284346 0.0301959 0.0307137 0.0296507 0.0363612 0.0342981 0.0293944 0.0272204 0.0288141 0.0298644 0.0356285 0.0302548 0.0000000 0.0231500 0.0285975 0.0280045 0.0323345 0.0299693 0.0241376 0.0253297 0.0265908 0.0283600 0.0290915 0.0285158 0.0314708 0.0288146 0.0240521 0.0222011 0.0326281 0.0296613 0.0279549 0.0320744 0.0291364 0.0283639 0.0267809 0.0271723 0.0325813 0.0345419 0.0285362 0.0286310 0.0282360 0.0343417 0.0325336 0.0306703 0.0304955 0.0285602 0.0340335 0.0306481 0.0277582 0.0288151 0.0336208 0.0327457 0.0378309 0.0297251 0.0288352 0.0289487 0.0335582 0.0393799 0.0324983 0.0353701 0.0324045 
pop2.indv3  0.0269874 0.0277447 0.0239926 0.0267496 0.0287838 0.0246432 0.0275777 0.0303017 0.0300472 0.0241609 0.0279351 0.0293418 0.0280343 0.0235039 0.0322532 0.0257105 0.0267214 0.0261030 0.0271244 0.0273754 0.0241949 0.0259853 0.0308239 0.0257741 0.0327912 0.0275290 0.0231500 0.0000000 0.0249290 0.0265249 0.0279939 0.0266650 0.0217662 0.0306260 0.0264313 0.0230585 0.0350753 0.0264874 0.0320690 0.0279648 0.0221825 0.0232105 0.0242508 0.0240850 0.0258836 0.0267496 0.0269395 0.0255879 0.0274732 0.0230448 0.0239677 0.0268347 0.0248591 0.0291091 0.0258836 0.0260754 0.0329797 0.0300445 0.0246261 0.0273070 0.0300618 0.0268289 0.0242676 0.0245239 0.0277777 0.0255483 0.0345253 0.0209996 0.0318103 0.0269204 0.0285770 0.0288454 0.0245402 0.0300122 0.0342984 
pop2.indv4  0.0287327 0.0308129 0.0265061 0.0252835 0.0324069 0.0274417 0.0316403 0.0300512 0.0296515 0.0334995 0.0239503 0.0301200 0.0292057 0.0284144 0.0289885 0.0300015 0.0281956 0.0315613 0.0300337 0.0287736 0.0283942 0.0245574 0.0269970 0.0262700 0.0301580 0.0254947 0.0285975 0.0249290 0.0000000 0.0270671 0.0260111 0.0284144 0.0204159 0.0262700 0.0252126 0.0278974 0.0313585 0.0247637 0.0335859 0.0267685 0.0232726 0.0280936 0.0282116 0.0329560 0.0281639 0.0279747 0.0300876 0.0283998 0.0343542 0.0241525 0.0306152 0.0262461 0.0318787 0.0244886 0.0280742 0.0293878 0.0351901 0.0334753 0.0268685 0.0295574 0.0380422 0.0295766 0.0273070 0.0306476 0.0279351 0.0270957 0.0372765 0.0296929 0.0287531 0.0243058 0.0268063 0.0317437 0.0326629 0.0343045 0.0232427 
pop2.indv5  0.0287327 0.0289289 0.0344917 0.0270837 0.0338525 0.0312655 0.0342178 0.0327678 0.0362286 0.0315386 0.0290318 0.0359240 0.0377863 0.0316414 0.0331224 0.0334995 0.0343358 0.0333147 0.0414368 0.0336696 0.0296613 0.0329836 0.0311935 0.0295003 0.0359679 0.0330271 0.0280045 0.0265249 0.0270671 0.0000000 0.0297572 0.0300768 0.0272881 0.0288453 0.0300876 0.0284999 0.0320513 0.0295450 0.0332785 0.0313444 0.0290631 0.0280244 0.0286310 0.0320051 0.0352413 0.0330985 0.0316408 0.0286180 0.0367767 0.0289280 0.0304091 0.0342796 0.0274438 0.0289783 0.0376065 0.0330628 0.0344541 0.0404561 0.0305063 0.0306909 0.0336461 0.0344999 0.0346360 0.0321839 0.0347714 0.0330315 0.0399550 0.0297465 0.0302395 0.0329596 0.0341732 0.0345419 0.0285668 0.0357011 0.0376194 
pop2.indv6  0.0318127 0.0269447 0.0317782 0.0336208 0.0327812 0.0296295 0.0288249 0.0267120 0.0330934 0.0322301 0.0276462 0.0259207 0.0302832 0.0318704 0.0309016 0.0374963 0.0302613 0.0266571 0.0301742 0.0295323 0.0295003 0.0247224 0.0307045 0.0258931 0.0342054 0.0340121 0.0323345 0.0279939 0.0260111 0.0297572 0.0000000 0.0270196 0.0268674 0.0264865 0.0332423 0.0268498 0.0312317 0.0263168 0.0295977 0.0277545 0.0248013 0.0242715 0.0323723 0.0285770 0.0273934 0.0306588 0.0325571 0.0259472 0.0298859 0.0288352 0.0318103 0.0301200 0.0279537 0.0288761 0.0314580 0.0333910 0.0296070 0.0338178 0.0304630 0.0322917 0.0288146 0.0299291 0.0301152 0.0348104 0.0289176 0.0297251 0.0306703 0.0291785 0.0250346 0.0321790 0.0289694 0.0319820 0.0308905 0.0309908 0.0306260 
pop2.indv7  0.0341193 0.0303196 0.0354998 0.0329915 0.0330271 0.0305063 0.0330345 0.0329524 0.0418528 0.0292840 0.0272686 0.0287429 0.0333072 0.0348229 0.0356285 0.0353909 0.0327221 0.0295555 0.0377152 0.0347841 0.0344216 0.0310642 0.0340739 0.0311310 0.0345125 0.0356157 0.0299693 0.0266650 0.0284144 0.0300768 0.0270196 0.0000000 0.0338415 0.0281343 0.0337429 0.0321204 0.0273838 0.0289280 0.0322688 0.0310753 0.0331224 0.0272493 0.0336709 0.0278562 0.0342249 0.0312025 0.0312655 0.0290683 0.0300015 0.0266932 0.0370505 0.0392207 0.0357616 0.0346856 0.0383066 0.0330345 0.0330509 0.0317323 0.0334184 0.0308627 0.0377015 0.0303956 0.0302440 0.0328824 0.0350119 0.0314258 0.0346050 0.0311198 0.0298201 0.0316516 0.0335358 0.0374420 0.0299372 0.0327221 0.0352125 
pop2.indv8  0.0254987 0.0293053 0.0284294 0.0241805 0.0318704 0.0314580 0.0305929 0.0256562 0.0305049 0.0315723 0.0273471 0.0250501 0.0258005 0.0330118 0.0287622 0.0273965 0.0318036 0.0267714 0.0239154 0.0260596 0.0285116 0.0281874 0.0285942 0.0249606 0.0309461 0.0237120 0.0241376 0.0217662 0.0204159 0.0272881 0.0268674 0.0338415 0.0000000 0.0220764 0.0265531 0.0215616 0.0258747 0.0223162 0.0301959 0.0244437 0.0222031 0.0240862 0.0251861 0.0277108 0.0291641 0.0272979 0.0249695 0.0318012 0.0279018 0.0252845 0.0300876 0.0271709 0.0265531 0.0220427 0.0301798 0.0298214 0.0290736 0.0282692 0.0249905 0.0242289 0.0306917 0.0290763 0.0265719 0.0267685 0.0255803 0.0251947 0.0344240 0.0250590 0.0232644 0.0246447 0.0307704 0.0293523 0.0267332 0.0275356 0.0236033 
pop2.indv9  0.0295749 0.0287105 0.0293053 0.0260317 0.0285362 0.0305049 0.0314483 0.0279153 0.0368179 0.0293418 0.0267141 0.0281670 0.0291122 0.0300485 0.0304283 0.0307592 0.0285425 0.0275717 0.0302613 0.0346303 0.0275125 0.0274242 0.0312958 0.0293053 0.0335965 0.0311981 0.0253297 0.0306260 0.0262700 0.0288453 0.0264865 0.0281343 0.0220764 0.0000000 0.0326518 0.0271340 0.0278438 0.0309461 0.0341315 0.0278339 0.0283206 0.0289280 0.0313026 0.0343609 0.0305708 0.0317437 0.0270811 0.0225901 0.0299616 0.0300015 0.0291641 0.0332423 0.0315726 0.0302224 0.0333959 0.0264220 0.0349108 0.0331038 0.0276364 0.0357964 0.0395644 0.0301359 0.0248679 0.0313921 0.0322608 0.0259853 0.0349237 0.0263731 0.0309461 0.0307258 0.0324730 0.0368310 0.0311031 0.0310860 0.0307467 
pop2.indv10 0.0359527 0.0322648 0.0300015 0.0287634 0.0329678 0.0399078 0.0366903 0.0277289 0.0393587 0.0326633 0.0353909 0.0351262 0.0351007 0.0302177 0.0350119 0.0295555 0.0321208 0.0315499 0.0265437 0.0354294 0.0308018 0.0290297 0.0354089 0.0257559 0.0347604 0.0278071 0.0265908 0.0264313 0.0252126 0.0300876 0.0332423 0.0337429 0.0265531 0.0326518 0.0000000 0.0287342 0.0321378 0.0311645 0.0325579 0.0320282 0.0296507 0.0305497 0.0316845 0.0290194 0.0305606 0.0297989 0.0257559 0.0252835 0.0302763 0.0278857 0.0340702 0.0315160 0.0299800 0.0275354 0.0317989 0.0334392 0.0265249 0.0345797 0.0285905 0.0274970 0.0355132 0.0326756 0.0291706 0.0307998 0.0343045 0.0349486 0.0390345 0.0323229 0.0318217 0.0302548 0.0264968 0.0365174 0.0310198 0.0348854 0.0322115 
pop2.indv11 0.0303446 0.0304414 0.0303231 0.0321773 0.0320637 0.0338500 0.0307126 0.0299007 0.0334950 0.0327211 0.0319322 0.0330110 0.0370371 0.0297356 0.0346756 0.0307018 0.0274901 0.0313361 0.0297770 0.0285200 0.0316733 0.0294536 0.0345582 0.0285804 0.0340751 0.0343289 0.0283600 0.0230585 0.0278974 0.0284999 0.0268498 0.0321204 0.0215616 0.0271340 0.0287342 0.0000000 0.0343533 0.0301740 0.0333629 0.0289161 0.0306368 0.0267657 0.0278608 0.0322840 0.0332644 0.0335499 0.0285502 0.0282116 0.0277973 0.0306260 0.0312872 0.0307670 0.0359571 0.0296522 0.0354750 0.0333827 0.0350862 0.0319590 0.0287158 0.0336361 0.0364589 0.0382506 0.0300472 0.0269854 0.0310591 0.0291603 0.0387648 0.0302117 0.0295678 0.0315841 0.0312247 0.0399575 0.0272592 0.0321034 0.0297562 
pop2.indv12 0.0358223 0.0297884 0.0310132 0.0334031 0.0271627 0.0276070 0.0346981 0.0298504 0.0446793 0.0308764 0.0302763 0.0372220 0.0362028 0.0392496 0.0325346 0.0367706 0.0341561 0.0266650 0.0354294 0.0322996 0.0333790 0.0332475 0.0339654 0.0307356 0.0350610 0.0284597 0.0290915 0.0350753 0.0313585 0.0320513 0.0312317 0.0273838 0.0258747 0.0278438 0.0321378 0.0343533 0.0000000 0.0310087 0.0354495 0.0336220 0.0296295 0.0269155 0.0356085 0.0320690 0.0298084 0.0397618 0.0306698 0.0334184 0.0344541 0.0319891 0.0304115 0.0372492 0.0311087 0.0306909 0.0366503 0.0245488 0.0329442 0.0330676 0.0328591 0.0321091 0.0357745 0.0362164 0.0323723 0.0284898 0.0373739 0.0282536 0.0374401 0.0258197 0.0294819 0.0322764 0.0310806 0.0358774 0.0290503 0.0365209 0.0369650 
pop2.indv13 0.0291433 0.0271806 0.0291745 0.0286108 0.0325463 0.0383908 0.0270576 0.0339969 0.0348610 0.0302117 0.0256381 0.0302286 0.0327812 0.0321673 0.0314595 0.0350880 0.0261677 0.0288352 0.0353572 0.0300445 0.0307027 0.0300876 0.0297145 0.0332905 0.0316516 0.0345956 0.0285158 0.0264874 0.0247637 0.0295450 0.0263168 0.0289280 0.0223162 0.0309461 0.0311645 0.0301740 0.0310087 0.0000000 0.0337551 0.0282236 0.0258839 0.0247550 0.0289566 0.0267779 0.0320233 0.0247983 0.0304392 0.0293047 0.0279137 0.0251070 0.0379964 0.0345831 0.0284853 0.0313697 0.0321034 0.0315386 0.0323811 0.0287312 0.0321149 0.0289067 0.0356977 0.0309685 0.0253970 0.0290915 0.0343293 0.0338892 0.0419537 0.0292683 0.0324532 0.0298414 0.0302655 0.0331224 0.0299372 0.0302941 0.0313697 
pop2.indv14 0.0341684 0.0356671 0.0349873 0.0368046 0.0363987 0.0313249 0.0345248 0.0360859 0.0350222 0.0316629 0.0364119 0.0336461 0.0372520 0.0321954 0.0383270 0.0374693 0.0362686 0.0357964 0.0321034 0.0378528 0.0349865 0.0319549 0.0335337 0.0321324 0.0432416 0.0418179 0.0314708 0.0320690 0.0335859 0.0332785 0.0295977 0.0322688 0.0301959 0.0341315 0.0325579 0.0333629 0.0354495 0.0337551 0.0000000 0.0344340 0.0323461 0.0257573 0.0347126 0.0347230 0.0360980 0.0353909 0.0343107 0.0343107 0.0398868 0.0313585 0.0314166 0.0336341 0.0337308 0.0351240 0.0342054 0.0374700 0.0331703 0.0419724 0.0328940 0.0353228 0.0369174 0.0349236 0.0273742 0.0313500 0.0376741 0.0370593 0.0420320 0.0332063 0.0331288 0.0329442 0.0374420 0.0396518 0.0345208 0.0351901 0.0317081 
pop2.indv15 0.0315499 0.0275972 0.0296401 0.0291849 0.0327575 0.0333790 0.0278463 0.0306152 0.0363987 0.0323112 0.0265061 0.0274438 0.0303088 0.0347841 0.0261862 0.0322996 0.0321324 0.0285502 0.0324997 0.0293733 0.0296189 0.0270451 0.0278538 0.0273949 0.0328852 0.0295450 0.0288146 0.0279648 0.0267685 0.0313444 0.0277545 0.0310753 0.0244437 0.0278339 0.0320282 0.0289161 0.0336220 0.0282236 0.0344340 0.0000000 0.0288146 0.0248070 0.0276997 0.0309127 0.0320690 0.0359920 0.0333268 0.0303553 0.0336197 0.0304720 0.0262922 0.0346708 0.0286006 0.0283500 0.0273268 0.0308984 0.0330390 0.0329596 0.0316178 0.0343845 0.0363069 0.0319168 0.0285502 0.0348229 0.0356360 0.0293207 0.0359108 0.0308936 0.0255077 0.0305049 0.0303160 0.0315273 0.0348982 0.0359505 0.0315840 
pop2.indv16 0.0288557 0.0256808 0.0305146 0.0335092 0.0305159 0.0327930 0.0323345 0.0256472 0.0285056 0.0318704 0.0258014 0.0302177 0.0279945 0.0309161 0.0323694 0.0346683 0.0264391 0.0295003 0.0304702 0.0281152 0.0304939 0.0279337 0.0318619 0.0271709 0.0357834 0.0304611 0.0240521 0.0221825 0.0232726 0.0290631 0.0248013 0.0331224 0.0222031 0.0283206 0.0296507 0.0306368 0.0296295 0.0258839 0.0323461 0.0288146 0.0000000 0.0261214 0.0327211 0.0297786 0.0338159 0.0297786 0.0310693 0.0313331 0.0323077 0.0296613 0.0314483 0.0338415 0.0293944 0.0289783 0.0272196 0.0301742 0.0329119 0.0342158 0.0266003 0.0365705 0.0319131 0.0333102 0.0323112 0.0296401 0.0295856 0.0304611 0.0280645 0.0305146 0.0320860 0.0295963 0.0324138 0.0337922 0.0312048 0.0325087 0.0321673 
pop2.indv17 0.0256111 0.0261030 0.0268063 0.0296410 0.0332713 0.0309204 0.0296096 0.0312288 0.0297875 0.0262829 0.0308129 0.0299586 0.0300512 0.0304830 0.0303553 0.0352927 0.0282636 0.0276658 0.0290194 0.0293774 0.0302980 0.0256923 0.0317208 0.0285158 0.0303446 0.0298095 0.0222011 0.0232105 0.0280936 0.0280244 0.0242715 0.0272493 0.0240862 0.0289280 0.0305497 0.0267657 0.0269155 0.0247550 0.0257573 0.0248070 0.0261214 0.0000000 0.0263778 0.0261910 0.0290785 0.0283639 0.0332423 0.0250284 0.0353909 0.0242801 0.0299029 0.0305824 0.0307670 0.0243974 0.0313026 0.0261399 0.0285905 0.0298733 0.0272021 0.0253353 0.0343230 0.0351773 0.0250808 0.0281419 0.0299452 0.0355324 0.0360841 0.0296826 0.0258655 0.0317989 0.0332237 0.0354750 0.0278660 0.0363347 0.0296515 
pop2.indv18 0.0265810 0.0315280 0.0319322 0.0315504 0.0331762 0.0342493 0.0314945 0.0297457 0.0346388 0.0321659 0.0316742 0.0294505 0.0346360 0.0321839 0.0306693 0.0319095 0.0340702 0.0270006 0.0297980 0.0323838 0.0281233 0.0273358 0.0339604 0.0293047 0.0379691 0.0362286 0.0326281 0.0242508 0.0282116 0.0286310 0.0323723 0.0336709 0.0251861 0.0313026 0.0316845 0.0278608 0.0356085 0.0289566 0.0347126 0.0276997 0.0327211 0.0263778 0.0000000 0.0292943 0.0246947 0.0362286 0.0299981 0.0311194 0.0310531 0.0332118 0.0272689 0.0329524 0.0329641 0.0295284 0.0284397 0.0385408 0.0286437 0.0302872 0.0292380 0.0320810 0.0354945 0.0319322 0.0261506 0.0314625 0.0325702 0.0319095 0.0351745 0.0277875 0.0315616 0.0314258 0.0240514 0.0342126 0.0272116 0.0303660 0.0315177 
pop2.indv19 0.0330075 0.0362686 0.0314125 0.0323811 0.0349234 0.0346959 0.0306479 0.0269250 0.0381060 0.0330866 0.0238494 0.0315499 0.0287021 0.0325336 0.0304846 0.0339751 0.0277447 0.0283942 0.0345168 0.0286282 0.0332785 0.0270162 0.0340526 0.0274047 0.0392759 0.0413380 0.0296613 0.0240850 0.0329560 0.0320051 0.0285770 0.0278562 0.0277108 0.0343609 0.0290194 0.0322840 0.0320690 0.0267779 0.0347230 0.0309127 0.0297786 0.0261910 0.0292943 0.0000000 0.0316178 0.0345294 0.0289073 0.0283600 0.0281443 0.0284043 0.0294191 0.0333510 0.0326986 0.0289885 0.0338648 0.0305715 0.0354551 0.0277941 0.0276997 0.0299981 0.0342861 0.0366820 0.0288456 0.0281035 0.0317648 0.0299800 0.0362429 0.0369401 0.0317761 0.0337916 0.0284346 0.0346582 0.0321673 0.0342920 0.0344712 
pop2.indv20 0.0331583 0.0359658 0.0322417 0.0303956 0.0280148 0.0322070 0.0351745 0.0336949 0.0389916 0.0336582 0.0323838 0.0339998 0.0322070 0.0345042 0.0356977 0.0343417 0.0310531 0.0299266 0.0315726 0.0303739 0.0321839 0.0305933 0.0326518 0.0299372 0.0420832 0.0331999 0.0279549 0.0258836 0.0281639 0.0352413 0.0273934 0.0342249 0.0291641 0.0305708 0.0305606 0.0332644 0.0298084 0.0320233 0.0360980 0.0320690 0.0338159 0.0290785 0.0246947 0.0316178 0.0000000 0.0335619 0.0310531 0.0275162 0.0338281 0.0338037 0.0351872 0.0383687 0.0372385 0.0355132 0.0350499 0.0356542 0.0336696 0.0345582 0.0331586 0.0348362 0.0342738 0.0339998 0.0320864 0.0321431 0.0344464 0.0302224 0.0395354 0.0290318 0.0351999 0.0344960 0.0381311 0.0405042 0.0318673 0.0371133 0.0370105 
pop2.indv21 0.0309238 0.0275618 0.0314922 0.0302440 0.0316516 0.0317421 0.0318787 0.0313137 0.0345495 0.0353781 0.0297884 0.0314125 0.0370188 0.0356620 0.0374420 0.0345168 0.0322608 0.0307467 0.0355195 0.0319590 0.0315499 0.0282336 0.0358056 0.0247749 0.0319777 0.0324279 0.0320744 0.0267496 0.0279747 0.0330985 0.0306588 0.0312025 0.0272979 0.0317437 0.0297989 0.0335499 0.0397618 0.0247983 0.0353909 0.0359920 0.0297786 0.0283639 0.0362286 0.0345294 0.0335619 0.0000000 0.0298429 0.0300512 0.0273171 0.0296295 0.0361111 0.0374557 0.0301045 0.0240262 0.0320976 0.0337187 0.0333510 0.0358977 0.0340091 0.0280148 0.0392026 0.0316636 0.0286818 0.0300832 0.0322880 0.0293523 0.0371502 0.0243401 0.0266650 0.0284245 0.0270066 0.0331823 0.0342920 0.0355583 0.0327444 
pop2.indv22 0.0335337 0.0317571 0.0387459 0.0339033 0.0273949 0.0325454 0.0340739 0.0347336 0.0413077 0.0311421 0.0298322 0.0337063 0.0306371 0.0347955 0.0380611 0.0335215 0.0339052 0.0327351 0.0349618 0.0329030 0.0320682 0.0286282 0.0358019 0.0373430 0.0364542 0.0330075 0.0291364 0.0269395 0.0300876 0.0316408 0.0325571 0.0312655 0.0249695 0.0270811 0.0257559 0.0285502 0.0306698 0.0304392 0.0343107 0.0333268 0.0310693 0.0332423 0.0299981 0.0289073 0.0310531 0.0298429 0.0000000 0.0314258 0.0297572 0.0310020 0.0356929 0.0445909 0.0349363 0.0264500 0.0327113 0.0320282 0.0335828 0.0381652 0.0349865 0.0330271 0.0402328 0.0336073 0.0309976 0.0330866 0.0317437 0.0350642 0.0362168 0.0267427 0.0271224 0.0280040 0.0316183 0.0396727 0.0310918 0.0338178 0.0376754 
pop2.indv23 0.0291122 0.0298520 0.0249115 0.0342738 0.0289169 0.0303875 0.0272592 0.0268310 0.0331820 0.0256381 0.0276168 0.0326868 0.0327795 0.0314145 0.0316855 0.0276953 0.0287021 0.0254769 0.0345956 0.0240766 0.0302980 0.0283500 0.0312993 0.0319016 0.0405786 0.0306369 0.0283639 0.0255879 0.0283998 0.0286180 0.0259472 0.0290683 0.0318012 0.0225901 0.0252835 0.0282116 0.0334184 0.0293047 0.0343107 0.0303553 0.0313331 0.0250284 0.0311194 0.0283600 0.0275162 0.0300512 0.0314258 0.0000000 0.0309094 0.0331288 0.0321204 0.0309204 0.0322301 0.0245834 0.0355516 0.0269250 0.0362686 0.0320051 0.0259731 0.0376715 0.0347249 0.0310864 0.0290479 0.0329876 0.0346360 0.0289680 0.0392640 0.0275679 0.0285401 0.0291953 0.0325930 0.0364408 0.0328264 0.0348731 0.0312136 
pop2.indv24 0.0337680 0.0312503 0.0306260 0.0310469 0.0319981 0.0323229 0.0315613 0.0316294 0.0342054 0.0335601 0.0305159 0.0358713 0.0310693 0.0339529 0.0361501 0.0279437 0.0281050 0.0253659 0.0290214 0.0310806 0.0339033 0.0321092 0.0396940 0.0300376 0.0383768 0.0356043 0.0267809 0.0274732 0.0343542 0.0367767 0.0298859 0.0300015 0.0279018 0.0299616 0.0302763 0.0277973 0.0344541 0.0279137 0.0398868 0.0336197 0.0323077 0.0353909 0.0310531 0.0281443 0.0338281 0.0273171 0.0297572 0.0309094 0.0000000 0.0267809 0.0327575 0.0289902 0.0314580 0.0314708 0.0349366 0.0270258 0.0361104 0.0313530 0.0307137 0.0313361 0.0414368 0.0316068 0.0342178 0.0304630 0.0353056 0.0272099 0.0386856 0.0292418 0.0305598 0.0299833 0.0313073 0.0423162 0.0318704 0.0326281 0.0405483 
pop2.indv25 0.0277348 0.0266097 0.0297251 0.0300984 0.0313026 0.0281143 0.0310975 0.0284297 0.0325587 0.0314945 0.0295029 0.0321954 0.0310198 0.0284955 0.0358614 0.0304502 0.0267714 0.0313249 0.0297038 0.0323694 0.0275679 0.0264034 0.0314011 0.0284346 0.0332118 0.0350119 0.0271723 0.0230448 0.0241525 0.0289280 0.0288352 0.0266932 0.0252845 0.0300015 0.0278857 0.0306260 0.0319891 0.0251070 0.0313585 0.0304720 0.0296613 0.0242801 0.0332118 0.0284043 0.0338037 0.0296295 0.0310020 0.0331288 0.0267809 0.0000000 0.0284397 0.0300445 0.0366903 0.0291296 0.0318673 0.0333790 0.0308794 0.0284089 0.0313137 0.0325471 0.0361636 0.0305708 0.0262956 0.0291193 0.0307246 0.0337429 0.0353960 0.0280942 0.0341438 0.0262793 0.0316408 0.0380751 0.0335358 0.0322960 0.0334392 
pop3.indv1  0.0306260 0.0267402 0.0300512 0.0296410 0.0288456 0.0327678 0.0321545 0.0329721 0.0307117 0.0279560 0.0276997 0.0331762 0.0285502 0.0337789 0.0316621 0.0351240 0.0292265 0.0293151 0.0311251 0.0317194 0.0320461 0.0265996 0.0299586 0.0309534 0.0350108 0.0352125 0.0325813 0.0239677 0.0306152 0.0304091 0.0318103 0.0370505 0.0300876 0.0291641 0.0340702 0.0312872 0.0304115 0.0379964 0.0314166 0.0262922 0.0314483 0.0299029 0.0272689 0.0294191 0.0351872 0.0361111 0.0356929 0.0321204 0.0327575 0.0284397 0.0000000 0.0292014 0.0289667 0.0277617 0.0289169 0.0285837 0.0295054 0.0356157 0.0248125 0.0298695 0.0339700 0.0291433 0.0308736 0.0288156 0.0276706 0.0301152 0.0320744 0.0251421 0.0311583 0.0278463 0.0315729 0.0292220 0.0336949 0.0328852 0.0277907 
pop3.indv2  0.0322185 0.0358582 0.0288141 0.0315047 0.0308216 0.0361766 0.0289271 0.0296305 0.0312728 0.0318673 0.0290945 0.0302395 0.0382227 0.0309796 0.0338281 0.0338892 0.0325808 0.0316408 0.0367975 0.0343791 0.0291433 0.0318787 0.0365610 0.0365878 0.0331344 0.0340121 0.0345419 0.0268347 0.0262461 0.0342796 0.0301200 0.0392207 0.0271709 0.0332423 0.0315160 0.0307670 0.0372492 0.0345831 0.0336341 0.0346708 0.0338415 0.0305824 0.0329524 0.0333510 0.0383687 0.0374557 0.0445909 0.0309204 0.0289902 0.0300445 0.0292014 0.0000000 0.0287531 0.0314499 0.0259381 0.0282836 0.0351135 0.0288352 0.0296096 0.0295887 0.0352252 0.0358845 0.0298609 0.0268967 0.0303305 0.0306807 0.0291849 0.0273949 0.0299372 0.0278041 0.0303630 0.0331703 0.0292474 0.0294819 0.0292323 
