75
pop1.indv1  0.0000000 0.0269621 0.0312473 0.0326434 0.0331971 0.0292791 0.0285731 0.0312216 0.0331889 0.0331566 0.0276535 0.0310031 0.0360263 0.0327169 0.0350934 0.0314913 0.0245709 0.0280948 0.0344179 0.0300327 0.0289316 0.0281139 0.0262563 0.0279303 0.0323330 0.0354620 0.0283852 0.0296162 0.0284554 0.0298249 0.0312655 0.0326871 0.0259745 0.0286030 0.0343577 0.0304278 0.0331060 0.0299048 0.0341045 0.0298853 0.0276005 0.0258979 0.0274064 0.0324737 0.0309626 0.0288610 0.0305142 0.0292396 0.0320009 0.0285523 0.0313916 0.0305231 0.0325363 0.0293080 0.0329287 0.0316420 0.0342088 0.0317493 0.0302132 0.0306261 0.0321450 0.0308082 0.0313317 0.0302846 0.0334049 0.0349090 0.0359553 0.0326264 0.0298902 0.0270000 0.0286046 0.0323046 0.0287807 0.0337599 0.0301234 
pop1.indv2  0.0269621 0.0000000 0.0311536 0.0273497 0.0298059 0.0284846 0.0324501 0.0315078 0.0336430 0.0329708 0.0254830 0.0322352 0.0271861 0.0307381 0.0327257 0.0299795 0.0290871 0.0272955 0.0332072 0.0329792 0.0301591 0.0270035 0.0293158 0.0223082 0.0307837 0.0319762 0.0255955 0.0287960 0.0307009 0.0279418 0.0272660 0.0300064 0.0296678 0.0288477 0.0324976 0.0307875 0.0292548 0.0282359 0.0328697 0.0278102 0.0254882 0.0253949 0.0334001 0.0355152 0.0340723 0.0300137 0.0322163 0.0302250 0.0320462 0.0282857 0.0281365 0.0332866 0.0304840 0.0332016 0.0274629 0.0259619 0.0300351 0.0300997 0.0306012 0.0306260 0.0350694 0.0328610 0.0309091 0.0286772 0.0298846 0.0298041 0.0353585 0.0312393 0.0302798 0.0295749 0.0323420 0.0306539 0.0307493 0.0329750 0.0277540 
pop1.indv3  0.0312473 0.0311536 0.0000000 0.0297416 0.0292877 0.0278733 0.0311937 0.0285430 0.0358228 0.0283232 0.0312169 0.0320861 0.0335427 0.0278219 0.0284284 0.0295227 0.0313725 0.0292753 0.0304395 0.0321666 0.0344382 0.0308994 0.0286131 0.0254538 0.0329555 0.0419360 0.0254797 0.0266521 0.0298529 0.0323646 0.0315567 0.0337816 0.0314012 0.0285058 0.0306806 0.0322392 0.0321749 0.0300968 0.0375266 0.0301806 0.0301820 0.0305546 0.0339654 0.0308646 0.0313040 0.0322117 0.0355624 0.0277032 0.0301738 0.0303192 0.0321238 0.0282762 0.0300170 0.0277222 0.0302965 0.0316687 0.0342028 0.0365334 0.0293984 0.0340139 0.0304538 0.0405562 0.0313351 0.0304953 0.0319492 0.0307164 0.0313749 0.0296129 0.0320974 0.0307000 0.0349093 0.0355342 0.0298800 0.0302274 0.0329046 
pop1.indv4  0.0326434 0.0273497 0.0297416 0.0000000 0.0287130 0.0292797 0.0286611 0.0294958 0.0339912 0.0351197 0.0247140 0.0295194 0.0282122 0.0317746 0.0319053 0.0285984 0.0265659 0.0269931 0.0300958 0.0341775 0.0291298 0.0275091 0.0291126 0.0244497 0.0308150 0.0336869 0.0314423 0.0308653 0.0281098 0.0312548 0.0308413 0.0360357 0.0229400 0.0260124 0.0278330 0.0330371 0.0324957 0.0301233 0.0381297 0.0315500 0.0323059 0.0317835 0.0336552 0.0327284 0.0315362 0.0303804 0.0329051 0.0353901 0.0315271 0.0319939 0.0313145 0.0314418 0.0313177 0.0260513 0.0280350 0.0321314 0.0332604 0.0352218 0.0288528 0.0277986 0.0331112 0.0309605 0.0282192 0.0316746 0.0336461 0.0299241 0.0347618 0.0283529 0.0253419 0.0285260 0.0236136 0.0340710 0.0288955 0.0291822 0.0334447 
pop1.indv5  0.0331971 0.0298059 0.0292877 0.0287130 0.0000000 0.0266914 0.0307923 0.0294360 0.0331899 0.0317672 0.0286995 0.0311014 0.0298933 0.0305210 0.0330756 0.0310335 0.0265711 0.0341323 0.0314901 0.0297154 0.0307332 0.0269056 0.0309439 0.0274508 0.0349372 0.0326754 0.0298206 0.0317696 0.0302856 0.0329671 0.0320705 0.0316069 0.0316365 0.0309066 0.0301638 0.0309899 0.0270191 0.0347476 0.0385350 0.0343894 0.0287272 0.0338183 0.0384772 0.0362158 0.0286976 0.0337633 0.0282123 0.0281956 0.0332627 0.0322097 0.0311640 0.0306135 0.0294779 0.0284398 0.0293713 0.0319885 0.0347269 0.0358265 0.0309267 0.0292839 0.0316459 0.0307694 0.0294871 0.0281373 0.0322068 0.0320822 0.0331232 0.0280429 0.0264933 0.0306876 0.0322539 0.0313817 0.0277086 0.0253744 0.0322902 
pop1.indv6  0.0292791 0.0284846 0.0278733 0.0292797 0.0266914 0.0000000 0.0300552 0.0338681 0.0316523 0.0339069 0.0280045 0.0271383 0.0339725 0.0299876 0.0354269 0.0310346 0.0273801 0.0251576 0.0299120 0.0343473 0.0343292 0.0230504 0.0299426 0.0281650 0.0323739 0.0349120 0.0286511 0.0255950 0.0282527 0.0315569 0.0283151 0.0321603 0.0305123 0.0278297 0.0397684 0.0327831 0.0294761 0.0367900 0.0320430 0.0327433 0.0298106 0.0288652 0.0344092 0.0355156 0.0304148 0.0295215 0.0301013 0.0307205 0.0321233 0.0288164 0.0327994 0.0364388 0.0293642 0.0271710 0.0298663 0.0286656 0.0349851 0.0353310 0.0285424 0.0306209 0.0323335 0.0322596 0.0322751 0.0307013 0.0342590 0.0307042 0.0345661 0.0312472 0.0270207 0.0249321 0.0318170 0.0363519 0.0324781 0.0327756 0.0330339 
pop1.indv7  0.0285731 0.0324501 0.0311937 0.0286611 0.0307923 0.0300552 0.0000000 0.0288044 0.0343364 0.0336447 0.0305442 0.0314195 0.0310053 0.0331129 0.0331366 0.0339533 0.0310561 0.0326747 0.0308070 0.0283129 0.0336226 0.0238308 0.0304569 0.0310320 0.0333191 0.0380213 0.0322213 0.0322054 0.0343296 0.0358090 0.0302887 0.0365569 0.0301931 0.0324095 0.0386936 0.0336145 0.0342036 0.0291431 0.0342138 0.0296117 0.0308722 0.0327943 0.0332599 0.0318440 0.0370626 0.0337173 0.0360793 0.0314614 0.0324874 0.0344025 0.0331800 0.0288088 0.0366656 0.0335587 0.0312358 0.0313128 0.0350032 0.0358378 0.0312243 0.0316915 0.0344224 0.0362017 0.0317939 0.0358420 0.0329756 0.0334294 0.0347794 0.0325109 0.0263423 0.0337161 0.0319483 0.0333974 0.0353530 0.0345606 0.0345549 
pop1.indv8  0.0312216 0.0315078 0.0285430 0.0294958 0.0294360 0.0338681 0.0288044 0.0000000 0.0372578 0.0338115 0.0298132 0.0302324 0.0308398 0.0302099 0.0333723 0.0297880 0.0309111 0.0276227 0.0298645 0.0269904 0.0317038 0.0292710 0.0326791 0.0251155 0.0359304 0.0340371 0.0352346 0.0333972 0.0317556 0.0347083 0.0296895 0.0324117 0.0285960 0.0308315 0.0296115 0.0314775 0.0296096 0.0339732 0.0375698 0.0331427 0.0277244 0.0335533 0.0326622 0.0274387 0.0367437 0.0341165 0.0356296 0.0322333 0.0319456 0.0302362 0.0357360 0.0298919 0.0325484 0.0307677 0.0271664 0.0336424 0.0336081 0.0316224 0.0322720 0.0351474 0.0353248 0.0351806 0.0302659 0.0324429 0.0330960 0.0341356 0.0359688 0.0340444 0.0285877 0.0317702 0.0293498 0.0367177 0.0335910 0.0302335 0.0314741 
pop1.indv9  0.0331889 0.0336430 0.0358228 0.0339912 0.0331899 0.0316523 0.0343364 0.0372578 0.0000000 0.0354006 0.0299220 0.0335706 0.0343748 0.0344934 0.0297554 0.0343055 0.0262037 0.0289036 0.0315566 0.0334686 0.0368302 0.0281104 0.0324731 0.0306180 0.0361924 0.0391429 0.0353102 0.0330940 0.0310858 0.0356975 0.0318688 0.0416096 0.0322619 0.0340011 0.0368504 0.0363453 0.0407771 0.0370863 0.0353254 0.0361992 0.0283818 0.0308903 0.0340386 0.0387642 0.0366508 0.0328526 0.0369921 0.0321025 0.0346846 0.0312709 0.0305980 0.0305669 0.0362111 0.0338715 0.0305674 0.0321536 0.0392841 0.0387543 0.0335163 0.0342856 0.0380380 0.0385343 0.0315416 0.0358503 0.0334265 0.0379999 0.0355431 0.0331030 0.0346424 0.0351649 0.0314719 0.0365813 0.0332487 0.0354004 0.0330105 
pop1.indv10 0.0331566 0.0329708 0.0283232 0.0351197 0.0317672 0.0339069 0.0336447 0.0338115 0.0354006 0.0000000 0.0285099 0.0225267 0.0375944 0.0285417 0.0288115 0.0301904 0.0315850 0.0280724 0.0288273 0.0282585 0.0301564 0.0263772 0.0318714 0.0292605 0.0311855 0.0370012 0.0367510 0.0292081 0.0339240 0.0305541 0.0311312 0.0302388 0.0330535 0.0297823 0.0324258 0.0359274 0.0307953 0.0314237 0.0329551 0.0332197 0.0328246 0.0299670 0.0326994 0.0332229 0.0353177 0.0357421 0.0331671 0.0288342 0.0348857 0.0313451 0.0295199 0.0325844 0.0333845 0.0327556 0.0360811 0.0360654 0.0300647 0.0366915 0.0291972 0.0338636 0.0327268 0.0353941 0.0287446 0.0376927 0.0332384 0.0319596 0.0392613 0.0326924 0.0320509 0.0324135 0.0325464 0.0372698 0.0301763 0.0373528 0.0358941 
pop1.indv11 0.0276535 0.0254830 0.0312169 0.0247140 0.0286995 0.0280045 0.0305442 0.0298132 0.0299220 0.0285099 0.0000000 0.0268565 0.0275742 0.0274145 0.0289352 0.0314120 0.0255296 0.0274709 0.0296499 0.0304236 0.0283105 0.0263626 0.0274871 0.0314601 0.0275410 0.0313113 0.0266344 0.0279476 0.0250448 0.0303609 0.0247294 0.0284115 0.0267223 0.0272471 0.0318115 0.0320837 0.0298003 0.0262555 0.0351361 0.0271644 0.0238562 0.0298838 0.0312101 0.0244938 0.0336307 0.0278427 0.0276474 0.0291980 0.0293016 0.0307146 0.0306277 0.0273320 0.0272881 0.0263346 0.0266331 0.0257678 0.0343229 0.0326387 0.0307514 0.0298046 0.0307870 0.0291458 0.0284993 0.0310516 0.0290963 0.0297182 0.0331805 0.0280316 0.0249418 0.0294381 0.0267822 0.0284566 0.0268988 0.0298982 0.0262641 
pop1.indv12 0.0310031 0.0322352 0.0320861 0.0295194 0.0311014 0.0271383 0.0314195 0.0302324 0.0335706 0.0225267 0.0268565 0.0000000 0.0318677 0.0311916 0.0319129 0.0297083 0.0277114 0.0279346 0.0303651 0.0239582 0.0317447 0.0300546 0.0258952 0.0275424 0.0298836 0.0335280 0.0327732 0.0300989 0.0313337 0.0353707 0.0271996 0.0291823 0.0255173 0.0320089 0.0310963 0.0343680 0.0352804 0.0320054 0.0324400 0.0304264 0.0301184 0.0313599 0.0304146 0.0304255 0.0319523 0.0324283 0.0292019 0.0322335 0.0313888 0.0345043 0.0346585 0.0305646 0.0308956 0.0312853 0.0299181 0.0309887 0.0331476 0.0347116 0.0341241 0.0346875 0.0348347 0.0322248 0.0288432 0.0344161 0.0317309 0.0335286 0.0351794 0.0336757 0.0313704 0.0311562 0.0319433 0.0373251 0.0295011 0.0291924 0.0295285 
pop1.indv13 0.0360263 0.0271861 0.0335427 0.0282122 0.0298933 0.0339725 0.0310053 0.0308398 0.0343748 0.0375944 0.0275742 0.0318677 0.0000000 0.0344853 0.0311864 0.0348872 0.0288427 0.0268507 0.0355676 0.0316618 0.0323066 0.0242378 0.0327454 0.0287049 0.0291973 0.0374845 0.0321999 0.0294084 0.0315463 0.0373584 0.0304445 0.0346631 0.0282092 0.0323190 0.0343392 0.0360010 0.0354399 0.0333273 0.0377616 0.0335352 0.0293056 0.0303124 0.0357497 0.0287434 0.0328610 0.0352711 0.0307184 0.0322530 0.0323162 0.0352127 0.0304392 0.0351156 0.0350066 0.0315938 0.0337612 0.0353493 0.0359701 0.0302349 0.0308594 0.0327943 0.0361224 0.0368285 0.0315974 0.0293072 0.0344770 0.0355591 0.0343647 0.0338942 0.0285978 0.0335015 0.0333671 0.0326960 0.0296108 0.0321323 0.0311709 
pop1.indv14 0.0327169 0.0307381 0.0278219 0.0317746 0.0305210 0.0299876 0.0331129 0.0302099 0.0344934 0.0285417 0.0274145 0.0311916 0.0344853 0.0000000 0.0322754 0.0303015 0.0297997 0.0337940 0.0317150 0.0326100 0.0294689 0.0314518 0.0288859 0.0298618 0.0320836 0.0374057 0.0281357 0.0271287 0.0314897 0.0333102 0.0290467 0.0365669 0.0296212 0.0297446 0.0304451 0.0304939 0.0355295 0.0338049 0.0320382 0.0358583 0.0287799 0.0317086 0.0325444 0.0320620 0.0359096 0.0346729 0.0329259 0.0308139 0.0346293 0.0281214 0.0339695 0.0301376 0.0350525 0.0327222 0.0290668 0.0330920 0.0332968 0.0323328 0.0329368 0.0367747 0.0360342 0.0328615 0.0325250 0.0353245 0.0289727 0.0334796 0.0358691 0.0291699 0.0299815 0.0339980 0.0299864 0.0352414 0.0297968 0.0332637 0.0317672 
pop1.indv15 0.0350934 0.0327257 0.0284284 0.0319053 0.0330756 0.0354269 0.0331366 0.0333723 0.0297554 0.0288115 0.0289352 0.0319129 0.0311864 0.0322754 0.0000000 0.0285210 0.0301196 0.0283155 0.0342031 0.0323577 0.0313559 0.0276352 0.0308258 0.0255510 0.0335420 0.0336556 0.0303607 0.0316853 0.0289565 0.0311582 0.0289851 0.0344838 0.0293441 0.0302834 0.0324671 0.0336829 0.0303115 0.0291730 0.0355896 0.0298828 0.0287929 0.0288183 0.0321841 0.0301009 0.0323706 0.0350597 0.0345673 0.0303402 0.0339855 0.0364321 0.0291760 0.0312453 0.0340957 0.0323410 0.0322200 0.0318770 0.0313495 0.0323134 0.0291000 0.0335413 0.0323115 0.0335160 0.0297850 0.0327012 0.0305278 0.0314818 0.0353968 0.0323939 0.0258763 0.0312840 0.0300974 0.0332407 0.0298586 0.0365334 0.0320728 
pop1.indv16 0.0314913 0.0299795 0.0295227 0.0285984 0.0310335 0.0310346 0.0339533 0.0297880 0.0343055 0.0301904 0.0314120 0.0297083 0.0348872 0.0303015 0.0285210 0.0000000 0.0290281 0.0275766 0.0321142 0.0284415 0.0289734 0.0262748 0.0321404 0.0291959 0.0316779 0.0337201 0.0304690 0.0267007 0.0303921 0.0318510 0.0338379 0.0352608 0.0268443 0.0299142 0.0297721 0.0324219 0.0334826 0.0342519 0.0366240 0.0324689 0.0321291 0.0310345 0.0322691 0.0337861 0.0341055 0.0316347 0.0308537 0.0290920 0.0292510 0.0310695 0.0309634 0.0322025 0.0318868 0.0372029 0.0296723 0.0290944 0.0307738 0.0343821 0.0278790 0.0326414 0.0320005 0.0327511 0.0304384 0.0352611 0.0325035 0.0318896 0.0340145 0.0298558 0.0317197 0.0294634 0.0326426 0.0378971 0.0259086 0.0358157 0.0323299 
pop1.indv17 0.0245709 0.0290871 0.0313725 0.0265659 0.0265711 0.0273801 0.0310561 0.0309111 0.0262037 0.0315850 0.0255296 0.0277114 0.0288427 0.0297997 0.0301196 0.0290281 0.0000000 0.0265648 0.0298642 0.0298867 0.0264406 0.0271341 0.0274606 0.0327412 0.0301530 0.0362819 0.0307183 0.0271544 0.0272082 0.0310797 0.0296408 0.0330864 0.0287087 0.0296836 0.0321447 0.0279395 0.0304677 0.0273081 0.0347877 0.0334186 0.0258576 0.0308211 0.0338924 0.0267551 0.0296226 0.0313493 0.0304636 0.0288039 0.0270779 0.0291494 0.0256822 0.0305420 0.0314224 0.0293322 0.0296914 0.0310312 0.0309672 0.0328197 0.0283099 0.0288275 0.0291539 0.0285682 0.0307160 0.0300232 0.0319862 0.0282067 0.0367052 0.0269743 0.0278565 0.0273272 0.0305765 0.0338626 0.0327777 0.0314246 0.0311404 
pop1.indv18 0.0280948 0.0272955 0.0292753 0.0269931 0.0341323 0.0251576 0.0326747 0.0276227 0.0289036 0.0280724 0.0274709 0.0279346 0.0268507 0.0337940 0.0283155 0.0275766 0.0265648 0.0000000 0.0314973 0.0301902 0.0263914 0.0261712 0.0290088 0.0236328 0.0319743 0.0329278 0.0282178 0.0266015 0.0296966 0.0299684 0.0276949 0.0287623 0.0254438 0.0275409 0.0304937 0.0306565 0.0264307 0.0286025 0.0334491 0.0284428 0.0283064 0.0271540 0.0285184 0.0288089 0.0308637 0.0287606 0.0320823 0.0265525 0.0251298 0.0312432 0.0295923 0.0314647 0.0312245 0.0289805 0.0305171 0.0269479 0.0297759 0.0307958 0.0293822 0.0288261 0.0309900 0.0304785 0.0278004 0.0259990 0.0280490 0.0305090 0.0310985 0.0261835 0.0271224 0.0269855 0.0301488 0.0326723 0.0277706 0.0342916 0.0347279 
pop1.indv19 0.0344179 0.0332072 0.0304395 0.0300958 0.0314901 0.0299120 0.0308070 0.0298645 0.0315566 0.0288273 0.0296499 0.0303651 0.0355676 0.0317150 0.0342031 0.0321142 0.0298642 0.0314973 0.0000000 0.0284882 0.0356035 0.0280185 0.0320536 0.0254749 0.0330976 0.0348300 0.0355015 0.0293587 0.0306404 0.0409573 0.0323744 0.0367207 0.0246629 0.0294349 0.0303744 0.0298609 0.0359623 0.0331094 0.0342918 0.0336097 0.0294552 0.0285366 0.0311677 0.0321601 0.0331201 0.0340751 0.0342769 0.0339226 0.0306857 0.0309188 0.0310434 0.0349412 0.0358228 0.0338078 0.0317237 0.0315247 0.0313051 0.0340932 0.0282497 0.0309057 0.0345499 0.0339572 0.0267658 0.0309456 0.0348395 0.0323058 0.0335581 0.0329765 0.0320505 0.0331375 0.0284716 0.0359167 0.0330116 0.0346620 0.0329237 
pop1.indv20 0.0300327 0.0329792 0.0321666 0.0341775 0.0297154 0.0343473 0.0283129 0.0269904 0.0334686 0.0282585 0.0304236 0.0239582 0.0316618 0.0326100 0.0323577 0.0284415 0.0298867 0.0301902 0.0284882 0.0000000 0.0323976 0.0316022 0.0322750 0.0288431 0.0316653 0.0354464 0.0336874 0.0287338 0.0282928 0.0321539 0.0298468 0.0331207 0.0272485 0.0345457 0.0345540 0.0318811 0.0309951 0.0296461 0.0392782 0.0297877 0.0267961 0.0294623 0.0316266 0.0278604 0.0326743 0.0327180 0.0314407 0.0274331 0.0320780 0.0325128 0.0316472 0.0350971 0.0330483 0.0278837 0.0292236 0.0303985 0.0300556 0.0371898 0.0302509 0.0305668 0.0302851 0.0312487 0.0289201 0.0332071 0.0348167 0.0309903 0.0344442 0.0264082 0.0306043 0.0287601 0.0310806 0.0338770 0.0289932 0.0344900 0.0358341 
pop1.indv21 0.0289316 0.0301591 0.0344382 0.0291298 0.0307332 0.0343292 0.0336226 0.0317038 0.0368302 0.0301564 0.0283105 0.0317447 0.0323066 0.0294689 0.0313559 0.0289734 0.0264406 0.0263914 0.0356035 0.0323976 0.0000000 0.0309586 0.0338599 0.0299979 0.0283833 0.0337500 0.0305508 0.0276269 0.0290977 0.0277407 0.0280054 0.0342317 0.0265977 0.0275931 0.0328969 0.0321251 0.0307046 0.0331775 0.0350585 0.0289196 0.0291819 0.0312378 0.0301948 0.0320922 0.0330273 0.0318571 0.0312978 0.0311044 0.0328972 0.0292564 0.0345247 0.0299406 0.0339333 0.0298414 0.0315100 0.0287313 0.0334926 0.0355190 0.0317476 0.0355081 0.0280993 0.0352743 0.0312319 0.0301284 0.0291105 0.0317260 0.0390092 0.0294011 0.0237469 0.0274403 0.0326040 0.0324976 0.0299011 0.0313788 0.0313477 
pop1.indv22 0.0281139 0.0270035 0.0308994 0.0275091 0.0269056 0.0230504 0.0238308 0.0292710 0.0281104 0.0263772 0.0263626 0.0300546 0.0242378 0.0314518 0.0276352 0.0262748 0.0271341 0.0261712 0.0280185 0.0316022 0.0309586 0.0000000 0.0304645 0.0260429 0.0290843 0.0356261 0.0276139 0.0276562 0.0262683 0.0316054 0.0239652 0.0293201 0.0266972 0.0266115 0.0286884 0.0287281 0.0303129 0.0295305 0.0290873 0.0282046 0.0263669 0.0242558 0.0273683 0.0247450 0.0321060 0.0267422 0.0280456 0.0280891 0.0292738 0.0253820 0.0271977 0.0291076 0.0324869 0.0299858 0.0299400 0.0284219 0.0305859 0.0310338 0.0269373 0.0305142 0.0313860 0.0304940 0.0300045 0.0261149 0.0327362 0.0307889 0.0337385 0.0303738 0.0280572 0.0265462 0.0276950 0.0353536 0.0299220 0.0337795 0.0320460 
pop1.indv23 0.0262563 0.0293158 0.0286131 0.0291126 0.0309439 0.0299426 0.0304569 0.0326791 0.0324731 0.0318714 0.0274871 0.0258952 0.0327454 0.0288859 0.0308258 0.0321404 0.0274606 0.0290088 0.0320536 0.0322750 0.0338599 0.0304645 0.0000000 0.0322966 0.0309549 0.0336314 0.0285168 0.0302699 0.0267883 0.0325105 0.0297670 0.0339828 0.0256744 0.0304186 0.0336152 0.0320035 0.0324436 0.0292135 0.0348462 0.0289554 0.0293447 0.0335420 0.0342401 0.0322348 0.0337346 0.0321897 0.0330878 0.0303915 0.0383093 0.0322976 0.0298851 0.0346150 0.0345577 0.0306202 0.0308695 0.0368985 0.0364496 0.0340703 0.0308004 0.0336407 0.0354209 0.0365512 0.0331721 0.0335499 0.0309741 0.0327183 0.0393020 0.0248501 0.0299417 0.0307928 0.0348408 0.0358591 0.0312581 0.0325054 0.0321828 
pop1.indv24 0.0279303 0.0223082 0.0254538 0.0244497 0.0274508 0.0281650 0.0310320 0.0251155 0.0306180 0.0292605 0.0314601 0.0275424 0.0287049 0.0298618 0.0255510 0.0291959 0.0327412 0.0236328 0.0254749 0.0288431 0.0299979 0.0260429 0.0322966 0.0000000 0.0313023 0.0322690 0.0290674 0.0275832 0.0252808 0.0293047 0.0253867 0.0314154 0.0247758 0.0305559 0.0243476 0.0303569 0.0303961 0.0299676 0.0315203 0.0296779 0.0263107 0.0300923 0.0288234 0.0255162 0.0294117 0.0247329 0.0344233 0.0298499 0.0312869 0.0299021 0.0298921 0.0323501 0.0299222 0.0302922 0.0298938 0.0318684 0.0312332 0.0305903 0.0262562 0.0271966 0.0314699 0.0262523 0.0292295 0.0320253 0.0261658 0.0255667 0.0325807 0.0258303 0.0281387 0.0294257 0.0264609 0.0323549 0.0250242 0.0263368 0.0317376 
pop1.indv25 0.0323330 0.0307837 0.0329555 0.0308150 0.0349372 0.0323739 0.0333191 0.0359304 0.0361924 0.0311855 0.0275410 0.0298836 0.0291973 0.0320836 0.0335420 0.0316779 0.0301530 0.0319743 0.0330976 0.0316653 0.0283833 0.0290843 0.0309549 0.0313023 0.0000000 0.0393093 0.0327674 0.0325851 0.0282177 0.0324036 0.0327523 0.0351673 0.0292896 0.0335243 0.0326044 0.0331462 0.0328233 0.0315708 0.0427462 0.0331748 0.0338274 0.0293731 0.0360988 0.0365350 0.0403841 0.0297483 0.0324859 0.0393748 0.0350751 0.0338312 0.0318991 0.0337768 0.0382043 0.0327081 0.0371175 0.0317433 0.0395999 0.0332376 0.0319128 0.0366052 0.0363092 0.0313896 0.0330841 0.0333088 0.0345180 0.0363583 0.0367463 0.0352960 0.0279789 0.0288001 0.0312226 0.0366779 0.0310925 0.0361357 0.0327934 
pop2.indv1  0.0354620 0.0319762 0.0419360 0.0336869 0.0326754 0.0349120 0.0380213 0.0340371 0.0391429 0.0370012 0.0313113 0.0335280 0.0374845 0.0374057 0.0336556 0.0337201 0.0362819 0.0329278 0.0348300 0.0354464 0.0337500 0.0356261 0.0336314 0.0322690 0.0393093 0.0000000 0.0319139 0.0307816 0.0269711 0.0330566 0.0340139 0.0364852 0.0260245 0.0297379 0.0304908 0.0331391 0.0292980 0.0372775 0.0400444 0.0302339 0.0314749 0.0286086 0.0383165 0.0379867 0.0338802 0.0315888 0.0342967 0.0307182 0.0355132 0.0364511 0.0382413 0.0341304 0.0329413 0.0327873 0.0292831 0.0326907 0.0374885 0.0323688 0.0339655 0.0352487 0.0367249 0.0365133 0.0332244 0.0373521 0.0307183 0.0345340 0.0367143 0.0315949 0.0290294 0.0318247 0.0311023 0.0373274 0.0285423 0.0358259 0.0336179 
pop2.indv2  0.0283852 0.0255955 0.0254797 0.0314423 0.0298206 0.0286511 0.0322213 0.0352346 0.0353102 0.0367510 0.0266344 0.0327732 0.0321999 0.0281357 0.0303607 0.0304690 0.0307183 0.0282178 0.0355015 0.0336874 0.0305508 0.0276139 0.0285168 0.0290674 0.0327674 0.0319139 0.0000000 0.0251597 0.0282730 0.0286611 0.0308184 0.0297989 0.0254726 0.0265163 0.0269923 0.0290954 0.0273319 0.0279752 0.0305733 0.0288099 0.0227752 0.0246473 0.0315071 0.0296936 0.0300083 0.0308088 0.0293502 0.0292610 0.0246434 0.0287706 0.0310175 0.0314228 0.0298167 0.0287408 0.0278558 0.0336349 0.0351379 0.0304480 0.0318231 0.0286124 0.0328322 0.0299475 0.0266021 0.0288746 0.0302841 0.0301042 0.0333334 0.0300066 0.0279294 0.0301680 0.0321198 0.0368813 0.0301521 0.0333671 0.0335455 
pop2.indv3  0.0296162 0.0287960 0.0266521 0.0308653 0.0317696 0.0255950 0.0322054 0.0333972 0.0330940 0.0292081 0.0279476 0.0300989 0.0294084 0.0271287 0.0316853 0.0267007 0.0271544 0.0266015 0.0293587 0.0287338 0.0276269 0.0276562 0.0302699 0.0275832 0.0325851 0.0307816 0.0251597 0.0000000 0.0288097 0.0290394 0.0299922 0.0281442 0.0219666 0.0291934 0.0284950 0.0251986 0.0342910 0.0286566 0.0330679 0.0309135 0.0238308 0.0261628 0.0269739 0.0256616 0.0300524 0.0264839 0.0269269 0.0260658 0.0285461 0.0253510 0.0254781 0.0281593 0.0279047 0.0299109 0.0267374 0.0275123 0.0358691 0.0322711 0.0263360 0.0301666 0.0303657 0.0272824 0.0263001 0.0252669 0.0278084 0.0265997 0.0316201 0.0243656 0.0294141 0.0282855 0.0294528 0.0293345 0.0246222 0.0295196 0.0336384 
pop2.indv4  0.0284554 0.0307009 0.0298529 0.0281098 0.0302856 0.0282527 0.0343296 0.0317556 0.0310858 0.0339240 0.0250448 0.0313337 0.0315463 0.0314897 0.0289565 0.0303921 0.0272082 0.0296966 0.0306404 0.0282928 0.0290977 0.0262683 0.0267883 0.0252808 0.0282177 0.0269711 0.0282730 0.0288097 0.0000000 0.0259614 0.0265343 0.0299457 0.0216686 0.0262528 0.0254333 0.0286949 0.0290128 0.0262144 0.0346034 0.0269429 0.0240394 0.0300333 0.0288618 0.0321134 0.0297097 0.0283261 0.0294100 0.0289810 0.0330131 0.0286097 0.0323753 0.0271175 0.0315511 0.0256119 0.0260729 0.0282641 0.0352436 0.0318771 0.0268550 0.0290919 0.0358955 0.0284385 0.0274611 0.0315579 0.0295802 0.0278206 0.0362834 0.0313632 0.0281196 0.0268675 0.0291080 0.0320288 0.0281819 0.0335863 0.0230702 
pop2.indv5  0.0298249 0.0279418 0.0323646 0.0312548 0.0329671 0.0315569 0.0358090 0.0347083 0.0356975 0.0305541 0.0303609 0.0353707 0.0373584 0.0333102 0.0311582 0.0318510 0.0310797 0.0299684 0.0409573 0.0321539 0.0277407 0.0316054 0.0325105 0.0293047 0.0324036 0.0330566 0.0286611 0.0290394 0.0259614 0.0000000 0.0283004 0.0302007 0.0273184 0.0273869 0.0292014 0.0286061 0.0292716 0.0298757 0.0339171 0.0306996 0.0252815 0.0277810 0.0305167 0.0296985 0.0350148 0.0316023 0.0297593 0.0284126 0.0342690 0.0281833 0.0297116 0.0351982 0.0312151 0.0287668 0.0349638 0.0330445 0.0340445 0.0374124 0.0323021 0.0305265 0.0348918 0.0342639 0.0340772 0.0320931 0.0323727 0.0311563 0.0366928 0.0323294 0.0308290 0.0335920 0.0320863 0.0339520 0.0288434 0.0331419 0.0375075 
pop2.indv6  0.0312655 0.0272660 0.0315567 0.0308413 0.0320705 0.0283151 0.0302887 0.0296895 0.0318688 0.0311312 0.0247294 0.0271996 0.0304445 0.0290467 0.0289851 0.0338379 0.0296408 0.0276949 0.0323744 0.0298468 0.0280054 0.0239652 0.0297670 0.0253867 0.0327523 0.0340139 0.0308184 0.0299922 0.0265343 0.0283004 0.0000000 0.0250144 0.0252899 0.0267855 0.0298332 0.0281050 0.0301375 0.0261873 0.0292664 0.0287746 0.0245237 0.0268393 0.0310718 0.0282128 0.0277815 0.0315685 0.0324577 0.0268713 0.0298937 0.0278337 0.0303753 0.0292977 0.0286463 0.0277486 0.0288835 0.0308190 0.0301769 0.0356967 0.0306586 0.0305259 0.0282812 0.0282677 0.0279796 0.0337829 0.0276696 0.0298839 0.0326091 0.0305157 0.0247764 0.0310391 0.0293698 0.0299755 0.0298782 0.0295468 0.0320448 
pop2.indv7  0.0326871 0.0300064 0.0337816 0.0360357 0.0316069 0.0321603 0.0365569 0.0324117 0.0416096 0.0302388 0.0284115 0.0291823 0.0346631 0.0365669 0.0344838 0.0352608 0.0330864 0.0287623 0.0367207 0.0331207 0.0342317 0.0293201 0.0339828 0.0314154 0.0351673 0.0364852 0.0297989 0.0281442 0.0299457 0.0302007 0.0250144 0.0000000 0.0316572 0.0309605 0.0328510 0.0332086 0.0286830 0.0302019 0.0319176 0.0327034 0.0313695 0.0279440 0.0336142 0.0265284 0.0329322 0.0327842 0.0310120 0.0295845 0.0294588 0.0288792 0.0354672 0.0370334 0.0370571 0.0344328 0.0375873 0.0344434 0.0323034 0.0305077 0.0334216 0.0310428 0.0356727 0.0279844 0.0330973 0.0334475 0.0342846 0.0322232 0.0343800 0.0338378 0.0293083 0.0320476 0.0346909 0.0366054 0.0281877 0.0323939 0.0344761 
pop2.indv8  0.0259745 0.0296678 0.0314012 0.0229400 0.0316365 0.0305123 0.0301931 0.0285960 0.0322619 0.0330535 0.0267223 0.0255173 0.0282092 0.0296212 0.0293441 0.0268443 0.0287087 0.0254438 0.0246629 0.0272485 0.0265977 0.0266972 0.0256744 0.0247758 0.0292896 0.0260245 0.0254726 0.0219666 0.0216686 0.0273184 0.0252899 0.0316572 0.0000000 0.0232928 0.0265750 0.0225737 0.0267155 0.0239807 0.0306185 0.0255602 0.0215552 0.0252685 0.0268769 0.0275145 0.0317387 0.0269249 0.0231242 0.0305584 0.0257616 0.0262015 0.0279755 0.0244016 0.0263493 0.0211998 0.0266506 0.0293495 0.0300491 0.0284300 0.0232729 0.0235796 0.0307935 0.0263517 0.0251029 0.0259026 0.0234125 0.0252846 0.0314924 0.0270754 0.0222005 0.0267698 0.0283232 0.0282227 0.0277978 0.0267394 0.0241857 
pop2.indv9  0.0286030 0.0288477 0.0285058 0.0260124 0.0309066 0.0278297 0.0324095 0.0308315 0.0340011 0.0297823 0.0272471 0.0320089 0.0323190 0.0297446 0.0302834 0.0299142 0.0296836 0.0275409 0.0294349 0.0345457 0.0275931 0.0266115 0.0304186 0.0305559 0.0335243 0.0297379 0.0265163 0.0291934 0.0262528 0.0273869 0.0267855 0.0309605 0.0232928 0.0000000 0.0319446 0.0272221 0.0275381 0.0295184 0.0339027 0.0289487 0.0280324 0.0293670 0.0304759 0.0339262 0.0309635 0.0309819 0.0264051 0.0256498 0.0293613 0.0299515 0.0309406 0.0303567 0.0351609 0.0314845 0.0316524 0.0274391 0.0324384 0.0353085 0.0288058 0.0337520 0.0381434 0.0298482 0.0270705 0.0302273 0.0293238 0.0241464 0.0338101 0.0268280 0.0298328 0.0320378 0.0308629 0.0348005 0.0304942 0.0298503 0.0319299 
pop2.indv10 0.0343577 0.0324976 0.0306806 0.0278330 0.0301638 0.0397684 0.0386936 0.0296115 0.0368504 0.0324258 0.0318115 0.0310963 0.0343392 0.0304451 0.0324671 0.0297721 0.0321447 0.0304937 0.0303744 0.0345540 0.0328969 0.0286884 0.0336152 0.0243476 0.0326044 0.0304908 0.0269923 0.0284950 0.0254333 0.0292014 0.0298332 0.0328510 0.0265750 0.0319446 0.0000000 0.0280885 0.0286860 0.0307327 0.0317258 0.0324997 0.0277921 0.0301913 0.0325099 0.0290280 0.0301569 0.0296048 0.0261182 0.0291165 0.0295895 0.0294812 0.0324993 0.0293369 0.0271009 0.0286706 0.0298828 0.0296042 0.0276400 0.0367502 0.0314361 0.0280517 0.0359752 0.0304330 0.0280077 0.0296676 0.0328733 0.0352964 0.0345590 0.0317626 0.0298571 0.0281166 0.0272403 0.0356691 0.0285468 0.0350183 0.0334142 
pop2.indv11 0.0304278 0.0307875 0.0322392 0.0330371 0.0309899 0.0327831 0.0336145 0.0314775 0.0363453 0.0359274 0.0320837 0.0343680 0.0360010 0.0304939 0.0336829 0.0324219 0.0279395 0.0306565 0.0298609 0.0318811 0.0321251 0.0287281 0.0320035 0.0303569 0.0331462 0.0331391 0.0290954 0.0251986 0.0286949 0.0286061 0.0281050 0.0332086 0.0225737 0.0272221 0.0280885 0.0000000 0.0335430 0.0315157 0.0352750 0.0312677 0.0283743 0.0283419 0.0289711 0.0312682 0.0342284 0.0311901 0.0264531 0.0283072 0.0294927 0.0311630 0.0321556 0.0297073 0.0337629 0.0328176 0.0327982 0.0338245 0.0340056 0.0319050 0.0309982 0.0339353 0.0349428 0.0355504 0.0296274 0.0291054 0.0312079 0.0314367 0.0374965 0.0314073 0.0275625 0.0320615 0.0278894 0.0400788 0.0267579 0.0328043 0.0323085 
pop2.indv12 0.0331060 0.0292548 0.0321749 0.0324957 0.0270191 0.0294761 0.0342036 0.0296096 0.0407771 0.0307953 0.0298003 0.0352804 0.0354399 0.0355295 0.0303115 0.0334826 0.0304677 0.0264307 0.0359623 0.0309951 0.0307046 0.0303129 0.0324436 0.0303961 0.0328233 0.0292980 0.0273319 0.0342910 0.0290128 0.0292716 0.0301375 0.0286830 0.0267155 0.0275381 0.0286860 0.0335430 0.0000000 0.0282354 0.0312136 0.0314221 0.0275149 0.0275892 0.0350361 0.0288645 0.0309391 0.0354823 0.0314083 0.0326233 0.0312166 0.0295083 0.0321569 0.0338256 0.0296565 0.0299331 0.0346019 0.0259755 0.0322351 0.0350127 0.0318522 0.0310019 0.0344359 0.0341495 0.0320171 0.0286556 0.0324601 0.0291904 0.0333060 0.0252839 0.0285327 0.0318362 0.0297616 0.0332556 0.0289481 0.0345537 0.0343778 
pop2.indv13 0.0299048 0.0282359 0.0300968 0.0301233 0.0347476 0.0367900 0.0291431 0.0339732 0.0370863 0.0314237 0.0262555 0.0320054 0.0333273 0.0338049 0.0291730 0.0342519 0.0273081 0.0286025 0.0331094 0.0296461 0.0331775 0.0295305 0.0292135 0.0299676 0.0315708 0.0372775 0.0279752 0.0286566 0.0262144 0.0298757 0.0261873 0.0302019 0.0239807 0.0295184 0.0307327 0.0315157 0.0282354 0.0000000 0.0342438 0.0273924 0.0263882 0.0265590 0.0285630 0.0277172 0.0320408 0.0251850 0.0288426 0.0296068 0.0281212 0.0270827 0.0368262 0.0341439 0.0289906 0.0330506 0.0300656 0.0311738 0.0347500 0.0303404 0.0322867 0.0283148 0.0357172 0.0293347 0.0250292 0.0280765 0.0321190 0.0354980 0.0390903 0.0300560 0.0323617 0.0324273 0.0322388 0.0324783 0.0290935 0.0325416 0.0318433 
pop2.indv14 0.0341045 0.0328697 0.0375266 0.0381297 0.0385350 0.0320430 0.0342138 0.0375698 0.0353254 0.0329551 0.0351361 0.0324400 0.0377616 0.0320382 0.0355896 0.0366240 0.0347877 0.0334491 0.0342918 0.0392782 0.0350585 0.0290873 0.0348462 0.0315203 0.0427462 0.0400444 0.0305733 0.0330679 0.0346034 0.0339171 0.0292664 0.0319176 0.0306185 0.0339027 0.0317258 0.0352750 0.0312136 0.0342438 0.0000000 0.0326069 0.0318325 0.0267184 0.0343275 0.0333860 0.0359785 0.0352440 0.0329577 0.0346342 0.0406550 0.0321969 0.0339300 0.0343551 0.0326626 0.0361142 0.0349125 0.0345300 0.0326105 0.0397550 0.0319131 0.0345174 0.0371516 0.0328464 0.0285579 0.0301326 0.0370791 0.0397700 0.0395754 0.0326872 0.0324289 0.0341742 0.0369119 0.0388378 0.0327685 0.0344597 0.0328126 
pop2.indv15 0.0298853 0.0278102 0.0301806 0.0315500 0.0343894 0.0327433 0.0296117 0.0331427 0.0361992 0.0332197 0.0271644 0.0304264 0.0335352 0.0358583 0.0298828 0.0324689 0.0334186 0.0284428 0.0336097 0.0297877 0.0289196 0.0282046 0.0289554 0.0296779 0.0331748 0.0302339 0.0288099 0.0309135 0.0269429 0.0306996 0.0287746 0.0327034 0.0255602 0.0289487 0.0324997 0.0312677 0.0314221 0.0273924 0.0326069 0.0000000 0.0274743 0.0258739 0.0301967 0.0323728 0.0323937 0.0331289 0.0329604 0.0317294 0.0325534 0.0331123 0.0297749 0.0355508 0.0337394 0.0293949 0.0260108 0.0299229 0.0348813 0.0364288 0.0328907 0.0349401 0.0361626 0.0333648 0.0298429 0.0336194 0.0341875 0.0307664 0.0340705 0.0316610 0.0281891 0.0340268 0.0294131 0.0324226 0.0335107 0.0321267 0.0319289 
pop2.indv16 0.0276005 0.0254882 0.0301820 0.0323059 0.0287272 0.0298106 0.0308722 0.0277244 0.0283818 0.0328246 0.0238562 0.0301184 0.0293056 0.0287799 0.0287929 0.0321291 0.0258576 0.0283064 0.0294552 0.0267961 0.0291819 0.0263669 0.0293447 0.0263107 0.0338274 0.0314749 0.0227752 0.0238308 0.0240394 0.0252815 0.0245237 0.0313695 0.0215552 0.0280324 0.0277921 0.0283743 0.0275149 0.0263882 0.0318325 0.0274743 0.0000000 0.0240185 0.0314671 0.0280489 0.0309690 0.0291645 0.0289943 0.0298116 0.0297885 0.0296950 0.0304422 0.0322623 0.0270571 0.0292885 0.0276070 0.0269214 0.0325832 0.0319777 0.0263743 0.0308826 0.0321537 0.0309157 0.0304086 0.0268346 0.0274123 0.0289083 0.0274305 0.0311253 0.0295678 0.0294023 0.0281454 0.0303836 0.0291970 0.0309848 0.0330150 
pop2.indv17 0.0258979 0.0253949 0.0305546 0.0317835 0.0338183 0.0288652 0.0327943 0.0335533 0.0308903 0.0299670 0.0298838 0.0313599 0.0303124 0.0317086 0.0288183 0.0310345 0.0308211 0.0271540 0.0285366 0.0294623 0.0312378 0.0242558 0.0335420 0.0300923 0.0293731 0.0286086 0.0246473 0.0261628 0.0300333 0.0277810 0.0268393 0.0279440 0.0252685 0.0293670 0.0301913 0.0283419 0.0275892 0.0265590 0.0267184 0.0258739 0.0240185 0.0000000 0.0280222 0.0240674 0.0284371 0.0297349 0.0309144 0.0260321 0.0343436 0.0273951 0.0303733 0.0315116 0.0320667 0.0268143 0.0313461 0.0252572 0.0287371 0.0308320 0.0277768 0.0258659 0.0339351 0.0345204 0.0261571 0.0298465 0.0308532 0.0337152 0.0346913 0.0294905 0.0270696 0.0327287 0.0328793 0.0336767 0.0263411 0.0349345 0.0326243 
pop2.indv18 0.0274064 0.0334001 0.0339654 0.0336552 0.0384772 0.0344092 0.0332599 0.0326622 0.0340386 0.0326994 0.0312101 0.0304146 0.0357497 0.0325444 0.0321841 0.0322691 0.0338924 0.0285184 0.0311677 0.0316266 0.0301948 0.0273683 0.0342401 0.0288234 0.0360988 0.0383165 0.0315071 0.0269739 0.0288618 0.0305167 0.0310718 0.0336142 0.0268769 0.0304759 0.0325099 0.0289711 0.0350361 0.0285630 0.0343275 0.0301967 0.0314671 0.0280222 0.0000000 0.0289213 0.0269941 0.0361027 0.0301160 0.0326229 0.0311496 0.0340242 0.0284200 0.0320447 0.0325067 0.0293320 0.0283628 0.0365982 0.0299348 0.0332058 0.0299593 0.0337183 0.0339944 0.0319653 0.0259283 0.0342492 0.0327610 0.0333450 0.0348976 0.0293739 0.0321185 0.0325187 0.0251681 0.0341685 0.0277833 0.0312254 0.0325709 
pop2.indv19 0.0324737 0.0355152 0.0308646 0.0327284 0.0362158 0.0355156 0.0318440 0.0274387 0.0387642 0.0332229 0.0244938 0.0304255 0.0287434 0.0320620 0.0301009 0.0337861 0.0267551 0.0288089 0.0321601 0.0278604 0.0320922 0.0247450 0.0322348 0.0255162 0.0365350 0.0379867 0.0296936 0.0256616 0.0321134 0.0296985 0.0282128 0.0265284 0.0275145 0.0339262 0.0290280 0.0312682 0.0288645 0.0277172 0.0333860 0.0323728 0.0280489 0.0240674 0.0289213 0.0000000 0.0326524 0.0333661 0.0273432 0.0294379 0.0258235 0.0281612 0.0285497 0.0335868 0.0300778 0.0326670 0.0324465 0.0297651 0.0318822 0.0323039 0.0269746 0.0299464 0.0315516 0.0352039 0.0279575 0.0285813 0.0291449 0.0299867 0.0337535 0.0344875 0.0305706 0.0340838 0.0258673 0.0314818 0.0302763 0.0324753 0.0345870 
pop2.indv20 0.0309626 0.0340723 0.0313040 0.0315362 0.0286976 0.0304148 0.0370626 0.0367437 0.0366508 0.0353177 0.0336307 0.0319523 0.0328610 0.0359096 0.0323706 0.0341055 0.0296226 0.0308637 0.0331201 0.0326743 0.0330273 0.0321060 0.0337346 0.0294117 0.0403841 0.0338802 0.0300083 0.0300524 0.0297097 0.0350148 0.0277815 0.0329322 0.0317387 0.0309635 0.0301569 0.0342284 0.0309391 0.0320408 0.0359785 0.0323937 0.0309690 0.0284371 0.0269941 0.0326524 0.0000000 0.0318890 0.0297810 0.0308906 0.0333934 0.0331939 0.0334794 0.0360610 0.0372977 0.0351843 0.0357703 0.0380285 0.0333439 0.0330323 0.0339062 0.0337760 0.0327561 0.0331339 0.0328730 0.0339895 0.0338870 0.0320243 0.0365644 0.0297701 0.0340804 0.0330031 0.0376930 0.0390303 0.0307515 0.0372242 0.0362072 
pop2.indv21 0.0288610 0.0300137 0.0322117 0.0303804 0.0337633 0.0295215 0.0337173 0.0341165 0.0328526 0.0357421 0.0278427 0.0324283 0.0352711 0.0346729 0.0350597 0.0316347 0.0313493 0.0287606 0.0340751 0.0327180 0.0318571 0.0267422 0.0321897 0.0247329 0.0297483 0.0315888 0.0308088 0.0264839 0.0283261 0.0316023 0.0315685 0.0327842 0.0269249 0.0309819 0.0296048 0.0311901 0.0354823 0.0251850 0.0352440 0.0331289 0.0291645 0.0297349 0.0361027 0.0333661 0.0318890 0.0000000 0.0289441 0.0280227 0.0285116 0.0289148 0.0348620 0.0368955 0.0308541 0.0256799 0.0289275 0.0315458 0.0321332 0.0345566 0.0323214 0.0303125 0.0354036 0.0299279 0.0290741 0.0308681 0.0324270 0.0305223 0.0363085 0.0250934 0.0264105 0.0311504 0.0263147 0.0322729 0.0321494 0.0322201 0.0319477 
pop2.indv22 0.0305142 0.0322163 0.0355624 0.0329051 0.0282123 0.0301013 0.0360793 0.0356296 0.0369921 0.0331671 0.0276474 0.0292019 0.0307184 0.0329259 0.0345673 0.0308537 0.0304636 0.0320823 0.0342769 0.0314407 0.0312978 0.0280456 0.0330878 0.0344233 0.0324859 0.0342967 0.0293502 0.0269269 0.0294100 0.0297593 0.0324577 0.0310120 0.0231242 0.0264051 0.0261182 0.0264531 0.0314083 0.0288426 0.0329577 0.0329604 0.0289943 0.0309144 0.0301160 0.0273432 0.0297810 0.0289441 0.0000000 0.0304702 0.0297580 0.0309568 0.0339357 0.0376528 0.0349302 0.0255956 0.0304768 0.0303855 0.0320555 0.0375300 0.0333719 0.0315001 0.0375151 0.0323770 0.0304131 0.0334933 0.0320370 0.0351392 0.0372545 0.0277779 0.0263915 0.0292259 0.0306963 0.0356959 0.0281187 0.0303797 0.0367278 
pop2.indv23 0.0292396 0.0302250 0.0277032 0.0353901 0.0281956 0.0307205 0.0314614 0.0322333 0.0321025 0.0288342 0.0291980 0.0322335 0.0322530 0.0308139 0.0303402 0.0290920 0.0288039 0.0265525 0.0339226 0.0274331 0.0311044 0.0280891 0.0303915 0.0298499 0.0393748 0.0307182 0.0292610 0.0260658 0.0289810 0.0284126 0.0268713 0.0295845 0.0305584 0.0256498 0.0291165 0.0283072 0.0326233 0.0296068 0.0346342 0.0317294 0.0298116 0.0260321 0.0326229 0.0294379 0.0308906 0.0280227 0.0304702 0.0000000 0.0321105 0.0342268 0.0324775 0.0309180 0.0331137 0.0261062 0.0345386 0.0303029 0.0362600 0.0324420 0.0269243 0.0368708 0.0327253 0.0312866 0.0295331 0.0346015 0.0312563 0.0301276 0.0367669 0.0273929 0.0297403 0.0314973 0.0315754 0.0355657 0.0300109 0.0327098 0.0303272 
pop2.indv24 0.0320009 0.0320462 0.0301738 0.0315271 0.0332627 0.0321233 0.0324874 0.0319456 0.0346846 0.0348857 0.0293016 0.0313888 0.0323162 0.0346293 0.0339855 0.0292510 0.0270779 0.0251298 0.0306857 0.0320780 0.0328972 0.0292738 0.0383093 0.0312869 0.0350751 0.0355132 0.0246434 0.0285461 0.0330131 0.0342690 0.0298937 0.0294588 0.0257616 0.0293613 0.0295895 0.0294927 0.0312166 0.0281212 0.0406550 0.0325534 0.0297885 0.0343436 0.0311496 0.0258235 0.0333934 0.0285116 0.0297580 0.0321105 0.0000000 0.0271186 0.0314551 0.0267399 0.0317829 0.0307614 0.0324580 0.0282382 0.0359241 0.0328330 0.0312372 0.0329068 0.0383226 0.0304711 0.0319988 0.0316950 0.0327972 0.0270727 0.0349620 0.0305830 0.0292027 0.0306871 0.0293751 0.0381104 0.0303365 0.0313154 0.0361247 
pop2.indv25 0.0285523 0.0282857 0.0303192 0.0319939 0.0322097 0.0288164 0.0344025 0.0302362 0.0312709 0.0313451 0.0307146 0.0345043 0.0352127 0.0281214 0.0364321 0.0310695 0.0291494 0.0312432 0.0309188 0.0325128 0.0292564 0.0253820 0.0322976 0.0299021 0.0338312 0.0364511 0.0287706 0.0253510 0.0286097 0.0281833 0.0278337 0.0288792 0.0262015 0.0299515 0.0294812 0.0311630 0.0295083 0.0270827 0.0321969 0.0331123 0.0296950 0.0273951 0.0340242 0.0281612 0.0331939 0.0289148 0.0309568 0.0342268 0.0271186 0.0000000 0.0288369 0.0293752 0.0347863 0.0297636 0.0320387 0.0345389 0.0327916 0.0305491 0.0317672 0.0352633 0.0355716 0.0312456 0.0275277 0.0321286 0.0285888 0.0351204 0.0329204 0.0298677 0.0339187 0.0275553 0.0317491 0.0392241 0.0318855 0.0304855 0.0362483 
pop3.indv1  0.0313916 0.0281365 0.0321238 0.0313145 0.0311640 0.0327994 0.0331800 0.0357360 0.0305980 0.0295199 0.0306277 0.0346585 0.0304392 0.0339695 0.0291760 0.0309634 0.0256822 0.0295923 0.0310434 0.0316472 0.0345247 0.0271977 0.0298851 0.0298921 0.0318991 0.0382413 0.0310175 0.0254781 0.0323753 0.0297116 0.0303753 0.0354672 0.0279755 0.0309406 0.0324993 0.0321556 0.0321569 0.0368262 0.0339300 0.0297749 0.0304422 0.0303733 0.0284200 0.0285497 0.0334794 0.0348620 0.0339357 0.0324775 0.0314551 0.0288369 0.0000000 0.0309053 0.0294479 0.0296627 0.0297541 0.0298089 0.0290418 0.0350509 0.0287339 0.0292628 0.0319578 0.0291886 0.0314352 0.0278437 0.0276720 0.0304373 0.0325677 0.0271890 0.0317816 0.0290080 0.0292829 0.0302801 0.0313920 0.0318021 0.0295848 
pop3.indv2  0.0305231 0.0332866 0.0282762 0.0314418 0.0306135 0.0364388 0.0288088 0.0298919 0.0305669 0.0325844 0.0273320 0.0305646 0.0351156 0.0301376 0.0312453 0.0322025 0.0305420 0.0314647 0.0349412 0.0350971 0.0299406 0.0291076 0.0346150 0.0323501 0.0337768 0.0341304 0.0314228 0.0281593 0.0271175 0.0351982 0.0292977 0.0370334 0.0244016 0.0303567 0.0293369 0.0297073 0.0338256 0.0341439 0.0343551 0.0355508 0.0322623 0.0315116 0.0320447 0.0335868 0.0360610 0.0368955 0.0376528 0.0309180 0.0267399 0.0293752 0.0309053 0.0000000 0.0286642 0.0297291 0.0249931 0.0293873 0.0329732 0.0277623 0.0278353 0.0302732 0.0327421 0.0326354 0.0280599 0.0258600 0.0286566 0.0290428 0.0288926 0.0283324 0.0264977 0.0275920 0.0279321 0.0314589 0.0268263 0.0297075 0.0279515 
