75
pop1.indv1  0.0000000 0.0251543 0.0289389 0.0303270 0.0295857 0.0261430 0.0302001 0.0318180 0.0313126 0.0339258 0.0261484 0.0288085 0.0322174 0.0302547 0.0309109 0.0276551 0.0231813 0.0312845 0.0334226 0.0309715 0.0287065 0.0265969 0.0280747 0.0280497 0.0334407 0.0377694 0.0257129 0.0312525 0.0298390 0.0253862 0.0278236 0.0273202 0.0236894 0.0265248 0.0342049 0.0288736 0.0276620 0.0251988 0.0326121 0.0288463 0.0270931 0.0219177 0.0236014 0.0341648 0.0332212 0.0291139 0.0270788 0.0282385 0.0281249 0.0247204 0.0283916 0.0343681 0.0288969 0.0269470 0.0337863 0.0285501 0.0314547 0.0306954 0.0313378 0.0291448 0.0304753 0.0262650 0.0300104 0.0279875 0.0324648 0.0360373 0.0384855 0.0305590 0.0300568 0.0276373 0.0256673 0.0248632 0.0299259 0.0361025 0.0287566 
pop1.indv2  0.0251543 0.0000000 0.0327484 0.0249013 0.0305316 0.0265484 0.0315530 0.0303305 0.0303646 0.0334807 0.0228307 0.0306569 0.0268216 0.0287164 0.0315387 0.0306280 0.0287829 0.0226812 0.0318792 0.0261658 0.0248015 0.0263923 0.0292367 0.0204491 0.0331305 0.0301531 0.0250989 0.0271990 0.0299748 0.0257129 0.0244157 0.0283223 0.0317222 0.0276003 0.0286921 0.0313807 0.0261540 0.0281014 0.0348893 0.0287447 0.0232935 0.0235945 0.0316655 0.0325977 0.0403872 0.0303508 0.0314236 0.0257586 0.0276744 0.0294223 0.0265366 0.0314819 0.0269589 0.0265012 0.0261949 0.0184638 0.0292561 0.0290145 0.0270761 0.0288997 0.0324782 0.0329864 0.0295294 0.0312426 0.0295845 0.0248191 0.0348256 0.0314667 0.0276817 0.0242922 0.0320597 0.0285373 0.0270694 0.0276003 0.0272114 
pop1.indv3  0.0289389 0.0327484 0.0000000 0.0289127 0.0274447 0.0303646 0.0302001 0.0322607 0.0354364 0.0308122 0.0281627 0.0268200 0.0293425 0.0252112 0.0233552 0.0279997 0.0301185 0.0312525 0.0344196 0.0306428 0.0318302 0.0314054 0.0281397 0.0284109 0.0331079 0.0433448 0.0231667 0.0239684 0.0310988 0.0303096 0.0309633 0.0322075 0.0340388 0.0247122 0.0286352 0.0305020 0.0313060 0.0338360 0.0372337 0.0318362 0.0292236 0.0318008 0.0325825 0.0310767 0.0335424 0.0327309 0.0348583 0.0237960 0.0247903 0.0255723 0.0338051 0.0295160 0.0302547 0.0305728 0.0347125 0.0341806 0.0331305 0.0381571 0.0303335 0.0338856 0.0310266 0.0431076 0.0329004 0.0277861 0.0305309 0.0324485 0.0344517 0.0279869 0.0374405 0.0271358 0.0411218 0.0321778 0.0292499 0.0315099 0.0336034 
pop1.indv4  0.0303270 0.0249013 0.0289127 0.0000000 0.0264546 0.0272841 0.0273444 0.0303171 0.0371688 0.0357871 0.0215862 0.0257458 0.0280247 0.0289914 0.0334707 0.0303813 0.0283600 0.0267618 0.0335424 0.0299067 0.0264417 0.0295563 0.0303508 0.0263825 0.0320812 0.0353875 0.0278757 0.0274943 0.0333886 0.0331909 0.0307228 0.0334075 0.0228207 0.0242006 0.0321394 0.0330404 0.0324485 0.0310552 0.0416083 0.0298601 0.0330704 0.0339449 0.0341892 0.0326880 0.0340231 0.0325530 0.0304753 0.0328057 0.0337125 0.0342205 0.0309993 0.0322565 0.0333170 0.0280998 0.0300239 0.0340388 0.0330931 0.0331607 0.0288605 0.0246333 0.0302639 0.0338384 0.0267140 0.0344977 0.0319367 0.0324062 0.0382720 0.0286012 0.0248853 0.0230332 0.0269004 0.0384376 0.0282347 0.0309020 0.0342599 
pop1.indv5  0.0295857 0.0305316 0.0274447 0.0264546 0.0000000 0.0272962 0.0293342 0.0300264 0.0327434 0.0284737 0.0249340 0.0285590 0.0340442 0.0264313 0.0332385 0.0312426 0.0254531 0.0339224 0.0312566 0.0302055 0.0295978 0.0275564 0.0322125 0.0308604 0.0347002 0.0359857 0.0299567 0.0280505 0.0306418 0.0344306 0.0358725 0.0295050 0.0333217 0.0294522 0.0325530 0.0237782 0.0237259 0.0350644 0.0400886 0.0347640 0.0298231 0.0342362 0.0333773 0.0338360 0.0294522 0.0311312 0.0242648 0.0274077 0.0295845 0.0307777 0.0341451 0.0312286 0.0291913 0.0227383 0.0305453 0.0315245 0.0342289 0.0340901 0.0269232 0.0277363 0.0296644 0.0355841 0.0257930 0.0296119 0.0297965 0.0308604 0.0360357 0.0311536 0.0251654 0.0253785 0.0315532 0.0337587 0.0281477 0.0225630 0.0307807 
pop1.indv6  0.0261430 0.0265484 0.0303646 0.0272841 0.0272962 0.0000000 0.0324795 0.0351641 0.0355744 0.0346845 0.0279004 0.0283148 0.0327581 0.0272483 0.0367183 0.0305728 0.0291655 0.0221165 0.0269351 0.0340803 0.0375430 0.0256993 0.0315530 0.0300914 0.0333471 0.0426117 0.0276373 0.0290178 0.0279997 0.0342131 0.0327434 0.0292951 0.0343435 0.0303541 0.0401443 0.0311395 0.0301593 0.0391715 0.0328764 0.0362158 0.0326553 0.0332515 0.0333321 0.0348418 0.0364988 0.0308328 0.0306280 0.0318115 0.0324941 0.0264180 0.0358399 0.0371182 0.0345597 0.0295182 0.0323188 0.0316244 0.0368340 0.0340901 0.0277115 0.0295978 0.0325678 0.0320233 0.0350027 0.0298601 0.0374067 0.0317649 0.0400091 0.0400651 0.0311677 0.0259548 0.0371789 0.0367260 0.0318462 0.0323333 0.0305590 
pop1.indv7  0.0302001 0.0315530 0.0302001 0.0273444 0.0293342 0.0324795 0.0000000 0.0284539 0.0308743 0.0333581 0.0307091 0.0334003 0.0325530 0.0320891 0.0340694 0.0332421 0.0313970 0.0344306 0.0316530 0.0253108 0.0302959 0.0239575 0.0355907 0.0337125 0.0340338 0.0344727 0.0319223 0.0294223 0.0377869 0.0361352 0.0315530 0.0317364 0.0289604 0.0300374 0.0376998 0.0337896 0.0346508 0.0278880 0.0351446 0.0307365 0.0333471 0.0328657 0.0312845 0.0303784 0.0367340 0.0371481 0.0374755 0.0267140 0.0323043 0.0339449 0.0311451 0.0308466 0.0384606 0.0344251 0.0296381 0.0289783 0.0303974 0.0319367 0.0343461 0.0354287 0.0306008 0.0356723 0.0306418 0.0358915 0.0336512 0.0345287 0.0337125 0.0311909 0.0251539 0.0277737 0.0359505 0.0381134 0.0336664 0.0339720 0.0328057 
pop1.indv8  0.0318180 0.0303305 0.0322607 0.0303171 0.0300264 0.0351641 0.0284539 0.0000000 0.0367923 0.0289369 0.0274141 0.0286406 0.0298601 0.0257711 0.0329211 0.0322127 0.0309601 0.0283173 0.0312779 0.0278776 0.0321885 0.0349357 0.0385697 0.0241051 0.0392543 0.0382970 0.0347957 0.0346220 0.0346220 0.0322649 0.0300789 0.0351056 0.0282311 0.0319396 0.0302905 0.0298207 0.0297303 0.0338316 0.0405552 0.0351023 0.0286581 0.0366197 0.0332476 0.0293342 0.0352311 0.0323538 0.0355169 0.0309109 0.0279997 0.0303974 0.0350121 0.0268116 0.0346885 0.0322506 0.0282803 0.0385481 0.0348264 0.0310007 0.0316232 0.0348881 0.0338797 0.0344358 0.0303541 0.0337247 0.0325247 0.0346580 0.0375942 0.0404071 0.0286043 0.0316090 0.0357424 0.0377280 0.0341920 0.0338443 0.0337119 
pop1.indv9  0.0313126 0.0303646 0.0354364 0.0371688 0.0327434 0.0355744 0.0308743 0.0367923 0.0000000 0.0359215 0.0297985 0.0312196 0.0334377 0.0331232 0.0309520 0.0329955 0.0275635 0.0327434 0.0337433 0.0306004 0.0393586 0.0306709 0.0341425 0.0328206 0.0379387 0.0453139 0.0311590 0.0362520 0.0346666 0.0363161 0.0298364 0.0431987 0.0331305 0.0316244 0.0351125 0.0390093 0.0398603 0.0354530 0.0335607 0.0415196 0.0278633 0.0332515 0.0287065 0.0376151 0.0371823 0.0381228 0.0415160 0.0337587 0.0334856 0.0298098 0.0266523 0.0336051 0.0385832 0.0318935 0.0343370 0.0299611 0.0397842 0.0357706 0.0366833 0.0353804 0.0316692 0.0396108 0.0317537 0.0354530 0.0331155 0.0360864 0.0391562 0.0355841 0.0325379 0.0377204 0.0317537 0.0351607 0.0359400 0.0373399 0.0318405 
pop1.indv10 0.0339258 0.0334807 0.0308122 0.0357871 0.0284737 0.0346845 0.0333581 0.0289369 0.0359215 0.0000000 0.0230101 0.0213631 0.0375801 0.0264044 0.0245792 0.0323006 0.0309297 0.0278111 0.0294522 0.0256333 0.0271633 0.0287821 0.0336510 0.0299475 0.0302137 0.0372483 0.0335745 0.0326277 0.0339293 0.0280886 0.0253221 0.0284864 0.0336971 0.0291841 0.0321686 0.0376677 0.0280124 0.0310552 0.0328467 0.0311174 0.0277488 0.0314510 0.0345089 0.0322521 0.0367847 0.0362187 0.0352575 0.0251992 0.0353161 0.0278387 0.0309794 0.0351125 0.0347316 0.0307807 0.0354933 0.0359337 0.0301117 0.0344932 0.0293690 0.0360530 0.0331538 0.0327332 0.0278737 0.0411315 0.0318987 0.0288085 0.0431893 0.0328657 0.0317862 0.0345682 0.0383180 0.0374061 0.0322318 0.0378866 0.0359857 
pop1.indv11 0.0261484 0.0228307 0.0281627 0.0215862 0.0249340 0.0279004 0.0307091 0.0274141 0.0297985 0.0230101 0.0000000 0.0269301 0.0223395 0.0223493 0.0253280 0.0301519 0.0275703 0.0251765 0.0287178 0.0317791 0.0263847 0.0236051 0.0260329 0.0340338 0.0328024 0.0318219 0.0233057 0.0220531 0.0235107 0.0277527 0.0238746 0.0262231 0.0248686 0.0292431 0.0312426 0.0305316 0.0284105 0.0233861 0.0320164 0.0286812 0.0270307 0.0270067 0.0276673 0.0236472 0.0354287 0.0286685 0.0246016 0.0290665 0.0306000 0.0290795 0.0277650 0.0273685 0.0272242 0.0273565 0.0262346 0.0224181 0.0327555 0.0291397 0.0305864 0.0269665 0.0295182 0.0295182 0.0298255 0.0315387 0.0263847 0.0298207 0.0285072 0.0242970 0.0198487 0.0275267 0.0270639 0.0258843 0.0224364 0.0312705 0.0223984 
pop1.indv12 0.0288085 0.0306569 0.0268200 0.0257458 0.0285590 0.0283148 0.0334003 0.0286406 0.0312196 0.0213631 0.0269301 0.0000000 0.0249819 0.0320226 0.0309020 0.0278716 0.0329108 0.0267660 0.0274356 0.0200018 0.0325982 0.0306297 0.0273605 0.0298143 0.0290442 0.0314365 0.0294624 0.0239684 0.0306154 0.0337756 0.0274482 0.0260834 0.0228300 0.0324167 0.0316111 0.0346162 0.0309548 0.0257458 0.0305449 0.0282258 0.0259664 0.0312771 0.0228197 0.0275365 0.0269250 0.0297733 0.0287549 0.0309979 0.0272485 0.0350188 0.0336353 0.0307529 0.0270517 0.0321272 0.0264417 0.0338227 0.0319079 0.0292168 0.0335250 0.0344678 0.0310410 0.0297869 0.0245912 0.0334040 0.0258045 0.0299748 0.0366639 0.0328090 0.0284239 0.0289011 0.0314219 0.0358833 0.0290926 0.0262299 0.0235234 
pop1.indv13 0.0322174 0.0268216 0.0293425 0.0280247 0.0340442 0.0327581 0.0325530 0.0298601 0.0334377 0.0375801 0.0223395 0.0249819 0.0000000 0.0329712 0.0304131 0.0323333 0.0291526 0.0292691 0.0302274 0.0303233 0.0300021 0.0245353 0.0302959 0.0296780 0.0294786 0.0349060 0.0303134 0.0273730 0.0332212 0.0356886 0.0332363 0.0339412 0.0307668 0.0336967 0.0327309 0.0338360 0.0363657 0.0307250 0.0388655 0.0349369 0.0309159 0.0287049 0.0343526 0.0246679 0.0355677 0.0375096 0.0310552 0.0307250 0.0333123 0.0371140 0.0309993 0.0380608 0.0321022 0.0325825 0.0315387 0.0317393 0.0376969 0.0307091 0.0302274 0.0264893 0.0357997 0.0351768 0.0364701 0.0312986 0.0348893 0.0328024 0.0336664 0.0362708 0.0267379 0.0327757 0.0340545 0.0317393 0.0302324 0.0273444 0.0330167 
pop1.indv14 0.0302547 0.0287164 0.0252112 0.0289914 0.0264313 0.0272483 0.0320891 0.0257711 0.0331232 0.0264044 0.0223493 0.0320226 0.0329712 0.0000000 0.0331004 0.0264417 0.0262884 0.0300568 0.0309835 0.0306850 0.0262726 0.0295683 0.0302222 0.0292168 0.0330470 0.0394512 0.0263204 0.0271483 0.0309692 0.0295026 0.0270395 0.0317971 0.0279114 0.0262726 0.0285849 0.0282940 0.0306148 0.0312483 0.0315966 0.0320667 0.0259316 0.0307697 0.0276744 0.0333538 0.0391591 0.0324040 0.0294864 0.0308834 0.0325080 0.0251313 0.0336204 0.0278988 0.0346034 0.0280126 0.0273216 0.0303196 0.0319424 0.0283020 0.0316984 0.0321394 0.0286510 0.0293375 0.0314365 0.0379975 0.0252675 0.0314811 0.0360686 0.0283070 0.0274734 0.0337600 0.0323840 0.0368624 0.0278236 0.0279492 0.0319632 
pop1.indv15 0.0309109 0.0315387 0.0233552 0.0334707 0.0332385 0.0367183 0.0340694 0.0329211 0.0309520 0.0245792 0.0253280 0.0309020 0.0304131 0.0331004 0.0000000 0.0287447 0.0313712 0.0274620 0.0348262 0.0298732 0.0308604 0.0301457 0.0291268 0.0243616 0.0333513 0.0327309 0.0285791 0.0303270 0.0307502 0.0289350 0.0259730 0.0334407 0.0291220 0.0293649 0.0277038 0.0371889 0.0250437 0.0310069 0.0372223 0.0290840 0.0274022 0.0299523 0.0256812 0.0278141 0.0315526 0.0338592 0.0312147 0.0312007 0.0334557 0.0362172 0.0326831 0.0331593 0.0359260 0.0306000 0.0356829 0.0326407 0.0320379 0.0269165 0.0314268 0.0292691 0.0322271 0.0311312 0.0301457 0.0311965 0.0303439 0.0307452 0.0389021 0.0319079 0.0284611 0.0272361 0.0341580 0.0353576 0.0275650 0.0369005 0.0290498 
pop1.indv16 0.0276551 0.0306280 0.0279997 0.0303813 0.0312426 0.0305728 0.0332421 0.0322127 0.0329955 0.0323006 0.0301519 0.0278716 0.0323333 0.0264417 0.0287447 0.0000000 0.0297568 0.0245900 0.0343370 0.0289886 0.0323891 0.0261069 0.0327309 0.0259548 0.0332720 0.0368600 0.0302864 0.0249631 0.0327459 0.0309854 0.0310273 0.0339566 0.0257823 0.0322463 0.0275635 0.0300374 0.0293082 0.0321249 0.0367847 0.0356669 0.0309520 0.0306556 0.0309657 0.0351768 0.0311113 0.0315387 0.0329864 0.0287308 0.0323916 0.0286535 0.0329455 0.0318649 0.0293082 0.0362187 0.0284105 0.0317681 0.0303974 0.0281849 0.0293558 0.0310552 0.0318696 0.0314093 0.0280497 0.0354530 0.0319943 0.0317364 0.0332458 0.0307132 0.0336971 0.0327160 0.0344678 0.0362336 0.0235601 0.0356615 0.0341580 
pop1.indv17 0.0231813 0.0287829 0.0301185 0.0283600 0.0254531 0.0291655 0.0313970 0.0309601 0.0275635 0.0309297 0.0275703 0.0329108 0.0291526 0.0262884 0.0313712 0.0297568 0.0000000 0.0222633 0.0274292 0.0247532 0.0274657 0.0331305 0.0298497 0.0356233 0.0308052 0.0376478 0.0288085 0.0242648 0.0267737 0.0273565 0.0312566 0.0329161 0.0317758 0.0312705 0.0304904 0.0291448 0.0266665 0.0272122 0.0371519 0.0298995 0.0261021 0.0312566 0.0310344 0.0258852 0.0322752 0.0273323 0.0298525 0.0253447 0.0242220 0.0291448 0.0254867 0.0337119 0.0291526 0.0313378 0.0322318 0.0304357 0.0313157 0.0296775 0.0282639 0.0298364 0.0278611 0.0292631 0.0321978 0.0309109 0.0291655 0.0296250 0.0348576 0.0287689 0.0295845 0.0279624 0.0335440 0.0329602 0.0332920 0.0281477 0.0323891 
pop1.indv18 0.0312845 0.0226812 0.0312525 0.0267618 0.0339224 0.0221165 0.0344306 0.0283173 0.0327434 0.0278111 0.0251765 0.0267660 0.0292691 0.0300568 0.0274620 0.0245900 0.0222633 0.0000000 0.0340442 0.0299165 0.0273323 0.0269301 0.0305041 0.0242755 0.0321309 0.0331456 0.0226614 0.0249408 0.0327459 0.0276916 0.0278018 0.0283726 0.0264780 0.0251321 0.0273202 0.0333321 0.0241581 0.0281229 0.0375430 0.0278898 0.0274535 0.0316817 0.0267107 0.0266428 0.0305590 0.0314129 0.0324931 0.0261252 0.0234781 0.0284484 0.0290370 0.0312007 0.0266873 0.0270547 0.0306136 0.0308328 0.0285414 0.0262231 0.0265484 0.0271391 0.0286792 0.0323006 0.0268096 0.0248253 0.0246877 0.0345909 0.0347142 0.0249408 0.0295182 0.0289389 0.0356233 0.0368672 0.0289477 0.0367678 0.0344462 
pop1.indv19 0.0334226 0.0318792 0.0344196 0.0335424 0.0312566 0.0269351 0.0316530 0.0312779 0.0337433 0.0294522 0.0287178 0.0274356 0.0302274 0.0309835 0.0348262 0.0343370 0.0274292 0.0340442 0.0000000 0.0271633 0.0354287 0.0287689 0.0359192 0.0292895 0.0335440 0.0331385 0.0357424 0.0304753 0.0303646 0.0391715 0.0345403 0.0378568 0.0269948 0.0259664 0.0321249 0.0343526 0.0317971 0.0336971 0.0366328 0.0326115 0.0323916 0.0273339 0.0303134 0.0330927 0.0364027 0.0341113 0.0404240 0.0329108 0.0315245 0.0333581 0.0323043 0.0333471 0.0340338 0.0389016 0.0371519 0.0339918 0.0297424 0.0300374 0.0307111 0.0311113 0.0360357 0.0358696 0.0270151 0.0323652 0.0328764 0.0360200 0.0349542 0.0358666 0.0315821 0.0326566 0.0310410 0.0378044 0.0301787 0.0344932 0.0286012 
pop1.indv20 0.0309715 0.0261658 0.0306428 0.0299067 0.0302055 0.0340803 0.0253108 0.0278776 0.0306004 0.0256333 0.0317791 0.0200018 0.0303233 0.0306850 0.0298732 0.0289886 0.0247532 0.0299165 0.0271633 0.0000000 0.0334500 0.0314811 0.0339449 0.0281653 0.0350325 0.0346508 0.0284171 0.0281014 0.0286921 0.0286140 0.0280872 0.0298364 0.0264196 0.0363823 0.0350805 0.0326578 0.0317393 0.0255541 0.0373888 0.0260444 0.0256333 0.0294490 0.0282385 0.0240555 0.0336971 0.0309020 0.0286380 0.0285460 0.0291841 0.0296111 0.0338951 0.0394569 0.0324208 0.0234068 0.0281974 0.0333733 0.0281974 0.0342285 0.0315958 0.0268216 0.0328206 0.0308367 0.0300779 0.0314268 0.0330254 0.0304631 0.0411268 0.0267054 0.0299884 0.0246236 0.0337443 0.0346192 0.0332122 0.0361189 0.0361191 
pop1.indv21 0.0287065 0.0248015 0.0318302 0.0264417 0.0295978 0.0375430 0.0302959 0.0321885 0.0393586 0.0271633 0.0263847 0.0325982 0.0300021 0.0262726 0.0308604 0.0323891 0.0274657 0.0273323 0.0354287 0.0334500 0.0000000 0.0299519 0.0323596 0.0322372 0.0274324 0.0341174 0.0294356 0.0259807 0.0299475 0.0278862 0.0276691 0.0345045 0.0295447 0.0261368 0.0308367 0.0337587 0.0317393 0.0344886 0.0370629 0.0314819 0.0274077 0.0328206 0.0284685 0.0337756 0.0366056 0.0294356 0.0303475 0.0316984 0.0309633 0.0301807 0.0336051 0.0326121 0.0374581 0.0279240 0.0314236 0.0291501 0.0363326 0.0320891 0.0311480 0.0365377 0.0298006 0.0371443 0.0296102 0.0304494 0.0297447 0.0341113 0.0435379 0.0295698 0.0237002 0.0250637 0.0360179 0.0340803 0.0324951 0.0348260 0.0320891 
pop1.indv22 0.0265969 0.0263923 0.0314054 0.0295563 0.0275564 0.0256993 0.0239575 0.0349357 0.0306709 0.0287821 0.0236051 0.0306297 0.0245353 0.0295683 0.0301457 0.0261069 0.0331305 0.0269301 0.0287689 0.0314811 0.0299519 0.0000000 0.0365208 0.0314497 0.0285201 0.0405585 0.0283020 0.0299796 0.0306012 0.0324633 0.0265250 0.0256645 0.0280632 0.0291768 0.0295967 0.0292837 0.0312052 0.0320450 0.0358696 0.0338051 0.0304892 0.0297323 0.0285460 0.0241076 0.0297051 0.0264062 0.0277826 0.0313494 0.0280759 0.0224596 0.0271497 0.0348418 0.0339412 0.0347609 0.0336508 0.0259807 0.0321885 0.0277115 0.0329923 0.0311536 0.0324167 0.0306724 0.0287689 0.0255036 0.0307947 0.0291187 0.0396567 0.0330231 0.0328242 0.0264889 0.0356213 0.0376881 0.0333471 0.0347939 0.0352688 
pop1.indv23 0.0280747 0.0292367 0.0281397 0.0303508 0.0322125 0.0315530 0.0355907 0.0385697 0.0341425 0.0336510 0.0260329 0.0273605 0.0302959 0.0302222 0.0291268 0.0327309 0.0298497 0.0305041 0.0359192 0.0339449 0.0323596 0.0365208 0.0000000 0.0332212 0.0321778 0.0366056 0.0311395 0.0324931 0.0309915 0.0301457 0.0309491 0.0337279 0.0282098 0.0319943 0.0352140 0.0348418 0.0331079 0.0264893 0.0366328 0.0315107 0.0316817 0.0351813 0.0341113 0.0353123 0.0401026 0.0344932 0.0363046 0.0289258 0.0367509 0.0308928 0.0333773 0.0400886 0.0374410 0.0313950 0.0325088 0.0439358 0.0399594 0.0351725 0.0305170 0.0393032 0.0321926 0.0395738 0.0351813 0.0369106 0.0316530 0.0319799 0.0418962 0.0277861 0.0310482 0.0321186 0.0375639 0.0445383 0.0311369 0.0328171 0.0373879 
pop1.indv24 0.0280497 0.0204491 0.0284109 0.0263825 0.0308604 0.0300914 0.0337125 0.0241051 0.0328206 0.0299475 0.0340338 0.0298143 0.0296780 0.0292168 0.0243616 0.0259548 0.0356233 0.0242755 0.0292895 0.0281653 0.0322372 0.0314497 0.0332212 0.0000000 0.0325379 0.0345045 0.0303096 0.0295546 0.0272361 0.0318260 0.0265969 0.0319132 0.0268457 0.0327907 0.0216569 0.0304753 0.0312627 0.0306991 0.0320958 0.0292104 0.0277737 0.0335250 0.0287308 0.0306012 0.0327907 0.0273953 0.0347271 0.0272485 0.0298932 0.0306142 0.0341580 0.0350188 0.0316244 0.0287164 0.0299067 0.0327907 0.0329656 0.0266933 0.0306288 0.0294892 0.0341717 0.0289389 0.0289520 0.0340493 0.0253899 0.0294786 0.0420130 0.0258510 0.0288746 0.0290971 0.0282940 0.0347620 0.0280622 0.0260905 0.0335250 
pop1.indv25 0.0334407 0.0331305 0.0331079 0.0320812 0.0347002 0.0333471 0.0340338 0.0392543 0.0379387 0.0302137 0.0328024 0.0290442 0.0294786 0.0330470 0.0333513 0.0332720 0.0308052 0.0321309 0.0335440 0.0350325 0.0274324 0.0285201 0.0321778 0.0325379 0.0000000 0.0405951 0.0342749 0.0314667 0.0302274 0.0314961 0.0315103 0.0376304 0.0293473 0.0348418 0.0337271 0.0340803 0.0307529 0.0314961 0.0472042 0.0370006 0.0301457 0.0290405 0.0362172 0.0327030 0.0457036 0.0285756 0.0341113 0.0407668 0.0358236 0.0298897 0.0359215 0.0336059 0.0381575 0.0327309 0.0388662 0.0317826 0.0410374 0.0287957 0.0303646 0.0361352 0.0346002 0.0321832 0.0330554 0.0336361 0.0331758 0.0385260 0.0426719 0.0366226 0.0290442 0.0277861 0.0338516 0.0430070 0.0329896 0.0375430 0.0299339 
pop2.indv1  0.0377694 0.0301531 0.0433448 0.0353875 0.0359857 0.0426117 0.0344727 0.0382970 0.0453139 0.0372483 0.0318219 0.0314365 0.0349060 0.0394512 0.0327309 0.0368600 0.0376478 0.0331456 0.0331385 0.0346508 0.0341174 0.0405585 0.0366056 0.0345045 0.0405951 0.0000000 0.0296510 0.0331232 0.0308466 0.0357165 0.0343993 0.0377520 0.0282512 0.0333428 0.0349528 0.0358861 0.0288997 0.0399531 0.0438527 0.0267140 0.0320744 0.0306008 0.0377557 0.0403077 0.0355348 0.0320233 0.0333383 0.0316401 0.0322418 0.0377694 0.0433401 0.0381571 0.0346984 0.0357871 0.0328057 0.0355512 0.0416663 0.0304631 0.0337913 0.0352414 0.0351363 0.0351161 0.0391928 0.0388128 0.0343619 0.0385260 0.0435320 0.0316401 0.0321394 0.0357497 0.0376703 0.0351324 0.0310273 0.0394569 0.0384802 
pop2.indv2  0.0257129 0.0250989 0.0231667 0.0278757 0.0299567 0.0276373 0.0319223 0.0347957 0.0311590 0.0335745 0.0233057 0.0294624 0.0303134 0.0263204 0.0285791 0.0302864 0.0288085 0.0226614 0.0357424 0.0284171 0.0294356 0.0283020 0.0311395 0.0303096 0.0342749 0.0296510 0.0000000 0.0223787 0.0299203 0.0279376 0.0290242 0.0298364 0.0272002 0.0271028 0.0247422 0.0323770 0.0287825 0.0249449 0.0341823 0.0276673 0.0215805 0.0267379 0.0279004 0.0263944 0.0324795 0.0302324 0.0293425 0.0280497 0.0250989 0.0235601 0.0292821 0.0307915 0.0251432 0.0299165 0.0267929 0.0338951 0.0308972 0.0270307 0.0316817 0.0255541 0.0283020 0.0308227 0.0246568 0.0241338 0.0275390 0.0291011 0.0322372 0.0320450 0.0274901 0.0279997 0.0317862 0.0377829 0.0264663 0.0325532 0.0305728 
pop2.indv3  0.0312525 0.0271990 0.0239684 0.0274943 0.0280505 0.0290178 0.0294223 0.0346220 0.0362520 0.0326277 0.0220531 0.0239684 0.0273730 0.0271483 0.0303270 0.0249631 0.0242648 0.0249408 0.0304753 0.0281014 0.0259807 0.0299796 0.0324931 0.0295546 0.0314667 0.0331232 0.0223787 0.0000000 0.0281525 0.0330015 0.0304892 0.0269709 0.0228810 0.0288736 0.0287558 0.0222793 0.0284943 0.0287308 0.0320233 0.0303949 0.0234690 0.0293645 0.0258391 0.0218015 0.0350512 0.0286268 0.0287558 0.0256761 0.0248301 0.0218599 0.0258391 0.0307250 0.0251654 0.0319278 0.0284737 0.0269544 0.0319079 0.0256787 0.0239143 0.0333886 0.0270114 0.0267660 0.0240446 0.0263615 0.0249519 0.0284611 0.0302222 0.0269004 0.0270395 0.0281269 0.0285024 0.0335733 0.0246008 0.0304767 0.0337443 
pop2.indv4  0.0298390 0.0299748 0.0310988 0.0333886 0.0306418 0.0279997 0.0377869 0.0346220 0.0346666 0.0339293 0.0235107 0.0306154 0.0332212 0.0309692 0.0307502 0.0327459 0.0267737 0.0327459 0.0303646 0.0286921 0.0299475 0.0306012 0.0309915 0.0272361 0.0302274 0.0308466 0.0299203 0.0281525 0.0000000 0.0310973 0.0303784 0.0271996 0.0223493 0.0286380 0.0255723 0.0291317 0.0290178 0.0253672 0.0360036 0.0251321 0.0276496 0.0331155 0.0323891 0.0341269 0.0329712 0.0267260 0.0308928 0.0303922 0.0366328 0.0267140 0.0367594 0.0271391 0.0308190 0.0278844 0.0293160 0.0301117 0.0375441 0.0326846 0.0274356 0.0307250 0.0362202 0.0300568 0.0283914 0.0339527 0.0286792 0.0293997 0.0402154 0.0365090 0.0282940 0.0256068 0.0330775 0.0344568 0.0320520 0.0332421 0.0279240 
pop2.indv5  0.0253862 0.0257129 0.0303096 0.0331909 0.0344306 0.0342131 0.0361352 0.0322649 0.0363161 0.0280886 0.0277527 0.0337756 0.0356886 0.0295026 0.0289350 0.0309854 0.0273565 0.0276916 0.0391715 0.0286140 0.0278862 0.0324633 0.0301457 0.0318260 0.0314961 0.0357165 0.0279376 0.0330015 0.0310973 0.0000000 0.0285501 0.0297700 0.0266756 0.0263615 0.0299567 0.0262767 0.0290665 0.0269113 0.0357050 0.0311096 0.0242113 0.0238518 0.0275582 0.0310273 0.0341269 0.0299523 0.0318219 0.0247751 0.0329209 0.0284737 0.0267224 0.0389555 0.0278880 0.0279873 0.0372534 0.0333924 0.0298207 0.0407234 0.0358888 0.0313266 0.0310833 0.0363859 0.0337587 0.0334258 0.0342904 0.0296119 0.0409399 0.0367847 0.0321039 0.0325825 0.0361361 0.0367847 0.0283297 0.0346533 0.0423729 
pop2.indv6  0.0278236 0.0244157 0.0309633 0.0307228 0.0358725 0.0327434 0.0315530 0.0300789 0.0298364 0.0253221 0.0238746 0.0274482 0.0332363 0.0270395 0.0259730 0.0310273 0.0312566 0.0278018 0.0345403 0.0280872 0.0276691 0.0265250 0.0309491 0.0265969 0.0315103 0.0343993 0.0290242 0.0304892 0.0303784 0.0285501 0.0000000 0.0243077 0.0271754 0.0265719 0.0274535 0.0315387 0.0285373 0.0254125 0.0282258 0.0269634 0.0254307 0.0284685 0.0306408 0.0311909 0.0248145 0.0301653 0.0302411 0.0259781 0.0288085 0.0223395 0.0293473 0.0315815 0.0273685 0.0290405 0.0283978 0.0300294 0.0302055 0.0340648 0.0291579 0.0342904 0.0242158 0.0288605 0.0299067 0.0318039 0.0281627 0.0311451 0.0377380 0.0307947 0.0266073 0.0285849 0.0302917 0.0316101 0.0295857 0.0337713 0.0315245 
pop2.indv7  0.0273202 0.0283223 0.0322075 0.0334075 0.0295050 0.0292951 0.0317364 0.0351056 0.0431987 0.0284864 0.0262231 0.0260834 0.0339412 0.0317971 0.0334407 0.0339566 0.0329161 0.0283726 0.0378568 0.0298364 0.0345045 0.0256645 0.0337279 0.0319132 0.0376304 0.0377520 0.0298364 0.0269709 0.0271996 0.0297700 0.0243077 0.0000000 0.0286685 0.0276187 0.0322125 0.0343681 0.0294786 0.0286012 0.0297965 0.0332329 0.0294522 0.0290535 0.0347951 0.0270908 0.0374924 0.0314967 0.0317105 0.0276620 0.0290405 0.0251321 0.0394506 0.0363823 0.0385177 0.0317537 0.0404443 0.0336051 0.0290882 0.0273444 0.0355257 0.0285373 0.0312483 0.0322463 0.0318405 0.0381320 0.0340901 0.0294165 0.0364363 0.0313093 0.0287437 0.0301457 0.0355512 0.0392582 0.0266640 0.0330635 0.0353875 
pop2.indv8  0.0236894 0.0317222 0.0340388 0.0228207 0.0333217 0.0343435 0.0289604 0.0282311 0.0331305 0.0336971 0.0248686 0.0228300 0.0307668 0.0279114 0.0291220 0.0257823 0.0317758 0.0264780 0.0269948 0.0264196 0.0295447 0.0280632 0.0282098 0.0268457 0.0293473 0.0282512 0.0272002 0.0228810 0.0223493 0.0266756 0.0271754 0.0286685 0.0000000 0.0248301 0.0288469 0.0250767 0.0248853 0.0228710 0.0308190 0.0255809 0.0228408 0.0258160 0.0229205 0.0265955 0.0326261 0.0262806 0.0231255 0.0269470 0.0275512 0.0304085 0.0305178 0.0251875 0.0257148 0.0252323 0.0304108 0.0296381 0.0304928 0.0279875 0.0236947 0.0232424 0.0273339 0.0275512 0.0285719 0.0299611 0.0234781 0.0259526 0.0303813 0.0287696 0.0210907 0.0219273 0.0322418 0.0310482 0.0277325 0.0264080 0.0235421 
pop2.indv9  0.0265248 0.0276003 0.0247122 0.0242006 0.0294522 0.0303541 0.0300374 0.0319396 0.0316244 0.0291841 0.0292431 0.0324167 0.0336967 0.0262726 0.0293649 0.0322463 0.0312705 0.0251321 0.0259664 0.0363823 0.0261368 0.0291768 0.0319943 0.0327907 0.0348418 0.0333428 0.0271028 0.0288736 0.0286380 0.0263615 0.0265719 0.0276187 0.0248301 0.0000000 0.0290926 0.0234690 0.0229214 0.0320812 0.0346689 0.0294424 0.0285501 0.0307668 0.0307091 0.0337433 0.0316244 0.0293212 0.0267054 0.0288736 0.0288597 0.0256901 0.0267694 0.0284991 0.0367678 0.0309159 0.0351566 0.0290046 0.0295726 0.0314268 0.0277239 0.0383146 0.0379686 0.0318115 0.0246550 0.0325678 0.0256142 0.0234068 0.0322968 0.0306709 0.0293160 0.0339720 0.0378568 0.0367762 0.0305864 0.0315809 0.0340388 
pop2.indv10 0.0342049 0.0286921 0.0286352 0.0321394 0.0325530 0.0401443 0.0376998 0.0302905 0.0351125 0.0321686 0.0312426 0.0316111 0.0327309 0.0285849 0.0277038 0.0275635 0.0304904 0.0273202 0.0321249 0.0350805 0.0308367 0.0295967 0.0352140 0.0216569 0.0337271 0.0349528 0.0247422 0.0287558 0.0255723 0.0299567 0.0274535 0.0322125 0.0288469 0.0290926 0.0000000 0.0297985 0.0298525 0.0332122 0.0325088 0.0312566 0.0278633 0.0279128 0.0321741 0.0323006 0.0298796 0.0318744 0.0240004 0.0275814 0.0280622 0.0291913 0.0336815 0.0278141 0.0234781 0.0309854 0.0317649 0.0283786 0.0267107 0.0360860 0.0292499 0.0246550 0.0319187 0.0320744 0.0299611 0.0316090 0.0328615 0.0378693 0.0406903 0.0339804 0.0305316 0.0238202 0.0296644 0.0403496 0.0270104 0.0369672 0.0315676 
pop2.indv11 0.0288736 0.0313807 0.0305020 0.0330404 0.0237782 0.0311395 0.0337896 0.0298207 0.0390093 0.0376677 0.0305316 0.0346162 0.0338360 0.0282940 0.0371889 0.0300374 0.0291448 0.0333321 0.0343526 0.0326578 0.0337587 0.0292837 0.0348418 0.0304753 0.0340803 0.0358861 0.0323770 0.0222793 0.0291317 0.0262767 0.0315387 0.0343681 0.0250767 0.0234690 0.0297985 0.0000000 0.0336051 0.0344618 0.0355907 0.0340136 0.0314827 0.0323006 0.0290114 0.0308367 0.0356723 0.0303813 0.0269544 0.0304476 0.0307777 0.0294128 0.0342749 0.0321540 0.0357586 0.0342832 0.0341977 0.0361025 0.0399836 0.0276003 0.0313378 0.0369722 0.0356502 0.0381749 0.0319717 0.0313126 0.0311536 0.0297039 0.0420175 0.0331232 0.0301393 0.0286109 0.0316838 0.0398233 0.0291397 0.0322897 0.0326863 
pop2.indv12 0.0276620 0.0261540 0.0313060 0.0324485 0.0237259 0.0301593 0.0346508 0.0297303 0.0398603 0.0280124 0.0284105 0.0309548 0.0363657 0.0306148 0.0250437 0.0293082 0.0266665 0.0241581 0.0317971 0.0317393 0.0317393 0.0312052 0.0331079 0.0312627 0.0307529 0.0288997 0.0287825 0.0284943 0.0290178 0.0290665 0.0285373 0.0294786 0.0248853 0.0229214 0.0298525 0.0336051 0.0000000 0.0253672 0.0301593 0.0333622 0.0269113 0.0289258 0.0306954 0.0265609 0.0316817 0.0379735 0.0281249 0.0335898 0.0319079 0.0266073 0.0361025 0.0369951 0.0307807 0.0284814 0.0307091 0.0270884 0.0290370 0.0314408 0.0317971 0.0353964 0.0281397 0.0350836 0.0294892 0.0287702 0.0317681 0.0294918 0.0337600 0.0289914 0.0310624 0.0334832 0.0313349 0.0335745 0.0268402 0.0346064 0.0343715 
pop2.indv13 0.0251988 0.0281014 0.0338360 0.0310552 0.0350644 0.0391715 0.0278880 0.0338316 0.0354530 0.0310552 0.0233861 0.0257458 0.0307250 0.0312483 0.0310069 0.0321249 0.0272122 0.0281229 0.0336971 0.0255541 0.0344886 0.0320450 0.0264893 0.0306991 0.0314961 0.0399531 0.0249449 0.0287308 0.0253672 0.0269113 0.0254125 0.0286012 0.0228710 0.0320812 0.0332122 0.0344618 0.0253672 0.0000000 0.0348418 0.0267224 0.0272605 0.0296911 0.0278264 0.0294090 0.0297447 0.0262691 0.0269828 0.0314667 0.0239684 0.0241263 0.0363492 0.0373896 0.0289986 0.0350932 0.0301787 0.0290178 0.0317934 0.0282893 0.0327030 0.0270187 0.0336204 0.0287955 0.0254694 0.0303270 0.0300374 0.0376969 0.0420175 0.0314093 0.0334961 0.0314236 0.0319040 0.0363523 0.0292302 0.0292042 0.0330015 
pop2.indv14 0.0326121 0.0348893 0.0372337 0.0416083 0.0400886 0.0328764 0.0351446 0.0405552 0.0335607 0.0328467 0.0320164 0.0305449 0.0388655 0.0315966 0.0372223 0.0367847 0.0371519 0.0375430 0.0366328 0.0373888 0.0370629 0.0358696 0.0366328 0.0320958 0.0472042 0.0438527 0.0341823 0.0320233 0.0360036 0.0357050 0.0282258 0.0297965 0.0308190 0.0346689 0.0325088 0.0355907 0.0301593 0.0348418 0.0000000 0.0348731 0.0306544 0.0289520 0.0341361 0.0375958 0.0413971 0.0342516 0.0329712 0.0345403 0.0380783 0.0338982 0.0415577 0.0365657 0.0316232 0.0368357 0.0392582 0.0402532 0.0334557 0.0381749 0.0335898 0.0336512 0.0344886 0.0350644 0.0307250 0.0318886 0.0344618 0.0390793 0.0424147 0.0366056 0.0312100 0.0350165 0.0410883 0.0386833 0.0321022 0.0369672 0.0362202 
pop2.indv15 0.0288463 0.0287447 0.0318362 0.0298601 0.0347640 0.0362158 0.0307365 0.0351023 0.0415196 0.0311174 0.0286812 0.0282258 0.0349369 0.0320667 0.0290840 0.0356669 0.0298995 0.0278898 0.0326115 0.0260444 0.0314819 0.0338051 0.0315107 0.0292104 0.0370006 0.0267140 0.0276673 0.0303949 0.0251321 0.0311096 0.0269634 0.0332329 0.0255809 0.0294424 0.0312566 0.0340136 0.0333622 0.0267224 0.0348731 0.0000000 0.0273783 0.0275582 0.0282557 0.0319367 0.0343896 0.0296256 0.0328171 0.0319453 0.0328319 0.0354849 0.0317758 0.0378473 0.0342591 0.0306272 0.0298601 0.0299788 0.0349190 0.0380635 0.0330554 0.0368174 0.0334529 0.0342131 0.0288725 0.0354452 0.0268698 0.0306802 0.0372704 0.0314677 0.0295978 0.0276867 0.0300021 0.0314827 0.0316917 0.0315387 0.0333622 
pop2.indv16 0.0270931 0.0232935 0.0292236 0.0330704 0.0298231 0.0326553 0.0333471 0.0286581 0.0278633 0.0277488 0.0270307 0.0259664 0.0309159 0.0259316 0.0274022 0.0309520 0.0261021 0.0274535 0.0323916 0.0256333 0.0274077 0.0304892 0.0316817 0.0277737 0.0301457 0.0320744 0.0215805 0.0234690 0.0276496 0.0242113 0.0254307 0.0294522 0.0228408 0.0285501 0.0278633 0.0314827 0.0269113 0.0272605 0.0306544 0.0273783 0.0000000 0.0290795 0.0278898 0.0295026 0.0328319 0.0310069 0.0302001 0.0285246 0.0279128 0.0269828 0.0291784 0.0332421 0.0291913 0.0305453 0.0264663 0.0270908 0.0357828 0.0293604 0.0280122 0.0339258 0.0296644 0.0332363 0.0301185 0.0281106 0.0238643 0.0276916 0.0278611 0.0323744 0.0297045 0.0286663 0.0299339 0.0288597 0.0286812 0.0300584 0.0363657 
pop2.indv17 0.0219177 0.0235945 0.0318008 0.0339449 0.0342362 0.0332515 0.0328657 0.0366197 0.0332515 0.0314510 0.0270067 0.0312771 0.0287049 0.0307697 0.0299523 0.0306556 0.0312566 0.0316817 0.0273339 0.0294490 0.0328206 0.0297323 0.0351813 0.0335250 0.0290405 0.0306008 0.0267379 0.0293645 0.0331155 0.0238518 0.0284685 0.0290535 0.0258160 0.0307668 0.0279128 0.0323006 0.0289258 0.0296911 0.0289520 0.0275582 0.0290795 0.0000000 0.0243832 0.0232289 0.0295579 0.0285373 0.0305588 0.0276189 0.0334984 0.0273462 0.0319799 0.0352252 0.0323479 0.0263825 0.0341669 0.0272238 0.0323365 0.0284105 0.0269665 0.0267737 0.0344839 0.0392663 0.0286380 0.0334856 0.0318649 0.0383848 0.0440397 0.0328699 0.0284171 0.0351650 0.0384621 0.0361522 0.0302324 0.0347316 0.0383719 
pop2.indv18 0.0236014 0.0316655 0.0325825 0.0341892 0.0333773 0.0333321 0.0312845 0.0332476 0.0287065 0.0345089 0.0276673 0.0228197 0.0343526 0.0276744 0.0256812 0.0309657 0.0310344 0.0267107 0.0303134 0.0282385 0.0284685 0.0285460 0.0341113 0.0287308 0.0362172 0.0377557 0.0279004 0.0258391 0.0323891 0.0275582 0.0306408 0.0347951 0.0229205 0.0307091 0.0321741 0.0290114 0.0306954 0.0278264 0.0341361 0.0282557 0.0278898 0.0243832 0.0000000 0.0274535 0.0275390 0.0363298 0.0276373 0.0325823 0.0258162 0.0331525 0.0294036 0.0306136 0.0312881 0.0277527 0.0289859 0.0347630 0.0277445 0.0335908 0.0300374 0.0342595 0.0324062 0.0285246 0.0244374 0.0320520 0.0311035 0.0298764 0.0347301 0.0288215 0.0315103 0.0277363 0.0284556 0.0346689 0.0293391 0.0313573 0.0307640 
pop2.indv19 0.0341648 0.0325977 0.0310767 0.0326880 0.0338360 0.0348418 0.0303784 0.0293342 0.0376151 0.0322521 0.0236472 0.0275365 0.0246679 0.0333538 0.0278141 0.0351768 0.0258852 0.0266428 0.0330927 0.0240555 0.0337756 0.0241076 0.0353123 0.0306012 0.0327030 0.0403077 0.0263944 0.0218015 0.0341269 0.0310273 0.0311909 0.0270908 0.0265955 0.0337433 0.0323006 0.0308367 0.0265609 0.0294090 0.0375958 0.0319367 0.0295026 0.0232289 0.0274535 0.0000000 0.0351125 0.0358073 0.0261304 0.0293558 0.0234795 0.0279871 0.0276620 0.0379447 0.0320812 0.0320009 0.0300914 0.0274819 0.0281725 0.0254352 0.0268939 0.0302959 0.0324336 0.0376151 0.0267417 0.0291655 0.0301729 0.0312100 0.0320450 0.0366908 0.0233542 0.0322075 0.0288481 0.0318260 0.0296777 0.0336051 0.0370408 
pop2.indv20 0.0332212 0.0403872 0.0335424 0.0340231 0.0294522 0.0364988 0.0367340 0.0352311 0.0371823 0.0367847 0.0354287 0.0269250 0.0355677 0.0391591 0.0315526 0.0311113 0.0322752 0.0305590 0.0364027 0.0336971 0.0366056 0.0297051 0.0401026 0.0327907 0.0457036 0.0355348 0.0324795 0.0350512 0.0329712 0.0341269 0.0248145 0.0374924 0.0326261 0.0316244 0.0298796 0.0356723 0.0316817 0.0297447 0.0413971 0.0343896 0.0328319 0.0295579 0.0275390 0.0351125 0.0000000 0.0297435 0.0325827 0.0334377 0.0343215 0.0327757 0.0394750 0.0372195 0.0405744 0.0376326 0.0376651 0.0377204 0.0387950 0.0316674 0.0363691 0.0366160 0.0266089 0.0369551 0.0357050 0.0391127 0.0354610 0.0310133 0.0391896 0.0308788 0.0344775 0.0314252 0.0427584 0.0396943 0.0318792 0.0383042 0.0378568 
pop2.indv21 0.0291139 0.0303508 0.0327309 0.0325530 0.0311312 0.0308328 0.0371481 0.0323538 0.0381228 0.0362187 0.0286685 0.0297733 0.0375096 0.0324040 0.0338592 0.0315387 0.0273323 0.0314129 0.0341113 0.0309020 0.0294356 0.0264062 0.0344932 0.0273953 0.0285756 0.0320233 0.0302324 0.0286268 0.0267260 0.0299523 0.0301653 0.0314967 0.0262806 0.0293212 0.0318744 0.0303813 0.0379735 0.0262691 0.0342516 0.0296256 0.0310069 0.0285373 0.0363298 0.0358073 0.0297435 0.0000000 0.0316090 0.0229721 0.0325383 0.0273444 0.0350616 0.0391864 0.0293778 0.0288725 0.0283349 0.0306834 0.0285289 0.0327410 0.0276867 0.0292172 0.0356559 0.0320522 0.0287696 0.0365053 0.0311536 0.0315668 0.0385213 0.0263472 0.0277488 0.0303949 0.0297045 0.0307365 0.0312743 0.0302729 0.0326407 
pop2.indv22 0.0270788 0.0314236 0.0348583 0.0304753 0.0242648 0.0306280 0.0374755 0.0355169 0.0415160 0.0352575 0.0246016 0.0287549 0.0310552 0.0294864 0.0312147 0.0329864 0.0298525 0.0324931 0.0404240 0.0286380 0.0303475 0.0277826 0.0363046 0.0347271 0.0341113 0.0333383 0.0293425 0.0287558 0.0308928 0.0318219 0.0302411 0.0317105 0.0231255 0.0267054 0.0240004 0.0269544 0.0281249 0.0269828 0.0329712 0.0328171 0.0302001 0.0305588 0.0276373 0.0261304 0.0325827 0.0316090 0.0000000 0.0254808 0.0282385 0.0282005 0.0323916 0.0422152 0.0359543 0.0261422 0.0287955 0.0286771 0.0319799 0.0340029 0.0307947 0.0291236 0.0382562 0.0343236 0.0314955 0.0326846 0.0297179 0.0318649 0.0367158 0.0287689 0.0288085 0.0279618 0.0309405 0.0359524 0.0314394 0.0258968 0.0356108 
pop2.indv23 0.0282385 0.0257586 0.0237960 0.0328057 0.0274077 0.0318115 0.0267140 0.0309109 0.0337587 0.0251992 0.0290665 0.0309979 0.0307250 0.0308834 0.0312007 0.0287308 0.0253447 0.0261252 0.0329108 0.0285460 0.0316984 0.0313494 0.0289258 0.0272485 0.0407668 0.0316401 0.0280497 0.0256761 0.0303922 0.0247751 0.0259781 0.0276620 0.0269470 0.0288736 0.0275814 0.0304476 0.0335898 0.0314667 0.0345403 0.0319453 0.0285246 0.0276189 0.0325823 0.0293558 0.0334377 0.0229721 0.0254808 0.0000000 0.0302411 0.0358530 0.0319367 0.0305728 0.0331758 0.0290310 0.0331155 0.0275689 0.0338920 0.0306695 0.0274819 0.0352521 0.0295967 0.0292367 0.0301669 0.0361516 0.0327757 0.0297045 0.0377380 0.0281142 0.0327181 0.0277700 0.0310410 0.0335745 0.0277160 0.0273082 0.0299381 
pop2.indv24 0.0281249 0.0276744 0.0247903 0.0337125 0.0295845 0.0324941 0.0323043 0.0279997 0.0334856 0.0353161 0.0306000 0.0272485 0.0333123 0.0325080 0.0334557 0.0323916 0.0242220 0.0234781 0.0315245 0.0291841 0.0309633 0.0280759 0.0367509 0.0298932 0.0358236 0.0322418 0.0250989 0.0248301 0.0366328 0.0329209 0.0288085 0.0290405 0.0275512 0.0288597 0.0280622 0.0307777 0.0319079 0.0239684 0.0380783 0.0328319 0.0279128 0.0334984 0.0258162 0.0234795 0.0343215 0.0325383 0.0282385 0.0302411 0.0000000 0.0259755 0.0320812 0.0268402 0.0347159 0.0291579 0.0299432 0.0307529 0.0361510 0.0303134 0.0337279 0.0356233 0.0329561 0.0343147 0.0308881 0.0312192 0.0314819 0.0264663 0.0315676 0.0289810 0.0277737 0.0294490 0.0317568 0.0387577 0.0298098 0.0309932 0.0350188 
pop2.indv25 0.0247204 0.0294223 0.0255723 0.0342205 0.0307777 0.0264180 0.0339449 0.0303974 0.0298098 0.0278387 0.0290795 0.0350188 0.0371140 0.0251313 0.0362172 0.0286535 0.0291448 0.0284484 0.0333581 0.0296111 0.0301807 0.0224596 0.0308928 0.0306142 0.0298897 0.0377694 0.0235601 0.0218599 0.0267140 0.0284737 0.0223395 0.0251321 0.0304085 0.0256901 0.0291913 0.0294128 0.0266073 0.0241263 0.0338982 0.0354849 0.0269828 0.0273462 0.0331525 0.0279871 0.0327757 0.0273444 0.0282005 0.0358530 0.0259755 0.0000000 0.0287957 0.0344149 0.0349200 0.0295447 0.0351566 0.0335888 0.0326993 0.0261021 0.0323153 0.0364321 0.0336971 0.0308367 0.0253334 0.0328137 0.0244483 0.0312566 0.0320744 0.0314811 0.0348899 0.0302500 0.0340281 0.0349687 0.0327140 0.0316797 0.0335888 
pop3.indv1  0.0283916 0.0265366 0.0338051 0.0309993 0.0341451 0.0358399 0.0311451 0.0350121 0.0266523 0.0309794 0.0277650 0.0336353 0.0309993 0.0336204 0.0326831 0.0329455 0.0254867 0.0290370 0.0323043 0.0338951 0.0336051 0.0271497 0.0333773 0.0341580 0.0359215 0.0433401 0.0292821 0.0258391 0.0367594 0.0267224 0.0293473 0.0394506 0.0305178 0.0267694 0.0336815 0.0342749 0.0361025 0.0363492 0.0415577 0.0317758 0.0291784 0.0319799 0.0294036 0.0276620 0.0394750 0.0350616 0.0323916 0.0319367 0.0320812 0.0287957 0.0000000 0.0343435 0.0318744 0.0310759 0.0330487 0.0297303 0.0290114 0.0353259 0.0286012 0.0288725 0.0336510 0.0311959 0.0362854 0.0316498 0.0297039 0.0289604 0.0383962 0.0295050 0.0364488 0.0263001 0.0341113 0.0271512 0.0363916 0.0332920 0.0316961 
pop3.indv2  0.0343681 0.0314819 0.0295160 0.0322565 0.0312286 0.0371182 0.0308466 0.0268116 0.0336051 0.0351125 0.0273685 0.0307529 0.0380608 0.0278988 0.0331593 0.0318649 0.0337119 0.0312007 0.0333471 0.0394569 0.0326121 0.0348418 0.0400886 0.0350188 0.0336059 0.0381571 0.0307915 0.0307250 0.0271391 0.0389555 0.0315815 0.0363823 0.0251875 0.0284991 0.0278141 0.0321540 0.0369951 0.0373896 0.0365657 0.0378473 0.0332421 0.0352252 0.0306136 0.0379447 0.0372195 0.0391864 0.0422152 0.0305728 0.0268402 0.0344149 0.0343435 0.0000000 0.0301447 0.0351090 0.0288463 0.0312383 0.0309246 0.0279385 0.0304357 0.0325532 0.0330622 0.0383321 0.0254755 0.0287081 0.0297833 0.0286938 0.0295314 0.0306556 0.0321885 0.0295314 0.0315532 0.0352841 0.0320879 0.0262231 0.0266902 
