75
pop1.indv1  0.0000000 0.0261024 0.0304344 0.0327323 0.0314124 0.0294079 0.0273594 0.0317361 0.0319248 0.0327724 0.0276787 0.0309253 0.0356126 0.0319295 0.0340977 0.0293261 0.0249930 0.0301222 0.0350837 0.0302867 0.0290621 0.0299452 0.0248135 0.0270977 0.0321284 0.0370794 0.0276788 0.0296348 0.0269055 0.0286369 0.0341688 0.0305275 0.0269122 0.0284346 0.0328788 0.0293140 0.0350102 0.0328628 0.0335682 0.0281600 0.0257817 0.0249148 0.0308264 0.0366793 0.0344909 0.0252391 0.0278254 0.0264541 0.0313054 0.0297928 0.0302613 0.0309723 0.0316326 0.0300859 0.0323247 0.0289166 0.0335756 0.0319003 0.0305743 0.0299452 0.0325235 0.0308971 0.0309535 0.0308374 0.0321647 0.0341498 0.0350113 0.0322240 0.0297397 0.0285078 0.0294062 0.0327624 0.0293883 0.0333801 0.0302500 
pop1.indv2  0.0261024 0.0000000 0.0316069 0.0284967 0.0298576 0.0286645 0.0330361 0.0314506 0.0338657 0.0336810 0.0251751 0.0345926 0.0270475 0.0317350 0.0323134 0.0288673 0.0297779 0.0280763 0.0349271 0.0319638 0.0297140 0.0285756 0.0297140 0.0238611 0.0308824 0.0346527 0.0257321 0.0305167 0.0330582 0.0275811 0.0271009 0.0293253 0.0304451 0.0307123 0.0355898 0.0289851 0.0303007 0.0322147 0.0337797 0.0277370 0.0244696 0.0236832 0.0361323 0.0368810 0.0330654 0.0308553 0.0283633 0.0267519 0.0309535 0.0298188 0.0283748 0.0336074 0.0304715 0.0332314 0.0287171 0.0260984 0.0309582 0.0292035 0.0323624 0.0312364 0.0341343 0.0331592 0.0329387 0.0298212 0.0301986 0.0298606 0.0368610 0.0329122 0.0307817 0.0293480 0.0339002 0.0317713 0.0314507 0.0316560 0.0290781 
pop1.indv3  0.0304344 0.0316069 0.0000000 0.0309056 0.0269490 0.0269654 0.0290603 0.0288658 0.0345710 0.0283273 0.0292519 0.0312364 0.0323742 0.0279570 0.0265238 0.0291586 0.0319689 0.0289627 0.0302940 0.0306682 0.0332960 0.0314701 0.0275630 0.0267335 0.0334095 0.0368857 0.0259985 0.0276720 0.0324001 0.0301226 0.0316502 0.0311831 0.0298102 0.0280775 0.0298535 0.0305287 0.0338768 0.0305901 0.0341833 0.0294489 0.0288282 0.0279661 0.0309596 0.0305172 0.0287707 0.0306489 0.0273331 0.0255720 0.0300940 0.0305754 0.0317027 0.0300458 0.0295232 0.0274956 0.0308769 0.0294405 0.0328670 0.0356925 0.0289831 0.0325645 0.0297062 0.0395464 0.0305657 0.0309723 0.0332417 0.0290070 0.0311495 0.0284149 0.0306226 0.0290190 0.0351930 0.0349618 0.0311303 0.0292215 0.0324837 
pop1.indv4  0.0327323 0.0284967 0.0309056 0.0000000 0.0283957 0.0291451 0.0288394 0.0286825 0.0345296 0.0330106 0.0253111 0.0295778 0.0257696 0.0331180 0.0304623 0.0273616 0.0268397 0.0270064 0.0304809 0.0345831 0.0276340 0.0283835 0.0288053 0.0248174 0.0295688 0.0324897 0.0297610 0.0316502 0.0286036 0.0269612 0.0288699 0.0345337 0.0244601 0.0245843 0.0256042 0.0294720 0.0335286 0.0314159 0.0370672 0.0307700 0.0326319 0.0297380 0.0341561 0.0325158 0.0306489 0.0269849 0.0288944 0.0319566 0.0327978 0.0322865 0.0302848 0.0310823 0.0290336 0.0265960 0.0272373 0.0301003 0.0328733 0.0343459 0.0295596 0.0276929 0.0336074 0.0294768 0.0282142 0.0332779 0.0330054 0.0304715 0.0345172 0.0284705 0.0248174 0.0282316 0.0251522 0.0342821 0.0297779 0.0293594 0.0326439 
pop1.indv5  0.0314124 0.0298576 0.0269490 0.0283957 0.0000000 0.0253541 0.0288991 0.0307757 0.0324735 0.0311714 0.0276122 0.0288132 0.0296047 0.0293794 0.0327696 0.0302199 0.0259565 0.0332678 0.0321479 0.0294256 0.0297849 0.0291009 0.0295147 0.0260867 0.0322557 0.0329806 0.0269977 0.0340687 0.0273076 0.0319504 0.0286052 0.0303987 0.0324382 0.0306972 0.0272153 0.0302912 0.0274577 0.0346811 0.0373504 0.0326427 0.0246019 0.0312586 0.0372170 0.0358169 0.0287480 0.0303987 0.0241318 0.0244513 0.0333018 0.0289893 0.0309629 0.0306477 0.0286208 0.0277540 0.0284473 0.0307757 0.0323149 0.0355182 0.0308824 0.0278465 0.0308257 0.0285512 0.0291806 0.0267748 0.0302867 0.0305826 0.0314988 0.0272538 0.0255065 0.0299949 0.0308257 0.0300728 0.0277791 0.0262126 0.0316519 
pop1.indv6  0.0294079 0.0286645 0.0269654 0.0291451 0.0253541 0.0000000 0.0291363 0.0335244 0.0314887 0.0346374 0.0269757 0.0283957 0.0324439 0.0304344 0.0345525 0.0291274 0.0287957 0.0235058 0.0292552 0.0342545 0.0332170 0.0246012 0.0288219 0.0283699 0.0326223 0.0317157 0.0270080 0.0275271 0.0283132 0.0309353 0.0285289 0.0328916 0.0286147 0.0305887 0.0395245 0.0320441 0.0294963 0.0429910 0.0290040 0.0321448 0.0285348 0.0282105 0.0346133 0.0375298 0.0308144 0.0280732 0.0249501 0.0262802 0.0269745 0.0254387 0.0320369 0.0367090 0.0292162 0.0254148 0.0303327 0.0258083 0.0345102 0.0344233 0.0289893 0.0294241 0.0302015 0.0307787 0.0312384 0.0304441 0.0337304 0.0313642 0.0345617 0.0307343 0.0270650 0.0237964 0.0311905 0.0351629 0.0333903 0.0329037 0.0327099 
pop1.indv7  0.0273594 0.0330361 0.0290603 0.0288394 0.0288991 0.0291363 0.0000000 0.0295868 0.0342230 0.0334510 0.0304066 0.0314602 0.0296316 0.0329647 0.0315078 0.0314410 0.0330667 0.0330712 0.0293349 0.0278296 0.0324736 0.0224569 0.0293594 0.0290832 0.0323445 0.0334747 0.0292350 0.0318943 0.0329171 0.0346950 0.0287922 0.0323883 0.0277931 0.0322208 0.0392962 0.0345294 0.0343382 0.0299633 0.0327809 0.0271737 0.0288155 0.0243119 0.0323865 0.0347916 0.0328580 0.0296936 0.0317996 0.0256238 0.0320517 0.0359607 0.0320761 0.0282282 0.0336798 0.0327222 0.0303974 0.0305930 0.0342080 0.0340231 0.0315384 0.0316150 0.0331489 0.0344206 0.0313925 0.0350623 0.0319146 0.0332344 0.0337007 0.0312364 0.0260984 0.0316832 0.0307059 0.0338344 0.0353926 0.0343459 0.0343492 
pop1.indv8  0.0317361 0.0314506 0.0288658 0.0286825 0.0307757 0.0335244 0.0295868 0.0000000 0.0368043 0.0320032 0.0290128 0.0289777 0.0309488 0.0307037 0.0326801 0.0303143 0.0325235 0.0266501 0.0303251 0.0270569 0.0306012 0.0310479 0.0313930 0.0238404 0.0362629 0.0281192 0.0336071 0.0318819 0.0309831 0.0322081 0.0284639 0.0322017 0.0315022 0.0300637 0.0266455 0.0324636 0.0307303 0.0361323 0.0353099 0.0306229 0.0258415 0.0329043 0.0287707 0.0303266 0.0352129 0.0347363 0.0288606 0.0316967 0.0302912 0.0320864 0.0358078 0.0304530 0.0317973 0.0306291 0.0282845 0.0319003 0.0332474 0.0304066 0.0336902 0.0364425 0.0347228 0.0348300 0.0308824 0.0319056 0.0309723 0.0336580 0.0347121 0.0346045 0.0293616 0.0308824 0.0310858 0.0368723 0.0349575 0.0310006 0.0326522 
pop1.indv9  0.0319248 0.0338657 0.0345710 0.0345296 0.0324735 0.0314887 0.0342230 0.0368043 0.0000000 0.0358633 0.0278634 0.0339043 0.0335551 0.0342927 0.0289578 0.0333801 0.0268432 0.0287957 0.0314410 0.0332170 0.0362183 0.0297126 0.0321154 0.0293083 0.0354676 0.0386775 0.0336592 0.0347908 0.0305743 0.0307423 0.0261232 0.0400353 0.0299933 0.0340072 0.0367791 0.0341760 0.0421427 0.0389746 0.0311102 0.0381535 0.0247160 0.0261728 0.0284823 0.0395322 0.0357200 0.0287701 0.0314039 0.0304574 0.0343926 0.0330639 0.0305548 0.0315941 0.0367658 0.0347121 0.0301951 0.0300089 0.0382676 0.0396702 0.0347552 0.0336787 0.0384917 0.0367727 0.0307224 0.0363048 0.0341763 0.0377374 0.0341237 0.0318754 0.0345190 0.0340654 0.0307224 0.0372626 0.0340607 0.0362091 0.0338318 
pop1.indv10 0.0327724 0.0336810 0.0283273 0.0330106 0.0311714 0.0346374 0.0334510 0.0320032 0.0358633 0.0000000 0.0268270 0.0225787 0.0366925 0.0285844 0.0281171 0.0295870 0.0314701 0.0276761 0.0294241 0.0273284 0.0288482 0.0264601 0.0311784 0.0286645 0.0294868 0.0359748 0.0366716 0.0292647 0.0330969 0.0242773 0.0327681 0.0318943 0.0336617 0.0334213 0.0314165 0.0361923 0.0301936 0.0319953 0.0305407 0.0324765 0.0296951 0.0266485 0.0297168 0.0297305 0.0307943 0.0342434 0.0275752 0.0261137 0.0350415 0.0325140 0.0285859 0.0322117 0.0326843 0.0326137 0.0351011 0.0333372 0.0291540 0.0355031 0.0311078 0.0313828 0.0312558 0.0346576 0.0301707 0.0370091 0.0322418 0.0309773 0.0380023 0.0312171 0.0318995 0.0333039 0.0312267 0.0357952 0.0300134 0.0372738 0.0357617 
pop1.indv11 0.0276787 0.0251751 0.0292519 0.0253111 0.0276122 0.0269757 0.0304066 0.0290128 0.0278634 0.0268270 0.0000000 0.0265238 0.0269919 0.0282025 0.0276371 0.0308163 0.0277456 0.0284819 0.0300089 0.0289078 0.0277540 0.0257073 0.0267335 0.0308971 0.0270569 0.0303246 0.0280286 0.0293708 0.0238393 0.0287146 0.0232476 0.0269566 0.0262599 0.0261648 0.0301621 0.0301462 0.0315884 0.0309474 0.0342029 0.0255819 0.0221732 0.0246657 0.0277931 0.0230209 0.0309961 0.0261386 0.0224714 0.0255522 0.0293105 0.0309535 0.0291718 0.0276761 0.0269246 0.0257310 0.0247394 0.0255295 0.0325836 0.0316930 0.0300318 0.0305930 0.0305743 0.0289098 0.0283143 0.0310986 0.0296866 0.0293527 0.0326843 0.0255190 0.0252426 0.0276340 0.0273367 0.0278465 0.0269818 0.0299399 0.0255448 
pop1.indv12 0.0309253 0.0345926 0.0312364 0.0295778 0.0288132 0.0283957 0.0314602 0.0289777 0.0339043 0.0225787 0.0265238 0.0000000 0.0316519 0.0328161 0.0319198 0.0294496 0.0300964 0.0282282 0.0298031 0.0249329 0.0318656 0.0312288 0.0247125 0.0272952 0.0294957 0.0330992 0.0306706 0.0322716 0.0309535 0.0346811 0.0258600 0.0308817 0.0242995 0.0348342 0.0295433 0.0347640 0.0347228 0.0361632 0.0315637 0.0312540 0.0307822 0.0291508 0.0320191 0.0294489 0.0308024 0.0285124 0.0249213 0.0318121 0.0314906 0.0364554 0.0356728 0.0314119 0.0314119 0.0315762 0.0307975 0.0292429 0.0330712 0.0365493 0.0355809 0.0366240 0.0355253 0.0310440 0.0293324 0.0354523 0.0316637 0.0315568 0.0354588 0.0336179 0.0311714 0.0291765 0.0320427 0.0382835 0.0319244 0.0285685 0.0295959 
pop1.indv13 0.0356126 0.0270475 0.0323742 0.0257696 0.0296047 0.0324439 0.0296316 0.0309488 0.0335551 0.0366925 0.0269919 0.0316519 0.0000000 0.0348300 0.0319634 0.0348731 0.0297487 0.0278390 0.0342755 0.0309817 0.0305089 0.0246308 0.0317390 0.0281086 0.0293814 0.0340612 0.0302471 0.0282473 0.0296680 0.0300402 0.0287701 0.0319010 0.0265970 0.0300284 0.0343600 0.0367587 0.0358187 0.0349856 0.0333595 0.0331357 0.0307184 0.0294184 0.0321861 0.0316254 0.0329096 0.0334766 0.0261487 0.0318819 0.0343110 0.0356672 0.0319490 0.0362204 0.0333391 0.0301951 0.0324238 0.0345525 0.0361083 0.0307318 0.0302199 0.0324039 0.0366582 0.0348193 0.0325435 0.0293903 0.0345296 0.0343281 0.0329902 0.0335655 0.0284301 0.0335344 0.0335034 0.0317842 0.0304437 0.0317099 0.0309817 
pop1.indv14 0.0319295 0.0317350 0.0279570 0.0331180 0.0293794 0.0304344 0.0329647 0.0307037 0.0342927 0.0285844 0.0282025 0.0328161 0.0348300 0.0000000 0.0301003 0.0281796 0.0311111 0.0330361 0.0329139 0.0328835 0.0296775 0.0318106 0.0285142 0.0300410 0.0324835 0.0345689 0.0311345 0.0281412 0.0303266 0.0329282 0.0253904 0.0380697 0.0303965 0.0292374 0.0285815 0.0322081 0.0352885 0.0329413 0.0303739 0.0340883 0.0319252 0.0307903 0.0330133 0.0309781 0.0349161 0.0333703 0.0303126 0.0279879 0.0372458 0.0278906 0.0333681 0.0293684 0.0364922 0.0338159 0.0299490 0.0330975 0.0335758 0.0332107 0.0344395 0.0376819 0.0361208 0.0325039 0.0326456 0.0356644 0.0298974 0.0339915 0.0365722 0.0297688 0.0306511 0.0332211 0.0300595 0.0361320 0.0308102 0.0338054 0.0305649 
pop1.indv15 0.0340977 0.0323134 0.0265238 0.0304623 0.0327696 0.0345525 0.0315078 0.0326801 0.0289578 0.0281171 0.0276371 0.0319198 0.0319634 0.0301003 0.0000000 0.0287433 0.0285772 0.0273512 0.0340043 0.0328394 0.0321479 0.0291009 0.0303512 0.0248135 0.0326801 0.0324379 0.0297928 0.0340553 0.0269259 0.0284457 0.0268953 0.0337246 0.0278147 0.0328238 0.0318199 0.0322990 0.0310498 0.0308553 0.0335027 0.0290829 0.0261386 0.0274222 0.0322990 0.0303739 0.0286490 0.0351578 0.0327553 0.0275482 0.0361035 0.0369857 0.0298638 0.0323841 0.0341132 0.0311551 0.0329398 0.0306943 0.0308503 0.0328329 0.0312672 0.0334725 0.0322240 0.0327926 0.0301738 0.0317905 0.0313834 0.0306570 0.0339251 0.0319736 0.0271961 0.0304809 0.0304066 0.0329499 0.0301186 0.0342503 0.0322361 
pop1.indv16 0.0293261 0.0288673 0.0291586 0.0273616 0.0302199 0.0291274 0.0314410 0.0303143 0.0333801 0.0295870 0.0308163 0.0294496 0.0348731 0.0281796 0.0287433 0.0000000 0.0288407 0.0272952 0.0320467 0.0286383 0.0280420 0.0273783 0.0304809 0.0279397 0.0320271 0.0338632 0.0299465 0.0258115 0.0300689 0.0281302 0.0330324 0.0325518 0.0265993 0.0297660 0.0284823 0.0331307 0.0337018 0.0358586 0.0345982 0.0303605 0.0314657 0.0308385 0.0292762 0.0307214 0.0359036 0.0291281 0.0302530 0.0290078 0.0295312 0.0307543 0.0308069 0.0319094 0.0304340 0.0352938 0.0292429 0.0253035 0.0286383 0.0341396 0.0281020 0.0324435 0.0297688 0.0322317 0.0299582 0.0344233 0.0331592 0.0317223 0.0312752 0.0296510 0.0321618 0.0287435 0.0328364 0.0363898 0.0260194 0.0361885 0.0309108 
pop1.indv17 0.0249930 0.0297779 0.0319689 0.0268397 0.0259565 0.0287957 0.0330667 0.0325235 0.0268432 0.0314701 0.0277456 0.0300964 0.0297487 0.0311111 0.0285772 0.0288407 0.0000000 0.0273450 0.0304066 0.0301095 0.0253340 0.0286470 0.0274117 0.0323733 0.0305182 0.0313285 0.0300806 0.0278039 0.0283839 0.0335417 0.0301855 0.0332526 0.0320517 0.0311143 0.0311831 0.0296246 0.0300167 0.0291797 0.0356463 0.0343888 0.0249183 0.0295433 0.0352885 0.0283074 0.0281412 0.0302649 0.0274620 0.0271105 0.0307214 0.0307543 0.0264762 0.0319491 0.0298421 0.0294225 0.0310058 0.0312672 0.0309013 0.0334199 0.0296878 0.0287347 0.0294134 0.0285142 0.0328772 0.0322361 0.0320823 0.0286908 0.0369227 0.0261426 0.0281365 0.0289742 0.0294225 0.0344849 0.0342354 0.0306965 0.0320427 
pop1.indv18 0.0301222 0.0280763 0.0289627 0.0270064 0.0332678 0.0235058 0.0330712 0.0266501 0.0287957 0.0276761 0.0284819 0.0282282 0.0278390 0.0330361 0.0273512 0.0272952 0.0273450 0.0000000 0.0319782 0.0304252 0.0270000 0.0255525 0.0263238 0.0254606 0.0329801 0.0320137 0.0283186 0.0276861 0.0308340 0.0282075 0.0287811 0.0286380 0.0253751 0.0261035 0.0295324 0.0323737 0.0257619 0.0307943 0.0334493 0.0263832 0.0308309 0.0232636 0.0270058 0.0287371 0.0287036 0.0270895 0.0281854 0.0266382 0.0257217 0.0324009 0.0286219 0.0326540 0.0299033 0.0275085 0.0307411 0.0267947 0.0287957 0.0301370 0.0297505 0.0285425 0.0315762 0.0295688 0.0296321 0.0270162 0.0279822 0.0311428 0.0306776 0.0267987 0.0271468 0.0262019 0.0305462 0.0330814 0.0291540 0.0338344 0.0344021 
pop1.indv19 0.0350837 0.0349271 0.0302940 0.0304809 0.0321479 0.0292552 0.0293349 0.0303251 0.0314410 0.0294241 0.0300089 0.0298031 0.0342755 0.0329139 0.0340043 0.0320467 0.0304066 0.0319782 0.0000000 0.0291847 0.0355112 0.0301003 0.0324536 0.0237907 0.0331461 0.0313285 0.0365212 0.0326660 0.0304691 0.0359172 0.0316844 0.0352622 0.0252488 0.0270991 0.0291340 0.0274258 0.0346406 0.0354718 0.0324128 0.0332656 0.0298220 0.0279977 0.0300573 0.0343613 0.0310618 0.0342354 0.0299116 0.0334375 0.0291963 0.0319192 0.0299998 0.0362767 0.0348731 0.0343492 0.0325825 0.0299907 0.0304257 0.0321056 0.0294688 0.0304530 0.0350030 0.0341763 0.0278718 0.0303707 0.0342186 0.0320761 0.0317973 0.0333681 0.0318559 0.0338240 0.0287259 0.0366523 0.0333187 0.0328127 0.0327122 
pop1.indv20 0.0302867 0.0319638 0.0306682 0.0345831 0.0294256 0.0342545 0.0278296 0.0270569 0.0332170 0.0273284 0.0289078 0.0249329 0.0309817 0.0328835 0.0328394 0.0286383 0.0301095 0.0304252 0.0291847 0.0000000 0.0320173 0.0308163 0.0319048 0.0270000 0.0303789 0.0327494 0.0329171 0.0305527 0.0302936 0.0270565 0.0286929 0.0315988 0.0278362 0.0358598 0.0310665 0.0309110 0.0328323 0.0302649 0.0350794 0.0295433 0.0293795 0.0253616 0.0294963 0.0276074 0.0335551 0.0298303 0.0280973 0.0252295 0.0291735 0.0298499 0.0312879 0.0369489 0.0334828 0.0277875 0.0297668 0.0293705 0.0293438 0.0364990 0.0300041 0.0305182 0.0299124 0.0298759 0.0292340 0.0334427 0.0332754 0.0306850 0.0314891 0.0251751 0.0305462 0.0277098 0.0321154 0.0324437 0.0309963 0.0335241 0.0347228 
pop1.indv21 0.0290621 0.0297140 0.0332960 0.0276340 0.0297849 0.0332170 0.0324736 0.0306012 0.0362183 0.0288482 0.0277540 0.0318656 0.0305089 0.0296775 0.0321479 0.0280420 0.0253340 0.0270000 0.0355112 0.0320173 0.0000000 0.0298850 0.0322538 0.0301646 0.0273594 0.0295661 0.0284275 0.0285704 0.0286162 0.0244696 0.0265948 0.0354273 0.0257619 0.0249475 0.0323748 0.0320818 0.0330133 0.0356570 0.0340019 0.0297518 0.0238106 0.0272676 0.0289057 0.0342379 0.0351488 0.0304690 0.0277045 0.0279227 0.0322335 0.0318642 0.0351846 0.0301922 0.0325836 0.0296855 0.0305462 0.0278465 0.0333289 0.0330565 0.0318501 0.0351303 0.0276845 0.0344445 0.0325435 0.0319198 0.0296231 0.0324238 0.0378236 0.0281192 0.0231003 0.0263477 0.0310536 0.0329902 0.0301738 0.0312001 0.0293616 
pop1.indv22 0.0299452 0.0285756 0.0314701 0.0283835 0.0291009 0.0246012 0.0224569 0.0310479 0.0297126 0.0264601 0.0257073 0.0312288 0.0246308 0.0318106 0.0291009 0.0273783 0.0286470 0.0255525 0.0301003 0.0308163 0.0298850 0.0000000 0.0298668 0.0263078 0.0294419 0.0323985 0.0270698 0.0314657 0.0267577 0.0321154 0.0268193 0.0279870 0.0249692 0.0284531 0.0271840 0.0276720 0.0329355 0.0294836 0.0272572 0.0290420 0.0271949 0.0262726 0.0252312 0.0236152 0.0339803 0.0253849 0.0246874 0.0269537 0.0310083 0.0275061 0.0273950 0.0297322 0.0327825 0.0315859 0.0303592 0.0286820 0.0292519 0.0304621 0.0294315 0.0314506 0.0334718 0.0296957 0.0316150 0.0274669 0.0328161 0.0302015 0.0341077 0.0293480 0.0283143 0.0274872 0.0297779 0.0366696 0.0311524 0.0334510 0.0315762 
pop1.indv23 0.0248135 0.0297140 0.0275630 0.0288053 0.0295147 0.0288219 0.0293594 0.0313930 0.0321154 0.0311784 0.0267335 0.0247125 0.0317390 0.0285142 0.0303512 0.0304809 0.0274117 0.0263238 0.0324536 0.0319048 0.0322538 0.0298668 0.0000000 0.0311015 0.0294599 0.0313019 0.0279441 0.0337133 0.0241557 0.0286920 0.0303620 0.0319566 0.0241226 0.0297778 0.0303384 0.0319126 0.0345020 0.0261853 0.0347506 0.0294836 0.0268305 0.0282801 0.0331570 0.0311267 0.0322843 0.0262802 0.0263312 0.0258315 0.0369005 0.0328452 0.0275419 0.0325039 0.0333785 0.0310249 0.0293504 0.0347228 0.0342397 0.0340126 0.0296327 0.0330463 0.0338686 0.0353876 0.0323833 0.0330814 0.0304433 0.0314410 0.0368648 0.0236936 0.0297231 0.0299437 0.0339850 0.0355622 0.0328670 0.0322618 0.0307881 
pop1.indv24 0.0270977 0.0238611 0.0267335 0.0248174 0.0260867 0.0283699 0.0290832 0.0238404 0.0293083 0.0286645 0.0308971 0.0272952 0.0281086 0.0300410 0.0248135 0.0279397 0.0323733 0.0254606 0.0237907 0.0270000 0.0301646 0.0263078 0.0311015 0.0000000 0.0302500 0.0314661 0.0270802 0.0268399 0.0268139 0.0277370 0.0265645 0.0291563 0.0249692 0.0315164 0.0226984 0.0265868 0.0299699 0.0299396 0.0310938 0.0270895 0.0284790 0.0282145 0.0295663 0.0273117 0.0287483 0.0217641 0.0300990 0.0303976 0.0297285 0.0303169 0.0287433 0.0321022 0.0298941 0.0281939 0.0304716 0.0281341 0.0298485 0.0290248 0.0261860 0.0269164 0.0304527 0.0260115 0.0291984 0.0334937 0.0265478 0.0255756 0.0298941 0.0235932 0.0276340 0.0280763 0.0257541 0.0318071 0.0246604 0.0257384 0.0304716 
pop1.indv25 0.0321284 0.0308824 0.0334095 0.0295688 0.0322557 0.0326223 0.0323445 0.0362629 0.0354676 0.0294868 0.0270569 0.0294957 0.0293814 0.0324835 0.0326801 0.0320271 0.0305182 0.0329801 0.0331461 0.0303789 0.0273594 0.0294419 0.0294599 0.0302500 0.0000000 0.0379333 0.0328025 0.0303030 0.0274013 0.0299582 0.0308178 0.0352759 0.0294277 0.0290078 0.0315744 0.0336472 0.0323116 0.0327589 0.0405977 0.0335153 0.0348745 0.0281353 0.0352821 0.0371414 0.0390348 0.0272467 0.0279661 0.0342434 0.0383522 0.0348305 0.0317099 0.0354962 0.0376115 0.0321252 0.0384700 0.0330509 0.0401762 0.0325035 0.0348408 0.0343176 0.0363444 0.0320467 0.0346045 0.0346171 0.0347444 0.0364087 0.0369720 0.0351339 0.0272620 0.0291451 0.0331017 0.0370091 0.0311714 0.0356506 0.0321154 
pop2.indv1  0.0370794 0.0346527 0.0368857 0.0324897 0.0329806 0.0317157 0.0334747 0.0281192 0.0386775 0.0359748 0.0303246 0.0330992 0.0340612 0.0345689 0.0324379 0.0338632 0.0313285 0.0320137 0.0313285 0.0327494 0.0295661 0.0323985 0.0313019 0.0314661 0.0379333 0.0000000 0.0246798 0.0291305 0.0293704 0.0290720 0.0311451 0.0339922 0.0223320 0.0276555 0.0241358 0.0307736 0.0325614 0.0396135 0.0370926 0.0275999 0.0281950 0.0264044 0.0347228 0.0333139 0.0291745 0.0302500 0.0273561 0.0248393 0.0351546 0.0332838 0.0357719 0.0306633 0.0328810 0.0305779 0.0306633 0.0319252 0.0336089 0.0315528 0.0301898 0.0326449 0.0343989 0.0348203 0.0306389 0.0371712 0.0310646 0.0329806 0.0354232 0.0309289 0.0292374 0.0282678 0.0304326 0.0345707 0.0263191 0.0336764 0.0325929 
pop2.indv2  0.0276788 0.0257321 0.0259985 0.0297610 0.0269977 0.0270080 0.0292350 0.0336071 0.0336592 0.0366716 0.0280286 0.0306706 0.0302471 0.0311345 0.0297928 0.0299465 0.0300806 0.0283186 0.0365212 0.0329171 0.0284275 0.0270698 0.0279441 0.0270802 0.0328025 0.0246798 0.0000000 0.0218018 0.0276514 0.0296373 0.0336207 0.0295491 0.0238768 0.0282133 0.0256123 0.0236575 0.0291091 0.0288117 0.0290804 0.0259768 0.0249054 0.0211607 0.0296217 0.0312690 0.0287259 0.0253966 0.0232847 0.0272958 0.0275377 0.0338188 0.0285725 0.0279120 0.0264643 0.0269259 0.0268090 0.0330453 0.0340495 0.0286147 0.0303384 0.0291004 0.0297150 0.0280300 0.0263328 0.0279755 0.0282582 0.0292012 0.0347090 0.0280193 0.0241831 0.0279441 0.0337266 0.0382201 0.0282536 0.0307627 0.0326152 
pop2.indv3  0.0296348 0.0305167 0.0276720 0.0316502 0.0340687 0.0275271 0.0318943 0.0318819 0.0347908 0.0292647 0.0293708 0.0322716 0.0282473 0.0281412 0.0340553 0.0258115 0.0278039 0.0276861 0.0326660 0.0305527 0.0285704 0.0314657 0.0337133 0.0268399 0.0303030 0.0291305 0.0218018 0.0000000 0.0307191 0.0283680 0.0282495 0.0286979 0.0233074 0.0275446 0.0276466 0.0229308 0.0357569 0.0302087 0.0311091 0.0345312 0.0252976 0.0263793 0.0288117 0.0241120 0.0276056 0.0217381 0.0239922 0.0261491 0.0267530 0.0253966 0.0269329 0.0311831 0.0255918 0.0326152 0.0297841 0.0265458 0.0385422 0.0304332 0.0295894 0.0295548 0.0326684 0.0287371 0.0267104 0.0265948 0.0308264 0.0282254 0.0312075 0.0244696 0.0294505 0.0312564 0.0313422 0.0299816 0.0269226 0.0301271 0.0328709 
pop2.indv4  0.0269055 0.0330582 0.0324001 0.0286036 0.0273076 0.0283132 0.0329171 0.0309831 0.0305743 0.0330969 0.0238393 0.0309535 0.0296680 0.0303266 0.0269259 0.0300689 0.0283839 0.0308340 0.0304691 0.0302936 0.0286162 0.0267577 0.0241557 0.0268139 0.0274013 0.0293704 0.0276514 0.0307191 0.0000000 0.0251506 0.0282304 0.0347739 0.0248447 0.0257995 0.0234086 0.0294895 0.0342904 0.0270561 0.0349661 0.0290948 0.0248204 0.0268889 0.0306318 0.0338565 0.0342563 0.0293594 0.0280051 0.0265078 0.0377921 0.0305253 0.0338918 0.0248584 0.0326025 0.0255748 0.0258010 0.0259093 0.0348711 0.0369712 0.0256336 0.0301972 0.0374683 0.0283839 0.0293821 0.0317787 0.0316844 0.0302587 0.0352683 0.0327298 0.0297495 0.0244700 0.0303752 0.0339090 0.0304577 0.0324510 0.0241557 
pop2.indv5  0.0286369 0.0275811 0.0301226 0.0269612 0.0319504 0.0309353 0.0346950 0.0322081 0.0307423 0.0242773 0.0287146 0.0346811 0.0300402 0.0329282 0.0284457 0.0281302 0.0335417 0.0282075 0.0359172 0.0270565 0.0244696 0.0321154 0.0286920 0.0277370 0.0299582 0.0290720 0.0296373 0.0283680 0.0251506 0.0000000 0.0293450 0.0284019 0.0249298 0.0305743 0.0249909 0.0296523 0.0300829 0.0301686 0.0310878 0.0284627 0.0233760 0.0208382 0.0288278 0.0291012 0.0282273 0.0269367 0.0308672 0.0229644 0.0361031 0.0280051 0.0267831 0.0325540 0.0276828 0.0221224 0.0307093 0.0259215 0.0306972 0.0328889 0.0294237 0.0280206 0.0362361 0.0310938 0.0321154 0.0298999 0.0286244 0.0288268 0.0339717 0.0287713 0.0300344 0.0296951 0.0313037 0.0307214 0.0288268 0.0318372 0.0322971 
pop2.indv6  0.0341688 0.0271009 0.0316502 0.0288699 0.0286052 0.0285289 0.0287922 0.0284639 0.0261232 0.0327681 0.0232476 0.0258600 0.0287701 0.0253904 0.0268953 0.0330324 0.0301855 0.0287811 0.0316844 0.0286929 0.0265948 0.0268193 0.0303620 0.0265645 0.0308178 0.0311451 0.0336207 0.0282495 0.0282304 0.0293450 0.0000000 0.0272542 0.0226324 0.0291957 0.0279090 0.0272426 0.0286282 0.0291957 0.0245691 0.0277728 0.0244043 0.0229504 0.0343809 0.0266005 0.0262381 0.0307191 0.0261744 0.0269667 0.0314255 0.0263021 0.0303169 0.0280732 0.0288810 0.0299648 0.0259192 0.0304456 0.0304574 0.0331486 0.0302324 0.0321611 0.0283730 0.0281782 0.0276648 0.0313207 0.0267782 0.0297928 0.0333984 0.0306348 0.0249620 0.0326684 0.0246096 0.0320244 0.0288587 0.0289782 0.0331533 
pop2.indv7  0.0305275 0.0293253 0.0311831 0.0345337 0.0303987 0.0328916 0.0323883 0.0322017 0.0400353 0.0318943 0.0269566 0.0308817 0.0319010 0.0380697 0.0337246 0.0325518 0.0332526 0.0286380 0.0352622 0.0315988 0.0354273 0.0279870 0.0319566 0.0291563 0.0352759 0.0339922 0.0295491 0.0286979 0.0347739 0.0284019 0.0272542 0.0000000 0.0308455 0.0304352 0.0291593 0.0282633 0.0284857 0.0318962 0.0281124 0.0343417 0.0273893 0.0263425 0.0312258 0.0238884 0.0358670 0.0290181 0.0285841 0.0281534 0.0268708 0.0268889 0.0333617 0.0352683 0.0371015 0.0323509 0.0341422 0.0358623 0.0319010 0.0307864 0.0346542 0.0347228 0.0335289 0.0272455 0.0317123 0.0338657 0.0322488 0.0319749 0.0331357 0.0303384 0.0284275 0.0306348 0.0321112 0.0343600 0.0269849 0.0296348 0.0344400 
pop2.indv8  0.0269122 0.0304451 0.0298102 0.0244601 0.0324382 0.0286147 0.0277931 0.0315022 0.0299933 0.0336617 0.0262599 0.0242995 0.0265970 0.0303965 0.0278147 0.0265993 0.0320517 0.0253751 0.0252488 0.0278362 0.0257619 0.0249692 0.0241226 0.0249692 0.0294277 0.0223320 0.0238768 0.0233074 0.0248447 0.0249298 0.0226324 0.0308455 0.0000000 0.0237813 0.0255842 0.0205608 0.0295778 0.0252636 0.0282834 0.0233984 0.0213986 0.0229420 0.0278135 0.0313772 0.0288547 0.0247963 0.0202532 0.0280347 0.0255088 0.0275106 0.0288718 0.0262396 0.0271421 0.0244794 0.0274152 0.0256926 0.0316378 0.0281082 0.0284457 0.0257420 0.0314534 0.0283131 0.0273974 0.0273804 0.0244888 0.0240030 0.0315030 0.0245546 0.0221987 0.0239858 0.0320944 0.0292191 0.0273835 0.0275323 0.0229329 
pop2.indv9  0.0284346 0.0307123 0.0280775 0.0245843 0.0306972 0.0305887 0.0322208 0.0300637 0.0340072 0.0334213 0.0261648 0.0348342 0.0300284 0.0292374 0.0328238 0.0297660 0.0311143 0.0261035 0.0270991 0.0358598 0.0249475 0.0284531 0.0297778 0.0315164 0.0290078 0.0276555 0.0282133 0.0275446 0.0257995 0.0305743 0.0291957 0.0304352 0.0237813 0.0000000 0.0342668 0.0292187 0.0241001 0.0342075 0.0320724 0.0263256 0.0294865 0.0283256 0.0275722 0.0349373 0.0329082 0.0304035 0.0228307 0.0209499 0.0294714 0.0341713 0.0320010 0.0315777 0.0341697 0.0311922 0.0327232 0.0268562 0.0328889 0.0357000 0.0293070 0.0347784 0.0387715 0.0301226 0.0263295 0.0304690 0.0287372 0.0249475 0.0356713 0.0277453 0.0305536 0.0301179 0.0302887 0.0350555 0.0319569 0.0316403 0.0327589 
pop2.indv10 0.0328788 0.0355898 0.0298535 0.0256042 0.0272153 0.0395245 0.0392962 0.0266455 0.0367791 0.0314165 0.0301621 0.0295433 0.0343600 0.0285815 0.0318199 0.0284823 0.0311831 0.0295324 0.0291340 0.0310665 0.0323748 0.0271840 0.0303384 0.0226984 0.0315744 0.0241358 0.0256123 0.0276466 0.0234086 0.0249909 0.0279090 0.0291593 0.0255842 0.0342668 0.0000000 0.0273625 0.0254713 0.0319921 0.0263021 0.0326567 0.0280880 0.0292447 0.0296951 0.0265612 0.0292102 0.0281671 0.0239351 0.0273893 0.0268972 0.0278823 0.0320864 0.0283621 0.0264237 0.0256936 0.0295892 0.0266760 0.0246845 0.0355053 0.0319940 0.0282969 0.0378818 0.0304214 0.0260484 0.0299994 0.0331098 0.0324510 0.0329299 0.0295318 0.0297841 0.0300167 0.0272676 0.0371451 0.0289340 0.0331098 0.0318695 
pop2.indv11 0.0293140 0.0289851 0.0305287 0.0294720 0.0302912 0.0320441 0.0345294 0.0324636 0.0341760 0.0361923 0.0301462 0.0347640 0.0367587 0.0322081 0.0322990 0.0331307 0.0296246 0.0323737 0.0274258 0.0309110 0.0320818 0.0276720 0.0319126 0.0265868 0.0336472 0.0307736 0.0236575 0.0229308 0.0294895 0.0296523 0.0272426 0.0282633 0.0205608 0.0292187 0.0273625 0.0000000 0.0300527 0.0316338 0.0312662 0.0334544 0.0265873 0.0259513 0.0313626 0.0339242 0.0318803 0.0244622 0.0255968 0.0282495 0.0220256 0.0322859 0.0325913 0.0292533 0.0323226 0.0319940 0.0321196 0.0329614 0.0321070 0.0312293 0.0313792 0.0313792 0.0309596 0.0357741 0.0280863 0.0281600 0.0320316 0.0300167 0.0358742 0.0312540 0.0281523 0.0299042 0.0268666 0.0354633 0.0249885 0.0304206 0.0316998 
pop2.indv12 0.0350102 0.0303007 0.0338768 0.0335286 0.0274577 0.0294963 0.0343382 0.0307303 0.0421427 0.0301936 0.0315884 0.0347228 0.0358187 0.0352885 0.0310498 0.0337018 0.0300167 0.0257619 0.0346406 0.0328323 0.0330133 0.0329355 0.0345020 0.0299699 0.0323116 0.0325614 0.0291091 0.0357569 0.0342904 0.0300829 0.0286282 0.0284857 0.0295778 0.0241001 0.0254713 0.0300527 0.0000000 0.0300980 0.0327091 0.0358837 0.0258516 0.0237493 0.0326891 0.0277701 0.0292102 0.0373207 0.0261565 0.0296217 0.0276329 0.0255258 0.0333048 0.0349856 0.0292876 0.0306348 0.0379637 0.0296820 0.0328066 0.0326556 0.0334347 0.0317952 0.0375148 0.0346542 0.0345996 0.0292801 0.0327978 0.0289928 0.0303965 0.0281633 0.0300990 0.0326319 0.0296704 0.0319940 0.0298419 0.0336617 0.0323369 
pop2.indv13 0.0328628 0.0322147 0.0305901 0.0314159 0.0346811 0.0429910 0.0299633 0.0361323 0.0389746 0.0319953 0.0309474 0.0361632 0.0349856 0.0329413 0.0308553 0.0358586 0.0291797 0.0307943 0.0354718 0.0302649 0.0356570 0.0294836 0.0261853 0.0299396 0.0327589 0.0396135 0.0288117 0.0302087 0.0270561 0.0301686 0.0291957 0.0318962 0.0252636 0.0342075 0.0319921 0.0316338 0.0300980 0.0000000 0.0373984 0.0264307 0.0268463 0.0251762 0.0271497 0.0307154 0.0327918 0.0266136 0.0272846 0.0314410 0.0278519 0.0292102 0.0369748 0.0331125 0.0297069 0.0350735 0.0311061 0.0307578 0.0374261 0.0313161 0.0305536 0.0316403 0.0365248 0.0324375 0.0282407 0.0309110 0.0362215 0.0390218 0.0407856 0.0300821 0.0347228 0.0334213 0.0325669 0.0357575 0.0308187 0.0321154 0.0326189 
pop2.indv14 0.0335682 0.0337797 0.0341833 0.0370672 0.0373504 0.0290040 0.0327809 0.0353099 0.0311102 0.0305407 0.0342029 0.0315637 0.0333595 0.0303739 0.0335027 0.0345982 0.0356463 0.0334493 0.0324128 0.0350794 0.0340019 0.0272572 0.0347506 0.0310938 0.0405977 0.0370926 0.0290804 0.0311091 0.0349661 0.0310878 0.0245691 0.0281124 0.0282834 0.0320724 0.0263021 0.0312662 0.0327091 0.0373984 0.0000000 0.0293850 0.0331999 0.0255999 0.0337244 0.0324471 0.0364494 0.0380419 0.0297121 0.0296804 0.0417369 0.0301983 0.0331046 0.0312441 0.0303739 0.0366571 0.0345431 0.0318943 0.0334897 0.0347502 0.0294142 0.0344609 0.0331832 0.0299116 0.0260934 0.0283186 0.0340477 0.0368025 0.0364222 0.0337958 0.0296820 0.0331046 0.0359605 0.0353934 0.0299816 0.0321827 0.0294026 
pop2.indv15 0.0281600 0.0277370 0.0294489 0.0307700 0.0326427 0.0321448 0.0271737 0.0306229 0.0381535 0.0324765 0.0255819 0.0312540 0.0331357 0.0340883 0.0290829 0.0303605 0.0343888 0.0263832 0.0332656 0.0295433 0.0297518 0.0290420 0.0294836 0.0270895 0.0335153 0.0275999 0.0259768 0.0345312 0.0290948 0.0284627 0.0277728 0.0343417 0.0233984 0.0263256 0.0326567 0.0334544 0.0358837 0.0264307 0.0293850 0.0000000 0.0247164 0.0248689 0.0295927 0.0334699 0.0312979 0.0338439 0.0259420 0.0265102 0.0338135 0.0351244 0.0278147 0.0380094 0.0325785 0.0308385 0.0274790 0.0268039 0.0354493 0.0354213 0.0346535 0.0335950 0.0381011 0.0345020 0.0334361 0.0294391 0.0330915 0.0259015 0.0342106 0.0287599 0.0304326 0.0323865 0.0300872 0.0321954 0.0315528 0.0328498 0.0322208 
pop2.indv16 0.0257817 0.0244696 0.0288282 0.0326319 0.0246019 0.0285348 0.0288155 0.0258415 0.0247160 0.0296951 0.0221732 0.0307822 0.0307184 0.0319252 0.0261386 0.0314657 0.0249183 0.0308309 0.0298220 0.0293795 0.0238106 0.0271949 0.0268305 0.0284790 0.0348745 0.0281950 0.0249054 0.0252976 0.0248204 0.0233760 0.0244043 0.0273893 0.0213986 0.0294865 0.0280880 0.0265873 0.0258516 0.0268463 0.0331999 0.0247164 0.0000000 0.0195013 0.0316786 0.0237225 0.0301937 0.0285387 0.0268521 0.0278116 0.0297271 0.0263406 0.0318422 0.0305051 0.0253792 0.0245641 0.0273759 0.0278022 0.0299116 0.0302768 0.0279447 0.0309535 0.0279770 0.0276612 0.0305657 0.0249789 0.0248119 0.0292419 0.0264955 0.0287713 0.0311430 0.0285208 0.0271739 0.0292991 0.0313037 0.0285907 0.0301462 
pop2.indv17 0.0249148 0.0236832 0.0279661 0.0297380 0.0312586 0.0282105 0.0243119 0.0329043 0.0261728 0.0266485 0.0246657 0.0291508 0.0294184 0.0307903 0.0274222 0.0308385 0.0295433 0.0232636 0.0279977 0.0253616 0.0272676 0.0262726 0.0282801 0.0282145 0.0281353 0.0264044 0.0211607 0.0263793 0.0268889 0.0208382 0.0229504 0.0263425 0.0229420 0.0283256 0.0292447 0.0259513 0.0237493 0.0251762 0.0255999 0.0248689 0.0195013 0.0000000 0.0291235 0.0229644 0.0244144 0.0231498 0.0231228 0.0205295 0.0339751 0.0287540 0.0294635 0.0297265 0.0299879 0.0252945 0.0292801 0.0232548 0.0274326 0.0284713 0.0254830 0.0244420 0.0321070 0.0327938 0.0244607 0.0281782 0.0313556 0.0322237 0.0339620 0.0299699 0.0260484 0.0295548 0.0280516 0.0317705 0.0272781 0.0315514 0.0287595 
pop2.indv18 0.0308264 0.0361323 0.0309596 0.0341561 0.0372170 0.0346133 0.0323865 0.0287707 0.0284823 0.0297168 0.0277931 0.0320191 0.0321861 0.0330133 0.0322990 0.0292762 0.0352885 0.0270058 0.0300573 0.0294963 0.0289057 0.0252312 0.0331570 0.0295663 0.0352821 0.0347228 0.0296217 0.0288117 0.0306318 0.0288278 0.0343809 0.0312258 0.0278135 0.0275722 0.0296951 0.0313626 0.0326891 0.0271497 0.0337244 0.0295927 0.0316786 0.0291235 0.0000000 0.0306806 0.0234671 0.0346006 0.0237813 0.0309611 0.0326433 0.0375053 0.0262396 0.0341088 0.0274896 0.0314654 0.0294277 0.0348865 0.0290153 0.0318121 0.0315653 0.0304690 0.0341289 0.0307903 0.0245452 0.0330196 0.0327809 0.0311710 0.0313422 0.0277045 0.0314162 0.0321827 0.0229329 0.0341625 0.0278578 0.0309110 0.0328323 
pop2.indv19 0.0366793 0.0368810 0.0305172 0.0325158 0.0358169 0.0375298 0.0347916 0.0303266 0.0395322 0.0297305 0.0230209 0.0294489 0.0316254 0.0309781 0.0303739 0.0307214 0.0283074 0.0287371 0.0343613 0.0276074 0.0342379 0.0236152 0.0311267 0.0273117 0.0371414 0.0333139 0.0312690 0.0241120 0.0338565 0.0291012 0.0266005 0.0238884 0.0313772 0.0349373 0.0265612 0.0339242 0.0277701 0.0307154 0.0324471 0.0334699 0.0237225 0.0229644 0.0306806 0.0000000 0.0332334 0.0301586 0.0255551 0.0252385 0.0286248 0.0280189 0.0277696 0.0351256 0.0285571 0.0298572 0.0345569 0.0292762 0.0303857 0.0307822 0.0283745 0.0312169 0.0320772 0.0351819 0.0290992 0.0262396 0.0315030 0.0327718 0.0292991 0.0339174 0.0310083 0.0334614 0.0274081 0.0297635 0.0316152 0.0313299 0.0330393 
pop2.indv20 0.0344909 0.0330654 0.0287707 0.0306489 0.0287480 0.0308144 0.0328580 0.0352129 0.0357200 0.0307943 0.0309961 0.0308024 0.0329096 0.0349161 0.0286490 0.0359036 0.0281412 0.0287036 0.0310618 0.0335551 0.0351488 0.0339803 0.0322843 0.0287483 0.0390348 0.0291745 0.0287259 0.0276056 0.0342563 0.0282273 0.0262381 0.0358670 0.0288547 0.0329082 0.0292102 0.0318803 0.0292102 0.0327918 0.0364494 0.0312979 0.0301937 0.0244144 0.0234671 0.0332334 0.0000000 0.0331832 0.0270828 0.0276466 0.0342668 0.0299414 0.0340019 0.0316750 0.0383522 0.0337018 0.0352745 0.0325657 0.0328368 0.0320693 0.0334505 0.0347916 0.0337554 0.0297985 0.0310136 0.0338429 0.0296472 0.0313177 0.0365042 0.0287033 0.0351906 0.0335286 0.0385685 0.0345316 0.0310693 0.0374848 0.0320065 
pop2.indv21 0.0252391 0.0308553 0.0306489 0.0269849 0.0303987 0.0280732 0.0296936 0.0347363 0.0287701 0.0342434 0.0261386 0.0285124 0.0334766 0.0333703 0.0351578 0.0291281 0.0302649 0.0270895 0.0342354 0.0298303 0.0304690 0.0253849 0.0262802 0.0217641 0.0272467 0.0302500 0.0253966 0.0217381 0.0293594 0.0269367 0.0307191 0.0290181 0.0247963 0.0304035 0.0281671 0.0244622 0.0373207 0.0266136 0.0380419 0.0338439 0.0285387 0.0231498 0.0346006 0.0301586 0.0331832 0.0000000 0.0269235 0.0264704 0.0263781 0.0243193 0.0347778 0.0390192 0.0303620 0.0243396 0.0266073 0.0307303 0.0314777 0.0342164 0.0289283 0.0283021 0.0321070 0.0298303 0.0293565 0.0273491 0.0313299 0.0287483 0.0339400 0.0239210 0.0236651 0.0295548 0.0265868 0.0301271 0.0341760 0.0282473 0.0300226 
pop2.indv22 0.0278254 0.0283633 0.0273331 0.0288944 0.0241318 0.0249501 0.0317996 0.0288606 0.0314039 0.0275752 0.0224714 0.0249213 0.0261487 0.0303126 0.0327553 0.0302530 0.0274620 0.0281854 0.0299116 0.0280973 0.0277045 0.0246874 0.0263312 0.0300990 0.0279661 0.0273561 0.0232847 0.0239922 0.0280051 0.0308672 0.0261744 0.0285841 0.0202532 0.0228307 0.0239351 0.0255968 0.0261565 0.0272846 0.0297121 0.0259420 0.0268521 0.0231228 0.0237813 0.0255551 0.0270828 0.0269235 0.0000000 0.0243548 0.0240174 0.0289945 0.0308989 0.0343063 0.0320944 0.0194044 0.0297285 0.0251238 0.0296472 0.0329937 0.0298807 0.0235059 0.0301936 0.0296356 0.0264131 0.0319067 0.0275752 0.0288718 0.0311430 0.0253693 0.0243371 0.0253396 0.0282186 0.0328838 0.0234246 0.0245364 0.0326427 
pop2.indv23 0.0264541 0.0267519 0.0255720 0.0319566 0.0244513 0.0262802 0.0256238 0.0316967 0.0304574 0.0261137 0.0255522 0.0318121 0.0318819 0.0279879 0.0275482 0.0290078 0.0271105 0.0266382 0.0334375 0.0252295 0.0279227 0.0269537 0.0258315 0.0303976 0.0342434 0.0248393 0.0272958 0.0261491 0.0265078 0.0229644 0.0269667 0.0281534 0.0280347 0.0209499 0.0273893 0.0282495 0.0296217 0.0314410 0.0296804 0.0265102 0.0278116 0.0205295 0.0309611 0.0252385 0.0276466 0.0264704 0.0243548 0.0000000 0.0309690 0.0333210 0.0287701 0.0308697 0.0293220 0.0248927 0.0324128 0.0276755 0.0342434 0.0308385 0.0241968 0.0340419 0.0321954 0.0298767 0.0267519 0.0346550 0.0300990 0.0304571 0.0368317 0.0247543 0.0303620 0.0306851 0.0271421 0.0337531 0.0319566 0.0311710 0.0293935 
pop2.indv24 0.0313054 0.0309535 0.0300940 0.0327978 0.0333018 0.0269745 0.0320517 0.0302912 0.0343926 0.0350415 0.0293105 0.0314906 0.0343110 0.0372458 0.0361035 0.0295312 0.0307214 0.0257217 0.0291963 0.0291735 0.0322335 0.0310083 0.0369005 0.0297285 0.0383522 0.0351546 0.0275377 0.0267530 0.0377921 0.0361031 0.0314255 0.0268708 0.0255088 0.0294714 0.0268972 0.0220256 0.0276329 0.0278519 0.0417369 0.0338135 0.0297271 0.0339751 0.0326433 0.0286248 0.0342668 0.0263781 0.0240174 0.0309690 0.0000000 0.0290231 0.0323481 0.0259718 0.0323737 0.0296472 0.0306127 0.0255522 0.0351767 0.0294620 0.0348482 0.0276397 0.0366939 0.0294026 0.0323353 0.0313678 0.0315653 0.0242714 0.0328498 0.0297778 0.0302768 0.0326449 0.0268771 0.0357884 0.0299870 0.0319504 0.0325529 
pop2.indv25 0.0297928 0.0298188 0.0305754 0.0322865 0.0289893 0.0254387 0.0359607 0.0320864 0.0330639 0.0325140 0.0309535 0.0364554 0.0356672 0.0278906 0.0369857 0.0307543 0.0307543 0.0324009 0.0319192 0.0298499 0.0318642 0.0275061 0.0328452 0.0303169 0.0348305 0.0332838 0.0338188 0.0253966 0.0305253 0.0280051 0.0263021 0.0268889 0.0275106 0.0341713 0.0278823 0.0322859 0.0255258 0.0292102 0.0301983 0.0351244 0.0263406 0.0287540 0.0375053 0.0280189 0.0299414 0.0243193 0.0289945 0.0333210 0.0290231 0.0000000 0.0319502 0.0327042 0.0373501 0.0290004 0.0354965 0.0377474 0.0352406 0.0304095 0.0317496 0.0383869 0.0342354 0.0291563 0.0291340 0.0315367 0.0285373 0.0371743 0.0308459 0.0315988 0.0333724 0.0282911 0.0312707 0.0402921 0.0342621 0.0318199 0.0377176 
pop3.indv1  0.0302613 0.0283748 0.0317027 0.0302848 0.0309629 0.0320369 0.0320761 0.0358078 0.0305548 0.0285859 0.0291718 0.0356728 0.0319490 0.0333681 0.0298638 0.0308069 0.0264762 0.0286219 0.0299998 0.0312879 0.0351846 0.0273950 0.0275419 0.0287433 0.0317099 0.0357719 0.0285725 0.0269329 0.0338918 0.0267831 0.0303169 0.0333617 0.0288718 0.0320010 0.0320864 0.0325913 0.0333048 0.0369748 0.0331046 0.0278147 0.0318422 0.0294635 0.0262396 0.0277696 0.0340019 0.0347778 0.0308989 0.0287701 0.0323481 0.0319502 0.0000000 0.0311143 0.0284301 0.0289253 0.0296585 0.0286652 0.0278891 0.0351520 0.0294044 0.0294599 0.0309963 0.0276954 0.0324835 0.0302704 0.0268920 0.0303327 0.0322042 0.0253187 0.0310668 0.0283488 0.0303881 0.0303696 0.0320957 0.0317293 0.0306012 
pop3.indv2  0.0309723 0.0336074 0.0300458 0.0310823 0.0306477 0.0367090 0.0282282 0.0304530 0.0315941 0.0322117 0.0276761 0.0314119 0.0362204 0.0293684 0.0323841 0.0319094 0.0319491 0.0326540 0.0362767 0.0369489 0.0301922 0.0297322 0.0325039 0.0321022 0.0354962 0.0306633 0.0279120 0.0311831 0.0248584 0.0325540 0.0280732 0.0352683 0.0262396 0.0315777 0.0283621 0.0292533 0.0349856 0.0331125 0.0312441 0.0380094 0.0305051 0.0297265 0.0341088 0.0351256 0.0316750 0.0390192 0.0343063 0.0308697 0.0259718 0.0327042 0.0311143 0.0000000 0.0304623 0.0300180 0.0258238 0.0301186 0.0322754 0.0272290 0.0301150 0.0305555 0.0327754 0.0323434 0.0292608 0.0262387 0.0286295 0.0287608 0.0281256 0.0310440 0.0263238 0.0268561 0.0279397 0.0321449 0.0293504 0.0296321 0.0287520 
