75
pop1.indv1  0.0000000 0.0132574 0.0167926 0.0160685 0.0144403 0.0135684 0.0145903 0.0148896 0.0135848 0.0146509 0.0157389 0.0156083 0.0167759 0.0097699 0.0148605 0.0163697 0.0158734 0.0132574 0.0153187 0.0169244 0.0151613 0.0133992 0.0154796 0.0155250 0.0131861 0.1864425 0.1811081 0.1797386 0.1763201 0.1825816 0.1827282 0.1787662 0.1744589 0.1719289 0.1774641 0.1859859 0.1801327 0.1809222 0.1919828 0.1836152 0.1815580 0.1864425 0.1918653 0.1939315 0.1853740 0.1912301 0.1906526 0.1837616 0.1901987 0.1971478 0.1956239 0.2012693 0.1821669 0.1915877 0.1904887 0.1934789 0.1909004 0.1930891 0.1933503 0.1938715 0.1898355 0.1903154 0.1935529 0.1953735 0.1880958 0.1931766 0.1943343 0.1994247 0.1906169 0.1946672 0.1951861 0.1951451 0.1920477 0.2006214 0.1863575 
pop1.indv2  0.0132574 0.0000000 0.0150735 0.0150922 0.0126750 0.0130584 0.0143697 0.0121089 0.0158088 0.0149131 0.0122695 0.0149020 0.0127320 0.0139226 0.0125781 0.0161175 0.0128739 0.0127352 0.0130516 0.0121359 0.0135912 0.0116753 0.0169600 0.0108019 0.0129315 0.1712637 0.1763636 0.1696126 0.1630773 0.1698984 0.1745382 0.1725709 0.1572728 0.1663088 0.1657515 0.1786686 0.1699067 0.1696485 0.1828779 0.1711809 0.1746652 0.1781856 0.1790865 0.1776034 0.1793051 0.1804329 0.1782372 0.1743982 0.1798306 0.1860975 0.1830372 0.1880763 0.1728481 0.1814556 0.1805225 0.1812708 0.1816865 0.1841530 0.1808220 0.1830392 0.1789441 0.1800666 0.1811076 0.1837415 0.1751875 0.1820401 0.1838022 0.1869249 0.1810897 0.1840961 0.1850328 0.1845680 0.1811540 0.1899100 0.1758951 
pop1.indv3  0.0167926 0.0150735 0.0000000 0.0126177 0.0139885 0.0123467 0.0136477 0.0124128 0.0123318 0.0149005 0.0115939 0.0126948 0.0142601 0.0131958 0.0111127 0.0156465 0.0128588 0.0147518 0.0135344 0.0121591 0.0114357 0.0127072 0.0164906 0.0157503 0.0149114 0.1871786 0.1832459 0.1761938 0.1726427 0.1772969 0.1816865 0.1743750 0.1686128 0.1719740 0.1731244 0.1805841 0.1769722 0.1696345 0.1861898 0.1803088 0.1769922 0.1865912 0.1836817 0.1866327 0.1841985 0.1788905 0.1879285 0.1785711 0.1858768 0.1938434 0.1907788 0.1961498 0.1806145 0.1886659 0.1883763 0.1894106 0.1913126 0.1909004 0.1897393 0.1932671 0.1865124 0.1883381 0.1893538 0.1921221 0.1857670 0.1908119 0.1899811 0.1938995 0.1891300 0.1930096 0.1936761 0.1926577 0.1908065 0.1987136 0.1826884 
pop1.indv4  0.0160685 0.0150922 0.0126177 0.0000000 0.0112239 0.0138627 0.0163617 0.0143699 0.0128995 0.0130231 0.0131061 0.0144261 0.0150179 0.0127103 0.0133992 0.0166201 0.0154228 0.0135444 0.0130906 0.0149370 0.0154455 0.0129309 0.0162746 0.0155893 0.0151911 0.1836779 0.1839199 0.1814824 0.1746293 0.1762069 0.1867774 0.1815660 0.1708801 0.1731939 0.1760779 0.1893801 0.1801154 0.1777850 0.1927638 0.1884553 0.1797186 0.1848450 0.1889664 0.1884134 0.1828759 0.1885834 0.1916528 0.1836134 0.1873218 0.1959378 0.1921545 0.1948546 0.1817037 0.1884459 0.1889059 0.1902499 0.1906845 0.1913422 0.1889940 0.1916797 0.1867493 0.1877119 0.1901379 0.1918477 0.1859444 0.1901857 0.1915261 0.1949377 0.1874279 0.1906845 0.1935037 0.1929656 0.1885356 0.1969630 0.1844072 
pop1.indv5  0.0144403 0.0126750 0.0139885 0.0112239 0.0000000 0.0112541 0.0125010 0.0115349 0.0130167 0.0133228 0.0095060 0.0145220 0.0133855 0.0143412 0.0145328 0.0130391 0.0120080 0.0123697 0.0137303 0.0127853 0.0100744 0.0128485 0.0111334 0.0142182 0.0128136 0.1757140 0.1757161 0.1724813 0.1675572 0.1728995 0.1766255 0.1757140 0.1662168 0.1661445 0.1741857 0.1795761 0.1739878 0.1715667 0.1846009 0.1721571 0.1750169 0.1773799 0.1802025 0.1846461 0.1780011 0.1803706 0.1851014 0.1707925 0.1776309 0.1890212 0.1877372 0.1903903 0.1772054 0.1854999 0.1832128 0.1868256 0.1868045 0.1867444 0.1860684 0.1891075 0.1827439 0.1853721 0.1842662 0.1877372 0.1803988 0.1864380 0.1875813 0.1904599 0.1832164 0.1863907 0.1888086 0.1888192 0.1848692 0.1931712 0.1798629 
pop1.indv6  0.0135684 0.0130584 0.0123467 0.0138627 0.0112541 0.0000000 0.0141281 0.0148678 0.0124068 0.0117328 0.0125447 0.0131861 0.0107361 0.0119874 0.0135980 0.0158773 0.0121650 0.0122997 0.0148614 0.0141523 0.0111802 0.0117127 0.0148968 0.0163139 0.0127103 0.1791114 0.1746139 0.1727742 0.1695051 0.1737409 0.1763059 0.1780337 0.1684795 0.1725709 0.1702438 0.1808035 0.1778931 0.1745146 0.1853159 0.1797051 0.1751704 0.1801926 0.1835378 0.1832528 0.1830972 0.1873930 0.1834597 0.1792303 0.1816307 0.1908762 0.1900168 0.1948336 0.1791727 0.1880180 0.1865651 0.1885859 0.1885059 0.1898477 0.1871871 0.1893728 0.1856391 0.1868333 0.1873208 0.1908257 0.1822822 0.1888354 0.1904412 0.1928424 0.1871282 0.1885461 0.1915268 0.1917709 0.1880541 0.1964183 0.1824030 
pop1.indv7  0.0145903 0.0143697 0.0136477 0.0163617 0.0125010 0.0141281 0.0000000 0.0131572 0.0134450 0.0134978 0.0141247 0.0142008 0.0142707 0.0125348 0.0148823 0.0156656 0.0151576 0.0115661 0.0156372 0.0127258 0.0134549 0.0122545 0.0135011 0.0099763 0.0144615 0.1801982 0.1785154 0.1737800 0.1688783 0.1716751 0.1779185 0.1788282 0.1698230 0.1695628 0.1727599 0.1816152 0.1813527 0.1753898 0.1877785 0.1763912 0.1716789 0.1808423 0.1862047 0.1878014 0.1850264 0.1816383 0.1912854 0.1801585 0.1872459 0.1911086 0.1882850 0.1935597 0.1789339 0.1865188 0.1862941 0.1897262 0.1893387 0.1901633 0.1863291 0.1930725 0.1843680 0.1859816 0.1896296 0.1887961 0.1826281 0.1904412 0.1886564 0.1911119 0.1863782 0.1864659 0.1905494 0.1901633 0.1880632 0.1972167 0.1815465 
pop1.indv8  0.0148896 0.0121089 0.0124128 0.0143699 0.0115349 0.0148678 0.0131572 0.0000000 0.0134483 0.0140541 0.0128588 0.0152734 0.0130648 0.0130039 0.0139270 0.0169869 0.0129467 0.0130648 0.0136996 0.0144473 0.0102859 0.0130135 0.0145077 0.0161471 0.0139920 0.1795378 0.1813912 0.1729164 0.1701611 0.1795388 0.1821283 0.1786603 0.1681857 0.1725709 0.1766218 0.1851167 0.1820005 0.1734667 0.1898148 0.1799228 0.1758394 0.1832401 0.1841362 0.1893710 0.1873218 0.1852886 0.1892314 0.1798631 0.1859243 0.1907742 0.1875316 0.1937658 0.1761169 0.1844850 0.1846641 0.1860258 0.1873001 0.1869489 0.1862761 0.1869105 0.1833249 0.1841880 0.1871058 0.1861756 0.1808254 0.1861164 0.1867170 0.1908675 0.1852070 0.1880031 0.1884557 0.1887066 0.1857230 0.1947501 0.1788547 
pop1.indv9  0.0135848 0.0158088 0.0123318 0.0128995 0.0130167 0.0124068 0.0134450 0.0134483 0.0000000 0.0119698 0.0128650 0.0124644 0.0140161 0.0112376 0.0151762 0.0130039 0.0121947 0.0123179 0.0125874 0.0156733 0.0134319 0.0104883 0.0145149 0.0152992 0.0137314 0.1857281 0.1883910 0.1798566 0.1801968 0.1794082 0.1826532 0.1844139 0.1722267 0.1762069 0.1762916 0.1865312 0.1815713 0.1830201 0.1929431 0.1845064 0.1831718 0.1891894 0.1905071 0.1885174 0.1860613 0.1878753 0.1882659 0.1812609 0.1886597 0.1956466 0.1907317 0.1949801 0.1804849 0.1897872 0.1883956 0.1926646 0.1899936 0.1908065 0.1919386 0.1931973 0.1872250 0.1878393 0.1905020 0.1916948 0.1858365 0.1898477 0.1912344 0.1951882 0.1878492 0.1908204 0.1924902 0.1922775 0.1900061 0.1984127 0.1832604 
pop1.indv10 0.0146509 0.0149131 0.0149005 0.0130231 0.0133228 0.0117328 0.0134978 0.0140541 0.0119698 0.0000000 0.0122096 0.0127539 0.0163390 0.0120523 0.0122185 0.0184910 0.0162866 0.0086238 0.0116637 0.0150216 0.0140126 0.0127696 0.0138263 0.0134582 0.0127727 0.1839767 0.1834728 0.1845851 0.1774405 0.1822082 0.1828774 0.1778184 0.1689173 0.1775592 0.1778247 0.1876135 0.1812709 0.1783957 0.1960257 0.1836206 0.1814737 0.1870569 0.1891970 0.1942003 0.1880959 0.1914780 0.1904902 0.1851014 0.1912795 0.1985796 0.1929568 0.1976765 0.1795521 0.1882344 0.1894106 0.1900438 0.1898236 0.1907731 0.1880867 0.1920829 0.1859498 0.1886160 0.1898236 0.1908204 0.1859662 0.1889483 0.1914485 0.1949385 0.1884033 0.1909097 0.1919406 0.1923105 0.1896893 0.1973565 0.1842412 
pop1.indv11 0.0157389 0.0122695 0.0115939 0.0131061 0.0095060 0.0125447 0.0141247 0.0128588 0.0128650 0.0122096 0.0000000 0.0122156 0.0154758 0.0109867 0.0126300 0.0133764 0.0104552 0.0119786 0.0130842 0.0136411 0.0138863 0.0141834 0.0124796 0.0140835 0.0122096 0.1715518 0.1788307 0.1734838 0.1640067 0.1672204 0.1725956 0.1716863 0.1677513 0.1643528 0.1701072 0.1781451 0.1706048 0.1728305 0.1791350 0.1703792 0.1723868 0.1733986 0.1799602 0.1800996 0.1746316 0.1762919 0.1815687 0.1764315 0.1788736 0.1870756 0.1830331 0.1875072 0.1720116 0.1799909 0.1785537 0.1812971 0.1822840 0.1834382 0.1810883 0.1823962 0.1773562 0.1796071 0.1833205 0.1823996 0.1765386 0.1813669 0.1826293 0.1854629 0.1790972 0.1820532 0.1838976 0.1841880 0.1790034 0.1881464 0.1736616 
pop1.indv12 0.0156083 0.0149020 0.0126948 0.0144261 0.0145220 0.0131861 0.0142008 0.0152734 0.0124644 0.0127539 0.0122156 0.0000000 0.0130971 0.0125348 0.0132508 0.0159357 0.0126793 0.0123209 0.0129251 0.0152471 0.0152172 0.0137821 0.0155676 0.0121798 0.0148137 0.1834654 0.1838427 0.1831735 0.1738128 0.1741208 0.1822016 0.1810428 0.1717198 0.1693982 0.1795833 0.1837766 0.1819260 0.1791667 0.1855592 0.1816816 0.1839150 0.1844952 0.1895826 0.1886880 0.1830254 0.1870002 0.1927981 0.1841391 0.1863712 0.1940267 0.1929923 0.1964984 0.1834459 0.1904333 0.1894945 0.1908290 0.1920046 0.1937658 0.1913274 0.1945175 0.1870832 0.1901025 0.1929124 0.1926818 0.1863844 0.1890088 0.1932781 0.1945405 0.1888908 0.1934287 0.1937467 0.1930988 0.1911847 0.2000900 0.1845961 
pop1.indv13 0.0167759 0.0127320 0.0142601 0.0150179 0.0133855 0.0107361 0.0142707 0.0130648 0.0140161 0.0163390 0.0154758 0.0130971 0.0000000 0.0151371 0.0137957 0.0145686 0.0143129 0.0119045 0.0137372 0.0153452 0.0120552 0.0143271 0.0159348 0.0122846 0.0166256 0.1831718 0.1793051 0.1751409 0.1725077 0.1751781 0.1826512 0.1784528 0.1711553 0.1701202 0.1759617 0.1881913 0.1786333 0.1763199 0.1909238 0.1817605 0.1792479 0.1818493 0.1863031 0.1893512 0.1828025 0.1864230 0.1873978 0.1810156 0.1878117 0.1948513 0.1902890 0.1966749 0.1796499 0.1879699 0.1860315 0.1892467 0.1905349 0.1895179 0.1884655 0.1917271 0.1847362 0.1885859 0.1907058 0.1903373 0.1836810 0.1896401 0.1901307 0.1930280 0.1886062 0.1899464 0.1928856 0.1922072 0.1881794 0.1982552 0.1826868 
pop1.indv14 0.0097699 0.0139226 0.0131958 0.0127103 0.0143412 0.0119874 0.0125348 0.0130039 0.0112376 0.0120523 0.0109867 0.0125348 0.0151371 0.0000000 0.0127134 0.0163108 0.0107834 0.0123666 0.0111583 0.0145507 0.0135244 0.0118107 0.0148614 0.0117414 0.0125626 0.1852357 0.1857235 0.1777139 0.1745931 0.1809336 0.1791269 0.1778897 0.1692035 0.1709992 0.1771742 0.1813818 0.1772499 0.1759291 0.1886346 0.1824298 0.1801352 0.1836856 0.1847438 0.1880158 0.1822095 0.1859038 0.1833941 0.1816914 0.1840671 0.1940516 0.1882628 0.1923150 0.1787796 0.1848476 0.1839147 0.1851558 0.1864380 0.1876250 0.1852452 0.1895652 0.1818103 0.1846085 0.1873158 0.1884346 0.1794722 0.1841459 0.1872713 0.1921287 0.1838040 0.1872713 0.1898967 0.1874441 0.1868718 0.1956140 0.1801515 
pop1.indv15 0.0148605 0.0125781 0.0111127 0.0133992 0.0145328 0.0135980 0.0148823 0.0139270 0.0151762 0.0122185 0.0126300 0.0132508 0.0137957 0.0127134 0.0000000 0.0146652 0.0168830 0.0137889 0.0141028 0.0129183 0.0122245 0.0117070 0.0125133 0.0143280 0.0122275 0.1823661 0.1848810 0.1789914 0.1715330 0.1761781 0.1787869 0.1796737 0.1669225 0.1703664 0.1767207 0.1854138 0.1769597 0.1757508 0.1899996 0.1792401 0.1775821 0.1830210 0.1885068 0.1860501 0.1826552 0.1843367 0.1895849 0.1813337 0.1847267 0.1910311 0.1891575 0.1930808 0.1765172 0.1852410 0.1852368 0.1864786 0.1868750 0.1875833 0.1861467 0.1886061 0.1828025 0.1837222 0.1886659 0.1866308 0.1811796 0.1869203 0.1867630 0.1901379 0.1848476 0.1866967 0.1901379 0.1883356 0.1869417 0.1947085 0.1800099 
pop1.indv16 0.0163697 0.0161175 0.0156465 0.0166201 0.0130391 0.0158773 0.0156656 0.0169869 0.0130039 0.0184910 0.0133764 0.0159357 0.0145686 0.0163108 0.0146652 0.0000000 0.0137045 0.0151034 0.0142082 0.0166935 0.0154417 0.0170037 0.0183190 0.0141696 0.0159827 0.1822913 0.1860213 0.1807439 0.1782492 0.1813241 0.1828025 0.1822924 0.1711523 0.1739108 0.1773682 0.1871516 0.1813496 0.1801270 0.1972114 0.1821386 0.1808079 0.1851405 0.1931796 0.1895779 0.1849561 0.1909357 0.1955899 0.1799291 0.1891061 0.2001219 0.1992478 0.2046577 0.1878404 0.1943745 0.1953574 0.1967930 0.1973565 0.1974586 0.1967489 0.1981159 0.1924959 0.1953954 0.1975726 0.1974330 0.1911555 0.1972802 0.1982652 0.2008770 0.1959320 0.1977785 0.1999344 0.1983391 0.1959262 0.2045805 0.1915575 
pop1.indv17 0.0158734 0.0128739 0.0128588 0.0154228 0.0120080 0.0121650 0.0151576 0.0129467 0.0121947 0.0162866 0.0104552 0.0126793 0.0143129 0.0107834 0.0168830 0.0137045 0.0000000 0.0138263 0.0143875 0.0147156 0.0121947 0.0157466 0.0148137 0.0158928 0.0145077 0.1783672 0.1819145 0.1736317 0.1696810 0.1758090 0.1787869 0.1780737 0.1666198 0.1710763 0.1713699 0.1868631 0.1785184 0.1743244 0.1847395 0.1773443 0.1760511 0.1817808 0.1813337 0.1873560 0.1800139 0.1816358 0.1862724 0.1778075 0.1846560 0.1933376 0.1888773 0.1930188 0.1777765 0.1853632 0.1862348 0.1874962 0.1868295 0.1866507 0.1856342 0.1912317 0.1845466 0.1856880 0.1879851 0.1873442 0.1824535 0.1864659 0.1883041 0.1921092 0.1864978 0.1886462 0.1904544 0.1889376 0.1875999 0.1938330 0.1808024 
pop1.indv18 0.0132574 0.0127352 0.0147518 0.0135444 0.0123697 0.0122997 0.0115661 0.0130648 0.0123179 0.0086238 0.0119786 0.0123209 0.0119045 0.0123666 0.0137889 0.0151034 0.0138263 0.0000000 0.0109798 0.0113261 0.0105969 0.0110786 0.0121751 0.0127727 0.0141063 0.1754718 0.1738128 0.1683285 0.1720616 0.1738834 0.1756687 0.1722267 0.1645727 0.1675556 0.1692599 0.1820469 0.1713817 0.1691109 0.1846009 0.1772239 0.1735916 0.1816204 0.1807212 0.1840302 0.1790053 0.1793434 0.1846642 0.1744535 0.1769618 0.1863265 0.1855643 0.1902800 0.1747119 0.1832135 0.1815698 0.1844550 0.1841553 0.1826263 0.1833852 0.1856538 0.1815138 0.1826860 0.1850923 0.1842097 0.1782935 0.1819249 0.1830969 0.1897134 0.1817998 0.1852197 0.1865708 0.1859828 0.1829202 0.1913382 0.1792169 
pop1.indv19 0.0153187 0.0130516 0.0135344 0.0130906 0.0137303 0.0148614 0.0156372 0.0136996 0.0125874 0.0116637 0.0130842 0.0129251 0.0137372 0.0111583 0.0141028 0.0142082 0.0143875 0.0109798 0.0000000 0.0157035 0.0121329 0.0119074 0.0155026 0.0156062 0.0134355 0.1848764 0.1871133 0.1804959 0.1763059 0.1832528 0.1843954 0.1825802 0.1720639 0.1772839 0.1796215 0.1850713 0.1808810 0.1781142 0.1879456 0.1853608 0.1803382 0.1847352 0.1936960 0.1931758 0.1902526 0.1886987 0.1884930 0.1879769 0.1880117 0.1983089 0.1935857 0.1962419 0.1816240 0.1900459 0.1888616 0.1921354 0.1909621 0.1923992 0.1898238 0.1945150 0.1861143 0.1908290 0.1918984 0.1923196 0.1853526 0.1911670 0.1906032 0.1969817 0.1897372 0.1923196 0.1941353 0.1922737 0.1916961 0.1994463 0.1823366 
pop1.indv20 0.0169244 0.0121359 0.0121591 0.0149370 0.0127853 0.0141523 0.0127258 0.0144473 0.0156733 0.0150216 0.0136411 0.0152471 0.0153452 0.0145507 0.0129183 0.0166935 0.0147156 0.0113261 0.0157035 0.0000000 0.0149699 0.0142496 0.0153376 0.0141350 0.0154911 0.1848406 0.1859312 0.1793733 0.1755013 0.1805061 0.1825036 0.1800260 0.1729592 0.1745261 0.1771394 0.1858690 0.1781041 0.1769846 0.1965301 0.1807349 0.1803812 0.1901987 0.1886597 0.1885569 0.1871038 0.1827293 0.1910541 0.1828764 0.1872459 0.1970646 0.1932927 0.2001590 0.1840827 0.1909896 0.1918176 0.1921123 0.1930188 0.1946042 0.1908119 0.1948342 0.1902850 0.1907044 0.1927981 0.1937086 0.1885556 0.1950429 0.1944574 0.1967343 0.1916025 0.1938522 0.1972550 0.1952098 0.1915101 0.2006817 0.1861410 
pop1.indv21 0.0151613 0.0135912 0.0114357 0.0154455 0.0100744 0.0111802 0.0134549 0.0102859 0.0134319 0.0140126 0.0138863 0.0152172 0.0120552 0.0135244 0.0122245 0.0154417 0.0121947 0.0105969 0.0121329 0.0149699 0.0000000 0.0129944 0.0132900 0.0151354 0.0122725 0.1792942 0.1820553 0.1698510 0.1692509 0.1747888 0.1764641 0.1730913 0.1650848 0.1656792 0.1705327 0.1770207 0.1781446 0.1746502 0.1851766 0.1802979 0.1704881 0.1825831 0.1825812 0.1833340 0.1775707 0.1829488 0.1822160 0.1753149 0.1797643 0.1895826 0.1841390 0.1887773 0.1753729 0.1809501 0.1806604 0.1811711 0.1833267 0.1840827 0.1821691 0.1849104 0.1780015 0.1807887 0.1829763 0.1836137 0.1768313 0.1821070 0.1825697 0.1870610 0.1800666 0.1821070 0.1871729 0.1845466 0.1833277 0.1904068 0.1754061 
pop1.indv22 0.0133992 0.0116753 0.0127072 0.0129309 0.0128485 0.0117127 0.0122545 0.0130135 0.0104883 0.0127696 0.0141834 0.0137821 0.0143271 0.0118107 0.0117070 0.0170037 0.0157466 0.0110786 0.0119074 0.0142496 0.0129944 0.0000000 0.0145866 0.0131733 0.0112679 0.1812609 0.1781142 0.1774875 0.1766081 0.1754784 0.1781559 0.1756048 0.1662527 0.1692331 0.1743086 0.1850561 0.1773326 0.1789532 0.1895352 0.1837723 0.1782372 0.1823642 0.1915941 0.1881493 0.1819164 0.1847100 0.1835394 0.1829507 0.1854081 0.1940767 0.1891410 0.1936353 0.1798324 0.1851395 0.1872557 0.1885757 0.1873759 0.1892018 0.1886760 0.1908572 0.1833862 0.1862289 0.1896534 0.1906645 0.1835034 0.1876600 0.1907534 0.1916952 0.1877025 0.1903373 0.1929745 0.1901051 0.1883329 0.1959262 0.1814787 
pop1.indv23 0.0154796 0.0169600 0.0164906 0.0162746 0.0111334 0.0148968 0.0135011 0.0145077 0.0145149 0.0138263 0.0124796 0.0155676 0.0159348 0.0148614 0.0125133 0.0183190 0.0148137 0.0121751 0.0155026 0.0153376 0.0132900 0.0145866 0.0000000 0.0144650 0.0158323 0.1811846 0.1804857 0.1748417 0.1718069 0.1779693 0.1780100 0.1756438 0.1678564 0.1670860 0.1780512 0.1868041 0.1789997 0.1773562 0.1900340 0.1850511 0.1755969 0.1813305 0.1863031 0.1900062 0.1847352 0.1865656 0.1887625 0.1806619 0.1885056 0.1952506 0.1893843 0.1959957 0.1791287 0.1876769 0.1878492 0.1886467 0.1893958 0.1875564 0.1894712 0.1914931 0.1849104 0.1871207 0.1917414 0.1892018 0.1826266 0.1896163 0.1889304 0.1936163 0.1876589 0.1900565 0.1903853 0.1902147 0.1885858 0.1959320 0.1832652 
pop1.indv24 0.0155250 0.0108019 0.0157503 0.0155893 0.0142182 0.0163139 0.0099763 0.0161471 0.0152992 0.0134582 0.0140835 0.0121798 0.0122846 0.0117414 0.0143280 0.0141696 0.0158928 0.0127727 0.0156062 0.0141350 0.0151354 0.0131733 0.0144650 0.0000000 0.0141696 0.1830206 0.1820635 0.1776273 0.1801910 0.1755969 0.1813110 0.1827298 0.1683196 0.1717233 0.1717647 0.1811044 0.1807078 0.1773212 0.1882017 0.1852518 0.1781755 0.1856538 0.1902313 0.1906013 0.1822121 0.1838957 0.1879509 0.1828025 0.1876915 0.1950091 0.1874991 0.1914958 0.1776818 0.1844182 0.1855803 0.1886462 0.1868156 0.1870390 0.1871206 0.1881234 0.1819958 0.1853865 0.1876098 0.1869724 0.1798579 0.1856929 0.1868680 0.1906573 0.1851946 0.1870390 0.1883667 0.1879672 0.1860036 0.1930712 0.1780352 
pop1.indv25 0.0131861 0.0129315 0.0149114 0.0151911 0.0128136 0.0127103 0.0144615 0.0139920 0.0137314 0.0127727 0.0122096 0.0148137 0.0166256 0.0125626 0.0122275 0.0159827 0.0145077 0.0141063 0.0134355 0.0154911 0.0122725 0.0112679 0.0158323 0.0141696 0.0000000 0.1783576 0.1831011 0.1782372 0.1732569 0.1774875 0.1774405 0.1773917 0.1671187 0.1710077 0.1739930 0.1822788 0.1785092 0.1765014 0.1869796 0.1781348 0.1770586 0.1836134 0.1851766 0.1854790 0.1909057 0.1845656 0.1875499 0.1778682 0.1850362 0.1902030 0.1924509 0.1974078 0.1815762 0.1903110 0.1899701 0.1912465 0.1920504 0.1918649 0.1893387 0.1914472 0.1865511 0.1899811 0.1915565 0.1924509 0.1857980 0.1920343 0.1924678 0.1943523 0.1901436 0.1927612 0.1944574 0.1933038 0.1917108 0.1984582 0.1830331 
pop2.indv1  0.1864425 0.1712637 0.1871786 0.1836779 0.1757140 0.1791114 0.1801982 0.1795378 0.1857281 0.1839767 0.1715518 0.1834654 0.1831718 0.1852357 0.1823661 0.1822913 0.1783672 0.1754718 0.1848764 0.1848406 0.1792942 0.1812609 0.1811846 0.1830206 0.1783576 0.0000000 0.0118779 0.0116928 0.0106917 0.0114788 0.0160781 0.0163622 0.0105168 0.0123055 0.0099433 0.0145651 0.0120379 0.0135802 0.0121893 0.0105414 0.0134135 0.0151260 0.0152026 0.0135309 0.0132000 0.0136704 0.0125209 0.0145365 0.0121179 0.0128793 0.1805458 0.1925074 0.1793733 0.1885328 0.1869548 0.1859651 0.1877998 0.1874129 0.1819336 0.1831686 0.1809938 0.1838934 0.1802696 0.1847755 0.1750842 0.1857154 0.1818534 0.1825840 0.1814036 0.1912669 0.1863093 0.1841895 0.1875631 0.1911129 0.1775761 
pop2.indv2  0.1811081 0.1763636 0.1832459 0.1839199 0.1757161 0.1746139 0.1785154 0.1813912 0.1883910 0.1834728 0.1788307 0.1838427 0.1793051 0.1857235 0.1848810 0.1860213 0.1819145 0.1738128 0.1871133 0.1859312 0.1820553 0.1781142 0.1804857 0.1820635 0.1831011 0.0118779 0.0000000 0.0096396 0.0121179 0.0136395 0.0159032 0.0142982 0.0124288 0.0126314 0.0120837 0.0129517 0.0131200 0.0086320 0.0125547 0.0123545 0.0140660 0.0114879 0.0122908 0.0146414 0.0140603 0.0167672 0.0159308 0.0147158 0.0145761 0.0148576 0.1922634 0.2037232 0.1887514 0.1934878 0.1891128 0.1891410 0.1935117 0.1878998 0.1904976 0.1911598 0.1866073 0.1891481 0.1852572 0.1887249 0.1836260 0.1965412 0.1916335 0.1955767 0.1860284 0.1910626 0.1899858 0.1932161 0.1941273 0.1986973 0.1833928 
pop2.indv3  0.1797386 0.1696126 0.1761938 0.1814824 0.1724813 0.1727742 0.1737800 0.1729164 0.1798566 0.1845851 0.1734838 0.1831735 0.1751409 0.1777139 0.1789914 0.1807439 0.1736317 0.1683285 0.1804959 0.1793733 0.1698510 0.1774875 0.1748417 0.1776273 0.1782372 0.0116928 0.0096396 0.0000000 0.0100715 0.0136889 0.0139873 0.0117708 0.0107172 0.0091444 0.0148695 0.0106706 0.0100705 0.0104841 0.0139761 0.0111162 0.0115209 0.0117293 0.0106035 0.0125242 0.0123398 0.0125209 0.0170743 0.0098609 0.0135041 0.0126496 0.1869704 0.1986616 0.1843604 0.1901252 0.1868853 0.1905583 0.1948244 0.1888262 0.1847183 0.1842171 0.1805986 0.1856725 0.1868006 0.1902313 0.1797643 0.1902642 0.1823584 0.1885320 0.1834743 0.1865066 0.1901703 0.1870186 0.1874283 0.1946388 0.1864823 
pop2.indv4  0.1763201 0.1630773 0.1726427 0.1746293 0.1675572 0.1695051 0.1688783 0.1701611 0.1801968 0.1774405 0.1640067 0.1738128 0.1725077 0.1745931 0.1715330 0.1782492 0.1696810 0.1720616 0.1763059 0.1755013 0.1692509 0.1766081 0.1718069 0.1801910 0.1732569 0.0106917 0.0121179 0.0100715 0.0000000 0.0108507 0.0105059 0.0096126 0.0084707 0.0084029 0.0094410 0.0088579 0.0071669 0.0103101 0.0084029 0.0112411 0.0119632 0.0066667 0.0106832 0.0102870 0.0103884 0.0122471 0.0095438 0.0089262 0.0128219 0.0107556 0.1734809 0.1824256 0.1723431 0.1769951 0.1764920 0.1776232 0.1766938 0.1766355 0.1759918 0.1766530 0.1683285 0.1726427 0.1784337 0.1836260 0.1722500 0.1748949 0.1760482 0.1783949 0.1741995 0.1720651 0.1773802 0.1748600 0.1771992 0.1832528 0.1703664 
pop2.indv5  0.1825816 0.1698984 0.1772969 0.1762069 0.1728995 0.1737409 0.1716751 0.1795388 0.1794082 0.1822082 0.1672204 0.1741208 0.1751781 0.1809336 0.1761781 0.1813241 0.1758090 0.1738834 0.1832528 0.1805061 0.1747888 0.1754784 0.1779693 0.1755969 0.1774875 0.0114788 0.0136395 0.0136889 0.0108507 0.0000000 0.0141456 0.0165166 0.0143438 0.0124839 0.0112773 0.0130096 0.0125948 0.0138489 0.0135525 0.0120691 0.0123103 0.0146691 0.0155110 0.0134079 0.0147333 0.0178046 0.0133660 0.0149295 0.0175514 0.0147041 0.1818409 0.1930337 0.1773082 0.1851713 0.1812474 0.1810156 0.1875921 0.1884930 0.1823603 0.1838473 0.1798502 0.1821415 0.1780834 0.1846642 0.1744718 0.1842921 0.1823545 0.1823574 0.1819066 0.1856978 0.1869796 0.1836152 0.1826539 0.1934640 0.1792942 
pop2.indv6  0.1827282 0.1745382 0.1816865 0.1867774 0.1766255 0.1763059 0.1779185 0.1821283 0.1826532 0.1828774 0.1725956 0.1822016 0.1826512 0.1791269 0.1787869 0.1828025 0.1787869 0.1756687 0.1843954 0.1825036 0.1764641 0.1781559 0.1780100 0.1813110 0.1774405 0.0160781 0.0159032 0.0139873 0.0105059 0.0141456 0.0000000 0.0135363 0.0108507 0.0112819 0.0123219 0.0149900 0.0126346 0.0147569 0.0125141 0.0121277 0.0109386 0.0127149 0.0115016 0.0119186 0.0126006 0.0153360 0.0159435 0.0104009 0.0165699 0.0128632 0.1713699 0.1805495 0.1719705 0.1747712 0.1735511 0.1743796 0.1785597 0.1779078 0.1748764 0.1743086 0.1680584 0.1724571 0.1718603 0.1791673 0.1681614 0.1733614 0.1711194 0.1767340 0.1715977 0.1736616 0.1782171 0.1731795 0.1720639 0.1826532 0.1680202 
pop2.indv7  0.1787662 0.1725709 0.1743750 0.1815660 0.1757140 0.1780337 0.1788282 0.1786603 0.1844139 0.1778184 0.1716863 0.1810428 0.1784528 0.1778897 0.1796737 0.1822924 0.1780737 0.1722267 0.1825802 0.1800260 0.1730913 0.1756048 0.1756438 0.1827298 0.1773917 0.0163622 0.0142982 0.0117708 0.0096126 0.0165166 0.0135363 0.0000000 0.0137780 0.0161712 0.0111471 0.0107044 0.0088762 0.0150211 0.0138434 0.0134188 0.0173302 0.0139384 0.0125800 0.0152254 0.0159181 0.0152204 0.0155167 0.0178541 0.0162159 0.0173097 0.1782254 0.1962286 0.1820715 0.1822935 0.1859513 0.1837595 0.1892795 0.1859377 0.1835283 0.1824363 0.1824379 0.1861605 0.1794594 0.1865912 0.1762497 0.1862274 0.1835346 0.1873478 0.1793509 0.1914400 0.1903470 0.1845504 0.1835330 0.1956358 0.1807167 
pop2.indv8  0.1744589 0.1572728 0.1686128 0.1708801 0.1662168 0.1684795 0.1698230 0.1681857 0.1722267 0.1689173 0.1677513 0.1717198 0.1711553 0.1692035 0.1669225 0.1711523 0.1666198 0.1645727 0.1720639 0.1729592 0.1650848 0.1662527 0.1678564 0.1683196 0.1671187 0.0105168 0.0124288 0.0107172 0.0084707 0.0143438 0.0108507 0.0137780 0.0000000 0.0136068 0.0100837 0.0095400 0.0090260 0.0117708 0.0140434 0.0126546 0.0114970 0.0093286 0.0098882 0.0108725 0.0096242 0.0106077 0.0070491 0.0090616 0.0114879 0.0103306 0.1821357 0.1927831 0.1754784 0.1845101 0.1828025 0.1834758 0.1889301 0.1831743 0.1785434 0.1784870 0.1819145 0.1803812 0.1802196 0.1801527 0.1754460 0.1822108 0.1804959 0.1831735 0.1791512 0.1786689 0.1901415 0.1793358 0.1827280 0.1893172 0.1765036 
pop2.indv9  0.1719289 0.1663088 0.1719740 0.1731939 0.1661445 0.1725709 0.1695628 0.1725709 0.1762069 0.1775592 0.1643528 0.1693982 0.1701202 0.1709992 0.1703664 0.1739108 0.1710763 0.1675556 0.1772839 0.1745261 0.1656792 0.1692331 0.1670860 0.1717233 0.1710077 0.0123055 0.0126314 0.0091444 0.0084029 0.0124839 0.0112819 0.0161712 0.0136068 0.0000000 0.0122315 0.0099990 0.0144853 0.0121037 0.0132252 0.0103636 0.0148576 0.0127099 0.0118874 0.0117878 0.0122520 0.0157489 0.0154741 0.0128735 0.0148100 0.0136505 0.1770711 0.1869216 0.1738214 0.1779800 0.1729695 0.1770079 0.1805694 0.1810195 0.1789831 0.1803382 0.1752985 0.1793205 0.1788770 0.1825797 0.1737117 0.1809501 0.1780417 0.1824306 0.1778026 0.1753528 0.1820603 0.1804329 0.1764344 0.1837723 0.1733944 
pop2.indv10 0.1774641 0.1657515 0.1731244 0.1760779 0.1741857 0.1702438 0.1727599 0.1766218 0.1762916 0.1778247 0.1701072 0.1795833 0.1759617 0.1771742 0.1767207 0.1773682 0.1713699 0.1692599 0.1796215 0.1771394 0.1705327 0.1743086 0.1780512 0.1717647 0.1739930 0.0099433 0.0120837 0.0148695 0.0094410 0.0112773 0.0123219 0.0111471 0.0100837 0.0122315 0.0000000 0.0120934 0.0102938 0.0135417 0.0130784 0.0112051 0.0120400 0.0111427 0.0108376 0.0127561 0.0113001 0.0134029 0.0116039 0.0115300 0.0129151 0.0107857 0.1841570 0.1933340 0.1780829 0.1828777 0.1842329 0.1833316 0.1917335 0.1825777 0.1844534 0.1840928 0.1807858 0.1817582 0.1780934 0.1882982 0.1755407 0.1835576 0.1820486 0.1879456 0.1787239 0.1863187 0.1921305 0.1845330 0.1855963 0.1911557 0.1758646 
pop2.indv11 0.1859859 0.1786686 0.1805841 0.1893801 0.1795761 0.1808035 0.1816152 0.1851167 0.1865312 0.1876135 0.1781451 0.1837766 0.1881913 0.1813818 0.1854138 0.1871516 0.1868631 0.1820469 0.1850713 0.1858690 0.1770207 0.1850561 0.1868041 0.1811044 0.1822788 0.0145651 0.0129517 0.0106706 0.0088579 0.0130096 0.0149900 0.0107044 0.0095400 0.0099990 0.0120934 0.0000000 0.0120006 0.0126797 0.0123693 0.0107900 0.0132252 0.0142473 0.0111118 0.0122615 0.0120740 0.0122811 0.0154925 0.0115530 0.0136450 0.0129858 0.1839949 0.1933995 0.1805645 0.1882086 0.1873619 0.1860429 0.1863187 0.1849704 0.1865147 0.1871613 0.1804277 0.1815443 0.1852680 0.1855531 0.1786231 0.1868183 0.1813077 0.1865229 0.1829524 0.1812370 0.1889301 0.1851924 0.1842233 0.1923637 0.1789914 
pop2.indv12 0.1801327 0.1699067 0.1769722 0.1801154 0.1739878 0.1778931 0.1813527 0.1820005 0.1815713 0.1812709 0.1706048 0.1819260 0.1786333 0.1772499 0.1769597 0.1813496 0.1785184 0.1713817 0.1808810 0.1781041 0.1781446 0.1773326 0.1789997 0.1807078 0.1785092 0.0120379 0.0131200 0.0100705 0.0071669 0.0125948 0.0126346 0.0088762 0.0090260 0.0144853 0.0102938 0.0120006 0.0000000 0.0099816 0.0120848 0.0090119 0.0062758 0.0103396 0.0113664 0.0131357 0.0125998 0.0132359 0.0151436 0.0106411 0.0142417 0.0162224 0.1804789 0.1963789 0.1814157 0.1867400 0.1807661 0.1800199 0.1874880 0.1789614 0.1876174 0.1810428 0.1788197 0.1827301 0.1769846 0.1833839 0.1747018 0.1828025 0.1798297 0.1857217 0.1774267 0.1836741 0.1855676 0.1835299 0.1814187 0.1937527 0.1745654 
pop2.indv13 0.1809222 0.1696485 0.1696345 0.1777850 0.1715667 0.1745146 0.1753898 0.1734667 0.1830201 0.1783957 0.1728305 0.1791667 0.1763199 0.1759291 0.1757508 0.1801270 0.1743244 0.1691109 0.1781142 0.1769846 0.1746502 0.1789532 0.1773562 0.1773212 0.1765014 0.0135802 0.0086320 0.0104841 0.0103101 0.0138489 0.0147569 0.0150211 0.0117708 0.0121037 0.0135417 0.0126797 0.0099816 0.0000000 0.0132669 0.0134453 0.0128442 0.0116023 0.0104638 0.0127504 0.0129096 0.0159076 0.0172217 0.0144967 0.0119204 0.0129552 0.1809860 0.1880907 0.1770047 0.1817083 0.1809821 0.1836856 0.1841925 0.1787489 0.1778229 0.1828758 0.1774612 0.1794809 0.1819317 0.1838180 0.1727273 0.1807033 0.1825840 0.1874029 0.1756592 0.1807617 0.1858024 0.1849926 0.1892173 0.1868585 0.1767069 
pop2.indv14 0.1919828 0.1828779 0.1861898 0.1927638 0.1846009 0.1853159 0.1877785 0.1898148 0.1929431 0.1960257 0.1791350 0.1855592 0.1909238 0.1886346 0.1899996 0.1972114 0.1847395 0.1846009 0.1879456 0.1965301 0.1851766 0.1895352 0.1900340 0.1882017 0.1869796 0.0121893 0.0125547 0.0139761 0.0084029 0.0135525 0.0125141 0.0138434 0.0140434 0.0132252 0.0130784 0.0123693 0.0120848 0.0132669 0.0000000 0.0099750 0.0150864 0.0121131 0.0146517 0.0117164 0.0148041 0.0110547 0.0150505 0.0120788 0.0180330 0.0131044 0.1900155 0.2011166 0.1883786 0.1898923 0.1867918 0.1923424 0.1970329 0.1902313 0.1903528 0.1889301 0.1831710 0.1939278 0.1891829 0.1891829 0.1886088 0.1923000 0.1934402 0.1923936 0.1909841 0.1909536 0.1978104 0.1918672 0.1919683 0.1998747 0.1883298 
pop2.indv15 0.1836152 0.1711809 0.1803088 0.1884553 0.1721571 0.1797051 0.1763912 0.1799228 0.1845064 0.1836206 0.1703792 0.1816816 0.1817605 0.1824298 0.1792401 0.1821386 0.1773443 0.1772239 0.1853608 0.1807349 0.1802979 0.1837723 0.1850511 0.1852518 0.1781348 0.0105414 0.0123545 0.0111162 0.0112411 0.0120691 0.0121277 0.0134188 0.0126546 0.0103636 0.0112051 0.0107900 0.0090119 0.0134453 0.0099750 0.0000000 0.0114381 0.0147158 0.0117893 0.0139301 0.0148516 0.0136864 0.0161903 0.0127504 0.0144127 0.0103677 0.1807484 0.1937580 0.1768319 0.1840671 0.1837637 0.1780834 0.1880077 0.1783188 0.1791588 0.1841450 0.1772013 0.1795953 0.1794007 0.1848015 0.1790468 0.1843604 0.1833928 0.1819184 0.1726649 0.1836894 0.1836875 0.1829497 0.1828025 0.1892597 0.1736616 
pop2.indv16 0.1815580 0.1746652 0.1769922 0.1797186 0.1750169 0.1751704 0.1716789 0.1758394 0.1831718 0.1814737 0.1723868 0.1839150 0.1792479 0.1801352 0.1775821 0.1808079 0.1760511 0.1735916 0.1803382 0.1803812 0.1704881 0.1782372 0.1755969 0.1781755 0.1770586 0.0134135 0.0140660 0.0115209 0.0119632 0.0123103 0.0109386 0.0173302 0.0114970 0.0148576 0.0120400 0.0132252 0.0062758 0.0128442 0.0150864 0.0114381 0.0000000 0.0120566 0.0114111 0.0129990 0.0123693 0.0121511 0.0126847 0.0110591 0.0110156 0.0127352 0.1825075 0.1894576 0.1799354 0.1850215 0.1832449 0.1796983 0.1841332 0.1833928 0.1830220 0.1828025 0.1763623 0.1819241 0.1792789 0.1833177 0.1759249 0.1825075 0.1836152 0.1812609 0.1767340 0.1796533 0.1885705 0.1831718 0.1829507 0.1866494 0.1764878 
pop2.indv17 0.1864425 0.1781856 0.1865912 0.1848450 0.1773799 0.1801926 0.1808423 0.1832401 0.1891894 0.1870569 0.1733986 0.1844952 0.1818493 0.1836856 0.1830210 0.1851405 0.1817808 0.1816204 0.1847352 0.1901987 0.1825831 0.1823642 0.1813305 0.1856538 0.1836134 0.0151260 0.0114879 0.0117293 0.0066667 0.0146691 0.0127149 0.0139384 0.0093286 0.0127099 0.0111427 0.0142473 0.0103396 0.0116023 0.0121131 0.0147158 0.0120566 0.0000000 0.0094835 0.0111338 0.0110416 0.0164198 0.0119867 0.0158739 0.0172487 0.0142756 0.1855054 0.1977915 0.1849326 0.1891549 0.1886086 0.1903253 0.1937947 0.1915557 0.1906356 0.1923154 0.1836798 0.1874029 0.1841865 0.1921547 0.1854543 0.1882938 0.1864072 0.1913627 0.1812609 0.1903799 0.1951385 0.1877136 0.1932910 0.1980473 0.1786343 
pop2.indv18 0.1918653 0.1790865 0.1836817 0.1889664 0.1802025 0.1835378 0.1862047 0.1841362 0.1905071 0.1891970 0.1799602 0.1895826 0.1863031 0.1847438 0.1885068 0.1931796 0.1813337 0.1807212 0.1936960 0.1886597 0.1825812 0.1915941 0.1863031 0.1902313 0.1851766 0.0152026 0.0122908 0.0106035 0.0106832 0.0155110 0.0115016 0.0125800 0.0098882 0.0118874 0.0108376 0.0111118 0.0113664 0.0104638 0.0146517 0.0117893 0.0114111 0.0094835 0.0000000 0.0120934 0.0110591 0.0144910 0.0126296 0.0113753 0.0151104 0.0097914 0.1784999 0.1883786 0.1779004 0.1816307 0.1834626 0.1851766 0.1831694 0.1827290 0.1818595 0.1826552 0.1788651 0.1807705 0.1810504 0.1844915 0.1753312 0.1835346 0.1778292 0.1847928 0.1811811 0.1850764 0.1853104 0.1847841 0.1849420 0.1924083 0.1734267 
pop2.indv19 0.1939315 0.1776034 0.1866327 0.1884134 0.1846461 0.1832528 0.1878014 0.1893710 0.1885174 0.1942003 0.1800996 0.1886880 0.1893512 0.1880158 0.1860501 0.1895779 0.1873560 0.1840302 0.1931758 0.1885569 0.1833340 0.1881493 0.1900062 0.1906013 0.1854790 0.0135309 0.0146414 0.0125242 0.0102870 0.0134079 0.0119186 0.0152254 0.0108725 0.0117878 0.0127561 0.0122615 0.0131357 0.0127504 0.0117164 0.0139301 0.0129990 0.0111338 0.0120934 0.0000000 0.0133267 0.0083595 0.0121032 0.0149537 0.0136614 0.0121818 0.1908749 0.2070993 0.1898151 0.1926770 0.1955051 0.1942523 0.2012813 0.1970261 0.1914948 0.1952915 0.1926323 0.1911973 0.1941232 0.1978200 0.1898943 0.1942297 0.1882819 0.1955870 0.1914924 0.1967284 0.1988779 0.1962354 0.1974565 0.2037527 0.1944225 
pop2.indv20 0.1853740 0.1793051 0.1841985 0.1828759 0.1780011 0.1830972 0.1850264 0.1873218 0.1860613 0.1880959 0.1746316 0.1830254 0.1828025 0.1822095 0.1826552 0.1849561 0.1800139 0.1790053 0.1902526 0.1871038 0.1775707 0.1819164 0.1847352 0.1822121 0.1909057 0.0132000 0.0140603 0.0123398 0.0103884 0.0147333 0.0126006 0.0159181 0.0096242 0.0122520 0.0113001 0.0120740 0.0125998 0.0129096 0.0148041 0.0148516 0.0123693 0.0110416 0.0110591 0.0133267 0.0000000 0.0145881 0.0147216 0.0111427 0.0151586 0.0143438 0.1863555 0.1966726 0.1817628 0.1890847 0.1817628 0.1866157 0.1900178 0.1817628 0.1844316 0.1861813 0.1811006 0.1850118 0.1858420 0.1910857 0.1831751 0.1840643 0.1842139 0.1895977 0.1843742 0.1837637 0.1931465 0.1842108 0.1903141 0.1943423 0.1775678 
pop2.indv21 0.1912301 0.1804329 0.1788905 0.1885834 0.1803706 0.1873930 0.1816383 0.1852886 0.1878753 0.1914780 0.1762919 0.1870002 0.1864230 0.1859038 0.1843367 0.1909357 0.1816358 0.1793434 0.1886987 0.1827293 0.1829488 0.1847100 0.1865656 0.1838957 0.1845656 0.0136704 0.0167672 0.0125209 0.0122471 0.0178046 0.0153360 0.0152204 0.0106077 0.0157489 0.0134029 0.0122811 0.0132359 0.0159076 0.0110547 0.0136864 0.0121511 0.0164198 0.0144910 0.0083595 0.0145881 0.0000000 0.0171411 0.0118311 0.0153643 0.0159245 0.1866908 0.1955899 0.1799602 0.1881663 0.1888992 0.1890923 0.1957206 0.1851507 0.1850617 0.1900155 0.1877565 0.1835995 0.1830928 0.1868980 0.1838269 0.1842599 0.1869910 0.1899508 0.1873777 0.1865168 0.1934334 0.1868146 0.1885453 0.1961191 0.1816507 
pop2.indv22 0.1906526 0.1782372 0.1879285 0.1916528 0.1851014 0.1834597 0.1912854 0.1892314 0.1882659 0.1904902 0.1815687 0.1927981 0.1873978 0.1833941 0.1895849 0.1955899 0.1862724 0.1846642 0.1884930 0.1910541 0.1822160 0.1835394 0.1887625 0.1879509 0.1875499 0.0125209 0.0159308 0.0170743 0.0095438 0.0133660 0.0159435 0.0155167 0.0070491 0.0154741 0.0116039 0.0154925 0.0151436 0.0172217 0.0150505 0.0161903 0.0126847 0.0119867 0.0126296 0.0121032 0.0147216 0.0171411 0.0000000 0.0162095 0.0141521 0.0118358 0.1856662 0.1953273 0.1815580 0.1883692 0.1892795 0.1865066 0.1890785 0.1891410 0.1858768 0.1839844 0.1825101 0.1846122 0.1855172 0.1865329 0.1821458 0.1852146 0.1830953 0.1906948 0.1847225 0.1874330 0.1906698 0.1841925 0.1886341 0.1964888 0.1808465 
pop2.indv23 0.1837616 0.1743982 0.1785711 0.1836134 0.1707925 0.1792303 0.1801585 0.1798631 0.1812609 0.1851014 0.1764315 0.1841391 0.1810156 0.1816914 0.1813337 0.1799291 0.1778075 0.1744535 0.1879769 0.1828764 0.1753149 0.1829507 0.1806619 0.1828025 0.1778682 0.0145365 0.0147158 0.0098609 0.0089262 0.0149295 0.0104009 0.0178541 0.0090616 0.0128735 0.0115300 0.0115530 0.0106411 0.0144967 0.0120788 0.0127504 0.0110591 0.0158739 0.0113753 0.0149537 0.0111427 0.0118311 0.0162095 0.0000000 0.0130680 0.0106370 0.1831710 0.1884033 0.1790550 0.1883663 0.1887363 0.1871228 0.1890294 0.1823613 0.1808338 0.1856978 0.1788651 0.1804021 0.1797186 0.1860470 0.1801585 0.1824339 0.1833200 0.1858970 0.1829510 0.1818472 0.1883298 0.1811155 0.1851766 0.1926505 0.1768074 
pop2.indv24 0.1901987 0.1798306 0.1858768 0.1873218 0.1776309 0.1816307 0.1872459 0.1859243 0.1886597 0.1912795 0.1788736 0.1863712 0.1878117 0.1840671 0.1847267 0.1891061 0.1846560 0.1769618 0.1880117 0.1872459 0.1797643 0.1854081 0.1885056 0.1876915 0.1850362 0.0121179 0.0145761 0.0135041 0.0128219 0.0175514 0.0165699 0.0162159 0.0114879 0.0148100 0.0129151 0.0136450 0.0142417 0.0119204 0.0180330 0.0144127 0.0110156 0.0172487 0.0151104 0.0136614 0.0151586 0.0153643 0.0141521 0.0130680 0.0000000 0.0135363 0.1926505 0.2003219 0.1871797 0.1935750 0.1933697 0.1964600 0.1977144 0.1934958 0.1928984 0.1911226 0.1894136 0.1905843 0.1914971 0.1924362 0.1878660 0.1943476 0.1964295 0.1948508 0.1948248 0.1902477 0.2004561 0.1971777 0.1961360 0.2031986 0.1859651 
pop2.indv25 0.1971478 0.1860975 0.1938434 0.1959378 0.1890212 0.1908762 0.1911086 0.1907742 0.1956466 0.1985796 0.1870756 0.1940267 0.1948513 0.1940516 0.1910311 0.2001219 0.1933376 0.1863265 0.1983089 0.1970646 0.1895826 0.1940767 0.1952506 0.1950091 0.1902030 0.0128793 0.0148576 0.0126496 0.0107556 0.0147041 0.0128632 0.0173097 0.0103306 0.0136505 0.0107857 0.0129858 0.0162224 0.0129552 0.0131044 0.0103677 0.0127352 0.0142756 0.0097914 0.0121818 0.0143438 0.0159245 0.0118358 0.0106370 0.0135363 0.0000000 0.1935511 0.2094230 0.1952258 0.1946371 0.1988823 0.2011993 0.2045880 0.1978296 0.1953273 0.1943423 0.1893990 0.1941604 0.1911453 0.2015327 0.1905147 0.1963688 0.1937027 0.1982046 0.1935357 0.1997861 0.1998305 0.1965301 0.1975361 0.2011999 0.1921385 
pop3.indv1  0.1956239 0.1830372 0.1907788 0.1921545 0.1877372 0.1900168 0.1882850 0.1875316 0.1907317 0.1929568 0.1830331 0.1929923 0.1902890 0.1882628 0.1891575 0.1992478 0.1888773 0.1855643 0.1935857 0.1932927 0.1841390 0.1891410 0.1893843 0.1874991 0.1924509 0.1805458 0.1922634 0.1869704 0.1734809 0.1818409 0.1713699 0.1782254 0.1821357 0.1770711 0.1841570 0.1839949 0.1804789 0.1809860 0.1900155 0.1807484 0.1825075 0.1855054 0.1784999 0.1908749 0.1863555 0.1866908 0.1856662 0.1831710 0.1926505 0.1935511 0.0000000 0.0116672 0.0119757 0.0144367 0.0099666 0.0124766 0.0126700 0.0129089 0.0116107 0.0097675 0.0106736 0.0099160 0.0121267 0.0126116 0.0082967 0.0096684 0.0137012 0.0087165 0.0124857 0.0141385 0.0116956 0.0111640 0.0119290 0.0148932 0.0086725 
pop3.indv2  0.2012693 0.1880763 0.1961498 0.1948546 0.1903903 0.1948336 0.1935597 0.1937658 0.1949801 0.1976765 0.1875072 0.1964984 0.1966749 0.1923150 0.1930808 0.2046577 0.1930188 0.1902800 0.1962419 0.2001590 0.1887773 0.1936353 0.1959957 0.1914958 0.1974078 0.1925074 0.2037232 0.1986616 0.1824256 0.1930337 0.1805495 0.1962286 0.1927831 0.1869216 0.1933340 0.1933995 0.1963789 0.1880907 0.2011166 0.1937580 0.1894576 0.1977915 0.1883786 0.2070993 0.1966726 0.1955899 0.1953273 0.1884033 0.2003219 0.2094230 0.0116672 0.0000000 0.0147048 0.0142008 0.0106943 0.0160221 0.0154796 0.0157156 0.0133731 0.0122816 0.0102158 0.0131444 0.0139441 0.0156465 0.0105242 0.0119174 0.0149920 0.0129341 0.0139954 0.0129594 0.0132087 0.0126638 0.0170078 0.0164461 0.0135815 
