75
pop1.indv1  0.0000000 0.0125628 0.0159968 0.0150263 0.0154037 0.0125808 0.0139999 0.0151683 0.0136732 0.0161583 0.0159739 0.0165631 0.0139600 0.0094589 0.0156130 0.0154433 0.0166966 0.0134710 0.0162994 0.0177505 0.0135292 0.0131149 0.0166966 0.0138809 0.0142671 0.1824060 0.1929683 0.1852459 0.1803256 0.1895431 0.1850402 0.1894024 0.1912892 0.1816639 0.1867253 0.1838946 0.1780333 0.1887500 0.1925881 0.1820015 0.1843885 0.1873197 0.1811413 0.1839688 0.1908974 0.1872907 0.1911993 0.1877516 0.1901341 0.1848397 0.1912535 0.2046916 0.1905700 0.1975770 0.1990618 0.1980751 0.1958787 0.1945168 0.1922899 0.1979590 0.1938373 0.1919644 0.1962466 0.1934075 0.1930190 0.1886795 0.1950523 0.1979891 0.1932948 0.1944212 0.1980966 0.1877939 0.1970601 0.2016083 0.1871628 
pop1.indv2  0.0125628 0.0000000 0.0150862 0.0135574 0.0116186 0.0116782 0.0135019 0.0117485 0.0153467 0.0169283 0.0110668 0.0154389 0.0110168 0.0140763 0.0125844 0.0151553 0.0134325 0.0128648 0.0127411 0.0116384 0.0129054 0.0108370 0.0155277 0.0101397 0.0114104 0.1698737 0.1823392 0.1698498 0.1723138 0.1761548 0.1720824 0.1768972 0.1755745 0.1789006 0.1766170 0.1756253 0.1697401 0.1723340 0.1804704 0.1720834 0.1712838 0.1761548 0.1720602 0.1776050 0.1797964 0.1771011 0.1859560 0.1771864 0.1789596 0.1740081 0.1770366 0.1934967 0.1797530 0.1847713 0.1861575 0.1858237 0.1890195 0.1771549 0.1831517 0.1866039 0.1826096 0.1806615 0.1841677 0.1819331 0.1805209 0.1796363 0.1820015 0.1819976 0.1839749 0.1821348 0.1827444 0.1801930 0.1880244 0.1916795 0.1783572 
pop1.indv3  0.0159968 0.0150862 0.0000000 0.0119748 0.0130480 0.0118700 0.0139243 0.0125270 0.0134888 0.0165726 0.0109765 0.0147492 0.0153119 0.0140199 0.0113650 0.0153032 0.0124245 0.0156375 0.0140763 0.0118332 0.0110920 0.0119137 0.0159648 0.0154616 0.0141420 0.1789291 0.1897231 0.1810668 0.1796757 0.1810834 0.1776271 0.1832036 0.1864336 0.1819385 0.1816089 0.1794673 0.1774828 0.1824068 0.1852182 0.1787980 0.1810583 0.1822743 0.1791139 0.1830813 0.1871534 0.1835996 0.1891338 0.1851135 0.1877352 0.1786248 0.1845454 0.1934352 0.1850981 0.1881072 0.1891636 0.1952458 0.1888139 0.1862662 0.1878741 0.1867514 0.1873294 0.1854665 0.1917506 0.1901122 0.1866830 0.1869658 0.1912537 0.1864202 0.1897963 0.1848397 0.1879437 0.1854784 0.1916763 0.1971915 0.1810291 
pop1.indv4  0.0150263 0.0135574 0.0119748 0.0000000 0.0106249 0.0135040 0.0161006 0.0135002 0.0122960 0.0141701 0.0126124 0.0135192 0.0145960 0.0133070 0.0135958 0.0180541 0.0154616 0.0145172 0.0142468 0.0146619 0.0146950 0.0129451 0.0161416 0.0154269 0.0165903 0.1814041 0.1923649 0.1844026 0.1865464 0.1868795 0.1847348 0.1919863 0.1929216 0.1850146 0.1808242 0.1866395 0.1835288 0.1849370 0.1932548 0.1845413 0.1838129 0.1888510 0.1833301 0.1892201 0.1905698 0.1888384 0.1973987 0.1900758 0.1920815 0.1882800 0.1823413 0.1927709 0.1812713 0.1851965 0.1872126 0.1862281 0.1893747 0.1820784 0.1858118 0.1912714 0.1822739 0.1841876 0.1899877 0.1889326 0.1830681 0.1838776 0.1900576 0.1883383 0.1882339 0.1894863 0.1894165 0.1839305 0.1888637 0.1954214 0.1777026 
pop1.indv5  0.0154037 0.0116186 0.0130480 0.0106249 0.0000000 0.0104551 0.0104996 0.0096199 0.0118834 0.0128244 0.0087578 0.0138339 0.0121199 0.0148418 0.0134594 0.0127301 0.0110137 0.0113714 0.0108867 0.0124245 0.0099605 0.0116550 0.0105265 0.0140902 0.0135459 0.1671735 0.1794552 0.1695413 0.1713725 0.1751538 0.1692859 0.1729282 0.1772091 0.1740883 0.1715407 0.1717489 0.1683736 0.1752032 0.1761170 0.1706420 0.1683058 0.1729532 0.1698033 0.1709700 0.1788707 0.1748319 0.1801746 0.1737487 0.1801930 0.1689198 0.1792576 0.1948082 0.1762862 0.1831449 0.1861278 0.1844536 0.1846345 0.1811465 0.1820015 0.1884776 0.1826767 0.1815371 0.1843578 0.1863885 0.1784141 0.1807911 0.1876171 0.1845875 0.1879401 0.1837635 0.1845620 0.1790873 0.1883149 0.1990083 0.1756060 
pop1.indv6  0.0125808 0.0116782 0.0118700 0.0135040 0.0104551 0.0000000 0.0128135 0.0136267 0.0113040 0.0111142 0.0110480 0.0131075 0.0092990 0.0123073 0.0113489 0.0156153 0.0116583 0.0120332 0.0141863 0.0125092 0.0102464 0.0122581 0.0145089 0.0144554 0.0118968 0.1738296 0.1871501 0.1759880 0.1776728 0.1824068 0.1781370 0.1818754 0.1817341 0.1820034 0.1743275 0.1813977 0.1756060 0.1813308 0.1837480 0.1777840 0.1761564 0.1827401 0.1756562 0.1781765 0.1814083 0.1828055 0.1891203 0.1818801 0.1854341 0.1799435 0.1803341 0.1869238 0.1777747 0.1834110 0.1834844 0.1840373 0.1844899 0.1808834 0.1804664 0.1847484 0.1808611 0.1779041 0.1834844 0.1855025 0.1830071 0.1794673 0.1815353 0.1799795 0.1839003 0.1799182 0.1830764 0.1786095 0.1852862 0.1890104 0.1729840 
pop1.indv7  0.0139999 0.0135019 0.0139243 0.0161006 0.0104996 0.0128135 0.0000000 0.0117082 0.0127916 0.0132053 0.0142590 0.0153905 0.0127626 0.0106019 0.0152206 0.0148165 0.0142712 0.0114463 0.0144569 0.0140199 0.0117518 0.0114365 0.0126024 0.0107481 0.0130591 0.1743264 0.1858657 0.1813262 0.1807245 0.1822053 0.1765819 0.1826739 0.1818657 0.1779147 0.1803384 0.1871690 0.1722266 0.1802592 0.1864415 0.1807139 0.1837714 0.1798728 0.1766286 0.1837026 0.1878046 0.1833403 0.1903783 0.1813511 0.1871406 0.1784791 0.1823389 0.2006262 0.1863586 0.1932571 0.1936421 0.1948154 0.1914678 0.1864336 0.1920417 0.1950486 0.1901098 0.1883501 0.1924337 0.1907011 0.1858385 0.1887246 0.1937416 0.1876202 0.1900851 0.1943966 0.1893593 0.1842255 0.1937682 0.1987436 0.1804085 
pop1.indv8  0.0151683 0.0117485 0.0125270 0.0135002 0.0096199 0.0136267 0.0117082 0.0000000 0.0122302 0.0137990 0.0125413 0.0143531 0.0113040 0.0128832 0.0146886 0.0154213 0.0111332 0.0128721 0.0142234 0.0151293 0.0091396 0.0131337 0.0137516 0.0150434 0.0124773 0.1745988 0.1867425 0.1769715 0.1751100 0.1798414 0.1744063 0.1782022 0.1811252 0.1741968 0.1773386 0.1781679 0.1749137 0.1789077 0.1814666 0.1752095 0.1723162 0.1789501 0.1691987 0.1778687 0.1799795 0.1781456 0.1855332 0.1816106 0.1821362 0.1743426 0.1767879 0.1878850 0.1726981 0.1807979 0.1799795 0.1782741 0.1842325 0.1784949 0.1803877 0.1789361 0.1818669 0.1800043 0.1797857 0.1806615 0.1772091 0.1767765 0.1794077 0.1828149 0.1801699 0.1786289 0.1815985 0.1767345 0.1820704 0.1923217 0.1720806 
pop1.indv9  0.0136732 0.0153467 0.0134888 0.0122960 0.0118834 0.0113040 0.0127916 0.0122302 0.0000000 0.0110449 0.0127373 0.0129670 0.0126799 0.0099549 0.0142998 0.0137241 0.0130665 0.0133751 0.0126277 0.0156109 0.0130443 0.0110418 0.0157224 0.0139877 0.0124808 0.1830136 0.1896265 0.1844219 0.1808675 0.1855586 0.1806026 0.1851912 0.1876763 0.1835478 0.1832734 0.1869929 0.1781797 0.1839479 0.1896821 0.1823398 0.1829488 0.1824077 0.1797629 0.1858589 0.1877246 0.1854106 0.1905754 0.1852475 0.1877352 0.1816736 0.1887441 0.1976325 0.1866039 0.1920684 0.1949033 0.1924021 0.1944447 0.1864702 0.1928752 0.1900727 0.1900635 0.1893052 0.1949979 0.1926902 0.1881764 0.1869238 0.1921590 0.1903231 0.1937187 0.1917355 0.1922108 0.1858934 0.1952106 0.1974980 0.1843988 
pop1.indv10 0.0161583 0.0169283 0.0165726 0.0141701 0.0128244 0.0111142 0.0132053 0.0137990 0.0110449 0.0000000 0.0128648 0.0134133 0.0168078 0.0149356 0.0132471 0.0201148 0.0181171 0.0106019 0.0125041 0.0151639 0.0117788 0.0128795 0.0146464 0.0136228 0.0144801 0.1794309 0.1901187 0.1824739 0.1807878 0.1853833 0.1820704 0.1860230 0.1895004 0.1830125 0.1804743 0.1846432 0.1821422 0.1842325 0.1883383 0.1832183 0.1775952 0.1854341 0.1774980 0.1880810 0.1893315 0.1874281 0.1936149 0.1844659 0.1892748 0.1832123 0.1768639 0.1921590 0.1769494 0.1798676 0.1862813 0.1824739 0.1859209 0.1838720 0.1810640 0.1892901 0.1859828 0.1771549 0.1847029 0.1853032 0.1807349 0.1799182 0.1847620 0.1807741 0.1874487 0.1838319 0.1851140 0.1784060 0.1877939 0.1928838 0.1801500 
pop1.indv11 0.0159739 0.0110668 0.0109765 0.0126124 0.0087578 0.0110480 0.0142590 0.0125413 0.0127373 0.0128648 0.0000000 0.0111015 0.0153163 0.0102786 0.0131449 0.0121886 0.0102203 0.0130963 0.0103406 0.0122337 0.0122546 0.0151120 0.0125092 0.0149881 0.0121956 0.1699983 0.1737256 0.1675971 0.1691112 0.1698511 0.1669024 0.1723067 0.1741847 0.1696283 0.1693375 0.1699859 0.1636192 0.1712477 0.1762437 0.1667501 0.1665982 0.1732768 0.1665761 0.1694023 0.1764359 0.1737487 0.1773284 0.1737487 0.1781197 0.1683513 0.1752176 0.1834148 0.1717690 0.1778212 0.1796477 0.1803836 0.1788563 0.1765992 0.1781284 0.1779508 0.1757947 0.1750214 0.1769615 0.1781712 0.1736451 0.1745338 0.1768328 0.1748873 0.1768189 0.1809246 0.1785365 0.1717701 0.1805403 0.1877621 0.1691462 
pop1.indv12 0.0165631 0.0154389 0.0147492 0.0135192 0.0138339 0.0131075 0.0153905 0.0143531 0.0129670 0.0134133 0.0111015 0.0000000 0.0127445 0.0125988 0.0152381 0.0174269 0.0110480 0.0134210 0.0132931 0.0168558 0.0169186 0.0133751 0.0166678 0.0127265 0.0154257 0.1744541 0.1816002 0.1800606 0.1764883 0.1810724 0.1755652 0.1817400 0.1851610 0.1772634 0.1782359 0.1746303 0.1750360 0.1798624 0.1855525 0.1797195 0.1767537 0.1812074 0.1768133 0.1826085 0.1875272 0.1849370 0.1867511 0.1774632 0.1871219 0.1805364 0.1861968 0.1955853 0.1864736 0.1896553 0.1892179 0.1918304 0.1928752 0.1842790 0.1860516 0.1929342 0.1881640 0.1854282 0.1900635 0.1936238 0.1880021 0.1863964 0.1924853 0.1882338 0.1908023 0.1915394 0.1885018 0.1891069 0.1955322 0.1949507 0.1808144 
pop1.indv13 0.0139600 0.0110168 0.0153119 0.0145960 0.0121199 0.0092990 0.0127626 0.0113040 0.0126799 0.0168078 0.0153163 0.0127445 0.0000000 0.0133713 0.0143285 0.0141380 0.0125092 0.0118700 0.0132701 0.0152946 0.0119171 0.0136073 0.0154257 0.0121097 0.0176394 0.1747100 0.1908804 0.1775885 0.1782673 0.1830764 0.1776079 0.1826064 0.1844219 0.1812049 0.1814083 0.1826755 0.1787121 0.1777188 0.1861597 0.1739446 0.1797140 0.1815409 0.1789710 0.1808546 0.1852975 0.1836018 0.1883157 0.1824739 0.1844858 0.1769506 0.1777377 0.1895849 0.1843046 0.1850248 0.1881412 0.1883978 0.1859071 0.1837354 0.1852459 0.1854904 0.1813308 0.1828727 0.1841541 0.1875862 0.1815409 0.1810696 0.1838804 0.1819342 0.1874983 0.1835565 0.1873692 0.1790940 0.1899327 0.1929553 0.1756329 
pop1.indv14 0.0094589 0.0140763 0.0140199 0.0133070 0.0148418 0.0123073 0.0106019 0.0128832 0.0099549 0.0149356 0.0102786 0.0125988 0.0133713 0.0000000 0.0126024 0.0140119 0.0108432 0.0123320 0.0112553 0.0151683 0.0123320 0.0111459 0.0149228 0.0116749 0.0131187 0.1739532 0.1859349 0.1776805 0.1776805 0.1803877 0.1766351 0.1768861 0.1828122 0.1768075 0.1809246 0.1804421 0.1748199 0.1784229 0.1830800 0.1734295 0.1757656 0.1805988 0.1778860 0.1816557 0.1852741 0.1818065 0.1891444 0.1795330 0.1859419 0.1768302 0.1847209 0.1970610 0.1850022 0.1915764 0.1877506 0.1859774 0.1897700 0.1874580 0.1909836 0.1896991 0.1902123 0.1857900 0.1880356 0.1943479 0.1849181 0.1811143 0.1904105 0.1885757 0.1868561 0.1895877 0.1895009 0.1839658 0.1945675 0.1958872 0.1775135 
pop1.indv15 0.0156130 0.0125844 0.0113650 0.0135958 0.0134594 0.0113489 0.0152206 0.0146886 0.0142998 0.0132471 0.0131449 0.0152381 0.0143285 0.0126024 0.0000000 0.0154832 0.0166630 0.0138229 0.0141904 0.0116815 0.0123924 0.0117082 0.0134402 0.0159739 0.0122686 0.1838374 0.1925672 0.1884439 0.1832168 0.1878370 0.1818657 0.1872506 0.1898969 0.1823387 0.1852975 0.1870992 0.1804043 0.1877886 0.1893740 0.1873087 0.1791453 0.1844258 0.1844219 0.1891718 0.1933074 0.1879800 0.1938574 0.1877141 0.1928364 0.1821348 0.1797084 0.1924337 0.1844456 0.1855960 0.1917014 0.1849971 0.1912177 0.1806759 0.1907514 0.1897963 0.1865594 0.1813377 0.1864817 0.1863351 0.1840928 0.1776805 0.1843009 0.1829507 0.1874087 0.1841126 0.1852571 0.1836222 0.1942515 0.1972813 0.1802021 
pop1.indv16 0.0154433 0.0151553 0.0153032 0.0180541 0.0127301 0.0156153 0.0148165 0.0154213 0.0137241 0.0201148 0.0121886 0.0174269 0.0141380 0.0140119 0.0154832 0.0000000 0.0142184 0.0145877 0.0121060 0.0164457 0.0154213 0.0165536 0.0181067 0.0130000 0.0173230 0.1830825 0.1930696 0.1852459 0.1864415 0.1878633 0.1816704 0.1859341 0.1916795 0.1854282 0.1872602 0.1875476 0.1830050 0.1870020 0.1911829 0.1833543 0.1850506 0.1904780 0.1859341 0.1883978 0.1915027 0.1889455 0.1956586 0.1903986 0.1939853 0.1842220 0.1943725 0.2056508 0.1913070 0.1968394 0.2005509 0.1961551 0.1919121 0.1952060 0.1931917 0.1967083 0.1910935 0.1921523 0.1970011 0.1975895 0.1918552 0.1907178 0.1939387 0.1919698 0.1953979 0.1941540 0.1926292 0.1904558 0.1985708 0.2044337 0.1844065 
pop1.indv17 0.0166966 0.0134325 0.0124245 0.0154616 0.0110137 0.0116583 0.0142712 0.0111332 0.0130665 0.0181171 0.0102203 0.0110480 0.0125092 0.0108432 0.0166630 0.0142184 0.0000000 0.0122686 0.0126495 0.0151250 0.0113682 0.0137045 0.0148758 0.0152256 0.0119408 0.1700355 0.1801975 0.1743741 0.1728717 0.1746120 0.1731414 0.1765470 0.1816055 0.1756292 0.1744541 0.1736909 0.1719567 0.1746770 0.1810696 0.1749325 0.1753387 0.1779041 0.1736518 0.1760138 0.1776271 0.1783734 0.1815296 0.1789271 0.1811306 0.1765409 0.1789737 0.1914663 0.1796420 0.1851610 0.1842255 0.1848541 0.1850981 0.1798333 0.1872892 0.1886869 0.1844899 0.1826069 0.1869838 0.1851557 0.1836757 0.1808611 0.1862431 0.1836316 0.1852684 0.1851194 0.1828108 0.1816720 0.1869748 0.1897231 0.1791007 
pop1.indv18 0.0134710 0.0128648 0.0156375 0.0145172 0.0113714 0.0120332 0.0114463 0.0128721 0.0133751 0.0106019 0.0130963 0.0134210 0.0118700 0.0123320 0.0138229 0.0145877 0.0122686 0.0000000 0.0107062 0.0110952 0.0108805 0.0110983 0.0135097 0.0130369 0.0145961 0.1742925 0.1829469 0.1796248 0.1777558 0.1771017 0.1745819 0.1773284 0.1801746 0.1773422 0.1759620 0.1781331 0.1722081 0.1778215 0.1778401 0.1763796 0.1750057 0.1785785 0.1723515 0.1776417 0.1865429 0.1822727 0.1857541 0.1802724 0.1854581 0.1772870 0.1748873 0.1908229 0.1779347 0.1824739 0.1817281 0.1824739 0.1800411 0.1766286 0.1798975 0.1852627 0.1787536 0.1771881 0.1794309 0.1817984 0.1809884 0.1753244 0.1819331 0.1783066 0.1811060 0.1811143 0.1788345 0.1757947 0.1816655 0.1888653 0.1707275 
pop1.indv19 0.0162994 0.0127411 0.0140763 0.0142468 0.0108867 0.0141863 0.0144569 0.0142234 0.0126277 0.0125041 0.0103406 0.0132931 0.0132701 0.0112553 0.0141904 0.0121060 0.0126495 0.0107062 0.0000000 0.0150393 0.0127633 0.0115654 0.0166315 0.0134981 0.0135409 0.1852385 0.1946185 0.1858443 0.1844617 0.1894157 0.1863124 0.1862890 0.1926716 0.1866889 0.1867246 0.1895160 0.1817281 0.1872778 0.1904430 0.1858513 0.1874907 0.1937610 0.1855332 0.1886387 0.1933395 0.1903231 0.1940498 0.1933295 0.1936103 0.1881981 0.1888145 0.1957005 0.1877338 0.1952343 0.1918155 0.1918198 0.1927756 0.1878370 0.1923262 0.1959236 0.1889975 0.1898861 0.1929003 0.1925566 0.1902281 0.1881503 0.1929434 0.1907948 0.1917273 0.1919273 0.1933903 0.1878918 0.1963141 0.2011959 0.1845704 
pop1.indv20 0.0177505 0.0116384 0.0118332 0.0146619 0.0124245 0.0125092 0.0140199 0.0151293 0.0156109 0.0151639 0.0122337 0.0168558 0.0152946 0.0151683 0.0116815 0.0164457 0.0151250 0.0110952 0.0150393 0.0000000 0.0145461 0.0142509 0.0151900 0.0152514 0.0144391 0.1785941 0.1883266 0.1771775 0.1808675 0.1833403 0.1805479 0.1829366 0.1847575 0.1836176 0.1836710 0.1822723 0.1778848 0.1842935 0.1880492 0.1813998 0.1805209 0.1831409 0.1814844 0.1876171 0.1900027 0.1864544 0.1923217 0.1856569 0.1910224 0.1788850 0.1867857 0.2008529 0.1865429 0.1955786 0.1960895 0.1949316 0.1969130 0.1953291 0.1931917 0.1945879 0.1910935 0.1923649 0.1943245 0.1936507 0.1903146 0.1859002 0.1943966 0.1912534 0.1955186 0.1943966 0.1910588 0.1900880 0.1971915 0.2044017 0.1862587 
pop1.indv21 0.0135292 0.0129054 0.0110920 0.0146950 0.0099605 0.0102464 0.0117518 0.0091396 0.0130443 0.0117788 0.0122546 0.0169186 0.0119171 0.0123320 0.0123924 0.0154213 0.0113682 0.0108805 0.0127633 0.0145461 0.0000000 0.0128501 0.0131562 0.0135574 0.0116715 0.1736315 0.1834204 0.1760268 0.1768953 0.1801975 0.1770910 0.1821389 0.1826091 0.1789006 0.1801884 0.1784310 0.1752958 0.1783652 0.1838889 0.1742134 0.1755190 0.1814706 0.1763078 0.1802906 0.1806579 0.1832094 0.1876801 0.1820080 0.1843769 0.1776632 0.1788934 0.1910571 0.1792186 0.1841575 0.1873087 0.1845918 0.1845662 0.1826074 0.1805799 0.1876171 0.1828808 0.1799895 0.1808579 0.1819353 0.1805248 0.1772870 0.1817984 0.1818608 0.1826107 0.1803082 0.1853951 0.1778493 0.1878046 0.1903623 0.1738689 
pop1.indv22 0.0131149 0.0108370 0.0119137 0.0129451 0.0116550 0.0122581 0.0114365 0.0131337 0.0110418 0.0128795 0.0151120 0.0133751 0.0136073 0.0111459 0.0117082 0.0165536 0.0137045 0.0110983 0.0115654 0.0142509 0.0128501 0.0000000 0.0149099 0.0124069 0.0113040 0.1709929 0.1818038 0.1753530 0.1752816 0.1758722 0.1743902 0.1781542 0.1826085 0.1776997 0.1785365 0.1770366 0.1712343 0.1757035 0.1818038 0.1745345 0.1741187 0.1751336 0.1772402 0.1761835 0.1824739 0.1810177 0.1855147 0.1794378 0.1830158 0.1783816 0.1824739 0.1959433 0.1871786 0.1879547 0.1908433 0.1882927 0.1876868 0.1854844 0.1896844 0.1930910 0.1880469 0.1854282 0.1861352 0.1932352 0.1830114 0.1846520 0.1901965 0.1856587 0.1890328 0.1877079 0.1908433 0.1872795 0.1915373 0.1937946 0.1804901 
pop1.indv23 0.0166966 0.0155277 0.0159648 0.0161416 0.0105265 0.0145089 0.0126024 0.0137516 0.0157224 0.0146464 0.0125092 0.0166678 0.0154257 0.0149228 0.0134402 0.0181067 0.0148758 0.0135097 0.0166315 0.0151900 0.0131562 0.0149099 0.0000000 0.0147660 0.0153598 0.1803169 0.1867944 0.1840342 0.1797250 0.1828767 0.1816002 0.1870437 0.1872292 0.1835565 0.1818011 0.1819342 0.1790806 0.1838237 0.1868119 0.1798975 0.1804338 0.1831463 0.1746120 0.1819276 0.1886419 0.1883266 0.1917922 0.1828068 0.1906966 0.1787907 0.1861500 0.2010419 0.1878103 0.1880356 0.1952507 0.1916136 0.1919313 0.1844858 0.1874487 0.1939853 0.1863745 0.1828767 0.1887949 0.1908603 0.1877564 0.1854069 0.1917014 0.1904430 0.1905478 0.1929303 0.1914496 0.1838237 0.1944937 0.1967640 0.1824069 
pop1.indv24 0.0138809 0.0101397 0.0154616 0.0154269 0.0140902 0.0144554 0.0107481 0.0150434 0.0139877 0.0136228 0.0149881 0.0127265 0.0121097 0.0116749 0.0159739 0.0130000 0.0152256 0.0130369 0.0134981 0.0152514 0.0135574 0.0124069 0.0147660 0.0000000 0.0146165 0.1796045 0.1910604 0.1842185 0.1830764 0.1888074 0.1834743 0.1859136 0.1893326 0.1859478 0.1846807 0.1875070 0.1759378 0.1862813 0.1893747 0.1850299 0.1826085 0.1857920 0.1838556 0.1891906 0.1903376 0.1865063 0.1936733 0.1876417 0.1881072 0.1833420 0.1842150 0.1985059 0.1824067 0.1909369 0.1925983 0.1916296 0.1893747 0.1862438 0.1921590 0.1948755 0.1886620 0.1888891 0.1916609 0.1881764 0.1857309 0.1864415 0.1910243 0.1903463 0.1917355 0.1897258 0.1868372 0.1845454 0.1930346 0.1944926 0.1835952 
pop1.indv25 0.0142671 0.0114104 0.0141420 0.0165903 0.0135459 0.0118968 0.0130591 0.0124773 0.0124808 0.0144801 0.0121956 0.0154257 0.0176394 0.0131187 0.0122686 0.0173230 0.0119408 0.0145961 0.0135409 0.0144391 0.0116715 0.0113040 0.0153598 0.0146165 0.0000000 0.1714349 0.1845495 0.1759880 0.1775528 0.1765001 0.1753738 0.1768661 0.1802021 0.1763999 0.1767573 0.1769286 0.1727793 0.1754875 0.1794138 0.1757814 0.1747741 0.1780333 0.1750360 0.1779801 0.1843578 0.1791205 0.1889357 0.1791979 0.1837557 0.1728658 0.1817356 0.1948782 0.1749325 0.1806063 0.1870020 0.1860041 0.1880244 0.1806865 0.1856459 0.1851557 0.1828101 0.1817429 0.1847029 0.1840124 0.1833420 0.1787980 0.1853658 0.1820688 0.1857408 0.1864817 0.1825408 0.1796215 0.1869658 0.1917319 0.1779952 
pop2.indv1  0.1824060 0.1698737 0.1789291 0.1814041 0.1671735 0.1738296 0.1743264 0.1745988 0.1830136 0.1794309 0.1699983 0.1744541 0.1747100 0.1739532 0.1838374 0.1830825 0.1700355 0.1742925 0.1852385 0.1785941 0.1736315 0.1709929 0.1803169 0.1796045 0.1714349 0.0000000 0.0119273 0.0119510 0.0093121 0.0122059 0.0114006 0.0152256 0.0108432 0.0108308 0.0092911 0.0116882 0.0107118 0.0119510 0.0119070 0.0093889 0.0126714 0.0115881 0.0127265 0.0085735 0.0119442 0.0110044 0.0135097 0.0115424 0.0122862 0.0128427 0.1834844 0.1968382 0.1843769 0.1880021 0.1910205 0.1884708 0.1889536 0.1888453 0.1888015 0.1907387 0.1889357 0.1807349 0.1814666 0.1817356 0.1806579 0.1808579 0.1875784 0.1839810 0.1849330 0.1948838 0.1866206 0.1830114 0.1937682 0.1986362 0.1809461 
pop2.indv2  0.1929683 0.1823392 0.1897231 0.1923649 0.1794552 0.1871501 0.1858657 0.1867425 0.1896265 0.1901187 0.1737256 0.1816002 0.1908804 0.1859349 0.1925672 0.1930696 0.1801975 0.1829469 0.1946185 0.1883266 0.1834204 0.1818038 0.1867944 0.1910604 0.1845495 0.0119273 0.0000000 0.0114267 0.0123999 0.0117801 0.0133523 0.0135040 0.0142225 0.0110668 0.0114906 0.0090954 0.0143537 0.0087702 0.0127554 0.0119544 0.0123178 0.0107481 0.0118132 0.0125306 0.0121956 0.0140388 0.0166248 0.0139526 0.0140279 0.0115848 0.1788707 0.1935564 0.1843616 0.1888453 0.1880021 0.1850506 0.1822069 0.1874572 0.1855772 0.1846045 0.1832798 0.1782359 0.1822736 0.1790085 0.1811413 0.1813399 0.1867083 0.1815277 0.1833507 0.1899929 0.1802066 0.1821402 0.1913241 0.1979810 0.1774925 
pop2.indv3  0.1852459 0.1698498 0.1810668 0.1844026 0.1695413 0.1759880 0.1813262 0.1769715 0.1844219 0.1824739 0.1675971 0.1800606 0.1775885 0.1776805 0.1884439 0.1852459 0.1743741 0.1796248 0.1858443 0.1771775 0.1760268 0.1753530 0.1840342 0.1842185 0.1759880 0.0119510 0.0114267 0.0000000 0.0121990 0.0131299 0.0119544 0.0121131 0.0119374 0.0102319 0.0124350 0.0093782 0.0119002 0.0108124 0.0147744 0.0105475 0.0106293 0.0104817 0.0109304 0.0111395 0.0125021 0.0115554 0.0158584 0.0111745 0.0123781 0.0116516 0.1866732 0.2014214 0.1858102 0.1917355 0.1938108 0.1941753 0.1916110 0.1906725 0.1914327 0.1931415 0.1909662 0.1796102 0.1862507 0.1880942 0.1847074 0.1866122 0.1912358 0.1903318 0.1871181 0.1966900 0.1898969 0.1831490 0.1973418 0.1995664 0.1856143 
pop2.indv4  0.1803256 0.1723138 0.1796757 0.1865464 0.1713725 0.1776728 0.1807245 0.1751100 0.1808675 0.1807878 0.1691112 0.1764883 0.1782673 0.1776805 0.1832168 0.1864415 0.1728717 0.1777558 0.1844617 0.1808675 0.1768953 0.1752816 0.1797250 0.1830764 0.1775528 0.0093121 0.0123999 0.0121990 0.0000000 0.0130221 0.0098512 0.0092598 0.0127085 0.0090287 0.0104022 0.0079273 0.0081722 0.0110231 0.0089680 0.0096554 0.0097384 0.0081424 0.0120893 0.0082419 0.0110137 0.0132060 0.0127989 0.0100323 0.0122651 0.0090440 0.1814686 0.1937226 0.1795988 0.1836085 0.1850981 0.1863586 0.1848068 0.1828712 0.1849033 0.1819406 0.1849768 0.1735266 0.1764479 0.1799486 0.1764479 0.1752816 0.1826747 0.1805209 0.1805799 0.1842972 0.1795930 0.1791193 0.1895421 0.1917656 0.1771968 
pop2.indv5  0.1895431 0.1761548 0.1810834 0.1868795 0.1751538 0.1824068 0.1822053 0.1798414 0.1855586 0.1853833 0.1698511 0.1810724 0.1830764 0.1803877 0.1878370 0.1878633 0.1746120 0.1771017 0.1894157 0.1833403 0.1801975 0.1758722 0.1828767 0.1888074 0.1765001 0.0122059 0.0117801 0.0131299 0.0130221 0.0000000 0.0151034 0.0154834 0.0156508 0.0127662 0.0129524 0.0125378 0.0164457 0.0127807 0.0153119 0.0143244 0.0140440 0.0152859 0.0151657 0.0134171 0.0138612 0.0170029 0.0145544 0.0162749 0.0150905 0.0118935 0.1871910 0.1990155 0.1847759 0.1924760 0.1911470 0.1925261 0.1889536 0.1901210 0.1916981 0.1912538 0.1901033 0.1826719 0.1872410 0.1846719 0.1859002 0.1842185 0.1916425 0.1885509 0.1888653 0.1937416 0.1856395 0.1882339 0.1977916 0.2014164 0.1869302 
pop2.indv6  0.1850402 0.1720824 0.1776271 0.1847348 0.1692859 0.1781370 0.1765819 0.1744063 0.1806026 0.1820704 0.1669024 0.1755652 0.1776079 0.1766351 0.1818657 0.1816704 0.1731414 0.1745819 0.1863124 0.1805479 0.1770910 0.1743902 0.1816002 0.1834743 0.1753738 0.0114006 0.0133523 0.0119544 0.0098512 0.0151034 0.0000000 0.0129927 0.0109920 0.0110480 0.0115262 0.0113200 0.0112089 0.0130814 0.0121611 0.0107909 0.0091684 0.0129744 0.0129016 0.0117216 0.0118565 0.0115035 0.0133410 0.0116883 0.0142834 0.0118901 0.1770690 0.1895431 0.1766885 0.1825405 0.1818051 0.1779147 0.1822739 0.1828035 0.1834823 0.1854665 0.1808012 0.1730530 0.1768217 0.1780157 0.1753030 0.1782757 0.1798070 0.1766234 0.1772321 0.1859140 0.1765409 0.1766929 0.1866312 0.1914648 0.1745009 
pop2.indv7  0.1894024 0.1768972 0.1832036 0.1919863 0.1729282 0.1818754 0.1826739 0.1782022 0.1851912 0.1860230 0.1723067 0.1817400 0.1826064 0.1768861 0.1872506 0.1859341 0.1765470 0.1773284 0.1862890 0.1829366 0.1821389 0.1781542 0.1870437 0.1859136 0.1768661 0.0152256 0.0135040 0.0121131 0.0092598 0.0154834 0.0129927 0.0000000 0.0146826 0.0161006 0.0128475 0.0106967 0.0105747 0.0129597 0.0125701 0.0173822 0.0165348 0.0142774 0.0117669 0.0141983 0.0166090 0.0136832 0.0156642 0.0152939 0.0147660 0.0154965 0.1763320 0.1872811 0.1734559 0.1834664 0.1784712 0.1811413 0.1776746 0.1798590 0.1800606 0.1825399 0.1794969 0.1710384 0.1753030 0.1732325 0.1722230 0.1773991 0.1810807 0.1746598 0.1742804 0.1838102 0.1763839 0.1793081 0.1872126 0.1902751 0.1712256 
pop2.indv8  0.1912892 0.1755745 0.1864336 0.1929216 0.1772091 0.1817341 0.1818657 0.1811252 0.1876763 0.1895004 0.1741847 0.1851610 0.1844219 0.1828122 0.1898969 0.1916795 0.1816055 0.1801746 0.1926716 0.1847575 0.1826091 0.1826085 0.1872292 0.1893326 0.1802021 0.0108432 0.0142225 0.0119374 0.0127085 0.0156508 0.0109920 0.0146826 0.0000000 0.0112976 0.0101340 0.0131187 0.0098373 0.0122546 0.0121029 0.0116616 0.0108805 0.0135268 0.0106667 0.0114136 0.0130332 0.0129853 0.0119885 0.0108725 0.0140079 0.0136383 0.1806723 0.1966480 0.1771986 0.1898076 0.1879437 0.1867425 0.1857438 0.1858730 0.1846389 0.1845331 0.1875374 0.1786323 0.1785598 0.1771011 0.1808112 0.1851557 0.1864941 0.1864736 0.1792980 0.1872292 0.1812049 0.1798676 0.1889148 0.1945890 0.1753170 
pop2.indv9  0.1816639 0.1789006 0.1819385 0.1850146 0.1740883 0.1820034 0.1779147 0.1741968 0.1835478 0.1830125 0.1696283 0.1772634 0.1812049 0.1768075 0.1823387 0.1854282 0.1756292 0.1773422 0.1866889 0.1836176 0.1789006 0.1776997 0.1835565 0.1859478 0.1763999 0.0108308 0.0110668 0.0102319 0.0090287 0.0127662 0.0110480 0.0161006 0.0112976 0.0000000 0.0092443 0.0113585 0.0124210 0.0107451 0.0121748 0.0119612 0.0122791 0.0118332 0.0109365 0.0113974 0.0118632 0.0135230 0.0172225 0.0131469 0.0099975 0.0130628 0.1748047 0.1887316 0.1744063 0.1801407 0.1805287 0.1790329 0.1793359 0.1791139 0.1800558 0.1778396 0.1771231 0.1723515 0.1746598 0.1753878 0.1702430 0.1753456 0.1817371 0.1770801 0.1772321 0.1830147 0.1770151 0.1727078 0.1834129 0.1894024 0.1703519 
pop2.indv10 0.1867253 0.1766170 0.1816089 0.1808242 0.1715407 0.1743275 0.1803384 0.1773386 0.1832734 0.1804743 0.1693375 0.1782359 0.1814083 0.1809246 0.1852975 0.1872602 0.1744541 0.1759620 0.1867246 0.1836710 0.1801884 0.1785365 0.1818011 0.1846807 0.1767573 0.0092911 0.0114906 0.0124350 0.0104022 0.0129524 0.0115262 0.0128475 0.0101340 0.0092443 0.0000000 0.0124491 0.0120486 0.0121233 0.0146536 0.0124808 0.0117451 0.0112184 0.0094515 0.0142023 0.0120927 0.0151742 0.0139203 0.0150558 0.0139124 0.0106967 0.1786747 0.1956248 0.1814706 0.1850773 0.1892628 0.1814646 0.1853371 0.1835974 0.1862431 0.1881764 0.1842790 0.1738280 0.1806137 0.1808802 0.1813466 0.1830764 0.1856887 0.1787101 0.1827428 0.1868636 0.1821402 0.1822736 0.1896247 0.1962706 0.1751423 
pop2.indv11 0.1838946 0.1756253 0.1794673 0.1866395 0.1717489 0.1813977 0.1871690 0.1781679 0.1869929 0.1846432 0.1699859 0.1746303 0.1826755 0.1804421 0.1870992 0.1875476 0.1736909 0.1781331 0.1895160 0.1822723 0.1784310 0.1770366 0.1819342 0.1875070 0.1769286 0.0116882 0.0090954 0.0093782 0.0079273 0.0125378 0.0113200 0.0106967 0.0131187 0.0113585 0.0124491 0.0000000 0.0121473 0.0108216 0.0122025 0.0102523 0.0106384 0.0121542 0.0112816 0.0117620 0.0128391 0.0141141 0.0158129 0.0100942 0.0135019 0.0122686 0.1790466 0.1922700 0.1822031 0.1879547 0.1857833 0.1833561 0.1822053 0.1862206 0.1839032 0.1848839 0.1833525 0.1779508 0.1789149 0.1818038 0.1783979 0.1787833 0.1848984 0.1790923 0.1838346 0.1909489 0.1840248 0.1780455 0.1908974 0.1955058 0.1796923 
pop2.indv12 0.1780333 0.1697401 0.1774828 0.1835288 0.1683736 0.1756060 0.1722266 0.1749137 0.1781797 0.1821422 0.1636192 0.1750360 0.1787121 0.1748199 0.1804043 0.1830050 0.1719567 0.1722081 0.1817281 0.1778848 0.1752958 0.1712343 0.1790806 0.1759378 0.1727793 0.0107118 0.0143537 0.0119002 0.0081722 0.0164457 0.0112089 0.0105747 0.0098373 0.0124210 0.0120486 0.0121473 0.0000000 0.0089932 0.0123408 0.0110449 0.0073034 0.0123063 0.0122994 0.0127844 0.0098373 0.0117471 0.0160059 0.0139060 0.0139282 0.0152342 0.1779131 0.1904460 0.1730601 0.1845209 0.1842012 0.1792830 0.1792370 0.1809699 0.1811439 0.1818143 0.1798281 0.1741730 0.1749582 0.1751910 0.1761902 0.1750847 0.1807555 0.1765643 0.1746288 0.1802855 0.1762682 0.1778487 0.1835974 0.1922353 0.1726276 
pop2.indv13 0.1887500 0.1723340 0.1824068 0.1849370 0.1752032 0.1813308 0.1802592 0.1789077 0.1839479 0.1842325 0.1712477 0.1798624 0.1777188 0.1784229 0.1877886 0.1870020 0.1746770 0.1778215 0.1872778 0.1842935 0.1783652 0.1757035 0.1838237 0.1862813 0.1754875 0.0119510 0.0087702 0.0108124 0.0110231 0.0127807 0.0130814 0.0129597 0.0122546 0.0107451 0.0121233 0.0108216 0.0089932 0.0000000 0.0141460 0.0128537 0.0097917 0.0095739 0.0098043 0.0131750 0.0110293 0.0135344 0.0160196 0.0120351 0.0102816 0.0107695 0.1784632 0.1989262 0.1813239 0.1886869 0.1921072 0.1849230 0.1866312 0.1840767 0.1902205 0.1889406 0.1878588 0.1785521 0.1844980 0.1841609 0.1790873 0.1837531 0.1871406 0.1796420 0.1862119 0.1921463 0.1807280 0.1846345 0.1945656 0.1933136 0.1782275 
pop2.indv14 0.1925881 0.1804704 0.1852182 0.1932548 0.1761170 0.1837480 0.1864415 0.1814666 0.1896821 0.1883383 0.1762437 0.1855525 0.1861597 0.1830800 0.1893740 0.1911829 0.1810696 0.1778401 0.1904430 0.1880492 0.1838889 0.1818038 0.1868119 0.1893747 0.1794138 0.0119070 0.0127554 0.0147744 0.0089680 0.0153119 0.0121611 0.0125701 0.0121029 0.0121748 0.0146536 0.0122025 0.0123408 0.0141460 0.0000000 0.0113585 0.0125664 0.0115521 0.0148954 0.0107360 0.0126549 0.0131359 0.0145669 0.0117405 0.0165631 0.0105025 0.1856268 0.2016814 0.1870621 0.1930985 0.1941554 0.1886544 0.1910948 0.1919917 0.1909514 0.1897376 0.1893463 0.1839420 0.1851503 0.1884536 0.1832749 0.1871816 0.1904237 0.1875681 0.1883275 0.1921072 0.1891636 0.1871033 0.1938468 0.2019410 0.1835996 
pop2.indv15 0.1820015 0.1720834 0.1787980 0.1845413 0.1706420 0.1777840 0.1807139 0.1752095 0.1823398 0.1832183 0.1667501 0.1797195 0.1739446 0.1734295 0.1873087 0.1833543 0.1749325 0.1763796 0.1858513 0.1813998 0.1742134 0.1745345 0.1798975 0.1850299 0.1757814 0.0093889 0.0119544 0.0105475 0.0096554 0.0143244 0.0107909 0.0173822 0.0116616 0.0119612 0.0124808 0.0102523 0.0110449 0.0128537 0.0113585 0.0000000 0.0109811 0.0133866 0.0139282 0.0123461 0.0138730 0.0120893 0.0147055 0.0126159 0.0129054 0.0125485 0.1823400 0.1949538 0.1821362 0.1857016 0.1846984 0.1867685 0.1864575 0.1845413 0.1861426 0.1921912 0.1836199 0.1784060 0.1832123 0.1809370 0.1759753 0.1811252 0.1877458 0.1827455 0.1831531 0.1871690 0.1811279 0.1797195 0.1890368 0.1972075 0.1789710 
pop2.indv16 0.1843885 0.1712838 0.1810583 0.1838129 0.1683058 0.1761564 0.1837714 0.1723162 0.1829488 0.1775952 0.1665982 0.1767537 0.1797140 0.1757656 0.1791453 0.1850506 0.1753387 0.1750057 0.1874907 0.1805209 0.1755190 0.1741187 0.1804338 0.1826085 0.1747741 0.0126714 0.0123178 0.0106293 0.0097384 0.0140440 0.0091684 0.0165348 0.0108805 0.0122791 0.0117451 0.0106384 0.0073034 0.0097917 0.0125664 0.0109811 0.0000000 0.0128537 0.0102116 0.0103674 0.0111779 0.0107817 0.0145452 0.0127229 0.0143531 0.0134710 0.1770366 0.1897848 0.1770254 0.1817957 0.1849971 0.1826104 0.1801078 0.1816020 0.1814543 0.1831490 0.1828156 0.1753955 0.1795640 0.1775689 0.1753172 0.1781592 0.1814564 0.1799491 0.1781820 0.1900602 0.1789383 0.1764041 0.1867685 0.1934465 0.1747079 
pop2.indv17 0.1873197 0.1761548 0.1822743 0.1888510 0.1729532 0.1827401 0.1798728 0.1789501 0.1824077 0.1854341 0.1732768 0.1812074 0.1815409 0.1805988 0.1844258 0.1904780 0.1779041 0.1785785 0.1937610 0.1831409 0.1814706 0.1751336 0.1831463 0.1857920 0.1780333 0.0115881 0.0107481 0.0104817 0.0081424 0.0152859 0.0129744 0.0142774 0.0135268 0.0118332 0.0112184 0.0121542 0.0123063 0.0095739 0.0115521 0.0133866 0.0128537 0.0000000 0.0097578 0.0113974 0.0130517 0.0154616 0.0142916 0.0124933 0.0153686 0.0124139 0.1796813 0.1943249 0.1823395 0.1857438 0.1890803 0.1857016 0.1891102 0.1884061 0.1894584 0.1841910 0.1877246 0.1775370 0.1820071 0.1804166 0.1786323 0.1817429 0.1842754 0.1813998 0.1818038 0.1895004 0.1814746 0.1837455 0.1906023 0.1975409 0.1745009 
pop2.indv18 0.1811413 0.1720602 0.1791139 0.1833301 0.1698033 0.1756562 0.1766286 0.1691987 0.1797629 0.1774980 0.1665761 0.1768133 0.1789710 0.1778860 0.1844219 0.1859341 0.1736518 0.1723515 0.1855332 0.1814844 0.1763078 0.1772402 0.1746120 0.1838556 0.1750360 0.0127265 0.0118132 0.0109304 0.0120893 0.0151657 0.0129016 0.0117669 0.0106667 0.0109365 0.0094515 0.0112816 0.0122994 0.0098043 0.0148954 0.0139282 0.0102116 0.0097578 0.0000000 0.0121233 0.0123408 0.0139022 0.0121473 0.0127443 0.0144513 0.0101197 0.1780333 0.1936774 0.1799385 0.1837379 0.1864178 0.1828767 0.1822079 0.1825397 0.1836131 0.1868534 0.1827407 0.1752052 0.1775176 0.1785829 0.1771327 0.1746905 0.1849370 0.1804624 0.1829441 0.1840124 0.1781797 0.1806210 0.1877516 0.1942540 0.1734101 
pop2.indv19 0.1839688 0.1776050 0.1830813 0.1892201 0.1709700 0.1781765 0.1837026 0.1778687 0.1858589 0.1880810 0.1694023 0.1826085 0.1808546 0.1816557 0.1891718 0.1883978 0.1760138 0.1776417 0.1886387 0.1876171 0.1802906 0.1761835 0.1819276 0.1891906 0.1779801 0.0085735 0.0125306 0.0111395 0.0082419 0.0134171 0.0117216 0.0141983 0.0114136 0.0113974 0.0142023 0.0117620 0.0127844 0.0131750 0.0107360 0.0123461 0.0103674 0.0113974 0.0121233 0.0000000 0.0139999 0.0093094 0.0123746 0.0153119 0.0134517 0.0102757 0.1843769 0.1949062 0.1812567 0.1920745 0.1881755 0.1874894 0.1855897 0.1875171 0.1887628 0.1893740 0.1872485 0.1807979 0.1854581 0.1837531 0.1826082 0.1866039 0.1920941 0.1848041 0.1858934 0.1894157 0.1862736 0.1819353 0.1941050 0.1956586 0.1862281 
pop2.indv20 0.1908974 0.1797964 0.1871534 0.1905698 0.1788707 0.1814083 0.1878046 0.1799795 0.1877246 0.1893315 0.1764359 0.1875272 0.1852975 0.1852741 0.1933074 0.1915027 0.1776271 0.1865429 0.1933395 0.1900027 0.1806579 0.1824739 0.1886419 0.1903376 0.1843578 0.0119442 0.0121956 0.0125021 0.0110137 0.0138612 0.0118565 0.0166090 0.0130332 0.0118632 0.0120927 0.0128391 0.0098373 0.0110293 0.0126549 0.0138730 0.0111779 0.0130517 0.0123408 0.0139999 0.0000000 0.0129052 0.0137398 0.0142774 0.0133410 0.0129927 0.1810724 0.1958431 0.1828101 0.1869569 0.1860516 0.1820024 0.1842790 0.1822090 0.1845662 0.1858866 0.1819363 0.1799585 0.1788921 0.1784381 0.1784221 0.1764479 0.1874580 0.1818657 0.1824063 0.1877352 0.1856395 0.1799435 0.1899627 0.1944444 0.1771004 
pop2.indv21 0.1872907 0.1771011 0.1835996 0.1888384 0.1748319 0.1828055 0.1833403 0.1781456 0.1854106 0.1874281 0.1737487 0.1849370 0.1836018 0.1818065 0.1879800 0.1889455 0.1783734 0.1822727 0.1903231 0.1864544 0.1832094 0.1810177 0.1883266 0.1865063 0.1791205 0.0110044 0.0140388 0.0115554 0.0132060 0.0170029 0.0115035 0.0136832 0.0129853 0.0135230 0.0151742 0.0141141 0.0117471 0.0135344 0.0131359 0.0120893 0.0107817 0.0154616 0.0139022 0.0093094 0.0129052 0.0000000 0.0178907 0.0114107 0.0165442 0.0155227 0.1840703 0.2013765 0.1860769 0.1930633 0.1951596 0.1921786 0.1917284 0.1915492 0.1930482 0.1910092 0.1920299 0.1853146 0.1870666 0.1875557 0.1849225 0.1851397 0.1948755 0.1874781 0.1893463 0.1972350 0.1896247 0.1883372 0.1967832 0.2029041 0.1824084 
pop2.indv22 0.1911993 0.1859560 0.1891338 0.1973987 0.1801746 0.1891203 0.1903783 0.1855332 0.1905754 0.1936149 0.1773284 0.1867511 0.1883157 0.1891444 0.1938574 0.1956586 0.1815296 0.1857541 0.1940498 0.1923217 0.1876801 0.1855147 0.1917922 0.1936733 0.1889357 0.0135097 0.0166248 0.0158584 0.0127989 0.0145544 0.0133410 0.0156642 0.0119885 0.0172225 0.0139203 0.0158129 0.0160059 0.0160196 0.0145669 0.0147055 0.0145452 0.0142916 0.0121473 0.0123746 0.0137398 0.0178907 0.0000000 0.0149416 0.0146801 0.0123355 0.1884560 0.2059496 0.1891036 0.1970311 0.1942507 0.1926087 0.1889930 0.1927916 0.1912714 0.1960895 0.1886669 0.1861131 0.1872100 0.1874186 0.1833490 0.1860112 0.1994859 0.1907303 0.1906584 0.1938605 0.1905206 0.1936691 0.2002448 0.2070575 0.1848068 
pop2.indv23 0.1877516 0.1771864 0.1851135 0.1900758 0.1737487 0.1818801 0.1813511 0.1816106 0.1852475 0.1844659 0.1737487 0.1774632 0.1824739 0.1795330 0.1877141 0.1903986 0.1789271 0.1802724 0.1933295 0.1856569 0.1820080 0.1794378 0.1828068 0.1876417 0.1791979 0.0115424 0.0139526 0.0111745 0.0100323 0.0162749 0.0116883 0.0152939 0.0108725 0.0131469 0.0150558 0.0100942 0.0139060 0.0120351 0.0117405 0.0126159 0.0127229 0.0124933 0.0127443 0.0153119 0.0142774 0.0114107 0.0149416 0.0000000 0.0123582 0.0125595 0.1790493 0.2011884 0.1835996 0.1888764 0.1873400 0.1880492 0.1862364 0.1845671 0.1850721 0.1874180 0.1870757 0.1807689 0.1806319 0.1808989 0.1793389 0.1826723 0.1897204 0.1813422 0.1816751 0.1916397 0.1865820 0.1822095 0.1937339 0.1968419 0.1805890 
pop2.indv24 0.1901341 0.1789596 0.1877352 0.1920815 0.1801930 0.1854341 0.1871406 0.1821362 0.1877352 0.1892748 0.1781197 0.1871219 0.1844858 0.1859419 0.1928364 0.1939853 0.1811306 0.1854581 0.1936103 0.1910224 0.1843769 0.1830158 0.1906966 0.1881072 0.1837557 0.0122862 0.0140279 0.0123781 0.0122651 0.0150905 0.0142834 0.0147660 0.0140079 0.0099975 0.0139124 0.0135019 0.0139282 0.0102816 0.0165631 0.0129054 0.0143531 0.0153686 0.0144513 0.0134517 0.0133410 0.0165442 0.0146801 0.0123582 0.0000000 0.0154257 0.1832153 0.1941554 0.1851882 0.1906349 0.1887568 0.1896844 0.1880021 0.1836710 0.1844377 0.1850248 0.1872005 0.1799486 0.1845620 0.1827423 0.1792830 0.1789291 0.1863196 0.1799079 0.1820680 0.1875681 0.1876658 0.1846984 0.1878633 0.1972213 0.1779041 
pop2.indv25 0.1848397 0.1740081 0.1786248 0.1882800 0.1689198 0.1799435 0.1784791 0.1743426 0.1816736 0.1832123 0.1683513 0.1805364 0.1769506 0.1768302 0.1821348 0.1842220 0.1765409 0.1772870 0.1881981 0.1788850 0.1776632 0.1783816 0.1787907 0.1833420 0.1728658 0.0128427 0.0115848 0.0116516 0.0090440 0.0118935 0.0118901 0.0154965 0.0136383 0.0130628 0.0106967 0.0122686 0.0152342 0.0107695 0.0105025 0.0125485 0.0134710 0.0124139 0.0101197 0.0102757 0.0129927 0.0155227 0.0123355 0.0125595 0.0154257 0.0000000 0.1793359 0.1938897 0.1801173 0.1872100 0.1838210 0.1864283 0.1800654 0.1823411 0.1859349 0.1862889 0.1846345 0.1737771 0.1806687 0.1840895 0.1789571 0.1816037 0.1838183 0.1834884 0.1797084 0.1911822 0.1831490 0.1821396 0.1909880 0.1961979 0.1783088 
pop3.indv1  0.1912535 0.1770366 0.1845454 0.1823413 0.1792576 0.1803341 0.1823389 0.1767879 0.1887441 0.1768639 0.1752176 0.1861968 0.1777377 0.1847209 0.1797084 0.1943725 0.1789737 0.1748873 0.1888145 0.1867857 0.1788934 0.1824739 0.1861500 0.1842150 0.1817356 0.1834844 0.1788707 0.1866732 0.1814686 0.1871910 0.1770690 0.1763320 0.1806723 0.1748047 0.1786747 0.1790466 0.1779131 0.1784632 0.1856268 0.1823400 0.1770366 0.1796813 0.1780333 0.1843769 0.1810724 0.1840703 0.1884560 0.1790493 0.1832153 0.1793359 0.0000000 0.0113168 0.0110920 0.0142875 0.0093437 0.0137319 0.0130332 0.0135192 0.0122932 0.0106637 0.0102000 0.0098318 0.0125128 0.0138966 0.0095631 0.0098651 0.0157359 0.0102816 0.0105294 0.0151379 0.0110920 0.0116087 0.0126549 0.0159466 0.0092443 
pop3.indv2  0.2046916 0.1934967 0.1934352 0.1927709 0.1948082 0.1869238 0.2006262 0.1878850 0.1976325 0.1921590 0.1834148 0.1955853 0.1895849 0.1970610 0.1924337 0.2056508 0.1914663 0.1908229 0.1957005 0.2008529 0.1910571 0.1959433 0.2010419 0.1985059 0.1948782 0.1968382 0.1935564 0.2014214 0.1937226 0.1990155 0.1895431 0.1872811 0.1966480 0.1887316 0.1956248 0.1922700 0.1904460 0.1989262 0.2016814 0.1949538 0.1897848 0.1943249 0.1936774 0.1949062 0.1958431 0.2013765 0.2059496 0.2011884 0.1941554 0.1938897 0.0113168 0.0000000 0.0153642 0.0144268 0.0098457 0.0154566 0.0149627 0.0160779 0.0145296 0.0126727 0.0116583 0.0135116 0.0139520 0.0158878 0.0103846 0.0124034 0.0165726 0.0140039 0.0133296 0.0133751 0.0121956 0.0127229 0.0176043 0.0161921 0.0132395 
