75
pop1.indv21 0.0000000 0.0134206 0.0156350 0.0131024 0.0092621 0.0126510 0.0107121 0.0142929 0.0084698 0.0095743 0.0092500 0.0134481 0.0142434 0.0123033 0.0084019 0.0130416 0.0107449 0.0141562 0.0107408 0.0111993 0.0103754 0.0115829 0.0123604 0.0134275 0.0115473 0.1765743 0.1761419 0.1696483 0.1606923 0.1663348 0.1748714 0.1786787 0.1673260 0.1680920 0.1819091 0.1739575 0.1782380 0.1717919 0.1734877 0.1745289 0.1754579 0.1763108 0.1693129 0.1745402 0.1766948 0.1741486 0.1758355 0.1806442 0.1835302 0.1746949 0.1834339 0.1820606 0.1909013 0.1857627 0.1852574 0.1850904 0.1710397 0.1761098 0.1820959 0.1838228 0.1841475 0.1829858 0.1829071 0.1863551 0.1838036 0.1865139 0.1801149 0.1778676 0.1846944 0.1863551 0.1819152 0.1785826 0.1842459 0.1888959 0.1850174 
pop1.indv17 0.0134206 0.0000000 0.0130873 0.0193958 0.0085226 0.0104136 0.0115794 0.0140023 0.0124032 0.0144165 0.0107900 0.0119151 0.0099794 0.0123390 0.0131554 0.0099239 0.0143247 0.0139632 0.0112230 0.0120153 0.0148434 0.0137818 0.0140642 0.0162898 0.0156828 0.1814608 0.1891838 0.1676568 0.1791961 0.1804253 0.1768942 0.1731556 0.1717377 0.1709246 0.1735525 0.1749890 0.1810919 0.1663937 0.1671497 0.1750959 0.1752220 0.1706063 0.1656393 0.1770760 0.1701516 0.1758108 0.1726922 0.1753120 0.1742987 0.1767903 0.1897666 0.1669593 0.1903181 0.1762165 0.1969202 0.1780298 0.1752568 0.1841661 0.1810846 0.1825767 0.1818333 0.1821083 0.1791083 0.1807141 0.1805310 0.1891917 0.1736187 0.1737070 0.1819254 0.1828579 0.1793126 0.1827677 0.1776454 0.1796875 0.1866991 
pop1.indv1  0.0156350 0.0130873 0.0000000 0.0138077 0.0130446 0.0124712 0.0137385 0.0118156 0.0122367 0.0141724 0.0142906 0.0125347 0.0157087 0.0159087 0.0117049 0.0098071 0.0121124 0.0158018 0.0121456 0.0122078 0.0130513 0.0122319 0.0150421 0.0132967 0.0122464 0.1878847 0.1798317 0.1813115 0.1860166 0.1760954 0.1833955 0.1865314 0.1773281 0.1833024 0.1871176 0.1885803 0.1876848 0.1847478 0.1798989 0.1812777 0.1827425 0.1869606 0.1725772 0.1866697 0.1816433 0.1846815 0.1872928 0.1854450 0.1809111 0.1875350 0.1825974 0.1901552 0.1988007 0.2063171 0.2073577 0.1923125 0.1812772 0.1921232 0.1898381 0.1960468 0.1895753 0.1951855 0.1931092 0.1922516 0.1902768 0.1893968 0.1848690 0.1874673 0.1831998 0.1983363 0.1852770 0.1927458 0.1954636 0.1892020 0.1927100 
pop1.indv10 0.0131024 0.0193958 0.0138077 0.0000000 0.0083797 0.0136687 0.0195398 0.0122174 0.0145572 0.0129897 0.0141780 0.0123604 0.0113261 0.0101217 0.0151940 0.0116459 0.0125102 0.0156167 0.0077841 0.0105415 0.0132346 0.0148597 0.0146147 0.0116685 0.0125445 0.1798244 0.2002221 0.1823580 0.1827743 0.1805725 0.1830152 0.1899144 0.1808285 0.1854835 0.1890736 0.1856706 0.1829110 0.1868662 0.1858703 0.1819128 0.1824663 0.1888622 0.1772307 0.1819215 0.1808336 0.1922969 0.1856590 0.1948492 0.1864483 0.1853074 0.1928787 0.1952566 0.1954576 0.1986418 0.2059298 0.1944895 0.1883115 0.1961063 0.2010250 0.2023035 0.2009571 0.1931113 0.1931760 0.1979826 0.1997301 0.1972277 0.1912004 0.1944265 0.1945158 0.2048249 0.1925110 0.1944895 0.1996275 0.1944265 0.1998334 
pop1.indv7  0.0092621 0.0085226 0.0130446 0.0083797 0.0000000 0.0134705 0.0086803 0.0163810 0.0111382 0.0074810 0.0106706 0.0086975 0.0131554 0.0139967 0.0127749 0.0099357 0.0126837 0.0119151 0.0120153 0.0148078 0.0099160 0.0071908 0.0135781 0.0095291 0.0119770 0.1682998 0.1708995 0.1708073 0.1769264 0.1647804 0.1673579 0.1660589 0.1669810 0.1621347 0.1701751 0.1623214 0.1729627 0.1672284 0.1671050 0.1685564 0.1658900 0.1651784 0.1638092 0.1693900 0.1659773 0.1728041 0.1703228 0.1766356 0.1693526 0.1704895 0.1777840 0.1860376 0.1992993 0.1831507 0.1939933 0.1863423 0.1771248 0.1827677 0.1857057 0.1871168 0.1836058 0.1840715 0.1882311 0.1825830 0.1801545 0.1839769 0.1810888 0.1747407 0.1848218 0.1871978 0.1827788 0.1843476 0.1850223 0.1868613 0.1844761 
pop1.indv2  0.0126510 0.0104136 0.0124712 0.0136687 0.0134705 0.0000000 0.0157793 0.0143308 0.0118977 0.0121566 0.0121773 0.0152276 0.0113536 0.0148487 0.0126241 0.0141069 0.0123321 0.0160277 0.0124252 0.0131284 0.0120977 0.0111974 0.0158795 0.0103630 0.0117067 0.1784775 0.1840425 0.1676333 0.1732469 0.1651914 0.1725913 0.1763871 0.1682352 0.1683608 0.1781862 0.1711453 0.1768032 0.1715497 0.1701421 0.1711096 0.1734768 0.1754403 0.1689216 0.1737737 0.1729452 0.1756135 0.1774066 0.1795333 0.1740786 0.1773859 0.1818193 0.1887220 0.1900059 0.1913815 0.1919763 0.1832816 0.1723318 0.1779095 0.1827771 0.1833359 0.1811787 0.1807265 0.1830133 0.1799268 0.1804422 0.1807240 0.1776140 0.1796517 0.1831037 0.1845336 0.1795167 0.1814608 0.1831638 0.1812339 0.1842688 
pop1.indv3  0.0107121 0.0115794 0.0137385 0.0195398 0.0086803 0.0157793 0.0000000 0.0120540 0.0138589 0.0128184 0.0123950 0.0122403 0.0118135 0.0130934 0.0145364 0.0128246 0.0105593 0.0150461 0.0150937 0.0138051 0.0117879 0.0123530 0.0153650 0.0151799 0.0148523 0.1961105 0.1944628 0.1711251 0.1829230 0.1713240 0.1832092 0.1866602 0.1782634 0.1773177 0.1862123 0.1798893 0.1846689 0.1793864 0.1790545 0.1803450 0.1828114 0.1832631 0.1759421 0.1827614 0.1807364 0.1843355 0.1854607 0.1887988 0.1848866 0.1848640 0.1933385 0.1905007 0.1954814 0.2000910 0.1963242 0.1910200 0.1801635 0.1851858 0.1901552 0.1910200 0.1881384 0.1913722 0.1925456 0.1896171 0.1898579 0.1901701 0.1855970 0.1865526 0.1907051 0.1937500 0.1872442 0.1902298 0.1923099 0.1892601 0.1930792 
pop1.indv4  0.0142929 0.0140023 0.0118156 0.0122174 0.0163810 0.0143308 0.0120540 0.0000000 0.0116555 0.0135944 0.0150644 0.0120656 0.0126179 0.0145859 0.0150498 0.0133276 0.0128122 0.0159888 0.0141276 0.0133729 0.0140659 0.0121477 0.0153763 0.0147517 0.0148740 0.1951932 0.1987523 0.1726150 0.1782917 0.1750779 0.1865788 0.1901253 0.1798840 0.1807851 0.1908127 0.1833834 0.1883147 0.1789910 0.1796021 0.1834305 0.1852629 0.1861122 0.1808412 0.1856183 0.1835941 0.1876057 0.1876913 0.1900953 0.1867856 0.1897650 0.1911257 0.1939778 0.1975310 0.2018046 0.2009147 0.1894522 0.1807805 0.1848005 0.1896594 0.1911131 0.1866779 0.1889508 0.1904731 0.1869986 0.1905288 0.1903799 0.1858948 0.1877234 0.1893195 0.1926738 0.1864548 0.1886583 0.1901851 0.1894522 0.1924041 
pop1.indv5  0.0084698 0.0124032 0.0122367 0.0145572 0.0111382 0.0118977 0.0138589 0.0116555 0.0000000 0.0119383 0.0119295 0.0118650 0.0094658 0.0138757 0.0131411 0.0153763 0.0141104 0.0138454 0.0124555 0.0146715 0.0131507 0.0132443 0.0112385 0.0143065 0.0129500 0.1832492 0.1895691 0.1619169 0.1775186 0.1701516 0.1771502 0.1803804 0.1722248 0.1729513 0.1807215 0.1754198 0.1773997 0.1742988 0.1734900 0.1738386 0.1754539 0.1777248 0.1705290 0.1768027 0.1735305 0.1787330 0.1787981 0.1804335 0.1781862 0.1794636 0.1869788 0.1910236 0.1954773 0.1970730 0.2008056 0.1867229 0.1766921 0.1827680 0.1850284 0.1869492 0.1865377 0.1853855 0.1867368 0.1844435 0.1871851 0.1852957 0.1819173 0.1849396 0.1855158 0.1888152 0.1826122 0.1848350 0.1873523 0.1866731 0.1857205 
pop1.indv6  0.0095743 0.0144165 0.0141724 0.0129897 0.0074810 0.0121566 0.0128184 0.0135944 0.0119383 0.0000000 0.0150901 0.0118506 0.0123619 0.0138656 0.0099052 0.0118804 0.0140115 0.0157754 0.0124434 0.0146500 0.0140795 0.0116924 0.0148704 0.0162683 0.0131636 0.1868765 0.1871335 0.1711251 0.1732278 0.1677541 0.1776336 0.1818006 0.1731155 0.1746166 0.1837843 0.1776336 0.1816857 0.1759048 0.1750062 0.1763212 0.1774066 0.1798840 0.1722496 0.1792533 0.1762304 0.1814608 0.1825338 0.1840230 0.1780433 0.1804405 0.1889089 0.1892458 0.1935788 0.1967954 0.1997301 0.1869210 0.1772824 0.1824770 0.1854058 0.1867453 0.1852629 0.1847429 0.1857205 0.1844809 0.1854369 0.1858441 0.1793723 0.1829895 0.1852629 0.1864120 0.1824318 0.1859025 0.1871557 0.1840763 0.1881234 
pop1.indv8  0.0092500 0.0107900 0.0142906 0.0141780 0.0106706 0.0121773 0.0123950 0.0150644 0.0119295 0.0150901 0.0000000 0.0130934 0.0123739 0.0151565 0.0133697 0.0126548 0.0133405 0.0171187 0.0141724 0.0144608 0.0146215 0.0132087 0.0144078 0.0165290 0.0134219 0.1895170 0.1882724 0.1696523 0.1786172 0.1737050 0.1818580 0.1821974 0.1721653 0.1758409 0.1829374 0.1768894 0.1824203 0.1766230 0.1759952 0.1784340 0.1786308 0.1805001 0.1728343 0.1811762 0.1780433 0.1814608 0.1833295 0.1862614 0.1810090 0.1831726 0.1853367 0.1902293 0.1925738 0.1965174 0.2007567 0.1897507 0.1771097 0.1840142 0.1879561 0.1876859 0.1870478 0.1860036 0.1869969 0.1855813 0.1866373 0.1863118 0.1825412 0.1841870 0.1854949 0.1903953 0.1834100 0.1876374 0.1871655 0.1859608 0.1895958 
pop1.indv9  0.0134481 0.0119151 0.0125347 0.0123604 0.0086975 0.0152276 0.0122403 0.0120656 0.0118650 0.0118506 0.0130934 0.0000000 0.0122964 0.0120714 0.0147339 0.0108446 0.0152350 0.0137985 0.0126241 0.0127813 0.0147303 0.0113701 0.0138387 0.0143762 0.0133697 0.1917888 0.1941646 0.1764628 0.1760658 0.1760806 0.1837764 0.1894705 0.1770844 0.1788206 0.1877607 0.1809544 0.1854539 0.1801701 0.1788716 0.1817405 0.1824203 0.1840541 0.1775434 0.1838992 0.1802341 0.1860461 0.1868256 0.1893790 0.1843307 0.1854949 0.1918721 0.1930074 0.1968238 0.2018626 0.2099746 0.1911832 0.1815174 0.1850707 0.1887053 0.1921705 0.1896067 0.1887488 0.1904866 0.1874984 0.1889970 0.1878783 0.1848582 0.1862704 0.1909873 0.1925747 0.1857423 0.1900509 0.1901105 0.1885745 0.1921415 
pop1.indv11 0.0142434 0.0099794 0.0157087 0.0113261 0.0131554 0.0113536 0.0118135 0.0126179 0.0094658 0.0123619 0.0123739 0.0122964 0.0000000 0.0123980 0.0152867 0.0106771 0.0135451 0.0130775 0.0131188 0.0128776 0.0133470 0.0141621 0.0128933 0.0132761 0.0116867 0.1760954 0.1833024 0.1582727 0.1665975 0.1672556 0.1722871 0.1760137 0.1671322 0.1677196 0.1771940 0.1707416 0.1741569 0.1697820 0.1689735 0.1724165 0.1718472 0.1720220 0.1668260 0.1724846 0.1700668 0.1734103 0.1759778 0.1775653 0.1725979 0.1755936 0.1834285 0.1863561 0.1912393 0.1914240 0.1950101 0.1822529 0.1714270 0.1778664 0.1828276 0.1827614 0.1806169 0.1814608 0.1810606 0.1812905 0.1816300 0.1814608 0.1768423 0.1784237 0.1817424 0.1852049 0.1779408 0.1819134 0.1829299 0.1809518 0.1837425 
pop1.indv12 0.0123033 0.0123390 0.0159087 0.0101217 0.0139967 0.0148487 0.0130934 0.0145859 0.0138757 0.0138656 0.0151565 0.0120714 0.0123980 0.0000000 0.0123649 0.0126179 0.0128588 0.0159927 0.0121713 0.0131540 0.0155537 0.0146322 0.0146608 0.0118135 0.0139402 0.1915658 0.1917193 0.1692677 0.1805439 0.1765997 0.1789141 0.1849337 0.1750495 0.1758859 0.1841340 0.1787469 0.1814608 0.1756135 0.1761045 0.1778114 0.1786308 0.1809518 0.1750603 0.1794177 0.1776047 0.1827658 0.1832151 0.1854574 0.1797724 0.1823729 0.1884998 0.1906781 0.1976236 0.1951776 0.2064586 0.1893005 0.1810059 0.1848756 0.1901099 0.1895855 0.1887988 0.1891546 0.1915972 0.1861523 0.1885396 0.1893140 0.1833359 0.1867048 0.1880775 0.1913711 0.1850809 0.1883856 0.1903953 0.1894337 0.1909873 
pop1.indv13 0.0084019 0.0131554 0.0117049 0.0151940 0.0127749 0.0126241 0.0145364 0.0150498 0.0131411 0.0099052 0.0133697 0.0147339 0.0152867 0.0123649 0.0000000 0.0155575 0.0140557 0.0147696 0.0118832 0.0135944 0.0150754 0.0141035 0.0161690 0.0120714 0.0163517 0.1874553 0.1944359 0.1733991 0.1773508 0.1753422 0.1798759 0.1843552 0.1758314 0.1761136 0.1855530 0.1788628 0.1824770 0.1788628 0.1780696 0.1781589 0.1790258 0.1812911 0.1763583 0.1808359 0.1781533 0.1827087 0.1848582 0.1874114 0.1821393 0.1828875 0.1817295 0.1879405 0.1936799 0.1933431 0.1974859 0.1841294 0.1763785 0.1805018 0.1846604 0.1857710 0.1853655 0.1825887 0.1852569 0.1845915 0.1826495 0.1835622 0.1788071 0.1814042 0.1835550 0.1862450 0.1813465 0.1842447 0.1848119 0.1844179 0.1863285 
pop1.indv14 0.0130416 0.0099239 0.0098071 0.0116459 0.0099357 0.0141069 0.0128246 0.0133276 0.0153763 0.0118804 0.0126548 0.0108446 0.0106771 0.0126179 0.0155575 0.0000000 0.0130302 0.0162683 0.0124040 0.0116244 0.0143238 0.0116839 0.0149177 0.0115936 0.0121625 0.1958269 0.1952240 0.1769822 0.1798215 0.1787905 0.1820858 0.1875678 0.1762140 0.1780696 0.1879705 0.1804969 0.1857130 0.1794247 0.1779468 0.1817989 0.1808359 0.1823112 0.1780811 0.1820298 0.1812923 0.1852759 0.1853788 0.1892542 0.1835550 0.1857057 0.1875504 0.1900807 0.1949896 0.1934420 0.1975419 0.1890619 0.1795862 0.1828230 0.1891280 0.1894063 0.1869210 0.1886336 0.1890342 0.1883976 0.1870478 0.1884450 0.1841964 0.1844758 0.1874984 0.1927736 0.1858308 0.1883262 0.1899303 0.1876268 0.1907607 
pop1.indv15 0.0107449 0.0143247 0.0121124 0.0125102 0.0126837 0.0123321 0.0105593 0.0128122 0.0141104 0.0140115 0.0133405 0.0152350 0.0135451 0.0128588 0.0140557 0.0130302 0.0000000 0.0132633 0.0140795 0.0135484 0.0125418 0.0118707 0.0118804 0.0141963 0.0118948 0.1899573 0.1879460 0.1690647 0.1805464 0.1719501 0.1792683 0.1844028 0.1765386 0.1753085 0.1861623 0.1794940 0.1824154 0.1791058 0.1776887 0.1802876 0.1792128 0.1811796 0.1748236 0.1814608 0.1789526 0.1827569 0.1844501 0.1866958 0.1814047 0.1859531 0.1875504 0.1851925 0.1896612 0.1943273 0.1974086 0.1845179 0.1763410 0.1805050 0.1840763 0.1858797 0.1831494 0.1826960 0.1869682 0.1815174 0.1835479 0.1836659 0.1793238 0.1809535 0.1833200 0.1876433 0.1812335 0.1837804 0.1866196 0.1841203 0.1874114 
pop1.indv16 0.0141562 0.0139632 0.0158018 0.0156167 0.0119151 0.0160277 0.0150461 0.0159888 0.0138454 0.0157754 0.0171187 0.0137985 0.0130775 0.0159927 0.0147696 0.0162683 0.0132633 0.0000000 0.0148631 0.0148523 0.0164610 0.0170562 0.0173609 0.0147517 0.0170562 0.1985292 0.1935709 0.1788053 0.1772616 0.1721825 0.1828183 0.1888707 0.1774752 0.1802216 0.1878893 0.1844552 0.1851795 0.1820240 0.1803896 0.1821899 0.1836123 0.1849736 0.1788804 0.1850436 0.1820763 0.1855970 0.1885501 0.1899755 0.1846169 0.1875678 0.1919860 0.1919357 0.2041604 0.2027974 0.2088061 0.1935269 0.1847018 0.1881498 0.1940200 0.1952169 0.1936680 0.1933436 0.1950347 0.1905601 0.1925938 0.1924310 0.1877715 0.1903493 0.1917666 0.1949089 0.1882904 0.1931409 0.1936890 0.1915782 0.1962603 
pop1.indv18 0.0107408 0.0112230 0.0121456 0.0077841 0.0120153 0.0124252 0.0150937 0.0141276 0.0124555 0.0124434 0.0141724 0.0126241 0.0131188 0.0121713 0.0118832 0.0124040 0.0140795 0.0148631 0.0000000 0.0116782 0.0116640 0.0116839 0.0132313 0.0128370 0.0144431 0.1859448 0.1868311 0.1663509 0.1747083 0.1672284 0.1759311 0.1833966 0.1714461 0.1724694 0.1818018 0.1764334 0.1788672 0.1736920 0.1736788 0.1737313 0.1762599 0.1777928 0.1713911 0.1767003 0.1752545 0.1767165 0.1806676 0.1835153 0.1789228 0.1800346 0.1812836 0.1892137 0.1888411 0.1943359 0.1946253 0.1810059 0.1725309 0.1777865 0.1817468 0.1812903 0.1798759 0.1803878 0.1819789 0.1806621 0.1811200 0.1824285 0.1756383 0.1773859 0.1801006 0.1853474 0.1790571 0.1821440 0.1810626 0.1811762 0.1819196 
pop1.indv19 0.0111993 0.0120153 0.0122078 0.0105415 0.0148078 0.0131284 0.0138051 0.0133729 0.0146715 0.0146500 0.0144608 0.0127813 0.0128776 0.0131540 0.0135944 0.0116244 0.0135484 0.0148523 0.0116782 0.0000000 0.0143517 0.0116753 0.0151936 0.0152460 0.0133990 0.1973696 0.1969548 0.1809999 0.1847844 0.1803586 0.1854574 0.1895855 0.1804969 0.1801029 0.1877450 0.1847597 0.1867363 0.1828753 0.1806097 0.1826455 0.1839118 0.1866462 0.1794281 0.1849516 0.1829843 0.1864705 0.1884091 0.1909379 0.1861122 0.1877182 0.1947633 0.1940558 0.1961569 0.2010317 0.2044925 0.1928346 0.1824318 0.1879818 0.1924613 0.1916738 0.1913107 0.1913541 0.1919402 0.1887554 0.1915094 0.1918738 0.1867818 0.1878041 0.1916990 0.1958857 0.1874736 0.1910589 0.1918558 0.1889817 0.1940458 
pop1.indv20 0.0103754 0.0148434 0.0130513 0.0132346 0.0099160 0.0120977 0.0117879 0.0140659 0.0131507 0.0140795 0.0146215 0.0147303 0.0133470 0.0155537 0.0150754 0.0143238 0.0125418 0.0164610 0.0116640 0.0143517 0.0000000 0.0145966 0.0149031 0.0134864 0.0148631 0.1935761 0.1888898 0.1735739 0.1810929 0.1754305 0.1823651 0.1872533 0.1779215 0.1769203 0.1883972 0.1821936 0.1851283 0.1801098 0.1779095 0.1805115 0.1829324 0.1830981 0.1759142 0.1832785 0.1801766 0.1847485 0.1854233 0.1881959 0.1825868 0.1857933 0.1969390 0.1973241 0.2014122 0.2008600 0.2030628 0.1920863 0.1845861 0.1882087 0.1923430 0.1928777 0.1903189 0.1915262 0.1934482 0.1904400 0.1922494 0.1896768 0.1869891 0.1884091 0.1927564 0.1936490 0.1892078 0.1912167 0.1921468 0.1904845 0.1928544 
pop1.indv22 0.0115829 0.0137818 0.0122319 0.0148597 0.0071908 0.0111974 0.0123530 0.0121477 0.0132443 0.0116924 0.0132087 0.0113701 0.0141621 0.0146322 0.0141035 0.0116839 0.0118707 0.0170562 0.0116839 0.0116753 0.0145966 0.0000000 0.0137109 0.0130680 0.0109449 0.1892679 0.1898147 0.1688789 0.1730959 0.1698422 0.1800419 0.1855088 0.1762776 0.1760406 0.1849978 0.1792533 0.1827636 0.1774481 0.1777248 0.1784237 0.1793616 0.1810075 0.1758314 0.1802654 0.1785443 0.1825412 0.1849277 0.1877074 0.1824788 0.1829476 0.1837124 0.1864529 0.1968376 0.1969985 0.2042575 0.1855742 0.1785094 0.1837347 0.1859487 0.1871753 0.1849857 0.1862368 0.1875932 0.1854712 0.1862532 0.1852307 0.1807215 0.1846549 0.1859686 0.1893005 0.1831294 0.1857496 0.1891945 0.1863285 0.1894289 
pop1.indv23 0.0123604 0.0140642 0.0150421 0.0146147 0.0135781 0.0158795 0.0153650 0.0153763 0.0112385 0.0148704 0.0144078 0.0138387 0.0128933 0.0146608 0.0161690 0.0149177 0.0118804 0.0173609 0.0132313 0.0151936 0.0149031 0.0137109 0.0000000 0.0131156 0.0139402 0.1891590 0.1944087 0.1744064 0.1816453 0.1779682 0.1810043 0.1855742 0.1773235 0.1769842 0.1870768 0.1805517 0.1848177 0.1797579 0.1775453 0.1808391 0.1815178 0.1839160 0.1760406 0.1838125 0.1805579 0.1840898 0.1861946 0.1885412 0.1834508 0.1865729 0.1852447 0.1949649 0.2013721 0.2028582 0.2052090 0.1907728 0.1799780 0.1859686 0.1896100 0.1903506 0.1886460 0.1875088 0.1892286 0.1862864 0.1893276 0.1900346 0.1838582 0.1867726 0.1888494 0.1930381 0.1856762 0.1890416 0.1904866 0.1895676 0.1921307 
pop1.indv24 0.0134275 0.0162898 0.0132967 0.0116685 0.0095291 0.0103630 0.0151799 0.0147517 0.0143065 0.0162683 0.0165290 0.0143762 0.0132761 0.0118135 0.0120714 0.0115936 0.0141963 0.0147517 0.0128370 0.0152460 0.0134864 0.0130680 0.0131156 0.0000000 0.0145400 0.1925110 0.1926827 0.1753048 0.1817362 0.1781939 0.1811235 0.1860884 0.1751572 0.1763755 0.1864364 0.1800006 0.1837569 0.1768811 0.1782634 0.1791804 0.1806730 0.1819103 0.1742760 0.1810660 0.1794038 0.1827569 0.1841023 0.1872533 0.1826939 0.1835550 0.1915334 0.1939126 0.1871019 0.1974179 0.2003448 0.1862622 0.1764758 0.1810680 0.1864035 0.1876807 0.1848866 0.1847206 0.1874217 0.1837231 0.1856913 0.1865031 0.1823054 0.1817420 0.1844451 0.1895160 0.1835586 0.1849100 0.1855759 0.1846798 0.1881367 
pop1.indv25 0.0115473 0.0156828 0.0122464 0.0125445 0.0119770 0.0117067 0.0148523 0.0148740 0.0129500 0.0131636 0.0134219 0.0133697 0.0116867 0.0139402 0.0163517 0.0121625 0.0118948 0.0170562 0.0144431 0.0133990 0.0148631 0.0109449 0.0139402 0.0145400 0.0000000 0.1827641 0.1839559 0.1728041 0.1736392 0.1723302 0.1785194 0.1825984 0.1717288 0.1737590 0.1834542 0.1764883 0.1795431 0.1750386 0.1738408 0.1773037 0.1765349 0.1788026 0.1718840 0.1771502 0.1755148 0.1804405 0.1819701 0.1830602 0.1783685 0.1790133 0.1934045 0.1931406 0.1966902 0.1931766 0.1999357 0.1882668 0.1785094 0.1839034 0.1870466 0.1873523 0.1867544 0.1854301 0.1882899 0.1854126 0.1869986 0.1879930 0.1814039 0.1837923 0.1864120 0.1887898 0.1853156 0.1873523 0.1884924 0.1867818 0.1882543 
pop2.indv19 0.1765743 0.1814608 0.1878847 0.1798244 0.1682998 0.1784775 0.1961105 0.1951932 0.1832492 0.1868765 0.1895170 0.1917888 0.1760954 0.1915658 0.1874553 0.1958269 0.1899573 0.1985292 0.1859448 0.1973696 0.1935761 0.1892679 0.1891590 0.1925110 0.1827641 0.0000000 0.0123646 0.0135505 0.0151189 0.0142274 0.0102899 0.0131188 0.0143304 0.0115287 0.0138802 0.0111205 0.0130359 0.0115701 0.0115655 0.0147605 0.0151682 0.0106833 0.0131188 0.0115287 0.0110415 0.0142679 0.0094839 0.0131449 0.0176596 0.0147782 0.1784558 0.1725159 0.1808485 0.1893955 0.1955221 0.1842452 0.1780105 0.1838690 0.1818354 0.1821047 0.1817401 0.1865740 0.1812741 0.1828618 0.1810919 0.1782390 0.1817385 0.1783207 0.1798946 0.1779487 0.1782943 0.1796056 0.1840642 0.1816464 0.1901800 
pop2.indv24 0.1761419 0.1891838 0.1798317 0.2002221 0.1708995 0.1840425 0.1944628 0.1987523 0.1895691 0.1871335 0.1882724 0.1941646 0.1833024 0.1917193 0.1944359 0.1952240 0.1879460 0.1935709 0.1868311 0.1969548 0.1888898 0.1898147 0.1944087 0.1926827 0.1839559 0.0123646 0.0000000 0.0128767 0.0147072 0.0128933 0.0113527 0.0153980 0.0129489 0.0121647 0.0141892 0.0122030 0.0153133 0.0118296 0.0142285 0.0126038 0.0110068 0.0156779 0.0125593 0.0158081 0.0167444 0.0101971 0.0153616 0.0121694 0.0140617 0.0150361 0.1719865 0.1920116 0.1902768 0.1834072 0.2001450 0.1895528 0.1796261 0.1868013 0.1861924 0.1875459 0.1839217 0.1919664 0.1857176 0.1889655 0.1810062 0.1846815 0.1841992 0.1821047 0.1888826 0.1871497 0.1875010 0.1809141 0.1853074 0.1810949 0.1898648 
pop2.indv8  0.1696483 0.1676568 0.1813115 0.1823580 0.1708073 0.1676333 0.1711251 0.1726150 0.1619169 0.1711251 0.1696523 0.1764628 0.1582727 0.1692677 0.1733991 0.1769822 0.1690647 0.1788053 0.1663509 0.1809999 0.1735739 0.1688789 0.1744064 0.1753048 0.1728041 0.0135505 0.0128767 0.0000000 0.0089805 0.0094548 0.0113572 0.0109982 0.0129337 0.0089737 0.0149887 0.0105250 0.0129084 0.0129185 0.0112997 0.0097459 0.0121790 0.0105787 0.0093911 0.0118296 0.0092571 0.0121361 0.0097612 0.0117508 0.0104801 0.0125396 0.1975918 0.1913970 0.1923809 0.1899955 0.1883805 0.1969113 0.1870065 0.1913684 0.1936764 0.1940940 0.1929146 0.1911463 0.1878432 0.1869265 0.1910758 0.1873555 0.1927142 0.1934083 0.1950858 0.1887727 0.1857176 0.1850174 0.1914240 0.1885039 0.2006179 
pop2.indv18 0.1606923 0.1791961 0.1860166 0.1827743 0.1769264 0.1732469 0.1829230 0.1782917 0.1775186 0.1732278 0.1786172 0.1760658 0.1665975 0.1805439 0.1773508 0.1798215 0.1805464 0.1772616 0.1747083 0.1847844 0.1810929 0.1730959 0.1816453 0.1817362 0.1736392 0.0151189 0.0147072 0.0089805 0.0000000 0.0139213 0.0120746 0.0109167 0.0085688 0.0109337 0.0121504 0.0117738 0.0109167 0.0109594 0.0097764 0.0108701 0.0077781 0.0140727 0.0149063 0.0101811 0.0073225 0.0113527 0.0125298 0.0149592 0.0121599 0.0098691 0.1752008 0.1906447 0.1948244 0.1814608 0.1924025 0.1879279 0.1779874 0.1840211 0.1845198 0.1844173 0.1856113 0.1812782 0.1848218 0.1823872 0.1820094 0.1793541 0.1826536 0.1817370 0.1813695 0.1828347 0.1772818 0.1782656 0.1873555 0.1772616 0.1848976 
pop2.indv10 0.1663348 0.1804253 0.1760954 0.1805725 0.1647804 0.1651914 0.1713240 0.1750779 0.1701516 0.1677541 0.1737050 0.1760806 0.1672556 0.1765997 0.1753422 0.1787905 0.1719501 0.1721825 0.1672284 0.1803586 0.1754305 0.1698422 0.1779682 0.1781939 0.1723302 0.0142274 0.0128933 0.0094548 0.0139213 0.0000000 0.0125102 0.0141780 0.0129744 0.0113929 0.0137872 0.0128882 0.0141224 0.0089493 0.0149239 0.0128631 0.0125347 0.0153314 0.0140782 0.0110241 0.0124712 0.0129642 0.0156411 0.0133751 0.0149122 0.0118436 0.1839252 0.1930776 0.1969209 0.1903527 0.2034259 0.1945992 0.1840569 0.1877970 0.1934097 0.1937725 0.1914942 0.1855170 0.1913948 0.1876143 0.1858002 0.1914240 0.1890621 0.1939424 0.1926154 0.1929120 0.1892458 0.1892555 0.1865455 0.1921531 0.1901798 
pop2.indv1  0.1748714 0.1768942 0.1833955 0.1830152 0.1673579 0.1725913 0.1832092 0.1865788 0.1771502 0.1776336 0.1818580 0.1837764 0.1722871 0.1789141 0.1798759 0.1820858 0.1792683 0.1828183 0.1759311 0.1854574 0.1823651 0.1800419 0.1810043 0.1811235 0.1785194 0.0102899 0.0113527 0.0113572 0.0120746 0.0125102 0.0000000 0.0120482 0.0120048 0.0093478 0.0117822 0.0132665 0.0148800 0.0107900 0.0117709 0.0124458 0.0115517 0.0124966 0.0095587 0.0123082 0.0124190 0.0130082 0.0112692 0.0127659 0.0120048 0.0125874 0.1742921 0.1882136 0.1929394 0.1842220 0.1967399 0.1843978 0.1803297 0.1841731 0.1857349 0.1870777 0.1867183 0.1841068 0.1859841 0.1831065 0.1820815 0.1802216 0.1833295 0.1838418 0.1838827 0.1842305 0.1816888 0.1827023 0.1859378 0.1824788 0.1866141 
pop2.indv2  0.1786787 0.1731556 0.1865314 0.1899144 0.1660589 0.1763871 0.1866602 0.1901253 0.1803804 0.1818006 0.1821974 0.1894705 0.1760137 0.1849337 0.1843552 0.1875678 0.1844028 0.1888707 0.1833966 0.1895855 0.1872533 0.1855088 0.1855742 0.1860884 0.1825984 0.0131188 0.0153980 0.0109982 0.0109167 0.0141780 0.0120482 0.0000000 0.0137851 0.0125087 0.0125509 0.0138018 0.0140285 0.0108682 0.0101503 0.0139980 0.0093793 0.0123231 0.0117964 0.0126333 0.0115240 0.0128184 0.0145083 0.0157640 0.0154040 0.0143867 0.1859468 0.2007781 0.2041180 0.1944628 0.2048645 0.1927152 0.1871655 0.1918268 0.1934265 0.1921285 0.1938084 0.1898435 0.1911530 0.1887646 0.1897676 0.1870777 0.1879371 0.1918447 0.1918871 0.1899173 0.1879449 0.1909601 0.1956380 0.1896768 0.1958111 
pop2.indv3  0.1673260 0.1717377 0.1773281 0.1808285 0.1669810 0.1682352 0.1782634 0.1798840 0.1722248 0.1731155 0.1721653 0.1770844 0.1671322 0.1750495 0.1758314 0.1762140 0.1765386 0.1774752 0.1714461 0.1804969 0.1779215 0.1762776 0.1773235 0.1751572 0.1717288 0.0143304 0.0129489 0.0129337 0.0085688 0.0129744 0.0120048 0.0137851 0.0000000 0.0112692 0.0130364 0.0115796 0.0117653 0.0100966 0.0093815 0.0117343 0.0103207 0.0139946 0.0110283 0.0096556 0.0105114 0.0142271 0.0112990 0.0169899 0.0098245 0.0128464 0.1775479 0.1778176 0.1900562 0.1868311 0.1922373 0.1825320 0.1793166 0.1825887 0.1830547 0.1846331 0.1843404 0.1814047 0.1835224 0.1799320 0.1802237 0.1780317 0.1804457 0.1823651 0.1838337 0.1815736 0.1798114 0.1816864 0.1858291 0.1805001 0.1870768 
pop2.indv4  0.1680920 0.1709246 0.1833024 0.1854835 0.1621347 0.1683608 0.1773177 0.1807851 0.1729513 0.1746166 0.1758409 0.1788206 0.1677196 0.1758859 0.1761136 0.1780696 0.1753085 0.1802216 0.1724694 0.1801029 0.1769203 0.1760406 0.1769842 0.1763755 0.1737590 0.0115287 0.0121647 0.0089737 0.0109337 0.0113929 0.0093478 0.0125087 0.0112692 0.0000000 0.0125177 0.0103158 0.0091072 0.0098057 0.0089007 0.0088518 0.0100700 0.0083796 0.0100676 0.0091643 0.0078298 0.0112503 0.0137386 0.0115628 0.0107952 0.0104031 0.1735518 0.1823872 0.1853094 0.1832872 0.1917546 0.1795007 0.1754504 0.1802279 0.1822556 0.1817424 0.1808993 0.1792794 0.1803220 0.1774066 0.1783238 0.1763583 0.1767486 0.1802776 0.1811235 0.1782138 0.1770546 0.1776465 0.1819126 0.1796053 0.1845389 
pop2.indv5  0.1819091 0.1735525 0.1871176 0.1890736 0.1701751 0.1781862 0.1862123 0.1908127 0.1807215 0.1837843 0.1829374 0.1877607 0.1771940 0.1841340 0.1855530 0.1879705 0.1861623 0.1878893 0.1818018 0.1877450 0.1883972 0.1849978 0.1870768 0.1864364 0.1834542 0.0138802 0.0141892 0.0149887 0.0121504 0.0137872 0.0117822 0.0125509 0.0130364 0.0125177 0.0000000 0.0142719 0.0151982 0.0125358 0.0140183 0.0147232 0.0140387 0.0147696 0.0127475 0.0123350 0.0148728 0.0135157 0.0164729 0.0157258 0.0149482 0.0113921 0.1811936 0.1846498 0.1984187 0.1911569 0.1989728 0.1874090 0.1830493 0.1871752 0.1879705 0.1883264 0.1879150 0.1858572 0.1859254 0.1850375 0.1836086 0.1834943 0.1848062 0.1880662 0.1878564 0.1857057 0.1846549 0.1849676 0.1892468 0.1848582 0.1895995 
pop2.indv6  0.1739575 0.1749890 0.1885803 0.1856706 0.1623214 0.1711453 0.1798893 0.1833834 0.1754198 0.1776336 0.1768894 0.1809544 0.1707416 0.1787469 0.1788628 0.1804969 0.1794940 0.1844552 0.1764334 0.1847597 0.1821936 0.1792533 0.1805517 0.1800006 0.1764883 0.0111205 0.0122030 0.0105250 0.0117738 0.0128882 0.0132665 0.0138018 0.0115796 0.0103158 0.0142719 0.0000000 0.0139509 0.0105669 0.0122816 0.0115046 0.0111109 0.0120366 0.0110575 0.0096837 0.0119445 0.0110601 0.0110628 0.0137485 0.0112854 0.0113618 0.1805733 0.1846318 0.1922665 0.1874506 0.1942130 0.1819103 0.1776271 0.1816857 0.1839610 0.1845075 0.1829817 0.1812365 0.1819165 0.1808954 0.1802237 0.1792683 0.1811223 0.1827044 0.1816857 0.1814608 0.1809492 0.1807862 0.1852499 0.1811217 0.1866551 
pop2.indv7  0.1782380 0.1810919 0.1876848 0.1829110 0.1729627 0.1768032 0.1846689 0.1883147 0.1773997 0.1816857 0.1824203 0.1854539 0.1741569 0.1814608 0.1824770 0.1857130 0.1824154 0.1851795 0.1788672 0.1867363 0.1851283 0.1827636 0.1848177 0.1837569 0.1795431 0.0130359 0.0153133 0.0129084 0.0109167 0.0141224 0.0148800 0.0140285 0.0117653 0.0091072 0.0151982 0.0139509 0.0000000 0.0151507 0.0112963 0.0112288 0.0127444 0.0122256 0.0159079 0.0161936 0.0135847 0.0161585 0.0144281 0.0162171 0.0136760 0.0162762 0.1811958 0.1890289 0.1956844 0.1878323 0.1959235 0.1843829 0.1797752 0.1833672 0.1840673 0.1855183 0.1873105 0.1825230 0.1840142 0.1825887 0.1824702 0.1782742 0.1815732 0.1847317 0.1858998 0.1819649 0.1823666 0.1828091 0.1859727 0.1822476 0.1888707 
pop2.indv9  0.1717919 0.1663937 0.1847478 0.1868662 0.1672284 0.1715497 0.1793864 0.1789910 0.1742988 0.1759048 0.1766230 0.1801701 0.1697820 0.1756135 0.1788628 0.1794247 0.1791058 0.1820240 0.1736920 0.1828753 0.1801098 0.1774481 0.1797579 0.1768811 0.1750386 0.0115701 0.0118296 0.0129185 0.0109594 0.0089493 0.0107900 0.0108682 0.0100966 0.0098057 0.0125358 0.0105669 0.0151507 0.0000000 0.0108238 0.0129676 0.0098221 0.0127598 0.0142134 0.0118592 0.0121760 0.0132186 0.0149302 0.0164769 0.0139542 0.0128526 0.1787960 0.1878252 0.1908703 0.1811863 0.1968543 0.1809561 0.1772966 0.1798919 0.1809509 0.1830358 0.1840453 0.1793934 0.1810626 0.1793759 0.1807302 0.1779275 0.1787100 0.1812354 0.1814608 0.1788847 0.1779528 0.1805050 0.1839482 0.1793829 0.1842495 
pop2.indv11 0.1734877 0.1671497 0.1798989 0.1858703 0.1671050 0.1701421 0.1790545 0.1796021 0.1734900 0.1750062 0.1759952 0.1788716 0.1689735 0.1761045 0.1780696 0.1779468 0.1776887 0.1803896 0.1736788 0.1806097 0.1779095 0.1777248 0.1775453 0.1782634 0.1738408 0.0115655 0.0142285 0.0112997 0.0097764 0.0149239 0.0117709 0.0101503 0.0093815 0.0089007 0.0140183 0.0122816 0.0112963 0.0108238 0.0000000 0.0129925 0.0110814 0.0128184 0.0115573 0.0111243 0.0117174 0.0128246 0.0140081 0.0155462 0.0112638 0.0121566 0.1742264 0.1863423 0.1904751 0.1840353 0.1978632 0.1822502 0.1789742 0.1823069 0.1841964 0.1840629 0.1835479 0.1823620 0.1826598 0.1819710 0.1815172 0.1787053 0.1808954 0.1835048 0.1834909 0.1827569 0.1821440 0.1827569 0.1857203 0.1816306 0.1859254 
pop2.indv12 0.1745289 0.1750959 0.1812777 0.1819128 0.1685564 0.1711096 0.1803450 0.1834305 0.1738386 0.1763212 0.1784340 0.1817405 0.1724165 0.1778114 0.1781589 0.1817989 0.1802876 0.1821899 0.1737313 0.1826455 0.1805115 0.1784237 0.1808391 0.1791804 0.1773037 0.0147605 0.0126038 0.0097459 0.0108701 0.0128631 0.0124458 0.0139980 0.0117343 0.0088518 0.0147232 0.0115046 0.0112288 0.0129676 0.0129925 0.0000000 0.0102985 0.0127352 0.0112665 0.0074242 0.0133449 0.0122403 0.0120048 0.0157106 0.0129334 0.0165009 0.1777618 0.1813682 0.1915792 0.1859520 0.1946401 0.1826918 0.1778785 0.1821313 0.1839525 0.1840409 0.1841457 0.1816842 0.1824805 0.1826981 0.1803450 0.1776721 0.1802279 0.1817977 0.1834205 0.1820202 0.1804457 0.1792279 0.1858497 0.1796115 0.1846331 
pop2.indv13 0.1754579 0.1752220 0.1827425 0.1824663 0.1658900 0.1734768 0.1828114 0.1852629 0.1754539 0.1774066 0.1786308 0.1824203 0.1718472 0.1786308 0.1790258 0.1808359 0.1792128 0.1836123 0.1762599 0.1839118 0.1829324 0.1793616 0.1815178 0.1806730 0.1765349 0.0151682 0.0110068 0.0121790 0.0077781 0.0125347 0.0115517 0.0093793 0.0103207 0.0100700 0.0140387 0.0111109 0.0127444 0.0098221 0.0110814 0.0102985 0.0000000 0.0124996 0.0127598 0.0106461 0.0102739 0.0115628 0.0125237 0.0162565 0.0132377 0.0114087 0.1764106 0.1874259 0.1968527 0.1880237 0.1979543 0.1859881 0.1824823 0.1863867 0.1866053 0.1875951 0.1876328 0.1844451 0.1865641 0.1841294 0.1827591 0.1815173 0.1836659 0.1868039 0.1862704 0.1842831 0.1828850 0.1841203 0.1880549 0.1833834 0.1886832 
pop2.indv14 0.1763108 0.1706063 0.1869606 0.1888622 0.1651784 0.1754403 0.1832631 0.1861122 0.1777248 0.1798840 0.1805001 0.1840541 0.1720220 0.1809518 0.1812911 0.1823112 0.1811796 0.1849736 0.1777928 0.1866462 0.1830981 0.1810075 0.1839160 0.1819103 0.1788026 0.0106833 0.0156779 0.0105787 0.0140727 0.0153314 0.0124966 0.0123231 0.0139946 0.0083796 0.0147696 0.0120366 0.0122256 0.0127598 0.0128184 0.0127352 0.0124996 0.0000000 0.0120192 0.0123172 0.0114717 0.0130145 0.0122315 0.0145294 0.0105694 0.0103930 0.1776655 0.1850973 0.1940785 0.1840353 0.1969967 0.1825849 0.1799982 0.1819103 0.1832181 0.1852370 0.1838216 0.1814608 0.1819718 0.1810098 0.1808433 0.1785492 0.1791058 0.1826455 0.1825266 0.1793310 0.1800444 0.1806198 0.1855252 0.1814608 0.1862532 
pop2.indv15 0.1693129 0.1656393 0.1725772 0.1772307 0.1638092 0.1689216 0.1759421 0.1808412 0.1705290 0.1722496 0.1728343 0.1775434 0.1668260 0.1750603 0.1763583 0.1780811 0.1748236 0.1788804 0.1713911 0.1794281 0.1759142 0.1758314 0.1760406 0.1742760 0.1718840 0.0131188 0.0125593 0.0093911 0.0149063 0.0140782 0.0095587 0.0117964 0.0110283 0.0100676 0.0127475 0.0110575 0.0159079 0.0142134 0.0115573 0.0112665 0.0127598 0.0120192 0.0000000 0.0108316 0.0136204 0.0134669 0.0107823 0.0152460 0.0122051 0.0133535 0.1768791 0.1799736 0.1886036 0.1845113 0.1969398 0.1842735 0.1784186 0.1835408 0.1842447 0.1847891 0.1841593 0.1830871 0.1824840 0.1818000 0.1808423 0.1779883 0.1807290 0.1832692 0.1832032 0.1821924 0.1802695 0.1816860 0.1856478 0.1823636 0.1847074 
pop2.indv16 0.1745402 0.1770760 0.1866697 0.1819215 0.1693900 0.1737737 0.1827614 0.1856183 0.1768027 0.1792533 0.1811762 0.1838992 0.1724846 0.1794177 0.1808359 0.1820298 0.1814608 0.1850436 0.1767003 0.1849516 0.1832785 0.1802654 0.1838125 0.1810660 0.1771502 0.0115287 0.0158081 0.0118296 0.0101811 0.0110241 0.0123082 0.0126333 0.0096556 0.0091643 0.0123350 0.0096837 0.0161936 0.0118592 0.0111243 0.0074242 0.0106461 0.0123172 0.0108316 0.0000000 0.0120250 0.0108708 0.0108525 0.0143517 0.0137154 0.0129090 0.1814608 0.1942156 0.1918359 0.1831305 0.1956272 0.1828183 0.1791935 0.1850892 0.1852957 0.1852114 0.1853721 0.1830981 0.1824369 0.1820298 0.1824236 0.1800492 0.1818012 0.1835586 0.1838377 0.1827065 0.1829476 0.1801635 0.1882434 0.1819149 0.1872542 
pop2.indv17 0.1766948 0.1701516 0.1816433 0.1808336 0.1659773 0.1729452 0.1807364 0.1835941 0.1735305 0.1762304 0.1780433 0.1802341 0.1700668 0.1776047 0.1781533 0.1812923 0.1789526 0.1820763 0.1752545 0.1829843 0.1801766 0.1785443 0.1805579 0.1794038 0.1755148 0.0110415 0.0167444 0.0092571 0.0073225 0.0124712 0.0124190 0.0115240 0.0105114 0.0078298 0.0148728 0.0119445 0.0135847 0.0121760 0.0117174 0.0133449 0.0102739 0.0114717 0.0136204 0.0120250 0.0000000 0.0124458 0.0153375 0.0136792 0.0126441 0.0127567 0.1776955 0.1868311 0.1906206 0.1830109 0.1967844 0.1835869 0.1767723 0.1825774 0.1832661 0.1851669 0.1835833 0.1825212 0.1842927 0.1815730 0.1821874 0.1777330 0.1817405 0.1819080 0.1828001 0.1817396 0.1774752 0.1797894 0.1856698 0.1803431 0.1866108 
pop2.indv20 0.1741486 0.1758108 0.1846815 0.1922969 0.1728041 0.1756135 0.1843355 0.1876057 0.1787330 0.1814608 0.1814608 0.1860461 0.1734103 0.1827658 0.1827087 0.1852759 0.1827569 0.1855970 0.1767165 0.1864705 0.1847485 0.1825412 0.1840898 0.1827569 0.1804405 0.0142679 0.0101971 0.0121361 0.0113527 0.0129642 0.0130082 0.0128184 0.0142271 0.0112503 0.0135157 0.0110601 0.0161585 0.0132186 0.0128246 0.0122403 0.0115628 0.0130145 0.0134669 0.0108708 0.0124458 0.0000000 0.0129738 0.0143204 0.0134831 0.0123082 0.1787158 0.1920658 0.1909693 0.1855283 0.1946039 0.1817420 0.1770770 0.1825849 0.1839034 0.1817420 0.1842735 0.1807896 0.1818029 0.1798254 0.1790505 0.1790464 0.1799424 0.1800564 0.1813484 0.1797781 0.1781806 0.1776465 0.1857057 0.1802776 0.1849337 
pop2.indv21 0.1758355 0.1726922 0.1872928 0.1856590 0.1703228 0.1774066 0.1854607 0.1876913 0.1787981 0.1825338 0.1833295 0.1868256 0.1759778 0.1832151 0.1848582 0.1853788 0.1844501 0.1885501 0.1806676 0.1884091 0.1854233 0.1849277 0.1861946 0.1841023 0.1819701 0.0094839 0.0153616 0.0097612 0.0125298 0.0156411 0.0112692 0.0145083 0.0112990 0.0137386 0.0164729 0.0110628 0.0144281 0.0149302 0.0140081 0.0120048 0.0125237 0.0122315 0.0107823 0.0108525 0.0153375 0.0129738 0.0000000 0.0167291 0.0125207 0.0165129 0.1856600 0.1900815 0.2004626 0.1873555 0.2018088 0.1891480 0.1845702 0.1894886 0.1904845 0.1916714 0.1912528 0.1878821 0.1883262 0.1873605 0.1860306 0.1842783 0.1870681 0.1895753 0.1890761 0.1870490 0.1867048 0.1859727 0.1910471 0.1865440 0.1919835 
pop2.indv22 0.1806442 0.1753120 0.1854450 0.1948492 0.1766356 0.1795333 0.1887988 0.1900953 0.1804335 0.1840230 0.1862614 0.1893790 0.1775653 0.1854574 0.1874114 0.1892542 0.1866958 0.1899755 0.1835153 0.1909379 0.1881959 0.1877074 0.1885412 0.1872533 0.1830602 0.0131449 0.0121694 0.0117508 0.0149592 0.0133751 0.0127659 0.0157640 0.0169899 0.0115628 0.0157258 0.0137485 0.0162171 0.0164769 0.0155462 0.0157106 0.0162565 0.0145294 0.0152460 0.0143517 0.0136792 0.0143204 0.0167291 0.0000000 0.0162054 0.0124252 0.1863418 0.1922975 0.1970452 0.1917599 0.2026466 0.1923099 0.1874705 0.1931615 0.1924231 0.1922074 0.1942789 0.1925142 0.1921972 0.1905313 0.1897962 0.1874396 0.1892274 0.1906645 0.1925333 0.1905288 0.1901552 0.1909327 0.1953644 0.1909654 0.1974003 
pop2.indv23 0.1835302 0.1742987 0.1809111 0.1864483 0.1693526 0.1740786 0.1848866 0.1867856 0.1781862 0.1780433 0.1810090 0.1843307 0.1725979 0.1797724 0.1821393 0.1835550 0.1814047 0.1846169 0.1789228 0.1861122 0.1825868 0.1824788 0.1834508 0.1826939 0.1783685 0.0176596 0.0140617 0.0104801 0.0121599 0.0149122 0.0120048 0.0154040 0.0098245 0.0107952 0.0149482 0.0112854 0.0136760 0.0139542 0.0112638 0.0129334 0.0132377 0.0105694 0.0122051 0.0137154 0.0126441 0.0134831 0.0125207 0.0162054 0.0000000 0.0123112 0.1741418 0.1843314 0.1948497 0.1881195 0.1911786 0.1848924 0.1806716 0.1855689 0.1868717 0.1877392 0.1871558 0.1851096 0.1850560 0.1833263 0.1826960 0.1803374 0.1829817 0.1872920 0.1853390 0.1841593 0.1841870 0.1844972 0.1878455 0.1838868 0.1895715 
pop2.indv25 0.1746949 0.1767903 0.1875350 0.1853074 0.1704895 0.1773859 0.1848640 0.1897650 0.1794636 0.1804405 0.1831726 0.1854949 0.1755936 0.1823729 0.1828875 0.1857057 0.1859531 0.1875678 0.1800346 0.1877182 0.1857933 0.1829476 0.1865729 0.1835550 0.1790133 0.0147782 0.0150361 0.0125396 0.0098691 0.0118436 0.0125874 0.0143867 0.0128464 0.0104031 0.0113921 0.0113618 0.0162762 0.0128526 0.0121566 0.0165009 0.0114087 0.0103930 0.0133535 0.0129090 0.0127567 0.0123082 0.0165129 0.0124252 0.0123112 0.0000000 0.1827114 0.1876218 0.1960119 0.1870376 0.1977534 0.1866373 0.1828300 0.1859454 0.1875402 0.1872144 0.1883264 0.1855970 0.1865314 0.1847074 0.1839525 0.1824252 0.1852759 0.1851597 0.1869116 0.1862286 0.1853676 0.1847597 0.1883737 0.1857933 0.1887681 
pop3.indv25 0.1834339 0.1897666 0.1825974 0.1928787 0.1777840 0.1818193 0.1933385 0.1911257 0.1869788 0.1889089 0.1853367 0.1918721 0.1834285 0.1884998 0.1817295 0.1875504 0.1875504 0.1919860 0.1812836 0.1947633 0.1969390 0.1837124 0.1852447 0.1915334 0.1934045 0.1784558 0.1719865 0.1975918 0.1752008 0.1839252 0.1742921 0.1859468 0.1775479 0.1735518 0.1811936 0.1805733 0.1811958 0.1787960 0.1742264 0.1777618 0.1764106 0.1776655 0.1768791 0.1814608 0.1776955 0.1787158 0.1856600 0.1863418 0.1741418 0.1827114 0.0000000 0.0152728 0.0113837 0.0085788 0.0116867 0.0075406 0.0068048 0.0071381 0.0091026 0.0140008 0.0113894 0.0101875 0.0095015 0.0087120 0.0079040 0.0090992 0.0094441 0.0098607 0.0094369 0.0102494 0.0094835 0.0102689 0.0090614 0.0087021 0.0098794 
pop3.indv4  0.1820606 0.1669593 0.1901552 0.1952566 0.1860376 0.1887220 0.1905007 0.1939778 0.1910236 0.1892458 0.1902293 0.1930074 0.1863561 0.1906781 0.1879405 0.1900807 0.1851925 0.1919357 0.1892137 0.1940558 0.1973241 0.1864529 0.1949649 0.1939126 0.1931406 0.1725159 0.1920116 0.1913970 0.1906447 0.1930776 0.1882136 0.2007781 0.1778176 0.1823872 0.1846498 0.1846318 0.1890289 0.1878252 0.1863423 0.1813682 0.1874259 0.1850973 0.1799736 0.1942156 0.1868311 0.1920658 0.1900815 0.1922975 0.1843314 0.1876218 0.0152728 0.0000000 0.0153144 0.0128933 0.0101006 0.0152229 0.0152168 0.0130669 0.0132028 0.0135241 0.0165063 0.0163353 0.0109077 0.0128209 0.0075195 0.0164599 0.0135511 0.0131817 0.0130928 0.0136380 0.0157144 0.0136326 0.0147487 0.0111028 0.0131607 
