75
pop1.indv1  0.0000000 0.0125168 0.0164643 0.0157666 0.0151639 0.0141644 0.0141316 0.0158659 0.0131802 0.0152708 0.0152708 0.0163099 0.0149080 0.0095034 0.0146767 0.0164567 0.0153490 0.0134754 0.0156270 0.0167722 0.0146460 0.0129624 0.0154243 0.0147772 0.0130137 0.1871094 0.1958680 0.1869309 0.1843703 0.1933201 0.1840855 0.1901812 0.1894222 0.1851637 0.1880222 0.1873943 0.1855022 0.1912702 0.1944195 0.1862333 0.1895044 0.1903580 0.1895722 0.1879832 0.1941772 0.1944975 0.1925967 0.1889936 0.1955471 0.1945325 0.1992434 0.2042281 0.1934498 0.1973832 0.1965591 0.1981141 0.1988510 0.1973226 0.1969774 0.1997981 0.1981897 0.1960366 0.1973226 0.1996945 0.1938929 0.1970198 0.1984477 0.2022471 0.1977162 0.1988142 0.2005991 0.1992070 0.1981057 0.2081768 0.1921153 
pop1.indv2  0.0125168 0.0000000 0.0153740 0.0146460 0.0121488 0.0125663 0.0137606 0.0123811 0.0155870 0.0148802 0.0115975 0.0152208 0.0123522 0.0142604 0.0128364 0.0158106 0.0127886 0.0123898 0.0128634 0.0118308 0.0132446 0.0111801 0.0163939 0.0108841 0.0123955 0.1751904 0.1835156 0.1735363 0.1718154 0.1803274 0.1715204 0.1773104 0.1757852 0.1728296 0.1755968 0.1735188 0.1725659 0.1774736 0.1809587 0.1742583 0.1755429 0.1776917 0.1767740 0.1758256 0.1800558 0.1814629 0.1805447 0.1784782 0.1821102 0.1816797 0.1837496 0.1893931 0.1785614 0.1845350 0.1820681 0.1840862 0.1852067 0.1844788 0.1825837 0.1854387 0.1838621 0.1821886 0.1825206 0.1853738 0.1796795 0.1840304 0.1848704 0.1858852 0.1826190 0.1844788 0.1866624 0.1848176 0.1839185 0.1931392 0.1776350 
pop1.indv3  0.0164643 0.0153740 0.0000000 0.0126562 0.0139857 0.0126971 0.0139144 0.0123063 0.0122015 0.0152602 0.0115333 0.0130227 0.0143816 0.0129865 0.0108390 0.0150376 0.0119726 0.0146596 0.0141513 0.0115094 0.0115359 0.0122579 0.0158511 0.0149925 0.0148802 0.1830660 0.1916014 0.1806474 0.1797932 0.1854495 0.1787797 0.1845376 0.1825526 0.1799245 0.1828972 0.1809798 0.1818353 0.1861223 0.1886352 0.1815621 0.1838028 0.1841989 0.1843691 0.1831755 0.1882863 0.1886427 0.1881904 0.1860683 0.1909292 0.1904485 0.1933601 0.1986678 0.1883329 0.1927270 0.1894654 0.1929767 0.1933299 0.1926096 0.1915013 0.1946927 0.1927857 0.1912929 0.1925509 0.1931536 0.1883329 0.1920960 0.1924202 0.1958566 0.1929613 0.1936836 0.1955796 0.1934936 0.1926543 0.2018136 0.1860744 
pop1.indv4  0.0157666 0.0146460 0.0126562 0.0000000 0.0113589 0.0136397 0.0159781 0.0141218 0.0124763 0.0134131 0.0131772 0.0139305 0.0138790 0.0131955 0.0127412 0.0161518 0.0148079 0.0136999 0.0136935 0.0143318 0.0162493 0.0122353 0.0158400 0.0152461 0.0150970 0.1831206 0.1931095 0.1841424 0.1814249 0.1895044 0.1813737 0.1870321 0.1857387 0.1809850 0.1847103 0.1838022 0.1836352 0.1875459 0.1909858 0.1839736 0.1852779 0.1876615 0.1868732 0.1840854 0.1897116 0.1900933 0.1902605 0.1864087 0.1924114 0.1936983 0.1921808 0.1964976 0.1865411 0.1898511 0.1887912 0.1914449 0.1913628 0.1914329 0.1900436 0.1934936 0.1905253 0.1900052 0.1908626 0.1910144 0.1870983 0.1908045 0.1912465 0.1944968 0.1908595 0.1920505 0.1937112 0.1915033 0.1909676 0.2003796 0.1854115 
pop1.indv5  0.0151639 0.0121488 0.0139857 0.0113589 0.0000000 0.0116434 0.0121008 0.0116678 0.0125809 0.0134942 0.0092878 0.0140447 0.0133095 0.0152279 0.0143073 0.0137222 0.0123206 0.0119305 0.0140677 0.0128214 0.0104792 0.0128694 0.0112246 0.0139564 0.0133188 0.1756084 0.1837424 0.1745143 0.1721324 0.1800912 0.1716894 0.1768284 0.1769441 0.1734656 0.1747292 0.1736439 0.1753274 0.1784688 0.1814584 0.1752347 0.1769800 0.1779000 0.1782748 0.1762617 0.1808361 0.1807128 0.1801336 0.1767618 0.1826677 0.1834507 0.1885623 0.1934231 0.1838045 0.1874196 0.1871423 0.1887366 0.1900244 0.1881569 0.1871226 0.1905726 0.1879324 0.1871848 0.1875291 0.1898495 0.1839174 0.1886634 0.1883743 0.1929603 0.1887011 0.1895183 0.1917751 0.1895946 0.1881503 0.1980845 0.1815831 
pop1.indv6  0.0141644 0.0125663 0.0126971 0.0136397 0.0116434 0.0000000 0.0141644 0.0148976 0.0115813 0.0120336 0.0122466 0.0139922 0.0103825 0.0120867 0.0136935 0.0160041 0.0122664 0.0123637 0.0149498 0.0136681 0.0110760 0.0115867 0.0146323 0.0159967 0.0130258 0.1787160 0.1877313 0.1792903 0.1762988 0.1832336 0.1762988 0.1828992 0.1807299 0.1773329 0.1808580 0.1792273 0.1791887 0.1830115 0.1852798 0.1790330 0.1802419 0.1821068 0.1810807 0.1791476 0.1852208 0.1859085 0.1843703 0.1826726 0.1881569 0.1876970 0.1896476 0.1952728 0.1853156 0.1894164 0.1876211 0.1899373 0.1900244 0.1898605 0.1882120 0.1915863 0.1894164 0.1879969 0.1882825 0.1894567 0.1855947 0.1886764 0.1889557 0.1924747 0.1896840 0.1903720 0.1920960 0.1903343 0.1892926 0.1988754 0.1834798 
pop1.indv7  0.0141316 0.0137606 0.0139144 0.0159781 0.0121008 0.0141644 0.0000000 0.0132600 0.0125342 0.0141316 0.0143950 0.0147109 0.0136967 0.0123493 0.0144487 0.0155220 0.0148595 0.0118611 0.0158919 0.0120308 0.0132231 0.0116163 0.0135068 0.0106341 0.0141908 0.1817562 0.1905457 0.1802419 0.1786521 0.1861965 0.1775718 0.1836891 0.1830002 0.1795103 0.1805130 0.1788807 0.1815451 0.1838022 0.1880222 0.1811563 0.1827240 0.1845964 0.1844273 0.1811775 0.1876152 0.1876851 0.1868289 0.1836891 0.1897515 0.1892538 0.1931836 0.1976486 0.1875068 0.1912348 0.1903445 0.1935840 0.1924158 0.1925335 0.1906306 0.1938221 0.1912933 0.1906519 0.1919134 0.1935374 0.1881813 0.1917374 0.1926374 0.1959148 0.1919187 0.1926514 0.1950571 0.1926204 0.1924158 0.2013701 0.1860277 
pop1.indv8  0.0158659 0.0123811 0.0123063 0.0141218 0.0116678 0.0148976 0.0132600 0.0000000 0.0130318 0.0139857 0.0123006 0.0152708 0.0127916 0.0132940 0.0137831 0.0170429 0.0127738 0.0135478 0.0145573 0.0141941 0.0111749 0.0128065 0.0144689 0.0163099 0.0135226 0.1788632 0.1879768 0.1771903 0.1759753 0.1830588 0.1750827 0.1818759 0.1798611 0.1764609 0.1776810 0.1768406 0.1791091 0.1823839 0.1844273 0.1782879 0.1795502 0.1818722 0.1801603 0.1784404 0.1841993 0.1836853 0.1833414 0.1815322 0.1865234 0.1863810 0.1896167 0.1941804 0.1834142 0.1869513 0.1868462 0.1878623 0.1892024 0.1877988 0.1868241 0.1899078 0.1885332 0.1876211 0.1875124 0.1892518 0.1846466 0.1883604 0.1880158 0.1919980 0.1887947 0.1895497 0.1904881 0.1887138 0.1885835 0.1984202 0.1815956 
pop1.indv9  0.0131802 0.0155870 0.0122015 0.0124763 0.0125809 0.0115813 0.0125342 0.0130318 0.0000000 0.0119781 0.0122523 0.0123264 0.0139176 0.0111144 0.0144487 0.0141677 0.0120447 0.0125721 0.0127738 0.0146052 0.0127235 0.0108590 0.0142272 0.0145344 0.0135068 0.1821529 0.1916388 0.1796830 0.1791559 0.1869935 0.1783685 0.1844821 0.1822623 0.1796830 0.1825526 0.1818722 0.1805921 0.1858453 0.1886502 0.1812720 0.1836318 0.1842557 0.1830624 0.1814068 0.1865890 0.1890604 0.1865433 0.1849941 0.1901026 0.1901234 0.1936278 0.1993049 0.1882961 0.1922528 0.1907900 0.1931243 0.1935374 0.1921353 0.1920960 0.1949074 0.1930504 0.1914913 0.1916788 0.1934192 0.1890788 0.1920179 0.1931980 0.1965385 0.1928267 0.1942331 0.1956770 0.1937030 0.1925198 0.2024045 0.1869149 
pop1.indv10 0.0152708 0.0148802 0.0152602 0.0134131 0.0134942 0.0120336 0.0141316 0.0139857 0.0119781 0.0000000 0.0127353 0.0129865 0.0157483 0.0129805 0.0124965 0.0187843 0.0162758 0.0092449 0.0123092 0.0148114 0.0136523 0.0124849 0.0137030 0.0136145 0.0132047 0.1815365 0.1912702 0.1826165 0.1815924 0.1887087 0.1798413 0.1859539 0.1838005 0.1816606 0.1831223 0.1815966 0.1826750 0.1857853 0.1901812 0.1832985 0.1848789 0.1855569 0.1847673 0.1847131 0.1878353 0.1896219 0.1881455 0.1861863 0.1915643 0.1913181 0.1904777 0.1956961 0.1849775 0.1882186 0.1879460 0.1894654 0.1902838 0.1896206 0.1884193 0.1920179 0.1901303 0.1880981 0.1888333 0.1901684 0.1853117 0.1886616 0.1884902 0.1929622 0.1893265 0.1910256 0.1917336 0.1903140 0.1900629 0.1991075 0.1839771 
pop1.indv11 0.0152708 0.0115975 0.0115333 0.0131772 0.0092878 0.0122466 0.0143950 0.0123006 0.0122523 0.0127353 0.0000000 0.0125897 0.0153383 0.0106835 0.0132507 0.0131620 0.0104113 0.0125342 0.0128095 0.0129805 0.0136808 0.0137222 0.0125517 0.0138822 0.0123321 0.1724081 0.1809798 0.1719565 0.1692995 0.1778764 0.1711965 0.1764576 0.1738195 0.1714155 0.1734124 0.1719165 0.1731318 0.1758413 0.1791174 0.1714052 0.1731484 0.1743437 0.1755853 0.1731288 0.1780058 0.1786612 0.1769069 0.1753463 0.1797742 0.1806741 0.1839192 0.1883466 0.1779346 0.1825285 0.1804143 0.1830263 0.1834201 0.1831406 0.1822044 0.1843662 0.1822500 0.1812593 0.1822531 0.1843647 0.1790453 0.1825311 0.1834755 0.1863224 0.1820127 0.1835854 0.1859215 0.1834722 0.1827539 0.1917249 0.1771272 
pop1.indv12 0.0163099 0.0152208 0.0130227 0.0139305 0.0140447 0.0139922 0.0147109 0.0152708 0.0123264 0.0129865 0.0125897 0.0000000 0.0125780 0.0125956 0.0135923 0.0157995 0.0120643 0.0121403 0.0133469 0.0149323 0.0151675 0.0140053 0.0149988 0.0120615 0.0145436 0.1816274 0.1901234 0.1804390 0.1802522 0.1852316 0.1789010 0.1838570 0.1827643 0.1803832 0.1815711 0.1811164 0.1812433 0.1841424 0.1879310 0.1818722 0.1829435 0.1844278 0.1833414 0.1811012 0.1879896 0.1875975 0.1867346 0.1839710 0.1896219 0.1908014 0.1925438 0.1979616 0.1874142 0.1917413 0.1898100 0.1921557 0.1926344 0.1925892 0.1907317 0.1946349 0.1912818 0.1904612 0.1909292 0.1927387 0.1872994 0.1916109 0.1913757 0.1950637 0.1919111 0.1933923 0.1947276 0.1929007 0.1918340 0.2018952 0.1859837 
pop1.indv13 0.0149080 0.0123522 0.0143816 0.0138790 0.0133095 0.0103825 0.0136967 0.0127916 0.0139176 0.0157483 0.0153383 0.0125780 0.0000000 0.0149288 0.0139922 0.0148285 0.0136903 0.0111532 0.0137574 0.0151181 0.0117871 0.0136840 0.0156636 0.0120391 0.0163365 0.1800490 0.1890604 0.1797235 0.1781844 0.1857414 0.1781844 0.1838017 0.1825420 0.1787709 0.1800558 0.1789821 0.1802973 0.1835177 0.1875161 0.1808134 0.1821529 0.1836309 0.1820370 0.1799169 0.1867087 0.1867172 0.1860909 0.1823839 0.1897116 0.1892118 0.1888719 0.1949074 0.1841424 0.1884110 0.1871798 0.1894425 0.1899278 0.1891446 0.1876041 0.1908706 0.1888065 0.1875013 0.1874498 0.1890788 0.1846458 0.1885762 0.1887413 0.1921028 0.1890697 0.1894829 0.1918879 0.1901215 0.1891941 0.1986789 0.1827035 
pop1.indv14 0.0095034 0.0142604 0.0129865 0.0131955 0.0152279 0.0120867 0.0123493 0.0132940 0.0111144 0.0129805 0.0106835 0.0125956 0.0149288 0.0000000 0.0127857 0.0170032 0.0111351 0.0121177 0.0121120 0.0146732 0.0134786 0.0116271 0.0147419 0.0115948 0.0123580 0.1807242 0.1912704 0.1801603 0.1782197 0.1873577 0.1788545 0.1849397 0.1833400 0.1800004 0.1819209 0.1789097 0.1790541 0.1852836 0.1887905 0.1816524 0.1824316 0.1846559 0.1844856 0.1820795 0.1878662 0.1872409 0.1885778 0.1839144 0.1891025 0.1887035 0.1897912 0.1951057 0.1854910 0.1883674 0.1865648 0.1891611 0.1887489 0.1881371 0.1881747 0.1905993 0.1892771 0.1877928 0.1884180 0.1906150 0.1849280 0.1875696 0.1890950 0.1930947 0.1892528 0.1897238 0.1917374 0.1895675 0.1890372 0.1982599 0.1833095 
pop1.indv15 0.0146767 0.0128364 0.0108390 0.0127412 0.0143073 0.0136935 0.0144487 0.0137831 0.0144487 0.0124965 0.0132507 0.0135923 0.0139922 0.0127857 0.0000000 0.0146120 0.0158400 0.0137670 0.0142504 0.0127590 0.0127916 0.0120699 0.0123551 0.0146188 0.0123551 0.1802159 0.1890686 0.1794950 0.1786339 0.1848277 0.1780097 0.1841424 0.1811164 0.1804018 0.1816400 0.1800558 0.1801313 0.1831771 0.1864276 0.1809243 0.1820967 0.1825526 0.1833454 0.1806066 0.1863660 0.1872887 0.1858046 0.1829495 0.1895451 0.1899649 0.1885908 0.1936435 0.1826894 0.1875696 0.1853213 0.1875752 0.1881240 0.1874552 0.1864846 0.1900730 0.1866666 0.1856511 0.1869467 0.1882893 0.1832484 0.1863827 0.1872218 0.1905090 0.1876499 0.1884684 0.1898605 0.1889376 0.1873927 0.1972447 0.1814907 
pop1.indv16 0.0164567 0.0158106 0.0150376 0.0161518 0.0137222 0.0160041 0.0155220 0.0170429 0.0141677 0.0187843 0.0131620 0.0157995 0.0148285 0.0170032 0.0146120 0.0000000 0.0136397 0.0151427 0.0149149 0.0161967 0.0152708 0.0171942 0.0175019 0.0141054 0.0165026 0.1845402 0.1929447 0.1841989 0.1822155 0.1890440 0.1809745 0.1879965 0.1874579 0.1828992 0.1849371 0.1834622 0.1846508 0.1884025 0.1907605 0.1845934 0.1863012 0.1876615 0.1872730 0.1846559 0.1900636 0.1916388 0.1898079 0.1877773 0.1935116 0.1936983 0.1976040 0.2029693 0.1915618 0.1954753 0.1940712 0.1970412 0.1976201 0.1973008 0.1950628 0.1988385 0.1947945 0.1948189 0.1955763 0.1973782 0.1919464 0.1965374 0.1967575 0.1993773 0.1958525 0.1980448 0.1997656 0.1971017 0.1968780 0.2060806 0.1901391 
pop1.indv17 0.0153490 0.0127886 0.0119726 0.0148079 0.0123206 0.0122664 0.0148595 0.0127738 0.0120447 0.0162758 0.0104113 0.0120643 0.0136903 0.0111351 0.0158400 0.0136397 0.0000000 0.0135037 0.0139597 0.0139208 0.0122325 0.0146494 0.0142305 0.0155148 0.0144487 0.1771359 0.1850512 0.1738704 0.1725659 0.1804635 0.1727768 0.1777884 0.1768284 0.1733245 0.1769188 0.1743485 0.1754531 0.1794630 0.1823278 0.1756413 0.1768105 0.1783329 0.1778661 0.1767740 0.1820475 0.1806300 0.1818123 0.1785062 0.1845934 0.1844856 0.1872268 0.1927104 0.1821918 0.1859867 0.1843102 0.1869467 0.1871599 0.1864923 0.1855877 0.1883029 0.1864356 0.1854800 0.1858738 0.1875472 0.1830281 0.1862659 0.1871031 0.1903241 0.1866790 0.1877809 0.1891693 0.1871748 0.1868241 0.1958352 0.1810562 
pop1.indv18 0.0134754 0.0123898 0.0146596 0.0136999 0.0119305 0.0123637 0.0118611 0.0135478 0.0125721 0.0092449 0.0125342 0.0121403 0.0111532 0.0121177 0.0137670 0.0151427 0.0135037 0.0000000 0.0111932 0.0116271 0.0111532 0.0116163 0.0126339 0.0132323 0.0137928 0.1771988 0.1865514 0.1755286 0.1741599 0.1824259 0.1727546 0.1798825 0.1776930 0.1748140 0.1778348 0.1750676 0.1760023 0.1798825 0.1824316 0.1767023 0.1778348 0.1802225 0.1774404 0.1771089 0.1816920 0.1829983 0.1829945 0.1799310 0.1852798 0.1839124 0.1852119 0.1901413 0.1802254 0.1835248 0.1821202 0.1838612 0.1840864 0.1836936 0.1832499 0.1864583 0.1841986 0.1829670 0.1835817 0.1852630 0.1791124 0.1827426 0.1840864 0.1878109 0.1845389 0.1852667 0.1867234 0.1845934 0.1838061 0.1932731 0.1784992 
pop1.indv19 0.0156270 0.0128634 0.0141513 0.0136935 0.0140677 0.0149498 0.0158919 0.0145573 0.0127738 0.0123092 0.0128095 0.0133469 0.0137574 0.0121120 0.0142504 0.0149149 0.0139597 0.0111932 0.0000000 0.0154135 0.0127857 0.0118473 0.0152637 0.0155907 0.0137766 0.1862103 0.1960707 0.1869496 0.1837982 0.1932918 0.1846593 0.1903403 0.1887112 0.1852855 0.1881657 0.1850027 0.1859690 0.1900047 0.1940792 0.1867087 0.1885703 0.1892538 0.1893216 0.1877210 0.1928377 0.1934586 0.1924865 0.1904102 0.1956847 0.1966289 0.1939739 0.1989985 0.1898006 0.1931541 0.1916948 0.1942138 0.1931986 0.1933923 0.1926064 0.1960739 0.1936153 0.1927387 0.1935557 0.1937625 0.1899661 0.1925752 0.1937188 0.1975938 0.1936945 0.1943600 0.1964381 0.1940503 0.1934365 0.2033485 0.1878319 
pop1.indv20 0.0167722 0.0118308 0.0115094 0.0143318 0.0128214 0.0136681 0.0120308 0.0141941 0.0146052 0.0148114 0.0129805 0.0149323 0.0151181 0.0146732 0.0127590 0.0161967 0.0139208 0.0116271 0.0154135 0.0000000 0.0146222 0.0141480 0.0149463 0.0140826 0.0148872 0.1815924 0.1912821 0.1800828 0.1791641 0.1862472 0.1783780 0.1840858 0.1826038 0.1799175 0.1839151 0.1794553 0.1809850 0.1848220 0.1872151 0.1807140 0.1827263 0.1845957 0.1836884 0.1812945 0.1871573 0.1878538 0.1865393 0.1843691 0.1892941 0.1894222 0.1910596 0.1979461 0.1871080 0.1916080 0.1893095 0.1912348 0.1918879 0.1917835 0.1898325 0.1928876 0.1917249 0.1897358 0.1894078 0.1911418 0.1868241 0.1908154 0.1919336 0.1943521 0.1916698 0.1924022 0.1942426 0.1924295 0.1914913 0.1995974 0.1850262 
pop1.indv21 0.0146460 0.0132446 0.0115359 0.0162493 0.0104792 0.0110760 0.0132231 0.0111749 0.0127235 0.0136523 0.0136808 0.0151675 0.0117871 0.0134786 0.0127916 0.0152708 0.0122325 0.0111532 0.0127857 0.0146222 0.0000000 0.0125052 0.0132600 0.0145748 0.0118556 0.1773648 0.1859599 0.1763784 0.1739429 0.1803463 0.1723362 0.1797454 0.1771672 0.1744338 0.1775934 0.1747378 0.1761632 0.1786246 0.1831206 0.1760822 0.1780502 0.1792903 0.1794397 0.1767740 0.1824991 0.1831755 0.1830606 0.1790077 0.1851019 0.1859173 0.1867760 0.1919721 0.1821367 0.1850925 0.1847581 0.1868329 0.1870464 0.1866016 0.1852539 0.1886411 0.1864356 0.1850334 0.1855947 0.1868197 0.1824734 0.1855947 0.1867674 0.1900438 0.1862834 0.1870511 0.1895630 0.1868373 0.1866542 0.1961164 0.1811153 
pop1.indv22 0.0129624 0.0111801 0.0122579 0.0122353 0.0128694 0.0115867 0.0116163 0.0128065 0.0108590 0.0124849 0.0137222 0.0140053 0.0136840 0.0116271 0.0120699 0.0171942 0.0146494 0.0116163 0.0118473 0.0141480 0.0125052 0.0000000 0.0140086 0.0131772 0.0113536 0.1815235 0.1894723 0.1813645 0.1793687 0.1861422 0.1789736 0.1851099 0.1836275 0.1790457 0.1816961 0.1805626 0.1809190 0.1847112 0.1875744 0.1807027 0.1831755 0.1848826 0.1828889 0.1821396 0.1878016 0.1883866 0.1868915 0.1840855 0.1902300 0.1903717 0.1914344 0.1975714 0.1870655 0.1911996 0.1893351 0.1912113 0.1917499 0.1914224 0.1903618 0.1929311 0.1907425 0.1895319 0.1890869 0.1923706 0.1867804 0.1903925 0.1904986 0.1941637 0.1908452 0.1916450 0.1940548 0.1919520 0.1910710 0.2009573 0.1848088 
pop1.indv23 0.0154243 0.0163939 0.0158511 0.0158400 0.0112246 0.0146323 0.0135068 0.0144689 0.0142272 0.0137030 0.0125517 0.0149988 0.0156636 0.0147419 0.0123551 0.0175019 0.0142305 0.0126339 0.0152637 0.0149463 0.0132600 0.0140086 0.0000000 0.0141875 0.0154351 0.1803769 0.1902914 0.1822623 0.1772103 0.1846576 0.1776596 0.1836301 0.1821362 0.1770582 0.1819172 0.1798198 0.1806300 0.1834021 0.1878139 0.1810858 0.1816358 0.1835724 0.1823156 0.1808812 0.1867709 0.1871293 0.1863266 0.1838005 0.1888102 0.1899748 0.1915054 0.1968437 0.1861694 0.1893931 0.1893437 0.1905407 0.1907425 0.1906949 0.1895897 0.1931841 0.1900730 0.1887564 0.1901797 0.1917037 0.1866178 0.1901215 0.1904028 0.1940174 0.1906905 0.1919520 0.1932872 0.1915176 0.1904028 0.2005772 0.1848657 
pop1.indv24 0.0147772 0.0108841 0.0149925 0.0152461 0.0139564 0.0159967 0.0106341 0.0163099 0.0145344 0.0136145 0.0138822 0.0120615 0.0120391 0.0115948 0.0146188 0.0141054 0.0155148 0.0132323 0.0155907 0.0140826 0.0145748 0.0131772 0.0141875 0.0000000 0.0143683 0.1819392 0.1917793 0.1812672 0.1809190 0.1873256 0.1786702 0.1850467 0.1823810 0.1807636 0.1813181 0.1810353 0.1813874 0.1856685 0.1881189 0.1807196 0.1817122 0.1835208 0.1829534 0.1822654 0.1880029 0.1869263 0.1885918 0.1841424 0.1890534 0.1895813 0.1890626 0.1957967 0.1848657 0.1887760 0.1878890 0.1893501 0.1903415 0.1895055 0.1883056 0.1899762 0.1880475 0.1878707 0.1869804 0.1897750 0.1853658 0.1886616 0.1890466 0.1919336 0.1897146 0.1890546 0.1922317 0.1895231 0.1894967 0.1974991 0.1827128 
pop1.indv25 0.0130137 0.0123955 0.0148802 0.0150970 0.0133188 0.0130258 0.0141908 0.0135226 0.0135068 0.0132047 0.0123321 0.0145436 0.0163365 0.0123580 0.0123551 0.0165026 0.0144487 0.0137928 0.0137766 0.0148872 0.0118556 0.0113536 0.0154351 0.0143683 0.0000000 0.1797088 0.1881455 0.1795578 0.1762055 0.1844850 0.1767073 0.1831755 0.1812850 0.1766358 0.1783589 0.1788081 0.1793924 0.1822123 0.1864854 0.1784516 0.1798270 0.1828345 0.1818608 0.1790672 0.1855113 0.1854560 0.1843141 0.1815322 0.1874304 0.1882902 0.1890453 0.1955506 0.1848153 0.1888141 0.1878623 0.1896748 0.1903343 0.1895497 0.1879460 0.1910466 0.1888141 0.1881813 0.1877355 0.1899858 0.1852630 0.1892602 0.1890292 0.1922207 0.1898194 0.1905674 0.1922982 0.1897330 0.1898793 0.1989858 0.1829785 
pop2.indv1  0.1871094 0.1751904 0.1830660 0.1831206 0.1756084 0.1787160 0.1817562 0.1788632 0.1821529 0.1815365 0.1724081 0.1816274 0.1800490 0.1807242 0.1802159 0.1845402 0.1771359 0.1771988 0.1862103 0.1815924 0.1773648 0.1815235 0.1803769 0.1819392 0.1797088 0.0000000 0.0125203 0.0117540 0.0101358 0.0125415 0.0138127 0.0156760 0.0116073 0.0115542 0.0103260 0.0125053 0.0122692 0.0122427 0.0127535 0.0095517 0.0122397 0.0122692 0.0127658 0.0111253 0.0129989 0.0120706 0.0137860 0.0132636 0.0129211 0.0116129 0.1867172 0.1934271 0.1833454 0.1850542 0.1848850 0.1868334 0.1889430 0.1861965 0.1847662 0.1867216 0.1855664 0.1818759 0.1841424 0.1877373 0.1836301 0.1869982 0.1854516 0.1871143 0.1860975 0.1865393 0.1870995 0.1858018 0.1858538 0.1968301 0.1783071 
pop2.indv2  0.1958680 0.1835156 0.1916014 0.1931095 0.1837424 0.1877313 0.1905457 0.1879768 0.1916388 0.1912702 0.1809798 0.1901234 0.1890604 0.1912704 0.1890686 0.1929447 0.1850512 0.1865514 0.1960707 0.1912821 0.1859599 0.1894723 0.1902914 0.1917793 0.1881455 0.0125203 0.0000000 0.0139688 0.0130271 0.0130177 0.0128214 0.0137328 0.0132860 0.0115320 0.0117738 0.0100823 0.0137428 0.0095608 0.0130051 0.0127107 0.0112958 0.0117879 0.0120474 0.0135588 0.0134481 0.0147608 0.0164693 0.0156458 0.0146685 0.0130839 0.1936218 0.1998117 0.1897489 0.1935456 0.1932149 0.1945150 0.1936945 0.1931997 0.1897116 0.1933510 0.1916388 0.1899461 0.1891025 0.1947305 0.1897890 0.1958069 0.1917453 0.1927340 0.1927461 0.1945840 0.1954219 0.1924025 0.1938312 0.2052740 0.1853819 
pop2.indv3  0.1869309 0.1735363 0.1806474 0.1841424 0.1745143 0.1792903 0.1802419 0.1771903 0.1796830 0.1826165 0.1719565 0.1804390 0.1797235 0.1801603 0.1794950 0.1841989 0.1738704 0.1755286 0.1869496 0.1800828 0.1763784 0.1813645 0.1822623 0.1812672 0.1795578 0.0117540 0.0139688 0.0000000 0.0117993 0.0135719 0.0123345 0.0115072 0.0123017 0.0098316 0.0124873 0.0088660 0.0114934 0.0104919 0.0134449 0.0104794 0.0100485 0.0105144 0.0105447 0.0130177 0.0136702 0.0113040 0.0162763 0.0107934 0.0129057 0.0120765 0.1866550 0.1923564 0.1831771 0.1853943 0.1844273 0.1870563 0.1883001 0.1863047 0.1837470 0.1859114 0.1844264 0.1817163 0.1819356 0.1884678 0.1825526 0.1872730 0.1851637 0.1869935 0.1865514 0.1875049 0.1876037 0.1849984 0.1865314 0.1982020 0.1775499 
pop2.indv4  0.1843703 0.1718154 0.1797932 0.1814249 0.1721324 0.1762988 0.1786521 0.1759753 0.1791559 0.1815924 0.1692995 0.1802522 0.1781844 0.1782197 0.1786339 0.1822155 0.1725659 0.1741599 0.1837982 0.1791641 0.1739429 0.1793687 0.1772103 0.1809190 0.1762055 0.0101358 0.0130271 0.0117993 0.0000000 0.0133376 0.0103934 0.0096345 0.0118420 0.0101041 0.0096461 0.0091550 0.0091550 0.0105371 0.0093745 0.0115210 0.0108533 0.0081364 0.0113257 0.0113999 0.0110478 0.0135917 0.0120999 0.0111065 0.0122368 0.0106570 0.1806741 0.1891948 0.1794872 0.1818684 0.1790924 0.1837994 0.1832336 0.1819844 0.1785608 0.1820335 0.1800004 0.1784422 0.1785424 0.1836876 0.1789821 0.1828345 0.1813599 0.1816441 0.1816797 0.1807356 0.1838017 0.1808361 0.1818123 0.1925366 0.1739735 
pop2.indv5  0.1933201 0.1803274 0.1854495 0.1895044 0.1800912 0.1832336 0.1861965 0.1830588 0.1869935 0.1887087 0.1778764 0.1852316 0.1857414 0.1873577 0.1848277 0.1890440 0.1804635 0.1824259 0.1932918 0.1862472 0.1803463 0.1861422 0.1846576 0.1873256 0.1844850 0.0125415 0.0130177 0.0135719 0.0133376 0.0000000 0.0148471 0.0150120 0.0140807 0.0132957 0.0133053 0.0137860 0.0152671 0.0139721 0.0150120 0.0132126 0.0130365 0.0159384 0.0150265 0.0133635 0.0122544 0.0172904 0.0157941 0.0167338 0.0158808 0.0113972 0.1887827 0.1962354 0.1846559 0.1863120 0.1874052 0.1893129 0.1908901 0.1890017 0.1860715 0.1886217 0.1869403 0.1848232 0.1854516 0.1890522 0.1842563 0.1894634 0.1870466 0.1877433 0.1884671 0.1885481 0.1887011 0.1867172 0.1886578 0.1991743 0.1807140 
pop2.indv6  0.1840855 0.1715204 0.1787797 0.1813737 0.1716894 0.1762988 0.1775718 0.1750827 0.1783685 0.1798413 0.1711965 0.1789010 0.1781844 0.1788545 0.1780097 0.1809745 0.1727768 0.1727546 0.1846593 0.1783780 0.1723362 0.1789736 0.1776596 0.1786702 0.1767073 0.0138127 0.0128214 0.0123345 0.0103934 0.0148471 0.0000000 0.0135032 0.0106339 0.0101163 0.0113339 0.0125415 0.0113012 0.0118249 0.0118192 0.0122515 0.0101211 0.0130177 0.0115765 0.0116439 0.0113148 0.0118535 0.0133182 0.0108533 0.0139185 0.0121028 0.1836284 0.1897772 0.1801046 0.1824909 0.1820898 0.1848288 0.1857387 0.1834021 0.1806970 0.1831138 0.1825500 0.1784327 0.1803400 0.1853390 0.1801669 0.1838574 0.1824373 0.1820370 0.1831086 0.1831755 0.1848813 0.1819172 0.1836301 0.1934720 0.1746778 
pop2.indv7  0.1901812 0.1773104 0.1845376 0.1870321 0.1768284 0.1828992 0.1836891 0.1818759 0.1844821 0.1859539 0.1764576 0.1838570 0.1838017 0.1849397 0.1841424 0.1879965 0.1777884 0.1798825 0.1903403 0.1840858 0.1797454 0.1851099 0.1836301 0.1850467 0.1831755 0.0156760 0.0137328 0.0115072 0.0096345 0.0150120 0.0135032 0.0000000 0.0122988 0.0156345 0.0122163 0.0105776 0.0105069 0.0136539 0.0127015 0.0153772 0.0156232 0.0129180 0.0120213 0.0142491 0.0161196 0.0137760 0.0165012 0.0142080 0.0138719 0.0162605 0.1856761 0.1918645 0.1821628 0.1846516 0.1839155 0.1863047 0.1865809 0.1858425 0.1836921 0.1864776 0.1840858 0.1814428 0.1816606 0.1868596 0.1821660 0.1868641 0.1843118 0.1843124 0.1851706 0.1859569 0.1873674 0.1845964 0.1865234 0.1973371 0.1786155 
pop2.indv8  0.1894222 0.1757852 0.1825526 0.1857387 0.1769441 0.1807299 0.1830002 0.1798611 0.1822623 0.1838005 0.1738195 0.1827643 0.1825420 0.1833400 0.1811164 0.1874579 0.1768284 0.1776930 0.1887112 0.1826038 0.1771672 0.1836275 0.1821362 0.1823810 0.1812850 0.0116073 0.0132860 0.0123017 0.0118420 0.0140807 0.0106339 0.0122988 0.0000000 0.0113504 0.0093767 0.0120765 0.0098790 0.0115210 0.0118163 0.0112768 0.0106159 0.0112714 0.0098909 0.0124246 0.0125083 0.0111253 0.0116214 0.0105675 0.0127076 0.0128618 0.1833427 0.1886217 0.1793687 0.1813553 0.1816920 0.1839707 0.1845979 0.1825500 0.1802419 0.1833996 0.1818684 0.1793373 0.1790457 0.1840287 0.1786430 0.1842563 0.1815881 0.1824909 0.1825366 0.1831172 0.1840289 0.1812337 0.1834021 0.1928833 0.1749588 
pop2.indv9  0.1851637 0.1728296 0.1799245 0.1809850 0.1734656 0.1773329 0.1795103 0.1764609 0.1796830 0.1816606 0.1714155 0.1803832 0.1787709 0.1800004 0.1804018 0.1828992 0.1733245 0.1748140 0.1852855 0.1799175 0.1744338 0.1790457 0.1770582 0.1807636 0.1766358 0.0115542 0.0115320 0.0098316 0.0101041 0.0132957 0.0101163 0.0156345 0.0113504 0.0000000 0.0093096 0.0103285 0.0124963 0.0104844 0.0127229 0.0136604 0.0125023 0.0124574 0.0107753 0.0115961 0.0129211 0.0142320 0.0164852 0.0139654 0.0119752 0.0127812 0.1836309 0.1904485 0.1798413 0.1819879 0.1820967 0.1842565 0.1849371 0.1823278 0.1807084 0.1832887 0.1816524 0.1796904 0.1787339 0.1848801 0.1785516 0.1843127 0.1814294 0.1827826 0.1834565 0.1844827 0.1848220 0.1814718 0.1832351 0.1945840 0.1742861 
pop2.indv10 0.1880222 0.1755968 0.1828972 0.1847103 0.1747292 0.1808580 0.1805130 0.1776810 0.1825526 0.1831223 0.1734124 0.1815711 0.1800558 0.1819209 0.1816400 0.1849371 0.1769188 0.1778348 0.1881657 0.1839151 0.1775934 0.1816961 0.1819172 0.1813181 0.1783589 0.0103260 0.0117738 0.0124873 0.0096461 0.0133053 0.0113339 0.0122163 0.0093767 0.0093096 0.0000000 0.0115293 0.0122515 0.0112310 0.0142182 0.0124544 0.0110664 0.0103038 0.0095677 0.0123136 0.0117738 0.0130365 0.0135391 0.0136867 0.0129088 0.0106236 0.1874635 0.1934115 0.1824936 0.1842563 0.1846559 0.1874052 0.1884238 0.1861388 0.1841990 0.1872940 0.1847683 0.1818797 0.1829495 0.1883070 0.1820967 0.1878538 0.1857907 0.1865972 0.1860394 0.1864200 0.1883584 0.1848850 0.1864815 0.1970153 0.1779277 
pop2.indv11 0.1873943 0.1735188 0.1809798 0.1838022 0.1736439 0.1792273 0.1788807 0.1768406 0.1818722 0.1815966 0.1719165 0.1811164 0.1789821 0.1789097 0.1800558 0.1834622 0.1743485 0.1750676 0.1850027 0.1794553 0.1747378 0.1805626 0.1798198 0.1810353 0.1788081 0.0125053 0.0100823 0.0088660 0.0091550 0.0137860 0.0125415 0.0105776 0.0120765 0.0103285 0.0115293 0.0000000 0.0122574 0.0114879 0.0130334 0.0110055 0.0108012 0.0110134 0.0100750 0.0120969 0.0117766 0.0127997 0.0155265 0.0110531 0.0136768 0.0121028 0.1849411 0.1908645 0.1814159 0.1839151 0.1825500 0.1868869 0.1866467 0.1832901 0.1822778 0.1855135 0.1834600 0.1804756 0.1819319 0.1857907 0.1821001 0.1863084 0.1836318 0.1838579 0.1857494 0.1852798 0.1863587 0.1836861 0.1850527 0.1963585 0.1765900 
pop2.indv12 0.1855022 0.1725659 0.1818353 0.1836352 0.1753274 0.1791887 0.1815451 0.1791091 0.1805921 0.1826750 0.1731318 0.1812433 0.1802973 0.1790541 0.1801313 0.1846508 0.1754531 0.1760023 0.1859690 0.1809850 0.1761632 0.1809190 0.1806300 0.1813874 0.1793924 0.0122692 0.0137428 0.0114934 0.0091550 0.0152671 0.0113012 0.0105069 0.0098790 0.0124963 0.0122515 0.0122574 0.0000000 0.0104969 0.0125143 0.0112498 0.0073805 0.0134384 0.0115598 0.0137693 0.0120040 0.0118506 0.0162723 0.0129833 0.0134094 0.0157634 0.1842559 0.1899655 0.1808079 0.1818834 0.1826701 0.1848243 0.1854451 0.1833506 0.1817797 0.1830078 0.1827287 0.1795407 0.1804265 0.1845382 0.1812021 0.1840858 0.1823955 0.1831240 0.1838570 0.1844821 0.1852723 0.1824401 0.1838034 0.1945665 0.1747019 
pop2.indv13 0.1912702 0.1774736 0.1861223 0.1875459 0.1784688 0.1830115 0.1838022 0.1823839 0.1858453 0.1857853 0.1758413 0.1841424 0.1835177 0.1852836 0.1831771 0.1884025 0.1794630 0.1798825 0.1900047 0.1848220 0.1786246 0.1847112 0.1834021 0.1856685 0.1822123 0.0122427 0.0095608 0.0104919 0.0105371 0.0139721 0.0118249 0.0136539 0.0115210 0.0104844 0.0112310 0.0114879 0.0104969 0.0000000 0.0133998 0.0126591 0.0102693 0.0107367 0.0109976 0.0134772 0.0109819 0.0120155 0.0164454 0.0132095 0.0116839 0.0120561 0.1889350 0.1941167 0.1848801 0.1852760 0.1868732 0.1881904 0.1887947 0.1874359 0.1857799 0.1883070 0.1864124 0.1838039 0.1834645 0.1889694 0.1835762 0.1884025 0.1858397 0.1866384 0.1869496 0.1868686 0.1894193 0.1865890 0.1878291 0.1994467 0.1789494 
pop2.indv14 0.1944195 0.1809587 0.1886352 0.1909858 0.1814584 0.1852798 0.1880222 0.1844273 0.1886502 0.1901812 0.1791174 0.1879310 0.1875161 0.1887905 0.1864276 0.1907605 0.1823278 0.1824316 0.1940792 0.1872151 0.1831206 0.1875744 0.1878139 0.1881189 0.1864854 0.0127535 0.0130051 0.0134449 0.0093745 0.0150120 0.0118192 0.0127015 0.0118163 0.0127229 0.0142182 0.0130334 0.0125143 0.0133998 0.0000000 0.0124365 0.0117315 0.0110213 0.0149145 0.0120445 0.0122017 0.0122338 0.0147644 0.0108297 0.0158048 0.0113339 0.1894545 0.1954788 0.1853351 0.1888765 0.1863660 0.1906157 0.1905243 0.1869887 0.1861795 0.1895813 0.1879576 0.1856140 0.1860142 0.1901224 0.1851083 0.1910566 0.1869217 0.1884167 0.1887394 0.1897890 0.1907385 0.1885407 0.1888102 0.2011214 0.1809506 
pop2.indv15 0.1862333 0.1742583 0.1815621 0.1839736 0.1752347 0.1790330 0.1811563 0.1782879 0.1812720 0.1832985 0.1714052 0.1818722 0.1808134 0.1816524 0.1809243 0.1845934 0.1756413 0.1767023 0.1867087 0.1807140 0.1760822 0.1807027 0.1810858 0.1807196 0.1784516 0.0095517 0.0127107 0.0104794 0.0115210 0.0132126 0.0122515 0.0153772 0.0112768 0.0136604 0.0124544 0.0110055 0.0112498 0.0126591 0.0124365 0.0000000 0.0102497 0.0141162 0.0131873 0.0113012 0.0129026 0.0112606 0.0154143 0.0134255 0.0133487 0.0130177 0.1880609 0.1949123 0.1844254 0.1853311 0.1862437 0.1891025 0.1890779 0.1870321 0.1851553 0.1889270 0.1873727 0.1831850 0.1851035 0.1896932 0.1845382 0.1898779 0.1867448 0.1875459 0.1873997 0.1886784 0.1884392 0.1875572 0.1873151 0.1988872 0.1799113 
pop2.indv16 0.1895044 0.1755429 0.1838028 0.1852779 0.1769800 0.1802419 0.1827240 0.1795502 0.1836318 0.1848789 0.1731484 0.1829435 0.1821529 0.1824316 0.1820967 0.1863012 0.1768105 0.1778348 0.1885703 0.1827263 0.1780502 0.1831755 0.1816358 0.1817122 0.1798270 0.0122397 0.0112958 0.0100485 0.0108533 0.0130365 0.0101211 0.0156232 0.0106159 0.0125023 0.0110664 0.0108012 0.0073805 0.0102693 0.0117315 0.0102497 0.0000000 0.0122280 0.0105295 0.0120503 0.0112498 0.0108271 0.0147501 0.0131905 0.0131118 0.0137926 0.1858481 0.1906750 0.1822685 0.1830097 0.1836869 0.1867087 0.1869840 0.1844264 0.1830695 0.1844273 0.1845972 0.1801996 0.1811464 0.1872100 0.1818200 0.1858481 0.1842557 0.1852226 0.1857467 0.1858481 0.1871473 0.1845415 0.1845396 0.1962766 0.1770550 
pop2.indv17 0.1903580 0.1776917 0.1841989 0.1876615 0.1779000 0.1821068 0.1845964 0.1818722 0.1842557 0.1855569 0.1743437 0.1844278 0.1836309 0.1846559 0.1825526 0.1876615 0.1783329 0.1802225 0.1892538 0.1845957 0.1792903 0.1848826 0.1835724 0.1835208 0.1828345 0.0122692 0.0117879 0.0105144 0.0081364 0.0159384 0.0130177 0.0129180 0.0112714 0.0124574 0.0103038 0.0110134 0.0134384 0.0107367 0.0110213 0.0141162 0.0122280 0.0000000 0.0078810 0.0120940 0.0114961 0.0152229 0.0130365 0.0132126 0.0145426 0.0128028 0.1869887 0.1948269 0.1841424 0.1861289 0.1856213 0.1884238 0.1896036 0.1857308 0.1852155 0.1868777 0.1865274 0.1827333 0.1834082 0.1888607 0.1855044 0.1889191 0.1863513 0.1858453 0.1867172 0.1878932 0.1886203 0.1861931 0.1878870 0.1984023 0.1793923 
pop2.indv18 0.1895722 0.1767740 0.1843691 0.1868732 0.1782748 0.1810807 0.1844273 0.1801603 0.1830624 0.1847673 0.1755853 0.1833414 0.1820370 0.1844856 0.1833454 0.1872730 0.1778661 0.1774404 0.1893216 0.1836884 0.1794397 0.1828889 0.1823156 0.1829534 0.1818608 0.0127658 0.0120474 0.0105447 0.0113257 0.0150265 0.0115765 0.0120213 0.0098909 0.0107753 0.0095677 0.0100750 0.0115598 0.0109976 0.0149145 0.0131873 0.0105295 0.0078810 0.0000000 0.0131093 0.0120184 0.0137793 0.0135391 0.0132508 0.0138719 0.0111199 0.1876327 0.1931246 0.1835156 0.1852244 0.1856262 0.1877494 0.1899753 0.1870563 0.1846525 0.1868915 0.1852817 0.1817122 0.1836318 0.1886502 0.1834588 0.1883140 0.1859630 0.1865353 0.1877089 0.1881972 0.1884095 0.1852280 0.1863084 0.1985370 0.1793767 
pop2.indv19 0.1879832 0.1758256 0.1831755 0.1840854 0.1762617 0.1791476 0.1811775 0.1784404 0.1814068 0.1847131 0.1731288 0.1811012 0.1799169 0.1820795 0.1806066 0.1846559 0.1767740 0.1771089 0.1877210 0.1812945 0.1767740 0.1821396 0.1808812 0.1822654 0.1790672 0.0111253 0.0135588 0.0130177 0.0113999 0.0133635 0.0116439 0.0142491 0.0124246 0.0115961 0.0123136 0.0120969 0.0137693 0.0134772 0.0120445 0.0113012 0.0120503 0.0120940 0.0131093 0.0000000 0.0130555 0.0101849 0.0131476 0.0163517 0.0147039 0.0121439 0.1881136 0.1937021 0.1849451 0.1859752 0.1859782 0.1900344 0.1896587 0.1874746 0.1847122 0.1869638 0.1868961 0.1832306 0.1843138 0.1894222 0.1837417 0.1885629 0.1863156 0.1867797 0.1873849 0.1867797 0.1892453 0.1860394 0.1881070 0.1981963 0.1791806 
pop2.indv20 0.1941772 0.1800558 0.1882863 0.1897116 0.1808361 0.1852208 0.1876152 0.1841993 0.1865890 0.1878353 0.1780058 0.1879896 0.1867087 0.1878662 0.1863660 0.1900636 0.1820475 0.1816920 0.1928377 0.1871573 0.1824991 0.1878016 0.1867709 0.1880029 0.1855113 0.0129989 0.0134481 0.0136702 0.0110478 0.0122544 0.0113148 0.0161196 0.0125083 0.0129211 0.0117738 0.0117766 0.0120040 0.0109819 0.0122017 0.0129026 0.0112498 0.0114961 0.0120184 0.0130555 0.0000000 0.0120126 0.0145065 0.0139587 0.0119040 0.0117653 0.1858481 0.1918645 0.1806913 0.1848232 0.1848813 0.1882556 0.1870946 0.1872151 0.1822282 0.1851671 0.1859026 0.1809349 0.1828410 0.1876615 0.1814249 0.1873256 0.1842557 0.1852779 0.1860877 0.1859599 0.1867448 0.1853943 0.1861863 0.1960928 0.1773347 
pop2.indv21 0.1944975 0.1814629 0.1886427 0.1900933 0.1807128 0.1859085 0.1876851 0.1836853 0.1890604 0.1896219 0.1786612 0.1875975 0.1867172 0.1872409 0.1872887 0.1916388 0.1806300 0.1829983 0.1934586 0.1878538 0.1831755 0.1883866 0.1871293 0.1869263 0.1854560 0.0120706 0.0147608 0.0113040 0.0135917 0.0172904 0.0118535 0.0137760 0.0111253 0.0142320 0.0130365 0.0127997 0.0118506 0.0120155 0.0122338 0.0112606 0.0108271 0.0152229 0.0137793 0.0101849 0.0120126 0.0000000 0.0170571 0.0118506 0.0149001 0.0150814 0.1913181 0.1976123 0.1861388 0.1887750 0.1900541 0.1914374 0.1930343 0.1901524 0.1882350 0.1910434 0.1890604 0.1860173 0.1878476 0.1923289 0.1870563 0.1908420 0.1906532 0.1900933 0.1914744 0.1906641 0.1929447 0.1908645 0.1912941 0.2020089 0.1827915 
pop2.indv22 0.1925967 0.1805447 0.1881904 0.1902605 0.1801336 0.1843703 0.1868289 0.1833414 0.1865433 0.1881455 0.1769069 0.1867346 0.1860909 0.1885778 0.1858046 0.1898079 0.1818123 0.1829945 0.1924865 0.1865393 0.1830606 0.1868915 0.1863266 0.1885918 0.1843141 0.0137860 0.0164693 0.0162763 0.0120999 0.0157941 0.0133182 0.0165012 0.0116214 0.0164852 0.0135391 0.0155265 0.0162723 0.0164454 0.0147644 0.0154143 0.0147501 0.0130365 0.0135391 0.0131476 0.0145065 0.0170571 0.0000000 0.0169662 0.0146404 0.0121735 0.1919296 0.1993139 0.1887983 0.1906970 0.1907191 0.1920633 0.1927171 0.1920834 0.1889936 0.1920633 0.1922035 0.1870563 0.1886142 0.1935772 0.1878139 0.1930642 0.1911510 0.1911628 0.1924400 0.1930039 0.1933959 0.1907191 0.1924905 0.2036760 0.1835208 
pop2.indv23 0.1889936 0.1784782 0.1860683 0.1864087 0.1767618 0.1826726 0.1836891 0.1815322 0.1849941 0.1861863 0.1753463 0.1839710 0.1823839 0.1839144 0.1829495 0.1877773 0.1785062 0.1799310 0.1904102 0.1843691 0.1790077 0.1840855 0.1838005 0.1841424 0.1815322 0.0132636 0.0156458 0.0107934 0.0111065 0.0167338 0.0108533 0.0142080 0.0105675 0.0139654 0.0136867 0.0110531 0.0129833 0.0132095 0.0108297 0.0134255 0.0131905 0.0132126 0.0132508 0.0163517 0.0139587 0.0118506 0.0169662 0.0000000 0.0133646 0.0125597 0.1889430 0.1948449 0.1859630 0.1878995 0.1869356 0.1901033 0.1915669 0.1880157 0.1865768 0.1883140 0.1873309 0.1853331 0.1864162 0.1896622 0.1854495 0.1904760 0.1872100 0.1885918 0.1885703 0.1889855 0.1909154 0.1880871 0.1901913 0.2000094 0.1817875 
pop2.indv24 0.1955471 0.1821102 0.1909292 0.1924114 0.1826677 0.1881569 0.1897515 0.1865234 0.1901026 0.1915643 0.1797742 0.1896219 0.1897116 0.1891025 0.1895451 0.1935116 0.1845934 0.1852798 0.1956847 0.1892941 0.1851019 0.1902300 0.1888102 0.1890534 0.1874304 0.0129211 0.0146685 0.0129057 0.0122368 0.0158808 0.0139185 0.0138719 0.0127076 0.0119752 0.0129088 0.0136768 0.0134094 0.0116839 0.0158048 0.0133487 0.0131118 0.0145426 0.0138719 0.0147039 0.0119040 0.0149001 0.0146404 0.0133646 0.0000000 0.0144367 0.1947556 0.2009386 0.1903270 0.1924983 0.1936027 0.1944283 0.1960540 0.1934231 0.1918802 0.1942474 0.1936468 0.1897330 0.1910581 0.1962161 0.1897515 0.1949188 0.1936311 0.1940938 0.1941335 0.1944971 0.1951057 0.1924070 0.1939903 0.2052888 0.1853718 
pop2.indv25 0.1945325 0.1816797 0.1904485 0.1936983 0.1834507 0.1876970 0.1892538 0.1863810 0.1901234 0.1913181 0.1806741 0.1908014 0.1892118 0.1887035 0.1899649 0.1936983 0.1844856 0.1839124 0.1966289 0.1894222 0.1859173 0.1903717 0.1899748 0.1895813 0.1882902 0.0116129 0.0130839 0.0120765 0.0106570 0.0113972 0.0121028 0.0162605 0.0128618 0.0127812 0.0106236 0.0121028 0.0157634 0.0120561 0.0113339 0.0130177 0.0137926 0.0128028 0.0111199 0.0121439 0.0117653 0.0150814 0.0121735 0.0125597 0.0144367 0.0000000 0.1885041 0.1942450 0.1860267 0.1860844 0.1859752 0.1901234 0.1910203 0.1885481 0.1856189 0.1883350 0.1866592 0.1832351 0.1856238 0.1888844 0.1845987 0.1879768 0.1883140 0.1883210 0.1889324 0.1893545 0.1900244 0.1878725 0.1882556 0.1998383 0.1801511 
pop3.indv1  0.1992434 0.1837496 0.1933601 0.1921808 0.1885623 0.1896476 0.1931836 0.1896167 0.1936278 0.1904777 0.1839192 0.1925438 0.1888719 0.1897912 0.1885908 0.1976040 0.1872268 0.1852119 0.1939739 0.1910596 0.1867760 0.1914344 0.1915054 0.1890626 0.1890453 0.1867172 0.1936218 0.1866550 0.1806741 0.1887827 0.1836284 0.1856761 0.1833427 0.1836309 0.1874635 0.1849411 0.1842559 0.1889350 0.1894545 0.1880609 0.1858481 0.1869887 0.1876327 0.1881136 0.1858481 0.1913181 0.1919296 0.1889430 0.1947556 0.1885041 0.0000000 0.0112960 0.0118171 0.0141743 0.0092470 0.0127353 0.0122296 0.0127235 0.0115120 0.0092384 0.0106022 0.0099028 0.0115386 0.0129057 0.0085386 0.0091749 0.0143750 0.0094400 0.0120727 0.0138950 0.0110785 0.0108715 0.0121959 0.0146018 0.0089281 
pop3.indv2  0.2042281 0.1893931 0.1986678 0.1964976 0.1934231 0.1952728 0.1976486 0.1941804 0.1993049 0.1956961 0.1883466 0.1979616 0.1949074 0.1951057 0.1936435 0.2029693 0.1927104 0.1901413 0.1989985 0.1979461 0.1919721 0.1975714 0.1968437 0.1957967 0.1955506 0.1934271 0.1998117 0.1923564 0.1891948 0.1962354 0.1897772 0.1918645 0.1886217 0.1904485 0.1934115 0.1908645 0.1899655 0.1941167 0.1954788 0.1949123 0.1906750 0.1948269 0.1931246 0.1937021 0.1918645 0.1976123 0.1993139 0.1948449 0.2009386 0.1942450 0.0112960 0.0000000 0.0143617 0.0139144 0.0106120 0.0158032 0.0148182 0.0153561 0.0133729 0.0122693 0.0106096 0.0124705 0.0139176 0.0150446 0.0101506 0.0122155 0.0152885 0.0132016 0.0132200 0.0127088 0.0129295 0.0125023 0.0169401 0.0162418 0.0128671 
