75
pop1.indv9  0.0000000 0.0052188 0.0164990 0.0161438 0.0109749 0.0211280 0.0171400 0.0116120 0.0089592 0.0137721 0.0188292 0.0162312 0.0135085 0.0089693 0.0124897 0.0137248 0.0115317 0.0163258 0.0139482 0.0127062 0.0207864 0.0160635 0.0171597 0.0220533 0.0185025 0.1705018 0.2426799 0.2013985 0.2640213 0.1847227 0.1867381 0.1800255 0.1663759 0.1740338 0.1889101 0.1671934 0.1769219 0.1573817 0.1742864 0.1716661 0.1653149 0.1816220 0.1808044 0.1727264 0.1700153 0.1687927 0.1878178 0.1868505 0.1758170 0.1800214 0.2429640 0.2738621 0.2213442 0.1797647 0.2329314 0.1972354 0.2135852 0.1837596 0.1880833 0.1904666 0.2043744 0.1881567 0.1960377 0.1915107 0.2051879 0.1758487 0.2012741 0.1835496 0.1920814 0.1938143 0.1854081 0.1963542 0.1886466 0.1865781 0.1886358 
pop1.indv11 0.0052188 0.0000000 0.0047255 0.0055366 0.0062650 0.0093574 0.0128697 0.0080523 0.0116391 0.0127800 0.0127209 0.0081555 0.0128848 0.0081365 0.0115052 0.0081460 0.0115450 0.0139320 0.0127948 0.0081365 0.0082033 0.0149265 0.0081555 0.0154224 0.0152237 0.1938143 0.1227184 0.1143343 0.1734809 0.1255425 0.1752307 0.1755258 0.1712114 0.1713276 0.1737339 0.1500087 0.1614924 0.1709573 0.1696133 0.1713496 0.1755258 0.1637784 0.1681765 0.1829991 0.1626728 0.1687927 0.1677215 0.1684572 0.1599279 0.1755600 0.1346965 0.2069316 0.1610996 0.1833231 0.2231265 0.1794959 0.1803045 0.1731220 0.1837926 0.1701995 0.1700277 0.1671333 0.1631194 0.1630142 0.1717220 0.1615811 0.1762767 0.1683652 0.1685221 0.1566598 0.1616715 0.1685221 0.1691131 0.1716661 0.1596391 
pop1.indv5  0.0164990 0.0047255 0.0000000 0.0113485 0.0065097 0.0130067 0.0130221 0.0107200 0.0117072 0.0154774 0.0118039 0.0119165 0.0070530 0.0082129 0.0154407 0.0095701 0.0142294 0.0130530 0.0130996 0.0145046 0.0132097 0.0142125 0.0130067 0.0107200 0.0118179 0.2044770 0.1596590 0.1744973 0.1482694 0.1930336 0.1686821 0.1875645 0.1713276 0.1814217 0.1904251 0.1824743 0.1649652 0.1658247 0.1692780 0.1838261 0.1733782 0.1693639 0.1645980 0.1762183 0.1626339 0.1797647 0.1636079 0.1838947 0.1772734 0.1830261 0.1876092 0.2049806 0.2063084 0.2324899 0.2371358 0.2025330 0.2087198 0.1947737 0.1873389 0.1985930 0.2041578 0.2128950 0.1926095 0.1850737 0.1939949 0.1910287 0.1965986 0.1836796 0.1811672 0.1925791 0.1786676 0.1976791 0.1869238 0.1942966 0.1860686 
pop1.indv25 0.0161438 0.0055366 0.0113485 0.0000000 0.0175615 0.0098167 0.0099263 0.0161907 0.0132097 0.0110354 0.0110219 0.0061419 0.0174884 0.0136864 0.0157972 0.0085437 0.0133703 0.0182451 0.0097807 0.0086492 0.0084204 0.0170413 0.0072315 0.0160905 0.0170621 0.2029260 0.1762183 0.2162817 0.2087865 0.1398269 0.2062647 0.1888125 0.1954428 0.1981610 0.2117626 0.1839658 0.1815106 0.1863455 0.1820193 0.1843316 0.1948132 0.2011264 0.1876318 0.1746801 0.2016375 0.1911197 0.1967449 0.1959319 0.1949920 0.1918310 0.2301580 0.2421320 0.1757848 0.2775217 0.2421320 0.2064589 0.1897955 0.1859947 0.1920298 0.2050280 0.1823051 0.2009934 0.1870046 0.1938764 0.1959596 0.1987891 0.1846248 0.1923351 0.2065066 0.1927556 0.1867659 0.2089770 0.1976791 0.1933267 0.1902182 
pop1.indv22 0.0109749 0.0062650 0.0065097 0.0175615 0.0000000 0.0201308 0.0079396 0.0090871 0.0131043 0.0158453 0.0171975 0.0131387 0.0172203 0.0146138 0.0183841 0.0132256 0.0132607 0.0270590 0.0172660 0.0146332 0.0105969 0.0211157 0.0130871 0.0093294 0.0132783 0.2270546 0.2195904 0.1086224 0.1690505 0.2470125 0.1744009 0.1927102 0.1724010 0.1851560 0.1743009 0.1894880 0.1680169 0.1671309 0.1893981 0.1812710 0.1681645 0.1741124 0.1812572 0.1861453 0.1729054 0.1950422 0.1672917 0.1776594 0.1818806 0.1812710 0.1020685 0.1976791 0.1522171 0.1585514 0.1856132 0.1710436 0.1562038 0.1581484 0.1685075 0.1724860 0.1604942 0.1866479 0.1782697 0.1755258 0.1755649 0.1765084 0.1647039 0.1692482 0.1602301 0.1522171 0.1636079 0.1791637 0.1724860 0.1707580 0.1661677 
pop1.indv1  0.0211280 0.0093574 0.0130067 0.0098167 0.0201308 0.0000000 0.0132560 0.0177285 0.0152377 0.0138073 0.0145342 0.0157208 0.0158453 0.0163724 0.0165705 0.0097225 0.0150012 0.0161521 0.0166982 0.0128616 0.0161811 0.0163306 0.0135329 0.0157086 0.0145639 0.2077348 0.1619111 0.1800410 0.1805825 0.1717659 0.1812303 0.1898370 0.1797647 0.1795294 0.1875295 0.1784899 0.1771442 0.1780822 0.1841986 0.1839300 0.1818601 0.1860257 0.1805781 0.1818790 0.1809832 0.1839673 0.1811073 0.1880629 0.1906026 0.1877448 0.1780370 0.1945504 0.1783954 0.1768526 0.2304728 0.1920552 0.1933907 0.1873064 0.1928161 0.1921450 0.1905709 0.1939417 0.1911115 0.1895349 0.1926723 0.1910486 0.1923310 0.1883096 0.1897406 0.1914468 0.1905115 0.1909211 0.1925215 0.1931014 0.1871040 
pop1.indv2  0.0171400 0.0128697 0.0130221 0.0099263 0.0079396 0.0132560 0.0000000 0.0161894 0.0142523 0.0125353 0.0141041 0.0128352 0.0151049 0.0143069 0.0130064 0.0146162 0.0129469 0.0156643 0.0136024 0.0134445 0.0123120 0.0116680 0.0132424 0.0172599 0.0112211 0.1945218 0.1571657 0.1654717 0.1780961 0.1788809 0.1682525 0.1780731 0.1678069 0.1676456 0.1758908 0.1673136 0.1670106 0.1664232 0.1698573 0.1713141 0.1680313 0.1689532 0.1687719 0.1678514 0.1687374 0.1707324 0.1659254 0.1736262 0.1774644 0.1776882 0.1615880 0.2022857 0.1850737 0.1924190 0.2017021 0.1828949 0.1850361 0.1774810 0.1818308 0.1827913 0.1813457 0.1861321 0.1817079 0.1823051 0.1843845 0.1808213 0.1847925 0.1766587 0.1834308 0.1832846 0.1789884 0.1818233 0.1846799 0.1822914 0.1756576 
pop1.indv3  0.0116120 0.0080523 0.0107200 0.0161907 0.0090871 0.0177285 0.0161894 0.0000000 0.0134266 0.0122273 0.0143289 0.0128483 0.0158737 0.0138498 0.0150472 0.0135641 0.0108543 0.0151671 0.0127696 0.0147562 0.0143767 0.0121622 0.0114452 0.0169874 0.0140644 0.1800364 0.1586827 0.1819622 0.2024102 0.1943383 0.1800580 0.1885868 0.1773165 0.1764802 0.1864873 0.1793585 0.1787727 0.1777988 0.1826289 0.1813401 0.1804602 0.1850206 0.1793585 0.1811170 0.1805171 0.1809920 0.1799396 0.1848587 0.1895079 0.1862705 0.1635617 0.1953418 0.1847438 0.1805624 0.2127967 0.1923944 0.1915107 0.1863528 0.1914055 0.1928638 0.1866571 0.1946457 0.1897851 0.1894277 0.1901922 0.1901486 0.1901864 0.1872450 0.1880312 0.1902545 0.1891905 0.1915524 0.1916356 0.1906100 0.1843453 
pop1.indv4  0.0089592 0.0116391 0.0117072 0.0132097 0.0131043 0.0152377 0.0142523 0.0134266 0.0000000 0.0128880 0.0162229 0.0142306 0.0132021 0.0139044 0.0126149 0.0127144 0.0128039 0.0164781 0.0155050 0.0127892 0.0124336 0.0146302 0.0146969 0.0160779 0.0154892 0.1841769 0.1605646 0.1735332 0.1922042 0.1699835 0.1799399 0.1900304 0.1804043 0.1780122 0.1891324 0.1780431 0.1799980 0.1766005 0.1832470 0.1825004 0.1798224 0.1851121 0.1784945 0.1798810 0.1823591 0.1827910 0.1829630 0.1858116 0.1901675 0.1880053 0.1706900 0.1851197 0.1849841 0.1869081 0.2192328 0.1862566 0.1816939 0.1821465 0.1827318 0.1856736 0.1803998 0.1875904 0.1830222 0.1838027 0.1829094 0.1846094 0.1848404 0.1797068 0.1809854 0.1838333 0.1771206 0.1832594 0.1840271 0.1827265 0.1753258 
pop1.indv6  0.0137721 0.0127800 0.0154774 0.0110354 0.0158453 0.0138073 0.0125353 0.0122273 0.0128880 0.0000000 0.0132560 0.0135884 0.0119562 0.0135329 0.0098732 0.0120204 0.0130957 0.0145639 0.0125289 0.0126486 0.0153704 0.0147343 0.0103895 0.0140680 0.0156081 0.1923929 0.1735332 0.1748506 0.1712565 0.1721190 0.1731329 0.1832124 0.1726302 0.1710473 0.1815661 0.1715382 0.1720478 0.1714833 0.1776808 0.1744973 0.1727360 0.1790092 0.1714687 0.1738853 0.1745253 0.1751340 0.1738502 0.1786607 0.1795294 0.1815013 0.1501481 0.2003535 0.1869238 0.1975264 0.2092389 0.1865605 0.1849049 0.1816382 0.1845323 0.1863887 0.1825595 0.1877844 0.1860100 0.1859104 0.1851192 0.1841102 0.1851386 0.1798231 0.1824703 0.1858771 0.1807187 0.1842827 0.1863766 0.1856237 0.1800538 
pop1.indv7  0.0188292 0.0127209 0.0118039 0.0110219 0.0171975 0.0145342 0.0141041 0.0143289 0.0162229 0.0132560 0.0000000 0.0130596 0.0137475 0.0145676 0.0139928 0.0123025 0.0151914 0.0148057 0.0156402 0.0123468 0.0153862 0.0116562 0.0137580 0.0136094 0.0107309 0.1830814 0.1691131 0.1805757 0.1884407 0.1857751 0.1759132 0.1846356 0.1774316 0.1750757 0.1815106 0.1746280 0.1737835 0.1733470 0.1798228 0.1776734 0.1754882 0.1805795 0.1752469 0.1760847 0.1767649 0.1771489 0.1752794 0.1801142 0.1875330 0.1831878 0.1780522 0.2003535 0.1683341 0.1776198 0.2088206 0.1878136 0.1893202 0.1842226 0.1860100 0.1892124 0.1862918 0.1911115 0.1860940 0.1884183 0.1894101 0.1889125 0.1863154 0.1822318 0.1842468 0.1885868 0.1857021 0.1878460 0.1871971 0.1886942 0.1797647 
pop1.indv8  0.0162312 0.0081555 0.0119165 0.0061419 0.0131387 0.0157208 0.0128352 0.0128483 0.0142306 0.0135884 0.0130596 0.0000000 0.0141878 0.0154456 0.0135295 0.0139104 0.0137545 0.0176100 0.0131201 0.0142576 0.0145184 0.0148322 0.0104932 0.0144063 0.0162773 0.1836796 0.1566598 0.1725736 0.1761883 0.1782966 0.1789381 0.1890874 0.1743271 0.1752225 0.1866582 0.1759839 0.1764226 0.1768945 0.1823463 0.1804690 0.1784785 0.1817009 0.1780122 0.1789381 0.1785410 0.1799405 0.1791169 0.1832910 0.1852492 0.1856949 0.1711106 0.1943166 0.1751552 0.1773150 0.2297108 0.1870791 0.1872166 0.1822452 0.1864744 0.1863633 0.1831712 0.1889001 0.1840284 0.1860055 0.1862283 0.1841944 0.1872030 0.1814763 0.1860055 0.1857380 0.1824034 0.1859715 0.1860671 0.1844804 0.1788358 
pop1.indv10 0.0135085 0.0128848 0.0070530 0.0174884 0.0172203 0.0158453 0.0151049 0.0158737 0.0132021 0.0119562 0.0137475 0.0141878 0.0000000 0.0132458 0.0165410 0.0130630 0.0123823 0.0189984 0.0169830 0.0097275 0.0128516 0.0139715 0.0127338 0.0117755 0.0143033 0.2001354 0.1633633 0.1737449 0.1836462 0.1750245 0.1785343 0.1879398 0.1771970 0.1763076 0.1867302 0.1794183 0.1784205 0.1786627 0.1830933 0.1821002 0.1788951 0.1836761 0.1797647 0.1799405 0.1812704 0.1809331 0.1804077 0.1849189 0.1885587 0.1864632 0.1686347 0.1998939 0.1885828 0.1851759 0.2045878 0.1871837 0.1886808 0.1821679 0.1860710 0.1858383 0.1829207 0.1884019 0.1824011 0.1846103 0.1854125 0.1854023 0.1860825 0.1792391 0.1828780 0.1841467 0.1824494 0.1829918 0.1861815 0.1862450 0.1786705 
pop1.indv12 0.0089693 0.0081365 0.0082129 0.0136864 0.0146138 0.0163724 0.0143069 0.0138498 0.0139044 0.0135329 0.0145676 0.0154456 0.0132458 0.0000000 0.0137405 0.0127859 0.0142378 0.0158494 0.0112412 0.0123532 0.0135884 0.0147869 0.0160943 0.0151127 0.0127826 0.1727800 0.1479560 0.1728979 0.1878556 0.1729054 0.1771301 0.1849375 0.1737057 0.1739773 0.1820960 0.1748526 0.1761613 0.1740185 0.1793571 0.1790658 0.1783124 0.1815726 0.1786009 0.1791777 0.1757213 0.1787166 0.1766124 0.1805839 0.1839148 0.1837145 0.1774482 0.1987716 0.1954135 0.1722972 0.1998199 0.1843761 0.1872995 0.1790621 0.1853212 0.1849751 0.1835174 0.1875997 0.1841260 0.1842468 0.1875189 0.1841864 0.1842387 0.1801756 0.1816484 0.1842827 0.1823937 0.1835310 0.1872241 0.1861091 0.1795913 
pop1.indv13 0.0124897 0.0115052 0.0154407 0.0157972 0.0183841 0.0165705 0.0130064 0.0150472 0.0126149 0.0098732 0.0139928 0.0135295 0.0165410 0.0137405 0.0000000 0.0158494 0.0141193 0.0145193 0.0132593 0.0115391 0.0130263 0.0154657 0.0121315 0.0166341 0.0129733 0.1794914 0.1757189 0.1723085 0.1758864 0.1633941 0.1774316 0.1853921 0.1762753 0.1745728 0.1838406 0.1769402 0.1745535 0.1763062 0.1777380 0.1798229 0.1783774 0.1822054 0.1779165 0.1760342 0.1790146 0.1785475 0.1745628 0.1827856 0.1832973 0.1846853 0.1752698 0.1929093 0.1913212 0.1947737 0.2009934 0.1845323 0.1882478 0.1813401 0.1829860 0.1873678 0.1832470 0.1882634 0.1846870 0.1848771 0.1839824 0.1816905 0.1837500 0.1770964 0.1840424 0.1826187 0.1822588 0.1814518 0.1850395 0.1845495 0.1780401 
pop1.indv14 0.0137248 0.0081460 0.0095701 0.0085437 0.0132256 0.0097225 0.0146162 0.0135641 0.0127144 0.0120204 0.0123025 0.0139104 0.0130630 0.0127859 0.0158494 0.0000000 0.0126629 0.0169699 0.0112729 0.0116466 0.0117846 0.0150433 0.0130196 0.0144174 0.0123309 0.1907371 0.1616715 0.1735892 0.1874047 0.1893981 0.1761289 0.1869778 0.1752714 0.1760514 0.1846268 0.1749565 0.1776005 0.1754576 0.1805825 0.1807623 0.1754653 0.1791809 0.1753441 0.1764166 0.1773783 0.1799405 0.1788274 0.1812277 0.1874513 0.1851409 0.1721799 0.2000733 0.1838947 0.1949457 0.2203254 0.1880294 0.1900105 0.1849657 0.1860556 0.1892470 0.1857057 0.1895974 0.1883719 0.1882162 0.1881068 0.1861552 0.1886998 0.1827148 0.1849942 0.1873816 0.1859617 0.1871142 0.1874093 0.1879225 0.1820918 
pop1.indv15 0.0115317 0.0115450 0.0142294 0.0133703 0.0132607 0.0150012 0.0129469 0.0108543 0.0128039 0.0130957 0.0151914 0.0137545 0.0123823 0.0142378 0.0141193 0.0126629 0.0000000 0.0152106 0.0155405 0.0135919 0.0145083 0.0136021 0.0128815 0.0129667 0.0144567 0.2002708 0.1873693 0.1781377 0.1814217 0.1695315 0.1792998 0.1848821 0.1775093 0.1772062 0.1835754 0.1762120 0.1761239 0.1775820 0.1794769 0.1804009 0.1777523 0.1825984 0.1766060 0.1768733 0.1782786 0.1803439 0.1799383 0.1816149 0.1844634 0.1853520 0.1665207 0.2028544 0.1864088 0.1865237 0.2146168 0.1856843 0.1864506 0.1823279 0.1863055 0.1862192 0.1817284 0.1878201 0.1820918 0.1837357 0.1849792 0.1854322 0.1846870 0.1799967 0.1823870 0.1860637 0.1821298 0.1830814 0.1872657 0.1858827 0.1770260 
pop1.indv16 0.0163258 0.0139320 0.0130530 0.0182451 0.0270590 0.0161521 0.0156643 0.0151671 0.0164781 0.0145639 0.0148057 0.0176100 0.0189984 0.0158494 0.0145193 0.0169699 0.0152106 0.0000000 0.0138711 0.0137080 0.0141258 0.0162849 0.0161149 0.0175193 0.0146462 0.1783838 0.1751552 0.1866963 0.1854598 0.1901309 0.1790595 0.1877372 0.1777812 0.1785277 0.1876656 0.1775013 0.1747043 0.1768681 0.1794152 0.1808175 0.1783124 0.1856343 0.1792410 0.1794707 0.1795324 0.1817531 0.1777199 0.1849886 0.1898586 0.1888918 0.1812044 0.2028544 0.1886581 0.1972354 0.1997847 0.1920814 0.1913846 0.1853619 0.1909211 0.1921677 0.1896684 0.1934298 0.1927999 0.1888084 0.1911944 0.1902300 0.1910472 0.1855444 0.1890081 0.1898552 0.1872228 0.1899545 0.1910472 0.1942498 0.1858827 
pop1.indv17 0.0139482 0.0127948 0.0130996 0.0097807 0.0172660 0.0166982 0.0136024 0.0127696 0.0155050 0.0125289 0.0156402 0.0131201 0.0169830 0.0112412 0.0132593 0.0112729 0.0155405 0.0138711 0.0000000 0.0142098 0.0138747 0.0150818 0.0124874 0.0141987 0.0164396 0.1748506 0.1665696 0.1624919 0.1726342 0.1712018 0.1728161 0.1800574 0.1692579 0.1715991 0.1801726 0.1721993 0.1734584 0.1703317 0.1751258 0.1750441 0.1723232 0.1784253 0.1721033 0.1740338 0.1738153 0.1737274 0.1730210 0.1763894 0.1815423 0.1794744 0.1660227 0.1955130 0.1828003 0.1964735 0.2073531 0.1841864 0.1851581 0.1799988 0.1795885 0.1869554 0.1825696 0.1875523 0.1821170 0.1829609 0.1840207 0.1822318 0.1814732 0.1789440 0.1838541 0.1831712 0.1804793 0.1838393 0.1859216 0.1861206 0.1768216 
pop1.indv18 0.0127062 0.0081365 0.0145046 0.0086492 0.0146332 0.0128616 0.0134445 0.0147562 0.0127892 0.0126486 0.0123468 0.0142576 0.0097275 0.0123532 0.0115391 0.0116466 0.0135919 0.0137080 0.0142098 0.0000000 0.0111153 0.0115273 0.0102599 0.0135179 0.0139428 0.1921184 0.1640992 0.1621023 0.1797647 0.1732524 0.1713040 0.1795875 0.1703024 0.1691613 0.1787674 0.1704632 0.1719784 0.1705184 0.1751328 0.1752552 0.1710161 0.1737405 0.1687086 0.1728665 0.1723815 0.1721602 0.1710246 0.1739102 0.1816157 0.1780671 0.1725318 0.1838188 0.1885160 0.2049009 0.1942611 0.1841900 0.1852077 0.1813061 0.1826813 0.1834711 0.1817747 0.1863753 0.1821385 0.1834101 0.1835862 0.1836939 0.1826866 0.1797052 0.1805377 0.1833770 0.1815176 0.1828024 0.1844184 0.1839755 0.1776044 
pop1.indv19 0.0207864 0.0082033 0.0132097 0.0084204 0.0105969 0.0161811 0.0123120 0.0143767 0.0124336 0.0153704 0.0153862 0.0145184 0.0128516 0.0135884 0.0130263 0.0117846 0.0145083 0.0141258 0.0138747 0.0111153 0.0000000 0.0153507 0.0120173 0.0152731 0.0157086 0.2049009 0.1824743 0.1905178 0.1750371 0.1888494 0.1824299 0.1921266 0.1809459 0.1838841 0.1905435 0.1817602 0.1834308 0.1824059 0.1845409 0.1870658 0.1839375 0.1882941 0.1843595 0.1819021 0.1852207 0.1853212 0.1825451 0.1894902 0.1916405 0.1886486 0.1760953 0.1847864 0.1998250 0.1907371 0.2312006 0.1893376 0.1878725 0.1855654 0.1869909 0.1911093 0.1889125 0.1902682 0.1846888 0.1864744 0.1882007 0.1853212 0.1877809 0.1811763 0.1848017 0.1857164 0.1851659 0.1862779 0.1867574 0.1885108 0.1808665 
pop1.indv20 0.0160635 0.0149265 0.0142125 0.0170413 0.0211157 0.0163306 0.0116680 0.0121622 0.0146302 0.0147343 0.0116562 0.0148322 0.0139715 0.0147869 0.0154657 0.0150433 0.0136021 0.0162849 0.0150818 0.0115273 0.0153507 0.0000000 0.0152183 0.0159022 0.0144972 0.2002708 0.1767547 0.1716552 0.1972145 0.1937501 0.1791809 0.1898627 0.1773252 0.1776545 0.1885079 0.1801111 0.1780822 0.1806334 0.1797647 0.1820918 0.1790708 0.1838406 0.1784945 0.1816349 0.1819037 0.1813902 0.1790683 0.1838928 0.1896599 0.1863190 0.1676763 0.2097951 0.1679248 0.1856372 0.2225381 0.1883558 0.1891550 0.1847985 0.1878783 0.1892510 0.1857730 0.1915714 0.1853417 0.1865847 0.1885251 0.1841467 0.1907778 0.1820329 0.1867554 0.1882634 0.1862897 0.1875715 0.1888177 0.1888303 0.1806850 
pop1.indv21 0.0171597 0.0081555 0.0130067 0.0072315 0.0130871 0.0135329 0.0132424 0.0114452 0.0146969 0.0103895 0.0137580 0.0104932 0.0127338 0.0160943 0.0121315 0.0130196 0.0128815 0.0161149 0.0124874 0.0102599 0.0120173 0.0152183 0.0000000 0.0130764 0.0152959 0.1792144 0.1593150 0.1709955 0.1715873 0.1788889 0.1733011 0.1808156 0.1703317 0.1704632 0.1790696 0.1691178 0.1711335 0.1692965 0.1745535 0.1703651 0.1727360 0.1760040 0.1723364 0.1717010 0.1703061 0.1747223 0.1721169 0.1766349 0.1804124 0.1802858 0.1600715 0.1975215 0.1844599 0.1915152 0.2151844 0.1784785 0.1840656 0.1759839 0.1809352 0.1824059 0.1801130 0.1830397 0.1810508 0.1814640 0.1838173 0.1794146 0.1821086 0.1782521 0.1817009 0.1818601 0.1779247 0.1785410 0.1825201 0.1816905 0.1762620 
pop1.indv23 0.0220533 0.0154224 0.0107200 0.0160905 0.0093294 0.0157086 0.0172599 0.0169874 0.0160779 0.0140680 0.0136094 0.0144063 0.0117755 0.0151127 0.0166341 0.0144174 0.0129667 0.0175193 0.0141987 0.0135179 0.0152731 0.0159022 0.0130764 0.0000000 0.0146764 0.1923107 0.1659585 0.1717809 0.1800458 0.1767995 0.1774727 0.1848349 0.1751494 0.1766474 0.1829860 0.1743193 0.1762502 0.1732682 0.1761484 0.1772545 0.1748828 0.1801734 0.1755788 0.1790570 0.1779641 0.1781251 0.1771348 0.1792372 0.1851264 0.1823917 0.1630212 0.2065539 0.1702173 0.1879373 0.2011031 0.1867829 0.1881221 0.1831897 0.1858322 0.1849330 0.1822914 0.1892577 0.1844453 0.1848812 0.1870305 0.1837789 0.1863017 0.1801180 0.1824299 0.1853314 0.1811419 0.1840207 0.1847408 0.1862048 0.1790119 
pop1.indv24 0.0185025 0.0152237 0.0118179 0.0170621 0.0132783 0.0145639 0.0112211 0.0140644 0.0154892 0.0156081 0.0107309 0.0162773 0.0143033 0.0127826 0.0129733 0.0123309 0.0144567 0.0146462 0.0164396 0.0139428 0.0157086 0.0144972 0.0152959 0.0146764 0.0000000 0.1946467 0.1615225 0.1822833 0.1976791 0.1847227 0.1791767 0.1920775 0.1774810 0.1785862 0.1879717 0.1790671 0.1794712 0.1788920 0.1833978 0.1824011 0.1787763 0.1840347 0.1809898 0.1822407 0.1809854 0.1830515 0.1824655 0.1842909 0.1914060 0.1891828 0.1609008 0.2080556 0.1744107 0.1848553 0.2181241 0.1886672 0.1900799 0.1844115 0.1875665 0.1886672 0.1859875 0.1918029 0.1866094 0.1882630 0.1884489 0.1862425 0.1881233 0.1831113 0.1864138 0.1884792 0.1853208 0.1866582 0.1880930 0.1867554 0.1816734 
pop2.indv13 0.1705018 0.1938143 0.2044770 0.2029260 0.2270546 0.2077348 0.1945218 0.1800364 0.1841769 0.1923929 0.1830814 0.1836796 0.2001354 0.1727800 0.1794914 0.1907371 0.2002708 0.1783838 0.1748506 0.1921184 0.2049009 0.2002708 0.1792144 0.1923107 0.1946467 0.0000000 0.0213410 0.0051383 0.0241796 0.0000010 0.0155701 0.0130685 0.0118740 0.0085229 0.0254009 0.0179611 0.0157589 0.0093465 0.0154774 0.0142294 0.0096277 0.0120167 0.0178968 0.0157398 0.0141455 0.0094570 0.0094014 0.0217144 0.0168973 0.0141957 0.0951645 0.2661788 0.2179234 0.1585107 0.1713040 0.1865803 0.1858363 0.1895796 0.1841034 0.2085459 0.2111083 0.2045828 0.2014555 0.1908303 0.1882227 0.1887959 0.2116516 0.1929826 0.1741050 0.1941730 0.1939949 0.1911245 0.1886581 0.1970650 0.1846200 
pop2.indv19 0.2426799 0.1227184 0.1596590 0.1762183 0.2195904 0.1619111 0.1571657 0.1586827 0.1605646 0.1735332 0.1691131 0.1566598 0.1633633 0.1479560 0.1757189 0.1616715 0.1873693 0.1751552 0.1665696 0.1640992 0.1824743 0.1767547 0.1593150 0.1659585 0.1615225 0.0213410 0.0000000 0.0145046 0.0259023 0.0000010 0.0081460 0.0128547 0.0080616 0.0118740 0.0105195 0.0152594 0.0130375 0.0093465 0.0092599 0.0127800 0.0094347 0.0080709 0.0117347 0.0118039 0.0105072 0.0115317 0.0129150 0.0104462 0.0116935 0.0116255 0.1886257 0.1511651 0.1843183 0.2054518 0.2324899 0.1912220 0.1773150 0.1662087 0.1765925 0.1816686 0.1819439 0.1855028 0.1816686 0.1870469 0.1743664 0.1647188 0.1695315 0.1751165 0.1830814 0.1852212 0.1905178 0.1634731 0.1757189 0.1677729 0.1661607 
pop2.indv8  0.2013985 0.1143343 0.1744973 0.2162817 0.1086224 0.1800410 0.1654717 0.1819622 0.1735332 0.1748506 0.1805757 0.1725736 0.1737449 0.1728979 0.1723085 0.1735892 0.1781377 0.1866963 0.1624919 0.1621023 0.1905178 0.1716552 0.1709955 0.1717809 0.1822833 0.0051383 0.0145046 0.0000000 0.0121040 0.0000010 0.0047593 0.0046813 0.0108101 0.0109017 0.0144522 0.0128848 0.0096393 0.0070200 0.0119592 0.0094682 0.0107200 0.0106818 0.0082322 0.0047706 0.0120167 0.0105565 0.0108231 0.0130685 0.0132735 0.0107713 0.1889841 0.1215853 0.1461166 0.2040384 0.2283262 0.1970650 0.1874983 0.1899197 0.1861221 0.1845001 0.1913212 0.1811552 0.2053397 0.1853142 0.1808754 0.1972217 0.1995446 0.1863528 0.1861765 0.2053397 0.1948588 0.1849841 0.1922042 0.1887347 0.1822407 
pop2.indv23 0.2640213 0.1734809 0.1482694 0.2087865 0.1690505 0.1805825 0.1780961 0.2024102 0.1922042 0.1712565 0.1884407 0.1761883 0.1836462 0.1878556 0.1758864 0.1874047 0.1814217 0.1854598 0.1726342 0.1797647 0.1750371 0.1972145 0.1715873 0.1800458 0.1976791 0.0241796 0.0259023 0.0121040 0.0000000 0.0452482 0.0146820 0.0180693 0.0134685 0.0084919 0.0168363 0.0108886 0.0146820 0.0147000 0.0096161 0.0106945 0.0121628 0.0023803 0.0157972 0.0085229 0.0108492 0.0096161 0.0049233 0.0121333 0.0188174 0.0096393 0.1862543 0.1207185 0.1687632 0.2080556 0.1591824 0.1657090 0.1653319 0.1678262 0.1734809 0.1847864 0.1674238 0.1781241 0.1711842 0.1715873 0.1611286 0.1622485 0.1658427 0.1628403 0.1613709 0.1642281 0.1686590 0.1611286 0.1622485 0.1668194 0.1723085 
pop2.indv25 0.1847227 0.1255425 0.1930336 0.1398269 0.2470125 0.1717659 0.1788809 0.1943383 0.1699835 0.1721190 0.1857751 0.1782966 0.1750245 0.1729054 0.1633941 0.1893981 0.1695315 0.1901309 0.1712018 0.1732524 0.1888494 0.1937501 0.1788889 0.1767995 0.1847227 0.0000010 0.0000010 0.0000010 0.0452482 0.0000000 0.0192029 0.0141987 0.0140357 0.0139114 0.0194519 0.0128516 0.0168410 0.0166469 0.0127371 0.0177771 0.0140178 0.0178678 0.0179595 0.0170845 0.0155577 0.0163537 0.0168628 0.0244048 0.0143844 0.0273178 0.1756158 0.2195904 0.2629216 0.2683720 0.2260629 0.2014987 0.2052742 0.2026488 0.1953679 0.2021782 0.1922724 0.2132100 0.1994875 0.1942037 0.2014987 0.1970242 0.2050551 0.1860284 0.1908942 0.1953285 0.2125379 0.1975135 0.1952254 0.2124288 0.1976791 
pop2.indv1  0.1867381 0.1752307 0.1686821 0.2062647 0.1744009 0.1812303 0.1682525 0.1800580 0.1799399 0.1731329 0.1759132 0.1789381 0.1785343 0.1771301 0.1774316 0.1761289 0.1792998 0.1790595 0.1728161 0.1713040 0.1824299 0.1791809 0.1733011 0.1774727 0.1791767 0.0155701 0.0081460 0.0047593 0.0146820 0.0192029 0.0000000 0.0122148 0.0109150 0.0102336 0.0124137 0.0139786 0.0151243 0.0121777 0.0111416 0.0129469 0.0129931 0.0131954 0.0101531 0.0122773 0.0121622 0.0121777 0.0130196 0.0117006 0.0136129 0.0118626 0.1674145 0.1840771 0.1916146 0.2075817 0.1910141 0.1804702 0.1854329 0.1779512 0.1794133 0.1830754 0.1829207 0.1850903 0.1838393 0.1822960 0.1800580 0.1777235 0.1814137 0.1766642 0.1820658 0.1770916 0.1835933 0.1810555 0.1802924 0.1823371 0.1718960 
pop2.indv2  0.1800255 0.1755258 0.1875645 0.1888125 0.1927102 0.1898370 0.1780731 0.1885868 0.1900304 0.1832124 0.1846356 0.1890874 0.1879398 0.1849375 0.1853921 0.1869778 0.1848821 0.1877372 0.1800574 0.1795875 0.1921266 0.1898627 0.1808156 0.1848349 0.1920775 0.0130685 0.0128547 0.0046813 0.0180693 0.0141987 0.0122148 0.0000000 0.0134607 0.0119928 0.0133657 0.0129272 0.0127696 0.0111275 0.0121192 0.0098633 0.0134573 0.0131620 0.0118866 0.0114598 0.0115974 0.0126661 0.0124367 0.0150242 0.0143436 0.0131288 0.1721139 0.1746801 0.2019512 0.2127992 0.1994578 0.1887103 0.1919099 0.1856843 0.1899868 0.1914051 0.1874077 0.1921772 0.1902300 0.1876139 0.1855235 0.1822733 0.1921816 0.1834443 0.1906923 0.1834312 0.1887789 0.1862192 0.1859875 0.1869480 0.1791902 
pop2.indv3  0.1663759 0.1712114 0.1713276 0.1954428 0.1724010 0.1797647 0.1678069 0.1773165 0.1804043 0.1726302 0.1774316 0.1743271 0.1771970 0.1737057 0.1762753 0.1752714 0.1775093 0.1777812 0.1692579 0.1703024 0.1809459 0.1773252 0.1703317 0.1751494 0.1774810 0.0118740 0.0080616 0.0108101 0.0134685 0.0140357 0.0109150 0.0134607 0.0000000 0.0112355 0.0136710 0.0124168 0.0109511 0.0101120 0.0118746 0.0090996 0.0108626 0.0134131 0.0101171 0.0096583 0.0100865 0.0111135 0.0129502 0.0106143 0.0162312 0.0133724 0.1647142 0.1713767 0.2014458 0.1952826 0.2046970 0.1820020 0.1862048 0.1774891 0.1818752 0.1850170 0.1834377 0.1854526 0.1814640 0.1825898 0.1800569 0.1795897 0.1870876 0.1794133 0.1826444 0.1772107 0.1859895 0.1809942 0.1791204 0.1825696 0.1738468 
pop2.indv4  0.1740338 0.1713276 0.1814217 0.1981610 0.1851560 0.1795294 0.1676456 0.1764802 0.1780122 0.1710473 0.1750757 0.1752225 0.1763076 0.1739773 0.1745728 0.1760514 0.1772062 0.1785277 0.1715991 0.1691613 0.1838841 0.1776545 0.1704632 0.1766474 0.1785862 0.0085229 0.0118740 0.0109017 0.0084919 0.0139114 0.0102336 0.0119928 0.0112355 0.0000000 0.0129700 0.0109122 0.0092279 0.0099033 0.0096928 0.0089136 0.0099513 0.0093913 0.0109483 0.0113485 0.0078261 0.0111841 0.0104504 0.0135676 0.0126128 0.0124462 0.1690901 0.1817690 0.1945993 0.2022635 0.1935662 0.1775888 0.1835047 0.1775888 0.1794702 0.1822543 0.1812894 0.1819385 0.1840812 0.1798829 0.1767793 0.1772410 0.1830875 0.1774768 0.1789983 0.1773077 0.1827082 0.1778250 0.1779996 0.1818828 0.1733584 
pop2.indv5  0.1889101 0.1737339 0.1904251 0.2117626 0.1743009 0.1875295 0.1758908 0.1864873 0.1891324 0.1815661 0.1815106 0.1866582 0.1867302 0.1820960 0.1838406 0.1846268 0.1835754 0.1876656 0.1801726 0.1787674 0.1905435 0.1885079 0.1790696 0.1829860 0.1879717 0.0254009 0.0105195 0.0144522 0.0168363 0.0194519 0.0124137 0.0133657 0.0136710 0.0129700 0.0000000 0.0156731 0.0152493 0.0130858 0.0139009 0.0130924 0.0157728 0.0151453 0.0140945 0.0126789 0.0160883 0.0135987 0.0136779 0.0175214 0.0158130 0.0153066 0.1576614 0.1717809 0.1957125 0.2206245 0.2037106 0.1850807 0.1905086 0.1826136 0.1858442 0.1884792 0.1853221 0.1880496 0.1880330 0.1865847 0.1824955 0.1829630 0.1878637 0.1796488 0.1855632 0.1803429 0.1865977 0.1853619 0.1830280 0.1864632 0.1763926 
pop2.indv6  0.1671934 0.1500087 0.1824743 0.1839658 0.1894880 0.1784899 0.1673136 0.1793585 0.1780431 0.1715382 0.1746280 0.1759839 0.1794183 0.1748526 0.1769402 0.1749565 0.1762120 0.1775013 0.1721993 0.1704632 0.1817602 0.1801111 0.1691178 0.1743193 0.1790671 0.0179611 0.0152594 0.0128848 0.0108886 0.0128516 0.0139786 0.0129272 0.0124168 0.0109122 0.0156731 0.0000000 0.0126725 0.0108025 0.0123262 0.0125864 0.0118417 0.0120614 0.0128555 0.0103974 0.0132720 0.0118328 0.0118746 0.0126309 0.0150242 0.0151148 0.1643369 0.1612169 0.1855028 0.1995957 0.1932569 0.1798227 0.1812812 0.1757285 0.1791284 0.1794739 0.1778092 0.1796488 0.1813960 0.1794733 0.1760174 0.1746462 0.1801142 0.1745160 0.1809854 0.1750465 0.1794120 0.1771058 0.1773425 0.1801697 0.1705664 
pop2.indv7  0.1769219 0.1614924 0.1649652 0.1815106 0.1680169 0.1771442 0.1670106 0.1787727 0.1799980 0.1720478 0.1737835 0.1764226 0.1784205 0.1761613 0.1745535 0.1776005 0.1761239 0.1747043 0.1734584 0.1719784 0.1834308 0.1780822 0.1711335 0.1762502 0.1794712 0.0157589 0.0130375 0.0096393 0.0146820 0.0168410 0.0151243 0.0127696 0.0109511 0.0092279 0.0152493 0.0126725 0.0000000 0.0147380 0.0121468 0.0104000 0.0104053 0.0123917 0.0147982 0.0148322 0.0128685 0.0114335 0.0160902 0.0137861 0.0162563 0.0144348 0.1649723 0.1746356 0.1846606 0.2209616 0.2024872 0.1840656 0.1843073 0.1785988 0.1823510 0.1862165 0.1836761 0.1847562 0.1860710 0.1849049 0.1805265 0.1800574 0.1865605 0.1785947 0.1870393 0.1794146 0.1847957 0.1821086 0.1840656 0.1816905 0.1754318 
pop2.indv9  0.1573817 0.1709573 0.1658247 0.1863455 0.1671309 0.1780822 0.1664232 0.1777988 0.1766005 0.1714833 0.1733470 0.1768945 0.1786627 0.1740185 0.1763062 0.1754576 0.1775820 0.1768681 0.1703317 0.1705184 0.1824059 0.1806334 0.1692965 0.1732682 0.1788920 0.0093465 0.0093465 0.0070200 0.0147000 0.0166469 0.0121777 0.0111275 0.0101120 0.0099033 0.0130858 0.0108025 0.0147380 0.0000000 0.0095323 0.0105662 0.0131288 0.0133421 0.0136330 0.0129931 0.0120281 0.0110715 0.0123792 0.0141729 0.0171231 0.0122953 0.1531551 0.1732627 0.1831098 0.2006658 0.1920298 0.1762815 0.1808137 0.1734698 0.1772768 0.1791819 0.1751271 0.1788997 0.1816349 0.1783072 0.1752066 0.1742827 0.1794739 0.1737037 0.1762815 0.1718689 0.1774686 0.1740949 0.1753598 0.1791284 0.1701568 
pop2.indv10 0.1742864 0.1696133 0.1692780 0.1820193 0.1893981 0.1841986 0.1698573 0.1826289 0.1832470 0.1776808 0.1798228 0.1823463 0.1830933 0.1793571 0.1777380 0.1805825 0.1794769 0.1794152 0.1751258 0.1751328 0.1845409 0.1797647 0.1745535 0.1761484 0.1833978 0.0154774 0.0092599 0.0119592 0.0096161 0.0127371 0.0111416 0.0121192 0.0118746 0.0096928 0.0139009 0.0123262 0.0121468 0.0095323 0.0000000 0.0128523 0.0116150 0.0141087 0.0138938 0.0111869 0.0110161 0.0110576 0.0119319 0.0141837 0.0132560 0.0137893 0.1664896 0.1683014 0.2030906 0.2179119 0.1959319 0.1824011 0.1855632 0.1772724 0.1819152 0.1825251 0.1817868 0.1840714 0.1842146 0.1809352 0.1788341 0.1782574 0.1836831 0.1777344 0.1831650 0.1771674 0.1838616 0.1807516 0.1790079 0.1811587 0.1718421 
pop2.indv11 0.1716661 0.1713496 0.1838261 0.1843316 0.1812710 0.1839300 0.1713141 0.1813401 0.1825004 0.1744973 0.1776734 0.1804690 0.1821002 0.1790658 0.1798229 0.1807623 0.1804009 0.1808175 0.1750441 0.1752552 0.1870658 0.1820918 0.1703651 0.1772545 0.1824011 0.0142294 0.0127800 0.0094682 0.0106945 0.0177771 0.0129469 0.0098633 0.0090996 0.0089136 0.0130924 0.0125864 0.0104000 0.0105662 0.0128523 0.0000000 0.0121101 0.0126181 0.0113815 0.0106277 0.0117942 0.0108352 0.0116888 0.0133927 0.0159104 0.0125959 0.1686347 0.1794891 0.1914197 0.1951540 0.1926414 0.1818752 0.1891439 0.1801734 0.1839824 0.1877372 0.1829687 0.1834377 0.1869868 0.1854227 0.1810485 0.1802302 0.1871357 0.1798230 0.1835242 0.1785475 0.1869950 0.1839225 0.1837572 0.1829630 0.1766005 
pop2.indv12 0.1653149 0.1755258 0.1733782 0.1948132 0.1681645 0.1818601 0.1680313 0.1804602 0.1798224 0.1727360 0.1754882 0.1784785 0.1788951 0.1783124 0.1783774 0.1754653 0.1777523 0.1783124 0.1723232 0.1710161 0.1839375 0.1790708 0.1727360 0.1748828 0.1787763 0.0096277 0.0094347 0.0107200 0.0121628 0.0140178 0.0129931 0.0134573 0.0108626 0.0099513 0.0157728 0.0118417 0.0104053 0.0131288 0.0116150 0.0121101 0.0000000 0.0134131 0.0113700 0.0070756 0.0128071 0.0111303 0.0119107 0.0121715 0.0156402 0.0136089 0.1555519 0.1825201 0.1965986 0.2043744 0.1973667 0.1812172 0.1834973 0.1802294 0.1833188 0.1846268 0.1806883 0.1837215 0.1809311 0.1825152 0.1768681 0.1776808 0.1842584 0.1769251 0.1806380 0.1775781 0.1849846 0.1795328 0.1794739 0.1808081 0.1730843 
pop2.indv14 0.1816220 0.1637784 0.1693639 0.2011264 0.1741124 0.1860257 0.1689532 0.1850206 0.1851121 0.1790092 0.1805795 0.1817009 0.1836761 0.1815726 0.1822054 0.1791809 0.1825984 0.1856343 0.1784253 0.1737405 0.1882941 0.1838406 0.1760040 0.1801734 0.1840347 0.0120167 0.0080709 0.0106818 0.0023803 0.0178678 0.0131954 0.0131620 0.0134131 0.0093913 0.0151453 0.0120614 0.0123917 0.0133421 0.0141087 0.0126181 0.0134131 0.0000000 0.0123854 0.0124557 0.0107890 0.0146302 0.0129076 0.0120766 0.0140357 0.0156099 0.1811552 0.1695315 0.1922042 0.2179003 0.1967299 0.1854424 0.1903411 0.1811587 0.1844896 0.1900425 0.1852222 0.1881567 0.1869480 0.1849792 0.1816836 0.1797647 0.1876470 0.1815694 0.1846268 0.1809228 0.1870658 0.1826727 0.1841388 0.1848223 0.1787885 
pop2.indv15 0.1808044 0.1681765 0.1645980 0.1876318 0.1812572 0.1805781 0.1687719 0.1793585 0.1784945 0.1714687 0.1752469 0.1780122 0.1797647 0.1786009 0.1779165 0.1753441 0.1766060 0.1792410 0.1721033 0.1687086 0.1843595 0.1784945 0.1723364 0.1755788 0.1809898 0.0178968 0.0117347 0.0082322 0.0157972 0.0179595 0.0101531 0.0118866 0.0101171 0.0109483 0.0140945 0.0128555 0.0147982 0.0136330 0.0138938 0.0113815 0.0113700 0.0123854 0.0000000 0.0109205 0.0138379 0.0134164 0.0139361 0.0118956 0.0158535 0.0133556 0.1729907 0.1702966 0.1851759 0.2118169 0.1891101 0.1864506 0.1884792 0.1827371 0.1840271 0.1874016 0.1854618 0.1898264 0.1885093 0.1833380 0.1797066 0.1823233 0.1895884 0.1823870 0.1876470 0.1826085 0.1865977 0.1850300 0.1854322 0.1847715 0.1772466 
pop2.indv16 0.1727264 0.1829991 0.1762183 0.1746801 0.1861453 0.1818790 0.1678514 0.1811170 0.1798810 0.1738853 0.1760847 0.1789381 0.1799405 0.1791777 0.1760342 0.1764166 0.1768733 0.1794707 0.1740338 0.1728665 0.1819021 0.1816349 0.1717010 0.1790570 0.1822407 0.0157398 0.0118039 0.0047706 0.0085229 0.0170845 0.0122773 0.0114598 0.0096583 0.0113485 0.0126789 0.0103974 0.0148322 0.0129931 0.0111869 0.0106277 0.0070756 0.0124557 0.0109205 0.0000000 0.0121777 0.0101376 0.0104744 0.0111841 0.0146915 0.0144457 0.1644521 0.1766500 0.1827748 0.1996548 0.1996053 0.1792940 0.1827148 0.1769572 0.1807641 0.1826654 0.1812224 0.1818714 0.1837789 0.1795878 0.1760913 0.1764861 0.1834308 0.1757920 0.1811814 0.1741209 0.1819743 0.1796472 0.1801167 0.1832910 0.1717722 
pop2.indv17 0.1700153 0.1626728 0.1626339 0.2016375 0.1729054 0.1809832 0.1687374 0.1805171 0.1823591 0.1745253 0.1767649 0.1785410 0.1812704 0.1757213 0.1790146 0.1773783 0.1782786 0.1795324 0.1738153 0.1723815 0.1852207 0.1819037 0.1703061 0.1779641 0.1809854 0.0141455 0.0105072 0.0120167 0.0108492 0.0155577 0.0121622 0.0115974 0.0100865 0.0078261 0.0160883 0.0132720 0.0128685 0.0120281 0.0110161 0.0117942 0.0128071 0.0107890 0.0138379 0.0121777 0.0000000 0.0095132 0.0113585 0.0149216 0.0127015 0.0142614 0.1717128 0.1780817 0.1898676 0.2071234 0.2015749 0.1806349 0.1837215 0.1770018 0.1820289 0.1846782 0.1823637 0.1842264 0.1862450 0.1818639 0.1776312 0.1784395 0.1837739 0.1787241 0.1833654 0.1772333 0.1846710 0.1793600 0.1801704 0.1816666 0.1729553 
pop2.indv18 0.1687927 0.1687927 0.1797647 0.1911197 0.1950422 0.1839673 0.1707324 0.1809920 0.1827910 0.1751340 0.1771489 0.1799405 0.1809331 0.1787166 0.1785475 0.1799405 0.1803439 0.1817531 0.1737274 0.1721602 0.1853212 0.1813902 0.1747223 0.1781251 0.1830515 0.0094570 0.0115317 0.0105565 0.0096161 0.0163537 0.0121777 0.0126661 0.0111135 0.0111841 0.0135987 0.0118328 0.0114335 0.0110715 0.0110576 0.0108352 0.0111303 0.0146302 0.0134164 0.0101376 0.0095132 0.0000000 0.0109011 0.0134164 0.0132492 0.0140555 0.1592525 0.1747238 0.1958762 0.2055166 0.1942430 0.1794728 0.1850999 0.1777918 0.1794158 0.1835107 0.1826035 0.1844381 0.1832248 0.1829321 0.1750297 0.1786009 0.1836901 0.1741510 0.1816382 0.1770537 0.1829063 0.1792998 0.1764014 0.1820329 0.1717737 
pop2.indv20 0.1878178 0.1677215 0.1636079 0.1967449 0.1672917 0.1811073 0.1659254 0.1799396 0.1829630 0.1738502 0.1752794 0.1791169 0.1804077 0.1766124 0.1745628 0.1788274 0.1799383 0.1777199 0.1730210 0.1710246 0.1825451 0.1790683 0.1721169 0.1771348 0.1824655 0.0094014 0.0129150 0.0108231 0.0049233 0.0168628 0.0130196 0.0124367 0.0129502 0.0104504 0.0136779 0.0118746 0.0160902 0.0123792 0.0119319 0.0116888 0.0119107 0.0129076 0.0139361 0.0104744 0.0113585 0.0109011 0.0000000 0.0134505 0.0143693 0.0121070 0.1505869 0.1685635 0.1845001 0.1914174 0.1954785 0.1792965 0.1810532 0.1716048 0.1780731 0.1812303 0.1775053 0.1819268 0.1791193 0.1763773 0.1740646 0.1747787 0.1786548 0.1732240 0.1763200 0.1733584 0.1801793 0.1756503 0.1748263 0.1787185 0.1691551 
pop2.indv21 0.1868505 0.1684572 0.1838947 0.1959319 0.1776594 0.1880629 0.1736262 0.1848587 0.1858116 0.1786607 0.1801142 0.1832910 0.1849189 0.1805839 0.1827856 0.1812277 0.1816149 0.1849886 0.1763894 0.1739102 0.1894902 0.1838928 0.1766349 0.1792372 0.1842909 0.0217144 0.0104462 0.0130685 0.0121333 0.0244048 0.0117006 0.0150242 0.0106143 0.0135676 0.0175214 0.0126309 0.0137861 0.0141729 0.0141837 0.0133927 0.0121715 0.0120766 0.0118956 0.0111841 0.0149216 0.0134164 0.0134505 0.0000000 0.0177421 0.0141087 0.1579070 0.1856510 0.1816846 0.2035435 0.2015068 0.1853417 0.1885410 0.1823325 0.1862192 0.1871837 0.1860524 0.1898264 0.1863409 0.1849375 0.1789514 0.1826187 0.1885410 0.1828073 0.1841704 0.1834246 0.1874654 0.1864266 0.1845667 0.1860637 0.1792465 
pop2.indv22 0.1758170 0.1599279 0.1772734 0.1949920 0.1818806 0.1906026 0.1774644 0.1895079 0.1901675 0.1795294 0.1875330 0.1852492 0.1885587 0.1839148 0.1832973 0.1874513 0.1844634 0.1898586 0.1815423 0.1816157 0.1916405 0.1896599 0.1804124 0.1851264 0.1914060 0.0168973 0.0116935 0.0132735 0.0188174 0.0143844 0.0136129 0.0143436 0.0162312 0.0126128 0.0158130 0.0150242 0.0162563 0.0171231 0.0132560 0.0159104 0.0156402 0.0140357 0.0158535 0.0146915 0.0127015 0.0132492 0.0143693 0.0177421 0.0000000 0.0127144 0.1759974 0.1842919 0.2109273 0.2034326 0.2117050 0.1919576 0.1946801 0.1873338 0.1921677 0.1946701 0.1921408 0.1932627 0.1938918 0.1892924 0.1860327 0.1868190 0.1923183 0.1849657 0.1941241 0.1858383 0.1915147 0.1909414 0.1895974 0.1916372 0.1836164 
pop2.indv24 0.1800214 0.1755600 0.1830261 0.1918310 0.1812710 0.1877448 0.1776882 0.1862705 0.1880053 0.1815013 0.1831878 0.1856949 0.1864632 0.1837145 0.1846853 0.1851409 0.1853520 0.1888918 0.1794744 0.1780671 0.1886486 0.1863190 0.1802858 0.1823917 0.1891828 0.0141957 0.0116255 0.0107713 0.0096393 0.0273178 0.0118626 0.0131288 0.0133724 0.0124462 0.0153066 0.0151148 0.0144348 0.0122953 0.0137893 0.0125959 0.0136089 0.0156099 0.0133556 0.0144457 0.0142614 0.0140555 0.0121070 0.0141087 0.0127144 0.0000000 0.1803279 0.1753832 0.2026948 0.2182455 0.2113601 0.1909050 0.1949577 0.1900554 0.1916752 0.1944107 0.1939275 0.1961646 0.1939161 0.1905086 0.1872996 0.1892105 0.1953418 0.1875295 0.1908004 0.1878377 0.1941359 0.1910514 0.1900554 0.1921103 0.1836140 
pop3.indv21 0.2429640 0.1346965 0.1876092 0.2301580 0.1020685 0.1780370 0.1615880 0.1635617 0.1706900 0.1501481 0.1780522 0.1711106 0.1686347 0.1774482 0.1752698 0.1721799 0.1665207 0.1812044 0.1660227 0.1725318 0.1760953 0.1676763 0.1600715 0.1630212 0.1609008 0.0951645 0.1886257 0.1889841 0.1862543 0.1756158 0.1674145 0.1721139 0.1647142 0.1690901 0.1576614 0.1643369 0.1649723 0.1531551 0.1664896 0.1686347 0.1555519 0.1811552 0.1729907 0.1644521 0.1717128 0.1592525 0.1505869 0.1579070 0.1759974 0.1803279 0.0000000 0.0188885 0.0161438 0.0056942 0.0202942 0.0124983 0.0137377 0.0024563 0.0137893 0.0173582 0.0122523 0.0147000 0.0087575 0.0100384 0.0048634 0.0148639 0.0150315 0.0148272 0.0174014 0.0136694 0.0139114 0.0123582 0.0099263 0.0185842 0.0109815 
pop3.indv18 0.2738621 0.2069316 0.2049806 0.2421320 0.1976791 0.1945504 0.2022857 0.1953418 0.1851197 0.2003535 0.2003535 0.1943166 0.1998939 0.1987716 0.1929093 0.2000733 0.2028544 0.2028544 0.1955130 0.1838188 0.1847864 0.2097951 0.1975215 0.2065539 0.2080556 0.2661788 0.1511651 0.1215853 0.1207185 0.2195904 0.1840771 0.1746801 0.1713767 0.1817690 0.1717809 0.1612169 0.1746356 0.1732627 0.1683014 0.1794891 0.1825201 0.1695315 0.1702966 0.1766500 0.1780817 0.1747238 0.1685635 0.1856510 0.1842919 0.1753832 0.0188885 0.0000000 0.0107971 0.0160574 0.0178754 0.0060674 0.0084204 0.0096743 0.0084102 0.0169793 0.0072228 0.0083500 0.0132575 0.0047649 0.0108101 0.0083800 0.0120167 0.0108886 0.0060380 0.0083600 0.0184698 0.0109150 0.0096277 0.0131466 0.0131152 
