75
pop1.indv1  0.0000000 0.0132456 0.0174547 0.0178165 0.0157265 0.0137306 0.0138821 0.0164180 0.0139616 0.0143634 0.0167005 0.0178715 0.0166768 0.0099075 0.0123237 0.0169352 0.0134472 0.0128028 0.0164095 0.0167481 0.0124096 0.0133315 0.0160068 0.0146988 0.0135769 0.1938312 0.1981643 0.1857863 0.1878545 0.2009880 0.1921975 0.1830877 0.1918557 0.1891365 0.1918139 0.1920359 0.1870455 0.1994783 0.1985981 0.1879633 0.1855493 0.1919510 0.1893517 0.1787999 0.1857220 0.1901766 0.1913671 0.1843568 0.1930180 0.1967779 0.1871943 0.1909409 0.1784504 0.1885054 0.1838388 0.1929855 0.1899020 0.1830840 0.1922849 0.1844364 0.1915946 0.1805726 0.1853769 0.1934961 0.1869512 0.1859068 0.1895880 0.1891641 0.1917865 0.1922628 0.1898950 0.1927139 0.1887717 0.1961966 0.1812277 
pop1.indv2  0.0132456 0.0000000 0.0159604 0.0164756 0.0105277 0.0123396 0.0145462 0.0135562 0.0159662 0.0144988 0.0137887 0.0173675 0.0110373 0.0161215 0.0139610 0.0172017 0.0131374 0.0140623 0.0117824 0.0129595 0.0137737 0.0132261 0.0162848 0.0122043 0.0128375 0.1807062 0.1883893 0.1819546 0.1739934 0.1929029 0.1863501 0.1735818 0.1768891 0.1803018 0.1859186 0.1747870 0.1737278 0.1872406 0.1851705 0.1766514 0.1804887 0.1785644 0.1806430 0.1764798 0.1745486 0.1824665 0.1868060 0.1810041 0.1786018 0.1826330 0.1860501 0.1954653 0.1789442 0.1834987 0.1908546 0.1925806 0.1952133 0.1917378 0.1830661 0.1876960 0.1895598 0.1838420 0.1832381 0.1855743 0.1821286 0.1845338 0.1778762 0.1815302 0.1902560 0.1925788 0.1963110 0.1902778 0.1900167 0.1949193 0.1843646 
pop1.indv3  0.0174547 0.0159604 0.0000000 0.0145833 0.0147623 0.0130540 0.0129641 0.0139867 0.0114248 0.0166498 0.0143841 0.0134478 0.0125475 0.0149955 0.0112292 0.0174116 0.0117129 0.0142813 0.0146689 0.0141952 0.0121606 0.0126108 0.0138821 0.0147358 0.0131153 0.1797404 0.1810171 0.1722646 0.1741212 0.1867175 0.1800933 0.1795705 0.1764765 0.1703464 0.1887849 0.1726596 0.1711314 0.1807713 0.1835857 0.1685796 0.1738888 0.1717702 0.1809193 0.1714405 0.1689786 0.1788250 0.1829006 0.1721570 0.1780831 0.1811386 0.1884539 0.1957753 0.1821359 0.1857659 0.1786142 0.1929904 0.1898444 0.1864814 0.1859127 0.1914361 0.1864162 0.1832442 0.1855493 0.1823053 0.1878438 0.1823931 0.1835857 0.1920359 0.1974259 0.2018218 0.1878870 0.1850514 0.1894854 0.1939475 0.1872726 
pop1.indv4  0.0178165 0.0164756 0.0145833 0.0000000 0.0113039 0.0157773 0.0194766 0.0175005 0.0149453 0.0148652 0.0160771 0.0138188 0.0161272 0.0126564 0.0151440 0.0183570 0.0160011 0.0119116 0.0129755 0.0152238 0.0153687 0.0132261 0.0166860 0.0163797 0.0146905 0.1871981 0.1930198 0.1792690 0.1842795 0.1960306 0.1921446 0.1801107 0.1833242 0.1794685 0.1900742 0.1798226 0.1778473 0.2000251 0.1936710 0.1739694 0.1859426 0.1859127 0.1793207 0.1772230 0.1812411 0.1843626 0.1918646 0.1824637 0.1765299 0.1854918 0.2006674 0.1974617 0.1890526 0.1924648 0.1906752 0.1969496 0.2036350 0.2012835 0.1966149 0.2004532 0.2061759 0.1868694 0.1908572 0.1949571 0.1969903 0.1875377 0.1990255 0.1957136 0.1954009 0.1965546 0.2010791 0.1938579 0.1951798 0.1990469 0.1915771 
pop1.indv5  0.0157265 0.0105277 0.0147623 0.0113039 0.0000000 0.0106453 0.0123059 0.0140776 0.0133171 0.0145621 0.0122704 0.0147252 0.0124626 0.0147305 0.0138743 0.0150054 0.0123439 0.0118517 0.0148211 0.0143686 0.0099675 0.0139201 0.0088570 0.0125565 0.0123461 0.1810438 0.1879646 0.1774643 0.1812530 0.1866685 0.1847044 0.1753931 0.1725487 0.1759547 0.1807993 0.1794058 0.1745001 0.1894258 0.1869117 0.1703385 0.1772685 0.1781242 0.1751055 0.1761046 0.1756591 0.1790624 0.1865407 0.1740591 0.1780829 0.1804281 0.1909140 0.1954317 0.1847819 0.1921191 0.1935565 0.1946091 0.1977175 0.1856617 0.1947750 0.1901481 0.1937917 0.1812939 0.1862900 0.1937257 0.1942362 0.1861261 0.1936594 0.1938051 0.1950559 0.1977455 0.1896960 0.1900244 0.1833262 0.1958355 0.1822172 
pop1.indv6  0.0137306 0.0123396 0.0130540 0.0157773 0.0106453 0.0000000 0.0142762 0.0157490 0.0112798 0.0121087 0.0134662 0.0141150 0.0112550 0.0136061 0.0147146 0.0168623 0.0115529 0.0130356 0.0154992 0.0147221 0.0122919 0.0125206 0.0154341 0.0177698 0.0135285 0.1846876 0.1912274 0.1862026 0.1805055 0.1946671 0.1840876 0.1813606 0.1884194 0.1838345 0.1909224 0.1789195 0.1740238 0.1971015 0.1892061 0.1759449 0.1822508 0.1845948 0.1813996 0.1748985 0.1802274 0.1808062 0.1868819 0.1780831 0.1828361 0.1897146 0.1875255 0.1975155 0.1783260 0.1877006 0.1887424 0.1880943 0.1919670 0.1822375 0.1945196 0.1872449 0.1972614 0.1783260 0.1863949 0.1804439 0.1846767 0.1830753 0.1880496 0.1891641 0.1913169 0.2001292 0.1894258 0.1899833 0.1861488 0.2006635 0.1848489 
pop1.indv7  0.0138821 0.0145462 0.0129641 0.0194766 0.0123059 0.0142762 0.0000000 0.0145727 0.0124715 0.0130582 0.0148856 0.0141593 0.0130063 0.0121868 0.0169068 0.0149780 0.0135866 0.0121868 0.0154934 0.0114330 0.0137339 0.0120244 0.0126245 0.0121999 0.0155835 0.1804569 0.1919351 0.1806110 0.1809592 0.1911115 0.1833275 0.1818994 0.1882636 0.1758933 0.1871337 0.1773353 0.1858254 0.1872035 0.1929710 0.1778125 0.1871427 0.1757164 0.1841056 0.1747042 0.1743502 0.1792908 0.1850514 0.1791847 0.1800276 0.1811981 0.1944580 0.1944107 0.1826497 0.1864002 0.1886442 0.1952767 0.1926496 0.1946671 0.1929468 0.1963442 0.1942533 0.1829890 0.1884168 0.1871943 0.1953120 0.1910729 0.1895006 0.1902992 0.1975338 0.2016269 0.1960897 0.1971545 0.1913852 0.2013476 0.1936077 
pop1.indv8  0.0164180 0.0135562 0.0139867 0.0175005 0.0140776 0.0157490 0.0145727 0.0000000 0.0133556 0.0143258 0.0137837 0.0156916 0.0143069 0.0139467 0.0146528 0.0183167 0.0117170 0.0140370 0.0151217 0.0154714 0.0121955 0.0124501 0.0149688 0.0163262 0.0131584 0.1827995 0.1838473 0.1835002 0.1817755 0.1906936 0.1886586 0.1790476 0.1797762 0.1733205 0.1896338 0.1826378 0.1760409 0.1864306 0.1813269 0.1752138 0.1880746 0.1820436 0.1801510 0.1729276 0.1754534 0.1818782 0.1848777 0.1785971 0.1788256 0.1840977 0.1898834 0.1959931 0.1757780 0.1834993 0.1888206 0.1857548 0.1947394 0.1863154 0.1829798 0.1833256 0.1877215 0.1834165 0.1794691 0.1838466 0.1830701 0.1834126 0.1797501 0.1906389 0.1894108 0.1967604 0.1881983 0.1853859 0.1863039 0.1955294 0.1812881 
pop1.indv9  0.0139616 0.0159662 0.0114248 0.0149453 0.0133171 0.0112798 0.0124715 0.0133556 0.0000000 0.0126017 0.0125385 0.0115527 0.0156817 0.0087731 0.0133942 0.0135612 0.0109786 0.0110727 0.0105238 0.0169047 0.0110609 0.0115778 0.0142711 0.0125340 0.0123731 0.1822067 0.1926248 0.1874478 0.1906748 0.1925341 0.1905320 0.1894837 0.1823021 0.1879419 0.1920359 0.1862625 0.1878204 0.1940531 0.1921698 0.1753940 0.1846959 0.1831623 0.1844472 0.1836735 0.1865182 0.1865605 0.1955577 0.1849575 0.1817371 0.1852908 0.1975338 0.2143562 0.1980897 0.1956516 0.1940265 0.1980503 0.2076226 0.1956823 0.1987707 0.2037075 0.2059007 0.1822409 0.1884539 0.1973902 0.1980723 0.1941177 0.1979760 0.1987260 0.2011360 0.2057122 0.2060634 0.2028409 0.2067589 0.2067891 0.1954364 
pop1.indv10 0.0143634 0.0144988 0.0166498 0.0148652 0.0145621 0.0121087 0.0130582 0.0143258 0.0126017 0.0000000 0.0137787 0.0129688 0.0144778 0.0129362 0.0121038 0.0186797 0.0133604 0.0093588 0.0110369 0.0157716 0.0140573 0.0133142 0.0133219 0.0130867 0.0131105 0.1777592 0.1850702 0.1773353 0.1759406 0.1847072 0.1834131 0.1807090 0.1742799 0.1753125 0.1782496 0.1763857 0.1796269 0.1895006 0.1903646 0.1754738 0.1784300 0.1728742 0.1765053 0.1682508 0.1705606 0.1799644 0.1860185 0.1714642 0.1739371 0.1748015 0.1810569 0.1925110 0.1841003 0.1883735 0.1839276 0.1887114 0.1997439 0.1899915 0.1840198 0.1851583 0.1941500 0.1829859 0.1828114 0.1885054 0.1901145 0.1849715 0.1886699 0.1820436 0.1944580 0.1958698 0.1914054 0.1817709 0.1915176 0.1951019 0.1862693 
pop1.indv11 0.0167005 0.0137887 0.0143841 0.0160771 0.0122704 0.0134662 0.0148856 0.0137837 0.0125385 0.0137787 0.0000000 0.0160244 0.0154825 0.0110570 0.0139610 0.0156061 0.0116756 0.0136353 0.0131681 0.0143841 0.0132646 0.0132602 0.0124715 0.0154769 0.0134478 0.1782496 0.1704479 0.1648344 0.1668945 0.1794482 0.1770381 0.1656284 0.1687535 0.1655846 0.1792908 0.1624405 0.1642900 0.1820436 0.1773551 0.1636899 0.1680128 0.1664869 0.1675467 0.1649427 0.1673148 0.1731928 0.1715926 0.1709751 0.1675182 0.1795833 0.1833269 0.1884415 0.1706119 0.1843626 0.1848712 0.1876854 0.1925797 0.1791568 0.1861553 0.1888741 0.1935820 0.1752319 0.1840154 0.1848744 0.1876903 0.1822923 0.1875455 0.1836706 0.1875860 0.1953421 0.1899181 0.1832434 0.1888741 0.1925559 0.1849506 
pop1.indv12 0.0178715 0.0173675 0.0134478 0.0138188 0.0147252 0.0141150 0.0141593 0.0156916 0.0115527 0.0129688 0.0160244 0.0000000 0.0121130 0.0103658 0.0132310 0.0178685 0.0103179 0.0133027 0.0143522 0.0132030 0.0154881 0.0127533 0.0157097 0.0119245 0.0152625 0.1882341 0.1867978 0.1786595 0.1852379 0.1988100 0.1977823 0.1885813 0.1839311 0.1807374 0.1906570 0.1778727 0.1832425 0.1937656 0.1938312 0.1868737 0.1823780 0.1816297 0.1899506 0.1737287 0.1824522 0.1852994 0.1924426 0.1862830 0.1816395 0.1879751 0.1980478 0.1979929 0.1838407 0.1898022 0.1961121 0.1920970 0.1914257 0.2023993 0.1930094 0.1942709 0.1980723 0.1841834 0.1842742 0.1946316 0.1878761 0.1943737 0.1937532 0.1896492 0.1960573 0.2081197 0.1959956 0.1896369 0.1912026 0.2027816 0.1939229 
pop1.indv13 0.0166768 0.0110373 0.0125475 0.0161272 0.0124626 0.0112550 0.0130063 0.0143069 0.0156817 0.0144778 0.0154825 0.0121130 0.0000000 0.0162211 0.0129735 0.0144988 0.0126143 0.0099462 0.0131201 0.0145115 0.0117129 0.0133267 0.0145682 0.0114085 0.0176115 0.1903162 0.1940684 0.1843491 0.1799263 0.1902217 0.1894995 0.1819988 0.1888606 0.1863533 0.1903712 0.1865332 0.1780147 0.1946671 0.1958999 0.1804903 0.1869234 0.1822274 0.1882636 0.1757015 0.1848712 0.1928278 0.1941716 0.1898859 0.1832501 0.1914169 0.1961222 0.1997501 0.1821468 0.1905664 0.1934149 0.1859009 0.1949327 0.1955906 0.1909259 0.1930577 0.1955286 0.1816443 0.1858198 0.1914865 0.1902100 0.1785644 0.1966272 0.1904086 0.1966079 0.2018218 0.1923529 0.1978819 0.1940029 0.1984076 0.1879310 
pop1.indv14 0.0099075 0.0161215 0.0149955 0.0126564 0.0147305 0.0136061 0.0121868 0.0139467 0.0087731 0.0129362 0.0110570 0.0103658 0.0162211 0.0000000 0.0140017 0.0177971 0.0101482 0.0120529 0.0127070 0.0149262 0.0141901 0.0096787 0.0138970 0.0111164 0.0129408 0.1814456 0.1915859 0.1811202 0.1827344 0.1863642 0.1935211 0.1804081 0.1839267 0.1804237 0.1840143 0.1799171 0.1772656 0.1917378 0.1888741 0.1768455 0.1776880 0.1772812 0.1797597 0.1784747 0.1758592 0.1825727 0.1898125 0.1836711 0.1785819 0.1836704 0.1941226 0.1917657 0.1867413 0.1882636 0.1955591 0.1936879 0.1950645 0.1888821 0.1895295 0.1954349 0.1987482 0.1810554 0.1853950 0.1907111 0.1883802 0.1847044 0.1913563 0.1903201 0.1970396 0.1946671 0.1988426 0.1927139 0.1901541 0.2000774 0.1810491 
pop1.indv15 0.0123237 0.0139610 0.0112292 0.0151440 0.0138743 0.0147146 0.0169068 0.0146528 0.0133942 0.0121038 0.0139610 0.0132310 0.0129735 0.0140017 0.0000000 0.0144158 0.0147305 0.0133171 0.0110817 0.0141183 0.0116325 0.0121127 0.0108375 0.0180661 0.0109563 0.1855999 0.1928138 0.1801683 0.1883525 0.1915497 0.1910013 0.1839285 0.1841925 0.1839259 0.1868143 0.1762838 0.1821100 0.1953703 0.1916515 0.1739850 0.1835857 0.1818782 0.1859487 0.1758152 0.1793425 0.1810762 0.1904559 0.1842831 0.1819505 0.1854918 0.1772066 0.1920052 0.1722364 0.1838521 0.1807427 0.1872170 0.1875377 0.1857492 0.1805502 0.1841123 0.1849751 0.1692120 0.1804327 0.1761927 0.1796469 0.1759310 0.1836726 0.1780275 0.1868649 0.1870811 0.1847246 0.1846257 0.1870275 0.1892919 0.1814238 
pop1.indv16 0.0169352 0.0172017 0.0174116 0.0183570 0.0150054 0.0168623 0.0149780 0.0183167 0.0135612 0.0186797 0.0156061 0.0178685 0.0144988 0.0177971 0.0144158 0.0000000 0.0122350 0.0148263 0.0167392 0.0170334 0.0149072 0.0180064 0.0203734 0.0127952 0.0139303 0.1906752 0.1986413 0.1887717 0.1898022 0.1990505 0.1987315 0.1921297 0.1972609 0.1895144 0.1958382 0.1870992 0.1822172 0.2024977 0.1948273 0.1795205 0.1946815 0.1904582 0.1902950 0.1900427 0.1835857 0.1928345 0.1974029 0.1900575 0.1907646 0.1923729 0.1915681 0.2032340 0.1921889 0.1900334 0.1890048 0.2020098 0.2009755 0.1993704 0.1951533 0.2019067 0.2017177 0.1889360 0.1926731 0.1917586 0.2019142 0.1970250 0.1970151 0.1942362 0.2023028 0.2061576 0.2016173 0.2030845 0.2032856 0.2063585 0.1941881 
pop1.indv17 0.0134472 0.0131374 0.0117129 0.0160011 0.0123439 0.0115529 0.0135866 0.0117170 0.0109786 0.0133604 0.0116756 0.0103179 0.0126143 0.0101482 0.0147305 0.0122350 0.0000000 0.0130035 0.0130440 0.0155817 0.0127710 0.0140776 0.0109864 0.0142103 0.0144100 0.1901145 0.1932826 0.1849371 0.1918557 0.1926262 0.1906743 0.1783389 0.1915456 0.1841658 0.1898859 0.1882281 0.1826613 0.1977880 0.1914865 0.1848365 0.1861488 0.1866945 0.1893517 0.1788121 0.1812101 0.1878653 0.1946389 0.1875255 0.1873131 0.1962005 0.1940798 0.1940265 0.1818203 0.1883647 0.1909224 0.1951273 0.2023993 0.1969124 0.1904086 0.1963894 0.1993036 0.1798348 0.1892630 0.1909634 0.1930468 0.1860622 0.1913476 0.1929995 0.1978453 0.1967447 0.1958056 0.1950351 0.1927839 0.1998604 0.1910812 
pop1.indv18 0.0128028 0.0140623 0.0142813 0.0119116 0.0118517 0.0130356 0.0121868 0.0140370 0.0110727 0.0093588 0.0136353 0.0133027 0.0099462 0.0120529 0.0133171 0.0148263 0.0130035 0.0000000 0.0112089 0.0131467 0.0107290 0.0082835 0.0127574 0.0143274 0.0148694 0.1826378 0.1857328 0.1801107 0.1809260 0.1828936 0.1835857 0.1786509 0.1810041 0.1737637 0.1810300 0.1782224 0.1767279 0.1846205 0.1878072 0.1660241 0.1768405 0.1719271 0.1795530 0.1706691 0.1730608 0.1792180 0.1804965 0.1742350 0.1804003 0.1828211 0.1895904 0.1985244 0.1770707 0.1821997 0.1877777 0.1881865 0.1917228 0.1888206 0.1804517 0.1811016 0.1897545 0.1702054 0.1847941 0.1875827 0.1873506 0.1795530 0.1880632 0.1870106 0.1906029 0.1907093 0.1934240 0.1924426 0.1916389 0.1897188 0.1896460 
pop1.indv19 0.0164095 0.0117824 0.0146689 0.0129755 0.0148211 0.0154992 0.0154934 0.0151217 0.0105238 0.0110369 0.0131681 0.0143522 0.0131201 0.0127070 0.0110817 0.0167392 0.0130440 0.0112089 0.0000000 0.0148910 0.0108414 0.0118041 0.0152848 0.0134870 0.0136815 0.1904356 0.1961623 0.1843747 0.1816559 0.1983172 0.1913743 0.1846152 0.1904356 0.1893065 0.1931623 0.1863467 0.1808989 0.1938710 0.1934945 0.1828971 0.1884017 0.1873890 0.1861459 0.1811605 0.1865868 0.1886981 0.1962250 0.1881917 0.1886958 0.1878861 0.1973453 0.2073536 0.1875275 0.1915497 0.1977090 0.1946380 0.1939662 0.1909106 0.1968280 0.1954925 0.1945803 0.1884017 0.1953991 0.1957455 0.1966558 0.1878514 0.1915176 0.1958395 0.2040498 0.2032429 0.2024995 0.1961586 0.1959054 0.2042945 0.1952133 
pop1.indv20 0.0167481 0.0129595 0.0141952 0.0152238 0.0143686 0.0147221 0.0114330 0.0154714 0.0169047 0.0157716 0.0143841 0.0132030 0.0145115 0.0149262 0.0141183 0.0170334 0.0155817 0.0131467 0.0148910 0.0000000 0.0153225 0.0166800 0.0170832 0.0169780 0.0166981 0.1806654 0.1928989 0.1813942 0.1727443 0.1887454 0.1852007 0.1784451 0.1786718 0.1832526 0.1842622 0.1746393 0.1747358 0.1935714 0.1949430 0.1737637 0.1852088 0.1794787 0.1824806 0.1730896 0.1739611 0.1858029 0.1910487 0.1789311 0.1836694 0.1790476 0.1958683 0.2027816 0.1809787 0.1907477 0.1900070 0.1917586 0.1927839 0.1905496 0.1857220 0.1976003 0.1987587 0.1784198 0.1890110 0.1863223 0.1904257 0.1827323 0.1814669 0.1866393 0.1978453 0.1964820 0.1938966 0.1847910 0.1966413 0.1965877 0.1827449 
pop1.indv21 0.0124096 0.0137737 0.0121606 0.0153687 0.0099675 0.0122919 0.0137339 0.0121955 0.0110609 0.0140573 0.0132646 0.0154881 0.0117129 0.0141901 0.0116325 0.0149072 0.0127710 0.0107290 0.0108414 0.0153225 0.0000000 0.0127254 0.0130172 0.0146410 0.0107637 0.1777644 0.1902388 0.1710530 0.1734617 0.1841082 0.1850439 0.1727709 0.1788842 0.1719918 0.1791568 0.1718018 0.1670888 0.1887454 0.1764944 0.1703907 0.1753108 0.1660127 0.1721570 0.1723297 0.1791456 0.1704415 0.1846152 0.1718901 0.1736606 0.1871852 0.1791344 0.1843510 0.1711289 0.1727932 0.1740324 0.1753931 0.1808276 0.1729276 0.1812041 0.1730870 0.1782738 0.1747140 0.1730073 0.1747061 0.1756945 0.1706119 0.1768431 0.1742376 0.1835857 0.1865982 0.1785769 0.1800757 0.1875555 0.1865383 0.1784504 
pop1.indv22 0.0133315 0.0132261 0.0126108 0.0132261 0.0139201 0.0125206 0.0120244 0.0124501 0.0115778 0.0133142 0.0132602 0.0127533 0.0133267 0.0096787 0.0121127 0.0180064 0.0140776 0.0082835 0.0118041 0.0166800 0.0127254 0.0000000 0.0150054 0.0123866 0.0113744 0.1764508 0.1833222 0.1786348 0.1719757 0.1862218 0.1765232 0.1714757 0.1776215 0.1745228 0.1787277 0.1784616 0.1715819 0.1793640 0.1742909 0.1631961 0.1753509 0.1624052 0.1736396 0.1658868 0.1721381 0.1722252 0.1788121 0.1716821 0.1708334 0.1794482 0.1904917 0.1938710 0.1760087 0.1886337 0.1909106 0.1920004 0.1855947 0.1795001 0.1863110 0.1838486 0.1915476 0.1794169 0.1843706 0.1853302 0.1849786 0.1785461 0.1788364 0.1820397 0.1885687 0.1914563 0.1886586 0.1841069 0.1800619 0.1935058 0.1807282 
pop1.indv23 0.0160068 0.0162848 0.0138821 0.0166860 0.0088570 0.0154341 0.0126245 0.0149688 0.0142711 0.0133219 0.0124715 0.0157097 0.0145682 0.0138970 0.0108375 0.0203734 0.0109864 0.0127574 0.0152848 0.0170832 0.0130172 0.0150054 0.0000000 0.0152018 0.0140320 0.1781104 0.1837604 0.1799805 0.1749045 0.1801597 0.1873602 0.1813277 0.1811981 0.1740935 0.1826426 0.1747348 0.1775616 0.1868611 0.1809909 0.1653449 0.1752712 0.1702732 0.1744423 0.1767372 0.1688599 0.1772182 0.1819669 0.1780553 0.1727443 0.1858835 0.1860248 0.1924881 0.1784119 0.1817755 0.1885941 0.1936738 0.1909634 0.1865257 0.1904231 0.1865332 0.1921480 0.1822274 0.1791005 0.1890387 0.1844385 0.1896058 0.1866936 0.1883163 0.1937519 0.1942091 0.1918074 0.1937532 0.1893506 0.1947023 0.1840101 
pop1.indv24 0.0146988 0.0122043 0.0147358 0.0163797 0.0125565 0.0177698 0.0121999 0.0163262 0.0125340 0.0130867 0.0154769 0.0119245 0.0114085 0.0111164 0.0180661 0.0127952 0.0142103 0.0143274 0.0134870 0.0169780 0.0146410 0.0123866 0.0152018 0.0000000 0.0141081 0.1733814 0.1744315 0.1617976 0.1695940 0.1781523 0.1685510 0.1658643 0.1660453 0.1652562 0.1732725 0.1707696 0.1636683 0.1809592 0.1717721 0.1598234 0.1597919 0.1621843 0.1665039 0.1613846 0.1603001 0.1643575 0.1725271 0.1670888 0.1683561 0.1720129 0.1777592 0.1861815 0.1806946 0.1821024 0.1878761 0.1839302 0.1851423 0.1823931 0.1805120 0.1816049 0.1858029 0.1787902 0.1808346 0.1818652 0.1872127 0.1806801 0.1819628 0.1754337 0.1833262 0.1904406 0.1844407 0.1878312 0.1823780 0.1923984 0.1828211 
pop1.indv25 0.0135769 0.0128375 0.0131153 0.0146905 0.0123461 0.0135285 0.0155835 0.0131584 0.0123731 0.0131105 0.0134478 0.0152625 0.0176115 0.0129408 0.0109563 0.0139303 0.0144100 0.0148694 0.0136815 0.0166981 0.0107637 0.0113744 0.0140320 0.0141081 0.0000000 0.1867418 0.1891378 0.1825521 0.1815999 0.1875377 0.1873390 0.1815405 0.1824522 0.1709743 0.1840232 0.1787999 0.1814402 0.1958395 0.1860437 0.1722193 0.1849680 0.1736475 0.1841096 0.1775672 0.1756591 0.1820319 0.1819505 0.1828055 0.1757164 0.1846126 0.1967932 0.1991774 0.1891885 0.1935363 0.1923966 0.2044672 0.1974158 0.1982774 0.1990965 0.1934332 0.2018173 0.1872035 0.1917304 0.1871702 0.1960544 0.1963723 0.1970844 0.1841003 0.1974976 0.2015771 0.1976145 0.1953399 0.1928586 0.2003224 0.1952466 
pop2.indv1  0.1938312 0.1807062 0.1797404 0.1871981 0.1810438 0.1846876 0.1804569 0.1827995 0.1822067 0.1777592 0.1782496 0.1882341 0.1903162 0.1814456 0.1855999 0.1906752 0.1901145 0.1826378 0.1904356 0.1806654 0.1777644 0.1764508 0.1781104 0.1733814 0.1867418 0.0000000 0.0120640 0.0117504 0.0096822 0.0131681 0.0134088 0.0153116 0.0116834 0.0116756 0.0107637 0.0128234 0.0127859 0.0119116 0.0112373 0.0110216 0.0108414 0.0122306 0.0123686 0.0096650 0.0126885 0.0114412 0.0146851 0.0101371 0.0114822 0.0140421 0.1865868 0.1940179 0.1834139 0.1837613 0.1774490 0.1741982 0.1883363 0.1776288 0.1873487 0.1803031 0.1842760 0.1770216 0.1737658 0.1845435 0.1770216 0.1771700 0.1800489 0.1767411 0.1782631 0.1877215 0.1824608 0.1849822 0.1902165 0.1927371 0.1733557 
pop2.indv2  0.1981643 0.1883893 0.1810171 0.1930198 0.1879646 0.1912274 0.1919351 0.1838473 0.1926248 0.1850702 0.1704479 0.1867978 0.1940684 0.1915859 0.1928138 0.1986413 0.1932826 0.1857328 0.1961623 0.1928989 0.1902388 0.1833222 0.1837604 0.1744315 0.1891378 0.0120640 0.0000000 0.0137290 0.0134919 0.0116622 0.0130914 0.0140370 0.0153462 0.0128622 0.0109403 0.0110654 0.0146797 0.0112700 0.0139970 0.0114004 0.0142525 0.0137937 0.0102822 0.0130724 0.0113245 0.0153799 0.0168264 0.0152681 0.0166197 0.0148210 0.1969593 0.2080375 0.1823841 0.1944580 0.1883525 0.1878750 0.1919567 0.1859245 0.1979557 0.1873390 0.1971898 0.1924655 0.1828134 0.2019619 0.1905485 0.1943737 0.1924881 0.1905307 0.1931556 0.2051814 0.1892171 0.1931556 0.1988807 0.1971567 0.1894258 
pop2.indv3  0.1857863 0.1819546 0.1722646 0.1792690 0.1774643 0.1862026 0.1806110 0.1835002 0.1874478 0.1773353 0.1648344 0.1786595 0.1843491 0.1811202 0.1801683 0.1887717 0.1849371 0.1801107 0.1843747 0.1813942 0.1710530 0.1786348 0.1799805 0.1617976 0.1825521 0.0117504 0.0137290 0.0000000 0.0118347 0.0129922 0.0100174 0.0118636 0.0122087 0.0105073 0.0114371 0.0093019 0.0110451 0.0107060 0.0141235 0.0112313 0.0107099 0.0111284 0.0114493 0.0141903 0.0128393 0.0095893 0.0162789 0.0085376 0.0131188 0.0127664 0.1936335 0.1928750 0.1800365 0.1893065 0.1817139 0.1777791 0.1936738 0.1765538 0.1846101 0.1859127 0.1950687 0.1824166 0.1786962 0.1895880 0.1830765 0.1881748 0.1828230 0.1808690 0.1906748 0.1987971 0.1840111 0.1925108 0.1946600 0.2001292 0.1802023 
pop2.indv4  0.1878545 0.1739934 0.1741212 0.1842795 0.1812530 0.1805055 0.1809592 0.1817755 0.1906748 0.1759406 0.1668945 0.1852379 0.1799263 0.1827344 0.1883525 0.1898022 0.1918557 0.1809260 0.1816559 0.1727443 0.1734617 0.1719757 0.1749045 0.1695940 0.1815999 0.0096822 0.0134919 0.0118347 0.0000000 0.0123103 0.0120828 0.0095655 0.0115028 0.0101447 0.0085315 0.0090494 0.0089973 0.0092853 0.0100969 0.0095453 0.0108258 0.0084952 0.0111484 0.0114205 0.0086049 0.0132456 0.0119461 0.0107482 0.0145063 0.0095520 0.1826281 0.1941337 0.1773470 0.1937519 0.1776065 0.1853168 0.1885687 0.1805274 0.1875928 0.1847072 0.1852951 0.1809657 0.1770219 0.1932090 0.1834157 0.1869488 0.1842742 0.1775767 0.1822102 0.1924426 0.1855793 0.1877532 0.1949966 0.2016852 0.1802522 
pop2.indv5  0.2009880 0.1929029 0.1867175 0.1960306 0.1866685 0.1946671 0.1911115 0.1906936 0.1925341 0.1847072 0.1794482 0.1988100 0.1902217 0.1863642 0.1915497 0.1990505 0.1926262 0.1828936 0.1983172 0.1887454 0.1841082 0.1862218 0.1801597 0.1781523 0.1875377 0.0131681 0.0116622 0.0129922 0.0123103 0.0000000 0.0146314 0.0164650 0.0142058 0.0113599 0.0111324 0.0128328 0.0157030 0.0138490 0.0120640 0.0128991 0.0115987 0.0137190 0.0127859 0.0133835 0.0112008 0.0152625 0.0164756 0.0128563 0.0147570 0.0126656 0.2019537 0.2031316 0.1873697 0.2000358 0.1918495 0.1901145 0.1966219 0.1840154 0.1970844 0.1950559 0.2015160 0.1954960 0.1923292 0.2005138 0.1915567 0.1978612 0.1900812 0.1903679 0.1942809 0.2020126 0.1971193 0.2010791 0.2015122 0.2044168 0.1949671 
pop2.indv6  0.1921975 0.1863501 0.1800933 0.1921446 0.1847044 0.1840876 0.1833275 0.1886586 0.1905320 0.1834131 0.1770381 0.1977823 0.1894995 0.1935211 0.1910013 0.1987315 0.1906743 0.1835857 0.1913743 0.1852007 0.1850439 0.1765232 0.1873602 0.1685510 0.1873390 0.0134088 0.0130914 0.0100174 0.0120828 0.0146314 0.0000000 0.0162901 0.0115402 0.0109053 0.0125836 0.0127023 0.0124982 0.0115236 0.0119073 0.0123265 0.0101078 0.0124582 0.0118602 0.0116664 0.0111444 0.0100174 0.0155779 0.0114740 0.0158113 0.0110965 0.1879646 0.1861881 0.1777936 0.1881983 0.1784816 0.1782205 0.1892315 0.1752732 0.1845243 0.1896612 0.1835002 0.1770381 0.1757360 0.1869488 0.1785197 0.1874773 0.1787301 0.1816395 0.1853037 0.1906389 0.1831558 0.1887485 0.1859426 0.1935361 0.1846959 
pop2.indv7  0.1830877 0.1735818 0.1795705 0.1801107 0.1753931 0.1813606 0.1818994 0.1790476 0.1894837 0.1807090 0.1656284 0.1885813 0.1819988 0.1804081 0.1839285 0.1921297 0.1783389 0.1786509 0.1846152 0.1784451 0.1727709 0.1714757 0.1813277 0.1658643 0.1815405 0.0153116 0.0140370 0.0118636 0.0095655 0.0164650 0.0162901 0.0000000 0.0139367 0.0173565 0.0141801 0.0132741 0.0115935 0.0144858 0.0131889 0.0161414 0.0170407 0.0141952 0.0120786 0.0138289 0.0188731 0.0155872 0.0164004 0.0147305 0.0176756 0.0169744 0.1983151 0.1963245 0.1798984 0.1934807 0.1867177 0.1826567 0.1929855 0.1835027 0.1939737 0.1907631 0.1949481 0.1871315 0.1824108 0.1940117 0.1852655 0.1888821 0.1857863 0.1829993 0.1891183 0.2029214 0.1935611 0.1940117 0.1962044 0.2010416 0.1868737 
pop2.indv8  0.1918557 0.1768891 0.1764765 0.1833242 0.1725487 0.1884194 0.1882636 0.1797762 0.1823021 0.1742799 0.1687535 0.1839311 0.1888606 0.1839267 0.1841925 0.1972609 0.1915456 0.1810041 0.1904356 0.1786718 0.1788842 0.1776215 0.1811981 0.1660453 0.1824522 0.0116834 0.0153462 0.0122087 0.0115028 0.0142058 0.0115402 0.0139367 0.0000000 0.0130632 0.0104292 0.0120508 0.0082067 0.0107908 0.0141799 0.0109206 0.0123776 0.0114452 0.0086639 0.0130481 0.0104896 0.0107908 0.0130157 0.0109204 0.0114085 0.0106832 0.1918368 0.1958409 0.1789559 0.1938312 0.1883924 0.1897863 0.1891995 0.1781785 0.1870455 0.1924421 0.1945597 0.1866059 0.1801683 0.1941177 0.1877532 0.1826378 0.1821175 0.1848002 0.1890526 0.1999294 0.1844516 0.1822956 0.1954937 0.2017312 0.1832442 
pop2.indv9  0.1891365 0.1803018 0.1703464 0.1794685 0.1759547 0.1838345 0.1758933 0.1733205 0.1879419 0.1753125 0.1655846 0.1807374 0.1863533 0.1804237 0.1839259 0.1895144 0.1841658 0.1737637 0.1893065 0.1832526 0.1719918 0.1745228 0.1740935 0.1652562 0.1709743 0.0116756 0.0128622 0.0105073 0.0101447 0.0113599 0.0109053 0.0173565 0.0130632 0.0000000 0.0098103 0.0113157 0.0137161 0.0105479 0.0092293 0.0140063 0.0138821 0.0115368 0.0108747 0.0108689 0.0105405 0.0136585 0.0172884 0.0117087 0.0115006 0.0139282 0.1848679 0.1925996 0.1726700 0.1838414 0.1796717 0.1835857 0.1802854 0.1757687 0.1848426 0.1798616 0.1818115 0.1824166 0.1731613 0.1884073 0.1760053 0.1869680 0.1828305 0.1805800 0.1843491 0.1881472 0.1839242 0.1868281 0.1895880 0.1949957 0.1801704 
pop2.indv10 0.1918139 0.1859186 0.1887849 0.1900742 0.1807993 0.1909224 0.1871337 0.1896338 0.1920359 0.1782496 0.1792908 0.1906570 0.1903712 0.1840143 0.1868143 0.1958382 0.1898859 0.1810300 0.1931623 0.1842622 0.1791568 0.1787277 0.1826426 0.1732725 0.1840232 0.0107637 0.0109403 0.0114371 0.0085315 0.0111324 0.0125836 0.0141801 0.0104292 0.0098103 0.0000000 0.0126747 0.0126108 0.0122087 0.0119895 0.0109592 0.0112008 0.0121519 0.0114740 0.0106358 0.0126747 0.0143018 0.0111685 0.0108063 0.0119680 0.0113720 0.1893655 0.1976508 0.1783815 0.1889424 0.1870193 0.1831525 0.1931064 0.1816395 0.1926465 0.1876645 0.1853950 0.1855394 0.1806184 0.2010906 0.1875156 0.1925110 0.1791456 0.1824750 0.1823749 0.1931670 0.1875555 0.1964001 0.1991774 0.2051149 0.1874674 
pop2.indv11 0.1920359 0.1747870 0.1726596 0.1798226 0.1794058 0.1789195 0.1773353 0.1826378 0.1862625 0.1763857 0.1624405 0.1778727 0.1865332 0.1799171 0.1762838 0.1870992 0.1882281 0.1782224 0.1863467 0.1746393 0.1718018 0.1784616 0.1747348 0.1707696 0.1787999 0.0128234 0.0110654 0.0093019 0.0090494 0.0128328 0.0127023 0.0132741 0.0120508 0.0113157 0.0126747 0.0000000 0.0127023 0.0112915 0.0124775 0.0103621 0.0120026 0.0104972 0.0086514 0.0099976 0.0098052 0.0133845 0.0134821 0.0100714 0.0121868 0.0125610 0.1885427 0.1915681 0.1704545 0.1875173 0.1823841 0.1841956 0.1858718 0.1765122 0.1837587 0.1809843 0.1821962 0.1793444 0.1768235 0.1837578 0.1772876 0.1877747 0.1734107 0.1810171 0.1835857 0.1973196 0.1802268 0.1851583 0.1894258 0.1957435 0.1769551 
pop2.indv12 0.1870455 0.1737278 0.1711314 0.1778473 0.1745001 0.1740238 0.1858254 0.1760409 0.1878204 0.1796269 0.1642900 0.1832425 0.1780147 0.1772656 0.1821100 0.1822172 0.1826613 0.1767279 0.1808989 0.1747358 0.1670888 0.1715819 0.1775616 0.1636683 0.1814402 0.0127859 0.0146797 0.0110451 0.0089973 0.0157030 0.0124982 0.0115935 0.0082067 0.0137161 0.0126108 0.0127023 0.0000000 0.0093253 0.0119721 0.0117087 0.0075092 0.0134949 0.0101261 0.0117048 0.0111045 0.0107637 0.0161911 0.0133219 0.0142915 0.0156315 0.1837578 0.1879974 0.1685881 0.1846257 0.1780966 0.1761851 0.1815040 0.1731631 0.1840122 0.1814456 0.1812590 0.1762324 0.1737215 0.1839276 0.1778369 0.1821359 0.1720843 0.1806331 0.1802438 0.1888821 0.1846987 0.1798986 0.1814456 0.1901108 0.1747501 
pop2.indv13 0.1994783 0.1872406 0.1807713 0.2000251 0.1894258 0.1971015 0.1872035 0.1864306 0.1940531 0.1895006 0.1820436 0.1937656 0.1946671 0.1917378 0.1953703 0.2024977 0.1977880 0.1846205 0.1938710 0.1935714 0.1887454 0.1793640 0.1868611 0.1809592 0.1958395 0.0119116 0.0112700 0.0107060 0.0092853 0.0138490 0.0115236 0.0144858 0.0107908 0.0105479 0.0122087 0.0112915 0.0093253 0.0000000 0.0143892 0.0130264 0.0092986 0.0096614 0.0104217 0.0129515 0.0089298 0.0117462 0.0163499 0.0121737 0.0124052 0.0113478 0.1957136 0.1940029 0.1759547 0.1897703 0.1800365 0.1813326 0.1857383 0.1847759 0.1893227 0.1864306 0.1869318 0.1800933 0.1739130 0.1918074 0.1818994 0.1826450 0.1795632 0.1856460 0.1841029 0.1946461 0.1856564 0.1899915 0.1911636 0.1995320 0.1839242 
pop2.indv14 0.1985981 0.1851705 0.1835857 0.1936710 0.1869117 0.1892061 0.1929710 0.1813269 0.1921698 0.1903646 0.1773551 0.1938312 0.1958999 0.1888741 0.1916515 0.1948273 0.1914865 0.1878072 0.1934945 0.1949430 0.1764944 0.1742909 0.1809909 0.1717721 0.1860437 0.0112373 0.0139970 0.0141235 0.0100969 0.0120640 0.0119073 0.0131889 0.0141799 0.0092293 0.0119895 0.0124775 0.0119721 0.0143892 0.0000000 0.0109942 0.0133942 0.0093353 0.0137488 0.0110695 0.0135067 0.0122350 0.0153406 0.0097804 0.0155553 0.0104480 0.1885170 0.1921698 0.1767925 0.1884141 0.1828936 0.1801924 0.1884392 0.1735168 0.1876645 0.1815898 0.1874281 0.1823841 0.1791959 0.1781106 0.1812590 0.1933573 0.1809125 0.1758204 0.1833242 0.1951197 0.1813441 0.1886717 0.1905843 0.1914264 0.1829859 
pop2.indv15 0.1879633 0.1766514 0.1685796 0.1739694 0.1703385 0.1759449 0.1778125 0.1752138 0.1753940 0.1754738 0.1636899 0.1868737 0.1804903 0.1768455 0.1739850 0.1795205 0.1848365 0.1660241 0.1828971 0.1737637 0.1703907 0.1631961 0.1653449 0.1598234 0.1722193 0.0110216 0.0114004 0.0112313 0.0095453 0.0128991 0.0123265 0.0161414 0.0109206 0.0140063 0.0109592 0.0103621 0.0117087 0.0130264 0.0109942 0.0000000 0.0105814 0.0141200 0.0142305 0.0111967 0.0141350 0.0077408 0.0142762 0.0106264 0.0129263 0.0115327 0.1884168 0.1878545 0.1706833 0.1796765 0.1793359 0.1776816 0.1909781 0.1749796 0.1846849 0.1804750 0.1837544 0.1724311 0.1683528 0.1814775 0.1769904 0.1807162 0.1733707 0.1792651 0.1840080 0.1915347 0.1790699 0.1784631 0.1915657 0.1861515 0.1811745 
pop2.indv16 0.1855493 0.1804887 0.1738888 0.1859426 0.1772685 0.1822508 0.1871427 0.1880746 0.1846959 0.1784300 0.1680128 0.1823780 0.1869234 0.1776880 0.1835857 0.1946815 0.1861488 0.1768405 0.1884017 0.1852088 0.1753108 0.1753509 0.1752712 0.1597919 0.1849680 0.0108414 0.0142525 0.0107099 0.0108258 0.0115987 0.0101078 0.0170407 0.0123776 0.0138821 0.0112008 0.0120026 0.0075092 0.0092986 0.0133942 0.0105814 0.0000000 0.0122218 0.0115987 0.0113786 0.0093791 0.0114987 0.0159604 0.0126793 0.0127619 0.0136256 0.1849786 0.1926248 0.1753534 0.1825335 0.1801020 0.1800126 0.1874972 0.1741914 0.1895158 0.1885559 0.1833269 0.1752919 0.1777405 0.1898444 0.1796469 0.1814238 0.1788961 0.1799917 0.1776215 0.1981643 0.1825548 0.1895904 0.1845435 0.1858029 0.1795001 
pop2.indv17 0.1919510 0.1785644 0.1717702 0.1859127 0.1781242 0.1845948 0.1757164 0.1820436 0.1831623 0.1728742 0.1664869 0.1816297 0.1822274 0.1772812 0.1818782 0.1904582 0.1866945 0.1719271 0.1873890 0.1794787 0.1660127 0.1624052 0.1702732 0.1621843 0.1736475 0.0122306 0.0137937 0.0111284 0.0084952 0.0137190 0.0124582 0.0141952 0.0114452 0.0115368 0.0121519 0.0104972 0.0134949 0.0096614 0.0093353 0.0141200 0.0122218 0.0000000 0.0088885 0.0131632 0.0111244 0.0151524 0.0140370 0.0128485 0.0166060 0.0124272 0.1953096 0.1967604 0.1784504 0.1888876 0.1850403 0.1879751 0.1936077 0.1766514 0.1976437 0.1871671 0.1861296 0.1854351 0.1809592 0.1930094 0.1842589 0.1929855 0.1878545 0.1869764 0.1927839 0.1968785 0.1888821 0.1981463 0.2000358 0.2006209 0.1891322 
pop2.indv18 0.1893517 0.1806430 0.1809193 0.1793207 0.1751055 0.1813996 0.1841056 0.1801510 0.1844472 0.1765053 0.1675467 0.1899506 0.1882636 0.1797597 0.1859487 0.1902950 0.1893517 0.1795530 0.1861459 0.1824806 0.1721570 0.1736396 0.1744423 0.1665039 0.1841096 0.0123686 0.0102822 0.0114493 0.0111484 0.0127859 0.0118602 0.0120786 0.0086639 0.0108747 0.0114740 0.0086514 0.0101261 0.0104217 0.0137488 0.0142305 0.0115987 0.0088885 0.0000000 0.0113452 0.0096648 0.0150600 0.0136549 0.0130110 0.0153718 0.0103474 0.1935777 0.1944386 0.1818782 0.1879084 0.1898382 0.1818521 0.1867175 0.1756355 0.1915567 0.1936188 0.1874872 0.1821359 0.1826378 0.1907830 0.1794377 0.1908546 0.1802438 0.1755144 0.1887982 0.1899020 0.1913055 0.1870721 0.1928789 0.1956823 0.1857328 
pop2.indv19 0.1787999 0.1764798 0.1714405 0.1772230 0.1761046 0.1748985 0.1747042 0.1729276 0.1836735 0.1682508 0.1649427 0.1737287 0.1757015 0.1784747 0.1758152 0.1900427 0.1788121 0.1706691 0.1811605 0.1730896 0.1723297 0.1658868 0.1767372 0.1613846 0.1775672 0.0096650 0.0130724 0.0141903 0.0114205 0.0133835 0.0116664 0.0138289 0.0130481 0.0108689 0.0106358 0.0099976 0.0117048 0.0129515 0.0110695 0.0111967 0.0113786 0.0131632 0.0113452 0.0000000 0.0159064 0.0088264 0.0126305 0.0132456 0.0137091 0.0105353 0.1908657 0.1961917 0.1777592 0.1949769 0.1890755 0.1860759 0.1970557 0.1829736 0.1949621 0.1879310 0.1928867 0.1872594 0.1862563 0.1907866 0.1844605 0.1890898 0.1839364 0.1808781 0.1957800 0.1919296 0.1916938 0.1890412 0.1944402 0.2039103 0.1881091 
pop2.indv20 0.1857220 0.1745486 0.1689786 0.1812411 0.1756591 0.1802274 0.1743502 0.1754534 0.1865182 0.1705606 0.1673148 0.1824522 0.1848712 0.1758592 0.1793425 0.1835857 0.1812101 0.1730608 0.1865868 0.1739611 0.1791456 0.1721381 0.1688599 0.1603001 0.1756591 0.0126885 0.0113245 0.0128393 0.0086049 0.0112008 0.0111444 0.0188731 0.0104896 0.0105405 0.0126747 0.0098052 0.0111045 0.0089298 0.0135067 0.0141350 0.0093791 0.0111244 0.0096648 0.0159064 0.0000000 0.0125206 0.0141903 0.0090625 0.0128028 0.0109748 0.1795966 0.1889909 0.1767583 0.1842795 0.1805043 0.1794377 0.1825469 0.1789792 0.1839311 0.1830688 0.1801423 0.1768743 0.1755957 0.1856512 0.1776437 0.1843666 0.1872914 0.1732725 0.1838433 0.1895598 0.1780553 0.1845435 0.1892899 0.1939353 0.1802438 
pop2.indv21 0.1901766 0.1824665 0.1788250 0.1843626 0.1790624 0.1808062 0.1792908 0.1818782 0.1865605 0.1799644 0.1731928 0.1852994 0.1928278 0.1825727 0.1810762 0.1928345 0.1878653 0.1792180 0.1886981 0.1858029 0.1704415 0.1722252 0.1772182 0.1643575 0.1820319 0.0114412 0.0153799 0.0095893 0.0132456 0.0152625 0.0100174 0.0155872 0.0107908 0.0136585 0.0143018 0.0133845 0.0107637 0.0117462 0.0122350 0.0077408 0.0114987 0.0151524 0.0150600 0.0088264 0.0125206 0.0000000 0.0133700 0.0100932 0.0167242 0.0157378 0.1842885 0.1871427 0.1744755 0.1887352 0.1759358 0.1825469 0.1902950 0.1713972 0.1834144 0.1784119 0.1811202 0.1795407 0.1726096 0.1859939 0.1693537 0.1864091 0.1746479 0.1758361 0.1777791 0.1930094 0.1834135 0.1910921 0.1910589 0.1914661 0.1749745 
pop2.indv22 0.1913671 0.1868060 0.1829006 0.1918646 0.1865407 0.1868819 0.1850514 0.1848777 0.1955577 0.1860185 0.1715926 0.1924426 0.1941716 0.1898125 0.1904559 0.1974029 0.1946389 0.1804965 0.1962250 0.1910487 0.1846152 0.1788121 0.1819669 0.1725271 0.1819505 0.0146851 0.0168264 0.0162789 0.0119461 0.0164756 0.0155779 0.0164004 0.0130157 0.0172884 0.0111685 0.0134821 0.0161911 0.0163499 0.0153406 0.0142762 0.0159604 0.0140370 0.0136549 0.0126305 0.0141903 0.0133700 0.0000000 0.0155779 0.0128530 0.0115194 0.1973691 0.1939371 0.1828172 0.1898183 0.1942908 0.1932983 0.1948041 0.1821323 0.1970741 0.2000783 0.1991664 0.1872035 0.1859939 0.2003565 0.1912274 0.1959337 0.1906029 0.1889973 0.1892752 0.1963293 0.1934747 0.1952436 0.2018626 0.2055583 0.1876232 
pop2.indv23 0.1843568 0.1810041 0.1721570 0.1824637 0.1740591 0.1780831 0.1791847 0.1785971 0.1849575 0.1714642 0.1709751 0.1862830 0.1898859 0.1836711 0.1842831 0.1900575 0.1875255 0.1742350 0.1881917 0.1789311 0.1718901 0.1716821 0.1780553 0.1670888 0.1828055 0.0101371 0.0152681 0.0085376 0.0107482 0.0128563 0.0114740 0.0147305 0.0109204 0.0117087 0.0108063 0.0100714 0.0133219 0.0121737 0.0097804 0.0106264 0.0126793 0.0128485 0.0130110 0.0132456 0.0090625 0.0100932 0.0155779 0.0000000 0.0121087 0.0113438 0.1882582 0.1973672 0.1902607 0.1920489 0.1859127 0.1912347 0.1920970 0.1818696 0.1938839 0.1844538 0.1935413 0.1838420 0.1855642 0.1922829 0.1830740 0.1961188 0.1856564 0.1791568 0.1851502 0.2002698 0.1859245 0.1935518 0.2011305 0.2028333 0.1864234 
pop2.indv24 0.1930180 0.1786018 0.1780831 0.1765299 0.1780829 0.1828361 0.1800276 0.1788256 0.1817371 0.1739371 0.1675182 0.1816395 0.1832501 0.1785819 0.1819505 0.1907646 0.1873131 0.1804003 0.1886958 0.1836694 0.1736606 0.1708334 0.1727443 0.1683561 0.1757164 0.0114822 0.0166197 0.0131188 0.0145063 0.0147570 0.0158113 0.0176756 0.0114085 0.0115006 0.0119680 0.0121868 0.0142915 0.0124052 0.0155553 0.0129263 0.0127619 0.0166060 0.0153718 0.0137091 0.0128028 0.0167242 0.0128530 0.0121087 0.0000000 0.0162959 0.1934904 0.1897075 0.1706070 0.1845243 0.1781919 0.1847016 0.1872726 0.1800972 0.1834157 0.1813887 0.1890581 0.1812566 0.1756338 0.1914065 0.1824137 0.1794480 0.1808062 0.1796231 0.1839259 0.1937019 0.1778125 0.1846876 0.1964277 0.1892512 0.1794071 
pop2.indv25 0.1967779 0.1826330 0.1811386 0.1854918 0.1804281 0.1897146 0.1811981 0.1840977 0.1852908 0.1748015 0.1795833 0.1879751 0.1914169 0.1836704 0.1854918 0.1923729 0.1962005 0.1828211 0.1878861 0.1790476 0.1871852 0.1794482 0.1858835 0.1720129 0.1846126 0.0140421 0.0148210 0.0127664 0.0095520 0.0126656 0.0110965 0.0169744 0.0106832 0.0139282 0.0113720 0.0125610 0.0156315 0.0113478 0.0104480 0.0115327 0.0136256 0.0124272 0.0103474 0.0105353 0.0109748 0.0157378 0.0115194 0.0113438 0.0162959 0.0000000 0.1874972 0.1915364 0.1797056 0.1951569 0.1835013 0.1841029 0.1907111 0.1777315 0.1924881 0.1869318 0.1925104 0.1795804 0.1782473 0.2015307 0.1814982 0.1841834 0.1898069 0.1851112 0.1895006 0.1914169 0.1855443 0.1921947 0.1853950 0.2030560 0.1751304 
pop3.indv1  0.1871943 0.1860501 0.1884539 0.2006674 0.1909140 0.1875255 0.1944580 0.1898834 0.1975338 0.1810569 0.1833269 0.1980478 0.1961222 0.1941226 0.1772066 0.1915681 0.1940798 0.1895904 0.1973453 0.1958683 0.1791344 0.1904917 0.1860248 0.1777592 0.1967932 0.1865868 0.1969593 0.1936335 0.1826281 0.2019537 0.1879646 0.1983151 0.1918368 0.1848679 0.1893655 0.1885427 0.1837578 0.1957136 0.1885170 0.1884168 0.1849786 0.1953096 0.1935777 0.1908657 0.1795966 0.1842885 0.1973691 0.1882582 0.1934904 0.1874972 0.0000000 0.0101739 0.0108024 0.0133142 0.0094096 0.0128328 0.0135512 0.0122659 0.0107791 0.0091187 0.0104858 0.0089586 0.0115945 0.0129875 0.0082184 0.0090625 0.0127486 0.0100570 0.0116537 0.0122394 0.0109085 0.0112373 0.0127301 0.0139717 0.0093892 
pop3.indv2  0.1909409 0.1954653 0.1957753 0.1974617 0.1954317 0.1975155 0.1944107 0.1959931 0.2143562 0.1925110 0.1884415 0.1979929 0.1997501 0.1917657 0.1920052 0.2032340 0.1940265 0.1985244 0.2073536 0.2027816 0.1843510 0.1938710 0.1924881 0.1861815 0.1991774 0.1940179 0.2080375 0.1928750 0.1941337 0.2031316 0.1861881 0.1963245 0.1958409 0.1925996 0.1976508 0.1915681 0.1879974 0.1940029 0.1921698 0.1878545 0.1926248 0.1967604 0.1944386 0.1961917 0.1889909 0.1871427 0.1939371 0.1973672 0.1897075 0.1915364 0.0101739 0.0000000 0.0135382 0.0127254 0.0124096 0.0164515 0.0152293 0.0146567 0.0136549 0.0143428 0.0096476 0.0125927 0.0125340 0.0151197 0.0096030 0.0104292 0.0133075 0.0114330 0.0147464 0.0113599 0.0153015 0.0129969 0.0198405 0.0181028 0.0125610 
