75
pop1.indv1  0.0000000 0.0129753 0.0168317 0.0158862 0.0159526 0.0143494 0.0155306 0.0159777 0.0137486 0.0163986 0.0168273 0.0164500 0.0170034 0.0103737 0.0139519 0.0174902 0.0158572 0.0138311 0.0154699 0.0178447 0.0151619 0.0140426 0.0146658 0.0154945 0.0132744 0.1853071 0.1978168 0.1888074 0.1858405 0.2087183 0.1864117 0.1988218 0.1899747 0.1892804 0.1749885 0.1884851 0.1699865 0.1976973 0.2040048 0.1801127 0.1965631 0.1789971 0.1900771 0.1907333 0.1838557 0.1815512 0.2035412 0.1924768 0.2049310 0.1924742 0.2020981 0.2072731 0.1923989 0.2043110 0.1997146 0.1958392 0.1981560 0.1976720 0.2019945 0.1970616 0.1991793 0.1953934 0.1994296 0.2010635 0.1940584 0.1925291 0.1967257 0.1995781 0.2030811 0.1984011 0.2038226 0.1973986 0.1988307 0.2055244 0.1882420 
pop1.indv2  0.0129753 0.0000000 0.0154254 0.0123132 0.0126265 0.0131182 0.0143907 0.0128981 0.0165147 0.0149376 0.0114209 0.0152697 0.0115529 0.0141271 0.0119588 0.0163403 0.0132848 0.0113215 0.0115986 0.0116609 0.0128239 0.0113394 0.0152496 0.0106537 0.0118016 0.1630526 0.1782634 0.1809946 0.1769122 0.1934369 0.1616245 0.1849850 0.1759526 0.1770833 0.1687997 0.1809151 0.1506367 0.1836303 0.1961266 0.1688409 0.1806733 0.1696960 0.1734633 0.1781089 0.1704697 0.1694269 0.1923591 0.1770204 0.1876491 0.1808207 0.1853493 0.1942452 0.1802931 0.1901817 0.1852229 0.1859247 0.1854644 0.1807991 0.1844057 0.1847871 0.1849650 0.1818526 0.1873850 0.1872867 0.1794857 0.1822962 0.1839718 0.1861011 0.1882948 0.1856107 0.1913954 0.1851030 0.1884795 0.1936333 0.1787486 
pop1.indv3  0.0168317 0.0154254 0.0000000 0.0124562 0.0144095 0.0116760 0.0145063 0.0125310 0.0126779 0.0148018 0.0116368 0.0141234 0.0151303 0.0129685 0.0107916 0.0148713 0.0139411 0.0149337 0.0136359 0.0118114 0.0111850 0.0138673 0.0148946 0.0147253 0.0151066 0.1691354 0.1839532 0.1779084 0.1799826 0.1951404 0.1758314 0.2000109 0.1793066 0.1850764 0.1662360 0.1787364 0.1665239 0.1854984 0.2003183 0.1750943 0.1926630 0.1835190 0.1830747 0.1905468 0.1858645 0.1742804 0.1950576 0.1869110 0.1976714 0.1944918 0.1897455 0.1966161 0.1850159 0.1943095 0.1937363 0.1906495 0.1927075 0.1883422 0.1902750 0.1937745 0.1916861 0.1899027 0.1943152 0.1960807 0.1876315 0.1882700 0.1879964 0.1899265 0.1936050 0.1918276 0.1953493 0.1916820 0.1927899 0.1984531 0.1827940 
pop1.indv4  0.0158862 0.0123132 0.0124562 0.0000000 0.0118171 0.0136288 0.0169458 0.0144171 0.0128071 0.0130942 0.0138528 0.0149847 0.0154821 0.0141568 0.0127538 0.0157136 0.0151382 0.0142502 0.0139807 0.0137951 0.0169255 0.0121163 0.0158172 0.0140903 0.0154943 0.1796206 0.1949005 0.1882345 0.1881698 0.2048059 0.1825130 0.2048920 0.1844062 0.1891832 0.1671749 0.1935012 0.1719300 0.1971040 0.2025432 0.1830714 0.1964047 0.1873331 0.1862609 0.1989645 0.1905004 0.1773108 0.2038762 0.1931061 0.2027732 0.2016499 0.1931410 0.2004152 0.1875424 0.1956611 0.1925647 0.1921698 0.1952817 0.1914164 0.1942776 0.1932917 0.1922525 0.1935098 0.1963910 0.1966224 0.1896213 0.1892114 0.1912789 0.1940315 0.1955289 0.1923514 0.1956611 0.1925498 0.1939650 0.1989454 0.1862811 
pop1.indv5  0.0159526 0.0126265 0.0144095 0.0118171 0.0000000 0.0118607 0.0138964 0.0121291 0.0126199 0.0131217 0.0096469 0.0139918 0.0134388 0.0147547 0.0139293 0.0145007 0.0130908 0.0111260 0.0140548 0.0133125 0.0102647 0.0132750 0.0107883 0.0151778 0.0144816 0.1629861 0.1782467 0.1721916 0.1722043 0.1941327 0.1694698 0.1876468 0.1738228 0.1796681 0.1687459 0.1804688 0.1588725 0.1873331 0.1897364 0.1696761 0.1818035 0.1744616 0.1770866 0.1878663 0.1867960 0.1720853 0.1933948 0.1814761 0.1831863 0.1859141 0.1864772 0.1941716 0.1794857 0.1893415 0.1886373 0.1846047 0.1879832 0.1876549 0.1861111 0.1884620 0.1877347 0.1870586 0.1882688 0.1921862 0.1814028 0.1844057 0.1837876 0.1886373 0.1899251 0.1883231 0.1926160 0.1882675 0.1862334 0.1922854 0.1781764 
pop1.indv6  0.0143494 0.0131182 0.0116760 0.0136288 0.0118607 0.0000000 0.0138311 0.0142389 0.0117707 0.0115016 0.0122459 0.0139256 0.0099167 0.0112563 0.0137593 0.0136252 0.0127174 0.0118638 0.0145622 0.0127405 0.0099141 0.0123586 0.0135967 0.0164672 0.0131182 0.1665239 0.1833013 0.1748482 0.1781958 0.1986672 0.1700877 0.1881224 0.1725580 0.1865351 0.1643232 0.1831848 0.1571935 0.1752020 0.1956202 0.1724488 0.1778530 0.1716201 0.1836340 0.1910188 0.1804980 0.1754883 0.1929538 0.1836370 0.1889734 0.1887797 0.1908067 0.1970365 0.1845331 0.1948998 0.1903119 0.1905860 0.1920876 0.1868851 0.1887175 0.1921038 0.1923182 0.1896979 0.1926281 0.1915117 0.1827252 0.1875196 0.1863554 0.1891577 0.1935377 0.1903376 0.1958183 0.1900765 0.1902991 0.1973830 0.1835340 
pop1.indv7  0.0155306 0.0143907 0.0145063 0.0169458 0.0138964 0.0138311 0.0000000 0.0125703 0.0130668 0.0145629 0.0137450 0.0157219 0.0148481 0.0122491 0.0147903 0.0148713 0.0153253 0.0117707 0.0160618 0.0134386 0.0131148 0.0126033 0.0125179 0.0103710 0.0138059 0.1729708 0.1924421 0.1843187 0.1776774 0.1992618 0.1778731 0.1830725 0.1811412 0.1862988 0.1717505 0.1823981 0.1594712 0.1947074 0.1932595 0.1735849 0.1870752 0.1782299 0.1864517 0.1981552 0.1859947 0.1760563 0.2011466 0.1886820 0.1937560 0.1926530 0.1920729 0.2010503 0.1862126 0.1952817 0.1925309 0.1920058 0.1917280 0.1886339 0.1902737 0.1956167 0.1918929 0.1923017 0.1938950 0.1962185 0.1875833 0.1925627 0.1897806 0.1916474 0.1933472 0.1920058 0.1969522 0.1935197 0.1923998 0.2009188 0.1868851 
pop1.indv8  0.0159777 0.0128981 0.0125310 0.0144171 0.0121291 0.0142389 0.0125703 0.0000000 0.0131355 0.0123781 0.0119526 0.0145199 0.0136826 0.0128778 0.0130634 0.0163532 0.0136145 0.0129630 0.0133210 0.0146352 0.0108082 0.0142879 0.0133824 0.0167615 0.0136754 0.1673292 0.1877633 0.1788328 0.1749885 0.2000912 0.1778181 0.1917311 0.1781055 0.1821748 0.1715037 0.1855759 0.1674304 0.1864316 0.1956619 0.1707152 0.1936753 0.1706144 0.1852244 0.1980331 0.1783619 0.1785517 0.1943147 0.1803677 0.1925043 0.1900995 0.1885629 0.1960030 0.1828462 0.1935476 0.1914253 0.1885918 0.1908997 0.1879107 0.1877508 0.1908239 0.1894381 0.1893843 0.1905462 0.1923020 0.1845414 0.1864080 0.1865584 0.1889514 0.1946660 0.1915215 0.1942979 0.1904423 0.1892545 0.1966040 0.1799873 
pop1.indv9  0.0137486 0.0165147 0.0126779 0.0128071 0.0126199 0.0117707 0.0130668 0.0131355 0.0000000 0.0114746 0.0119744 0.0117584 0.0139110 0.0114686 0.0143756 0.0131286 0.0122109 0.0126599 0.0123912 0.0150909 0.0125967 0.0115590 0.0136574 0.0158367 0.0142015 0.1746917 0.1896962 0.1820543 0.1704697 0.1917173 0.1696064 0.1919988 0.1757699 0.1863373 0.1706755 0.1865875 0.1627227 0.1902430 0.1981334 0.1725863 0.1899972 0.1788599 0.1845435 0.1959840 0.1844295 0.1815391 0.1956163 0.1920893 0.1885667 0.1924768 0.1887817 0.1997215 0.1855313 0.1958415 0.1892866 0.1924836 0.1923508 0.1900551 0.1926621 0.1924667 0.1900273 0.1877267 0.1925627 0.1932551 0.1857885 0.1869484 0.1868471 0.1912063 0.1950980 0.1907551 0.1940118 0.1902723 0.1922031 0.1969099 0.1825410 
pop1.indv10 0.0163986 0.0149376 0.0148018 0.0130942 0.0131217 0.0115016 0.0145629 0.0123781 0.0114746 0.0000000 0.0112152 0.0128071 0.0159443 0.0117553 0.0113943 0.0193966 0.0164844 0.0083553 0.0113215 0.0150518 0.0139073 0.0136538 0.0125901 0.0137772 0.0135754 0.1811766 0.1902269 0.1908575 0.1785517 0.1991755 0.1799486 0.1997614 0.1819943 0.1758383 0.1704095 0.1880536 0.1609990 0.1909843 0.1987617 0.1724813 0.2003553 0.1772712 0.1856684 0.1936902 0.1738756 0.1758247 0.2061393 0.1892804 0.1950191 0.1992644 0.1844003 0.1917934 0.1795889 0.1876392 0.1837194 0.1812984 0.1851406 0.1840884 0.1834099 0.1870817 0.1854531 0.1826673 0.1848860 0.1900920 0.1804431 0.1796097 0.1829768 0.1855157 0.1881205 0.1832240 0.1910114 0.1870316 0.1884515 0.1915671 0.1759332 
pop1.indv11 0.0168273 0.0114209 0.0116368 0.0138528 0.0096469 0.0122459 0.0137450 0.0119526 0.0119744 0.0112152 0.0000000 0.0128575 0.0159735 0.0106954 0.0121761 0.0130464 0.0101104 0.0123100 0.0118202 0.0124046 0.0133230 0.0136467 0.0117339 0.0137165 0.0125211 0.1630871 0.1831914 0.1751983 0.1712088 0.1850601 0.1651725 0.1799372 0.1753327 0.1797539 0.1656944 0.1761591 0.1510259 0.1804371 0.1852366 0.1713750 0.1831802 0.1695946 0.1846493 0.1825130 0.1768261 0.1755137 0.1885021 0.1798154 0.1846171 0.1824114 0.1866384 0.1943442 0.1784226 0.1888260 0.1868915 0.1855985 0.1865753 0.1849508 0.1852096 0.1875272 0.1852655 0.1847096 0.1897108 0.1905067 0.1814286 0.1852030 0.1849650 0.1878859 0.1900360 0.1884515 0.1927763 0.1872867 0.1872018 0.1920235 0.1796424 
pop1.indv12 0.0164500 0.0152697 0.0141234 0.0149847 0.0139918 0.0139256 0.0157219 0.0145199 0.0117584 0.0128071 0.0128575 0.0000000 0.0133789 0.0120654 0.0133299 0.0163102 0.0125179 0.0116262 0.0116817 0.0148713 0.0155720 0.0134886 0.0144664 0.0130600 0.0142502 0.1822826 0.1952568 0.1847905 0.1797054 0.1985658 0.1765432 0.2033112 0.1858325 0.1822826 0.1765887 0.1823947 0.1556119 0.2010924 0.1961565 0.1817242 0.1916883 0.1715037 0.1804490 0.1919698 0.1809234 0.1812939 0.1979584 0.1869346 0.1977623 0.1953747 0.1949213 0.1986557 0.1841010 0.1969511 0.1930988 0.1928011 0.1931773 0.1901167 0.1940044 0.1956189 0.1927311 0.1906650 0.1959734 0.1965856 0.1887570 0.1903770 0.1920362 0.1938906 0.1962555 0.1939299 0.1969430 0.1947162 0.1925668 0.1987473 0.1874860 
pop1.indv13 0.0170034 0.0115529 0.0151303 0.0154821 0.0134388 0.0099167 0.0148481 0.0136826 0.0139110 0.0159443 0.0159735 0.0133789 0.0000000 0.0149729 0.0143569 0.0146774 0.0148597 0.0118700 0.0140177 0.0151145 0.0128676 0.0139770 0.0161128 0.0130294 0.0168365 0.1746433 0.1826424 0.1736749 0.1731431 0.1977660 0.1777098 0.1912821 0.1723233 0.1811839 0.1682403 0.1782357 0.1592546 0.1863083 0.1995209 0.1670263 0.1830656 0.1694824 0.1800247 0.1860034 0.1806083 0.1764051 0.1873993 0.1839731 0.1893770 0.1977623 0.1856576 0.1934432 0.1800668 0.1896098 0.1888662 0.1857251 0.1868345 0.1844645 0.1883601 0.1889206 0.1880944 0.1822922 0.1860135 0.1876549 0.1802493 0.1806867 0.1839687 0.1833475 0.1890478 0.1856659 0.1883418 0.1858564 0.1869614 0.1898572 0.1774857 
pop1.indv14 0.0103737 0.0141271 0.0129685 0.0141568 0.0147547 0.0112563 0.0122491 0.0128778 0.0114686 0.0117553 0.0106954 0.0120654 0.0149729 0.0000000 0.0127009 0.0178938 0.0117033 0.0123553 0.0118202 0.0151145 0.0133754 0.0112858 0.0136003 0.0124659 0.0117676 0.1743269 0.1930533 0.1802464 0.1776207 0.1988607 0.1727965 0.1899601 0.1819988 0.1755735 0.1736749 0.1813908 0.1569976 0.1933329 0.1891239 0.1693104 0.1828407 0.1720705 0.1808293 0.1889131 0.1752256 0.1798857 0.1894170 0.1786582 0.1955756 0.2002040 0.1883418 0.1934909 0.1788865 0.1895983 0.1887175 0.1854125 0.1856452 0.1843415 0.1862178 0.1856659 0.1849650 0.1830365 0.1888260 0.1899747 0.1817292 0.1819307 0.1820406 0.1884795 0.1909040 0.1847871 0.1897044 0.1865467 0.1882137 0.1928110 0.1797501 
pop1.indv15 0.0139519 0.0119588 0.0107916 0.0127538 0.0139293 0.0137593 0.0147903 0.0130634 0.0143756 0.0113943 0.0121761 0.0133299 0.0143569 0.0127009 0.0000000 0.0140536 0.0163560 0.0141161 0.0141940 0.0133763 0.0128105 0.0125211 0.0111821 0.0134455 0.0117064 0.1771040 0.1836275 0.1827341 0.1754113 0.2017196 0.1747773 0.1947700 0.1862248 0.1866380 0.1665438 0.1877777 0.1594537 0.1875938 0.2022842 0.1816423 0.1909768 0.1715051 0.1847407 0.1849798 0.1813975 0.1788121 0.1923281 0.1860034 0.1892030 0.1919168 0.1851374 0.1894580 0.1783214 0.1884967 0.1868787 0.1847120 0.1854456 0.1821846 0.1833483 0.1856452 0.1832257 0.1826086 0.1893592 0.1865695 0.1788595 0.1781523 0.1823616 0.1825489 0.1896445 0.1847096 0.1882509 0.1855196 0.1862023 0.1910988 0.1787481 
pop1.indv16 0.0174902 0.0163403 0.0148713 0.0157136 0.0145007 0.0136252 0.0148713 0.0163532 0.0131286 0.0193966 0.0130464 0.0163102 0.0146774 0.0178938 0.0140536 0.0000000 0.0138239 0.0148172 0.0140177 0.0158243 0.0162631 0.0182748 0.0166236 0.0146313 0.0168453 0.1830747 0.1952961 0.1951699 0.1760182 0.1936050 0.1788146 0.2025337 0.1879770 0.1920310 0.1753327 0.1896936 0.1627902 0.1958950 0.2093315 0.1801787 0.2020290 0.1838557 0.1869228 0.2056154 0.1852063 0.1830802 0.2030409 0.2033112 0.1940263 0.2032280 0.1942111 0.2001436 0.1894692 0.1981036 0.1938986 0.1993375 0.1969099 0.1929076 0.1931890 0.1977491 0.1939259 0.1931230 0.1987520 0.1958856 0.1900395 0.1923343 0.1904811 0.1951263 0.1991802 0.1944981 0.2002938 0.1972151 0.1939922 0.2004316 0.1866956 
pop1.indv17 0.0158572 0.0132848 0.0139411 0.0151382 0.0130908 0.0127174 0.0153253 0.0136145 0.0122109 0.0164844 0.0101104 0.0125179 0.0148597 0.0117033 0.0163560 0.0138239 0.0000000 0.0141828 0.0136431 0.0139483 0.0124723 0.0163145 0.0135860 0.0157956 0.0149180 0.1704517 0.1812341 0.1860384 0.1693366 0.1933065 0.1684947 0.1802882 0.1792278 0.1745377 0.1636049 0.1804883 0.1543312 0.1891276 0.1935877 0.1693819 0.1900941 0.1726587 0.1824114 0.1857515 0.1697845 0.1685306 0.1922392 0.1841967 0.1915125 0.1873462 0.1842727 0.1946359 0.1800308 0.1891901 0.1879412 0.1872018 0.1860666 0.1866149 0.1878141 0.1920235 0.1871179 0.1858251 0.1890105 0.1897455 0.1803934 0.1831026 0.1846496 0.1855744 0.1900360 0.1894047 0.1921221 0.1865293 0.1874895 0.1916171 0.1798436 
pop1.indv18 0.0138311 0.0113215 0.0149337 0.0142502 0.0111260 0.0118638 0.0117707 0.0129630 0.0126599 0.0083553 0.0123100 0.0116262 0.0118700 0.0123553 0.0141161 0.0148172 0.0141828 0.0000000 0.0100825 0.0123132 0.0110908 0.0119046 0.0116139 0.0138564 0.0137586 0.1700595 0.1825247 0.1701218 0.1659535 0.1825159 0.1685027 0.1792389 0.1755670 0.1714644 0.1625948 0.1751709 0.1556261 0.1813215 0.1906473 0.1640084 0.1817870 0.1639660 0.1739933 0.1760520 0.1699275 0.1731396 0.1825070 0.1765604 0.1834099 0.1894170 0.1835351 0.1873375 0.1778539 0.1859885 0.1843501 0.1808272 0.1831598 0.1804825 0.1812250 0.1825922 0.1798587 0.1789749 0.1825394 0.1874444 0.1790278 0.1759835 0.1788531 0.1812828 0.1860871 0.1823421 0.1878797 0.1846727 0.1806564 0.1862334 0.1740431 
pop1.indv19 0.0154699 0.0115986 0.0136359 0.0139807 0.0140548 0.0145622 0.0160618 0.0133210 0.0123912 0.0113215 0.0118202 0.0116817 0.0140177 0.0118202 0.0141940 0.0140177 0.0136431 0.0100825 0.0000000 0.0155147 0.0110762 0.0121966 0.0153913 0.0149965 0.0137332 0.1795700 0.1903364 0.1884034 0.1799140 0.1954556 0.1762188 0.1937085 0.1845103 0.1832965 0.1742670 0.1917241 0.1681439 0.1990169 0.1937109 0.1865875 0.1909598 0.1894933 0.1908575 0.1961063 0.1883191 0.1843067 0.1940225 0.1987204 0.1963075 0.1959518 0.1966601 0.2034154 0.1911911 0.2019583 0.1956650 0.1967354 0.1991505 0.1947870 0.1982010 0.2015679 0.2015711 0.1961871 0.1993765 0.1995666 0.1916339 0.1919719 0.1955518 0.1962313 0.1992109 0.1957331 0.2019232 0.1997207 0.1971136 0.2028756 0.1905740 
pop1.indv20 0.0178447 0.0116609 0.0118114 0.0137951 0.0133125 0.0127405 0.0134386 0.0146352 0.0150909 0.0150518 0.0124046 0.0148713 0.0151145 0.0151145 0.0133763 0.0158243 0.0139483 0.0123132 0.0155147 0.0000000 0.0151619 0.0157013 0.0146161 0.0146911 0.0156358 0.1776960 0.1917511 0.1789090 0.1761241 0.1936050 0.1745197 0.1943354 0.1817889 0.1831878 0.1786901 0.1886820 0.1573437 0.1893162 0.2019659 0.1743269 0.1874747 0.1799198 0.1896845 0.1916478 0.1799826 0.1799310 0.2015935 0.1884515 0.1982697 0.1927403 0.1965674 0.2005375 0.1898504 0.1959269 0.1941512 0.1957281 0.1940458 0.1907494 0.1912137 0.1959296 0.1938758 0.1933320 0.1971940 0.1990339 0.1903647 0.1913930 0.1942174 0.1939337 0.2007311 0.1957704 0.2019945 0.1961947 0.1984689 0.2023750 0.1877268 
pop1.indv21 0.0151619 0.0128239 0.0111850 0.0169255 0.0102647 0.0099141 0.0131148 0.0108082 0.0125967 0.0139073 0.0133230 0.0155720 0.0128676 0.0133754 0.0128105 0.0162631 0.0124723 0.0110908 0.0110762 0.0151619 0.0000000 0.0134637 0.0131528 0.0148752 0.0123618 0.1696184 0.1880606 0.1665390 0.1674860 0.1943354 0.1647172 0.1822789 0.1726945 0.1764198 0.1652316 0.1753327 0.1609259 0.1794547 0.1994493 0.1728662 0.1839925 0.1757511 0.1789388 0.1862136 0.1785036 0.1710440 0.1883859 0.1767380 0.1816423 0.1878364 0.1874071 0.1941111 0.1803656 0.1891897 0.1877827 0.1841599 0.1872158 0.1872653 0.1859061 0.1885534 0.1845289 0.1883048 0.1873144 0.1893512 0.1801766 0.1811229 0.1837222 0.1874145 0.1890584 0.1869303 0.1934535 0.1879917 0.1858429 0.1932663 0.1806206 
pop1.indv22 0.0140426 0.0113394 0.0138673 0.0121163 0.0132750 0.0123586 0.0126033 0.0142879 0.0115590 0.0136538 0.0136467 0.0134886 0.0139770 0.0112858 0.0125211 0.0182748 0.0163145 0.0119046 0.0121966 0.0157013 0.0134637 0.0000000 0.0142803 0.0135896 0.0118202 0.1815144 0.1906808 0.1918102 0.1793207 0.1969824 0.1765887 0.2016475 0.1856025 0.1843157 0.1653930 0.1814826 0.1586015 0.1904524 0.2008070 0.1736657 0.1944173 0.1831878 0.1802675 0.1929769 0.1812728 0.1773108 0.2049656 0.1881007 0.1942522 0.1949248 0.1909935 0.1962313 0.1854835 0.1963628 0.1898400 0.1897450 0.1930626 0.1910025 0.1895794 0.1919034 0.1900641 0.1881293 0.1935010 0.1939299 0.1865642 0.1869173 0.1902979 0.1902851 0.1923695 0.1878235 0.1964499 0.1908239 0.1927660 0.1987073 0.1851061 
pop1.indv23 0.0146658 0.0152496 0.0148946 0.0158172 0.0107883 0.0135967 0.0125179 0.0133824 0.0136574 0.0125901 0.0117339 0.0144664 0.0161128 0.0136003 0.0111821 0.0166236 0.0135860 0.0116139 0.0153913 0.0146161 0.0131528 0.0142803 0.0000000 0.0132848 0.0149532 0.1768692 0.1846290 0.1790709 0.1806083 0.1977402 0.1762426 0.1873593 0.1779447 0.1777472 0.1725863 0.1849956 0.1626247 0.1932999 0.1957040 0.1704697 0.1946270 0.1768477 0.1818304 0.1886360 0.1800471 0.1787669 0.1942669 0.1845512 0.1908506 0.1942778 0.1914611 0.1976245 0.1846587 0.1907825 0.1905206 0.1895257 0.1901167 0.1882688 0.1888561 0.1868149 0.1886727 0.1880561 0.1931709 0.1922194 0.1837228 0.1868535 0.1879917 0.1881761 0.1916495 0.1892545 0.1962902 0.1892221 0.1917589 0.1974352 0.1825378 
pop1.indv24 0.0154945 0.0106537 0.0147253 0.0140903 0.0151778 0.0164672 0.0103710 0.0167615 0.0158367 0.0137772 0.0137165 0.0130600 0.0130294 0.0124659 0.0134455 0.0146313 0.0157956 0.0138564 0.0149965 0.0146911 0.0148752 0.0135896 0.0132848 0.0000000 0.0153452 0.1736250 0.1846094 0.1843157 0.1723852 0.1991232 0.1726237 0.1874343 0.1865551 0.1791989 0.1659391 0.1850874 0.1543373 0.1902237 0.1965968 0.1720705 0.1906890 0.1798359 0.1780159 0.1975917 0.1796454 0.1821024 0.1972721 0.1882698 0.1896432 0.1927344 0.1881150 0.1947481 0.1835948 0.1911776 0.1906228 0.1894580 0.1894137 0.1856208 0.1866207 0.1899505 0.1887423 0.1883146 0.1881438 0.1917967 0.1799039 0.1846383 0.1887718 0.1877426 0.1905727 0.1900029 0.1965674 0.1875196 0.1885605 0.1959908 0.1797965 
pop1.indv25 0.0132744 0.0118016 0.0151066 0.0154943 0.0144816 0.0131182 0.0138059 0.0136754 0.0142015 0.0135754 0.0125211 0.0142502 0.0168365 0.0117676 0.0117064 0.0168453 0.0149180 0.0137586 0.0137332 0.0156358 0.0123618 0.0118202 0.0149532 0.0153452 0.0000000 0.1699718 0.1885159 0.1825070 0.1739933 0.1973295 0.1748829 0.1942412 0.1898104 0.1758133 0.1658255 0.1871666 0.1657104 0.1954552 0.2022209 0.1751459 0.1882675 0.1691354 0.1799372 0.1899166 0.1832977 0.1879770 0.2003183 0.1843157 0.1849695 0.1959417 0.1916779 0.2004848 0.1852826 0.1955504 0.1933581 0.1914103 0.1933028 0.1883146 0.1927138 0.1955504 0.1924821 0.1879832 0.1955931 0.1947903 0.1877989 0.1881410 0.1899341 0.1895451 0.1953020 0.1919060 0.1966470 0.1917241 0.1939181 0.1985933 0.1837834 
pop2.indv1  0.1853071 0.1630526 0.1691354 0.1796206 0.1629861 0.1665239 0.1729708 0.1673292 0.1746917 0.1811766 0.1630871 0.1822826 0.1746433 0.1743269 0.1771040 0.1830747 0.1704517 0.1700595 0.1795700 0.1776960 0.1696184 0.1815144 0.1768692 0.1736250 0.1699718 0.0000000 0.0093500 0.0083895 0.0127948 0.0123523 0.0118859 0.0175842 0.0139080 0.0136772 0.0122072 0.0127297 0.0102391 0.0123931 0.0137006 0.0146134 0.0110218 0.0109661 0.0135843 0.0092712 0.0107841 0.0100843 0.0170101 0.0127839 0.0050126 0.0102217 0.1801572 0.1825100 0.1750669 0.1808547 0.1839731 0.1766741 0.1807276 0.1778731 0.1812799 0.1791430 0.1780706 0.1741305 0.1803978 0.1739808 0.1746917 0.1749885 0.1736015 0.1766964 0.1804490 0.1868073 0.1830725 0.1746337 0.1796081 0.1918789 0.1716733 
pop2.indv2  0.1978168 0.1782634 0.1839532 0.1949005 0.1782467 0.1833013 0.1924421 0.1877633 0.1896962 0.1902269 0.1831914 0.1952568 0.1826424 0.1930533 0.1836275 0.1952961 0.1812341 0.1825247 0.1903364 0.1917511 0.1880606 0.1906808 0.1846290 0.1846094 0.1885159 0.0093500 0.0000000 0.0140924 0.0132798 0.0093972 0.0139194 0.0124342 0.0139766 0.0067229 0.0131597 0.0091784 0.0125172 0.0064726 0.0107841 0.0130736 0.0094626 0.0121423 0.0110125 0.0130630 0.0108652 0.0113741 0.0209523 0.0212191 0.0134134 0.0123523 0.1780145 0.1902017 0.1792669 0.1771408 0.1824369 0.1816423 0.1871323 0.1843933 0.1748676 0.1771207 0.1773692 0.1776458 0.1851374 0.1831942 0.1737816 0.1774924 0.1829734 0.1798700 0.1805732 0.1811193 0.1889781 0.1741926 0.1859116 0.1926135 0.1716441 
pop2.indv3  0.1888074 0.1809946 0.1779084 0.1882345 0.1721916 0.1748482 0.1843187 0.1788328 0.1820543 0.1908575 0.1751983 0.1847905 0.1736749 0.1802464 0.1827341 0.1951699 0.1860384 0.1701218 0.1884034 0.1789090 0.1665390 0.1918102 0.1790709 0.1843157 0.1825070 0.0083895 0.0140924 0.0000000 0.0112420 0.0117070 0.0105822 0.0085765 0.0161388 0.0077890 0.0069810 0.0102304 0.0122179 0.0083965 0.0144273 0.0140618 0.0104169 0.0110782 0.0112713 0.0085839 0.0112420 0.0101697 0.0204587 0.0106954 0.0057924 0.0111542 0.1733243 0.1803266 0.1702377 0.1777809 0.1723033 0.1736749 0.1727259 0.1741611 0.1705491 0.1781835 0.1758956 0.1721302 0.1721002 0.1809067 0.1661420 0.1725863 0.1693104 0.1713601 0.1703153 0.1803575 0.1721302 0.1701779 0.1785642 0.1855542 0.1645948 
pop2.indv4  0.1858405 0.1769122 0.1799826 0.1881698 0.1722043 0.1781958 0.1776774 0.1749885 0.1704697 0.1785517 0.1712088 0.1797054 0.1731431 0.1776207 0.1754113 0.1760182 0.1693366 0.1659535 0.1799140 0.1761241 0.1674860 0.1793207 0.1806083 0.1723852 0.1739933 0.0127948 0.0132798 0.0112420 0.0000000 0.0152957 0.0162631 0.0074722 0.0139422 0.0117463 0.0107574 0.0059349 0.0094059 0.0124549 0.0060634 0.0101956 0.0085765 0.0016475 0.0147686 0.0091784 0.0100505 0.0126014 0.0145384 0.0096876 0.0064937 0.0110218 0.1586892 0.1707994 0.1731431 0.1658551 0.1741469 0.1706144 0.1755445 0.1698854 0.1633790 0.1658970 0.1654642 0.1660380 0.1640489 0.1670517 0.1582511 0.1597940 0.1773855 0.1687402 0.1672230 0.1734495 0.1757818 0.1690428 0.1725555 0.1796577 0.1604968 
pop2.indv5  0.2087183 0.1934369 0.1951404 0.2048059 0.1941327 0.1986672 0.1992618 0.2000912 0.1917173 0.1991755 0.1850601 0.1985658 0.1977660 0.1988607 0.2017196 0.1936050 0.1933065 0.1825159 0.1954556 0.1936050 0.1943354 0.1969824 0.1977402 0.1991232 0.1973295 0.0123523 0.0093972 0.0117070 0.0152957 0.0000000 0.0161800 0.0138852 0.0156858 0.0124756 0.0126974 0.0117562 0.0168809 0.0129677 0.0150652 0.0140924 0.0129160 0.0148661 0.0174963 0.0131814 0.0107485 0.0175989 0.0151285 0.0211473 0.0106954 0.0141984 0.1826424 0.1959319 0.1896555 0.1860219 0.1960042 0.1904520 0.1934405 0.1877766 0.1918385 0.1894684 0.1909102 0.1871444 0.1833020 0.1927590 0.1879471 0.1839584 0.1922105 0.1886751 0.1999249 0.1888409 0.2012991 0.1869551 0.1861500 0.2001260 0.1851769 
pop2.indv6  0.1864117 0.1616245 0.1758314 0.1825130 0.1694698 0.1700877 0.1778731 0.1778181 0.1696064 0.1799486 0.1651725 0.1765432 0.1777098 0.1727965 0.1747773 0.1788146 0.1684947 0.1685027 0.1762188 0.1745197 0.1647172 0.1765887 0.1762426 0.1726237 0.1748829 0.0118859 0.0139194 0.0105822 0.0162631 0.0161800 0.0000000 0.0170246 0.0170828 0.0113599 0.0145633 0.0117266 0.0066724 0.0090425 0.0104989 0.0149475 0.0088030 0.0116680 0.0112129 0.0134586 0.0126332 0.0107130 0.0182887 0.0118257 0.0067116 0.0115145 0.1768692 0.1803778 0.1778025 0.1772979 0.1741770 0.1886996 0.1793207 0.1796577 0.1792264 0.1702050 0.1759610 0.1691813 0.1768057 0.1815268 0.1779627 0.1764880 0.1751753 0.1773772 0.1739185 0.1826272 0.1811985 0.1746433 0.1801893 0.1868535 0.1688880 
pop2.indv7  0.1988218 0.1849850 0.2000109 0.2048920 0.1876468 0.1881224 0.1830725 0.1917311 0.1919988 0.1997614 0.1799372 0.2033112 0.1912821 0.1899601 0.1947700 0.2025337 0.1802882 0.1792389 0.1937085 0.1943354 0.1822789 0.2016475 0.1873593 0.1874343 0.1942412 0.0175842 0.0124342 0.0085765 0.0074722 0.0138852 0.0170246 0.0000000 0.0159491 0.0175320 0.0162771 0.0138309 0.0103361 0.0158032 0.0156413 0.0137951 0.0156006 0.0151032 0.0135154 0.0133463 0.0190190 0.0117760 0.0138189 0.0169237 0.0145633 0.0231334 0.1863276 0.1968294 0.1910600 0.1969678 0.1953755 0.1830736 0.1895484 0.1838557 0.1885839 0.1853390 0.1935709 0.1844160 0.1954552 0.1914761 0.1841967 0.1827452 0.1862324 0.1870801 0.1897149 0.1906646 0.1955352 0.1869785 0.1872187 0.2009027 0.1840861 
pop2.indv8  0.1899747 0.1759526 0.1793066 0.1844062 0.1738228 0.1725580 0.1811412 0.1781055 0.1757699 0.1819943 0.1753327 0.1858325 0.1723233 0.1819988 0.1862248 0.1879770 0.1792278 0.1755670 0.1845103 0.1817889 0.1726945 0.1856025 0.1779447 0.1865551 0.1898104 0.0139080 0.0139766 0.0161388 0.0139422 0.0156858 0.0170828 0.0159491 0.0000000 0.0107219 0.0126652 0.0133798 0.0110125 0.0129153 0.0124964 0.0162896 0.0075855 0.0173374 0.0090799 0.0109568 0.0115429 0.0097643 0.0177327 0.0125697 0.0115525 0.0168666 0.1845032 0.1962483 0.1834099 0.1919492 0.1912297 0.1874946 0.1902237 0.1911401 0.1871689 0.1879471 0.1904520 0.1852763 0.1951811 0.1897483 0.1868310 0.1874681 0.1844062 0.1879176 0.2055280 0.1925043 0.1911654 0.1798129 0.1925578 0.1998831 0.1779798 
pop2.indv9  0.1892804 0.1770833 0.1850764 0.1891832 0.1796681 0.1865351 0.1862988 0.1821748 0.1863373 0.1758383 0.1797539 0.1822826 0.1811839 0.1755735 0.1866380 0.1920310 0.1745377 0.1714644 0.1832965 0.1831878 0.1764198 0.1843157 0.1777472 0.1791989 0.1758133 0.0136772 0.0067229 0.0077890 0.0117463 0.0124756 0.0113599 0.0175320 0.0107219 0.0000000 0.0102566 0.0102918 0.0129719 0.0074971 0.0133463 0.0151032 0.0076241 0.0139881 0.0118759 0.0094953 0.0133130 0.0141158 0.0158692 0.0185800 0.0101783 0.0115620 0.1826323 0.1960998 0.1878925 0.1849643 0.1880913 0.1855329 0.1918276 0.1807883 0.1880606 0.1886646 0.1830791 0.1797176 0.1887880 0.1831885 0.1802779 0.1786901 0.1820766 0.1881224 0.1946873 0.1856460 0.1914122 0.1830747 0.1857515 0.1916754 0.1755417 
pop2.indv10 0.1749885 0.1687997 0.1662360 0.1671749 0.1687459 0.1643232 0.1717505 0.1715037 0.1706755 0.1704095 0.1656944 0.1765887 0.1682403 0.1736749 0.1665438 0.1753327 0.1636049 0.1625948 0.1742670 0.1786901 0.1652316 0.1653930 0.1725863 0.1659391 0.1658255 0.0122072 0.0131597 0.0069810 0.0107574 0.0126974 0.0145633 0.0162771 0.0126652 0.0102566 0.0000000 0.0094626 0.0110125 0.0118558 0.0165898 0.0156006 0.0078093 0.0109384 0.0103808 0.0141041 0.0121437 0.0116680 0.0186166 0.0176092 0.0115907 0.0077488 0.1790908 0.1779994 0.1630871 0.1707994 0.1739185 0.1655522 0.1678884 0.1755957 0.1718924 0.1688059 0.1717990 0.1710661 0.1690428 0.1705725 0.1603270 0.1637992 0.1721980 0.1729708 0.1672715 0.1722409 0.1785803 0.1671803 0.1728311 0.1818460 0.1650939 
pop2.indv11 0.1884851 0.1809151 0.1787364 0.1935012 0.1804688 0.1831848 0.1823981 0.1855759 0.1865875 0.1880536 0.1761591 0.1823947 0.1782357 0.1813908 0.1877777 0.1896936 0.1804883 0.1751709 0.1917241 0.1886820 0.1753327 0.1814826 0.1849956 0.1850874 0.1871666 0.0127297 0.0091784 0.0102304 0.0059349 0.0117562 0.0117266 0.0138309 0.0133798 0.0102918 0.0094626 0.0000000 0.0120913 0.0106691 0.0087491 0.0124860 0.0087491 0.0110218 0.0073863 0.0147785 0.0111542 0.0100169 0.0171267 0.0153478 0.0091707 0.0092478 0.1714391 0.1883693 0.1705725 0.1760762 0.1834099 0.1825100 0.1768477 0.1707171 0.1781440 0.1765266 0.1769762 0.1765039 0.1783786 0.1839712 0.1732856 0.1816189 0.1732908 0.1811692 0.1716220 0.1765432 0.1857593 0.1750116 0.1816129 0.1849695 0.1697532 
pop2.indv12 0.1699865 0.1506367 0.1665239 0.1719300 0.1588725 0.1571935 0.1594712 0.1674304 0.1627227 0.1609990 0.1510259 0.1556119 0.1592546 0.1569976 0.1594537 0.1627902 0.1543312 0.1556261 0.1681439 0.1573437 0.1609259 0.1586015 0.1626247 0.1543373 0.1657104 0.0102391 0.0125172 0.0122179 0.0094059 0.0168809 0.0066724 0.0103361 0.0110125 0.0129719 0.0110125 0.0120913 0.0000000 0.0049181 0.0096114 0.0094463 0.0051065 0.0090949 0.0112909 0.0094301 0.0126438 0.0101012 0.0191849 0.0210029 0.0112129 0.0160570 0.1839731 0.1903582 0.1785642 0.1830725 0.1764198 0.1909340 0.1850930 0.1839675 0.1838632 0.1874747 0.1825130 0.1823947 0.1837440 0.1821829 0.1724452 0.1904057 0.1822864 0.1850930 0.1800911 0.1878216 0.1877347 0.1856836 0.1871291 0.1913743 0.1793760 
pop2.indv13 0.1976973 0.1836303 0.1854984 0.1971040 0.1873331 0.1752020 0.1947074 0.1864316 0.1902430 0.1909843 0.1804371 0.2010924 0.1863083 0.1933329 0.1875938 0.1958950 0.1891276 0.1813215 0.1990169 0.1893162 0.1794547 0.1904524 0.1932999 0.1902237 0.1954552 0.0123931 0.0064726 0.0083965 0.0124549 0.0129677 0.0090425 0.0158032 0.0129153 0.0074971 0.0118558 0.0106691 0.0049181 0.0000000 0.0101439 0.0158427 0.0100505 0.0113373 0.0074846 0.0107931 0.0107841 0.0075284 0.0168099 0.0109200 0.0088891 0.0108110 0.1962483 0.2005392 0.1956932 0.2025275 0.1992979 0.2006542 0.2028978 0.2027089 0.1921529 0.1939430 0.2004729 0.1920916 0.2006137 0.1962135 0.1942161 0.1960097 0.1992451 0.1947446 0.1965856 0.1972257 0.1994895 0.1951768 0.1972834 0.2131358 0.1850819 
pop2.indv14 0.2040048 0.1961266 0.2003183 0.2025432 0.1897364 0.1956202 0.1932595 0.1956619 0.1981334 0.1987617 0.1852366 0.1961565 0.1995209 0.1891239 0.2022842 0.2093315 0.1935877 0.1906473 0.1937109 0.2019659 0.1994493 0.2008070 0.1957040 0.1965968 0.2022209 0.0137006 0.0107841 0.0144273 0.0060634 0.0150652 0.0104989 0.0156413 0.0124964 0.0133463 0.0165898 0.0087491 0.0096114 0.0101439 0.0000000 0.0112518 0.0087721 0.0129049 0.0122500 0.0075983 0.0131309 0.0083335 0.0181621 0.0105916 0.0101525 0.0137006 0.1925073 0.1942886 0.1915204 0.1966629 0.1903348 0.1941081 0.2069970 0.1920022 0.1944457 0.1932930 0.1912821 0.1874883 0.1981787 0.1924465 0.1862513 0.1897054 0.1864929 0.1903582 0.1928168 0.1922090 0.1988933 0.1914012 0.1967523 0.2097687 0.1912821 
pop2.indv15 0.1801127 0.1688409 0.1750943 0.1830714 0.1696761 0.1724488 0.1735849 0.1707152 0.1725863 0.1724813 0.1713750 0.1817242 0.1670263 0.1693104 0.1816423 0.1801787 0.1693819 0.1640084 0.1865875 0.1743269 0.1728662 0.1736657 0.1704697 0.1720705 0.1751459 0.0146134 0.0130736 0.0140618 0.0101956 0.0140924 0.0149475 0.0137951 0.0162896 0.0151032 0.0156006 0.0124860 0.0094463 0.0158427 0.0112518 0.0000000 0.0077555 0.0178079 0.0155467 0.0110876 0.0156141 0.0117168 0.0238577 0.0130282 0.0101439 0.0145633 0.1789681 0.1931604 0.1754386 0.1810663 0.1812870 0.1776527 0.1828538 0.1772109 0.1847495 0.1800471 0.1842978 0.1758383 0.1834099 0.1830758 0.1806083 0.1786593 0.1812939 0.1854266 0.1854537 0.1865559 0.1839712 0.1727965 0.1830725 0.1940845 0.1767841 
pop2.indv16 0.1965631 0.1806733 0.1926630 0.1964047 0.1818035 0.1778530 0.1870752 0.1936753 0.1899972 0.2003553 0.1831802 0.1916883 0.1830656 0.1828407 0.1909768 0.2020290 0.1900941 0.1817870 0.1909598 0.1874747 0.1839925 0.1944173 0.1946270 0.1906890 0.1882675 0.0110218 0.0094626 0.0104169 0.0085765 0.0129160 0.0088030 0.0156006 0.0075855 0.0076241 0.0078093 0.0087491 0.0051065 0.0100505 0.0087721 0.0077555 0.0000000 0.0101354 0.0086507 0.0077024 0.0117168 0.0085913 0.0150801 0.0094707 0.0068261 0.0120808 0.1788788 0.1874128 0.1779631 0.1848864 0.1818035 0.1863569 0.1828426 0.1820588 0.1795179 0.1836378 0.1899303 0.1795311 0.1781089 0.1853390 0.1778343 0.1769991 0.1781659 0.1823810 0.1808638 0.1870877 0.1819324 0.1867479 0.1884706 0.1920248 0.1730441 
pop2.indv17 0.1789971 0.1696960 0.1835190 0.1873331 0.1744616 0.1716201 0.1782299 0.1706144 0.1788599 0.1772712 0.1695946 0.1715037 0.1694824 0.1720705 0.1715051 0.1838557 0.1726587 0.1639660 0.1894933 0.1799198 0.1757511 0.1831878 0.1768477 0.1798359 0.1691354 0.0109661 0.0121423 0.0110782 0.0016475 0.0148661 0.0116680 0.0151032 0.0173374 0.0139881 0.0109384 0.0110218 0.0090949 0.0113373 0.0129049 0.0178079 0.0101354 0.0000000 0.0106954 0.0123727 0.0083128 0.0114485 0.0144519 0.0119775 0.0107042 0.0128717 0.1799085 0.1885327 0.1839602 0.1837386 0.1895687 0.1838572 0.1814430 0.1824243 0.1822028 0.1752285 0.1793604 0.1845175 0.1764277 0.1835193 0.1758560 0.1851598 0.1811617 0.1833006 0.1866702 0.1846290 0.1878629 0.1826349 0.1891839 0.1893741 0.1738228 
pop2.indv18 0.1900771 0.1734633 0.1830747 0.1862609 0.1770866 0.1836340 0.1864517 0.1852244 0.1845435 0.1856684 0.1846493 0.1804490 0.1800247 0.1808293 0.1847407 0.1869228 0.1824114 0.1739933 0.1908575 0.1896845 0.1789388 0.1802675 0.1818304 0.1780159 0.1799372 0.0135843 0.0110125 0.0112713 0.0147686 0.0174963 0.0112129 0.0135154 0.0090799 0.0118759 0.0103808 0.0073863 0.0112909 0.0074846 0.0122500 0.0155467 0.0086507 0.0106954 0.0000000 0.0083266 0.0084964 0.0110499 0.0189862 0.0139030 0.0081105 0.0125802 0.1778366 0.1849903 0.1741305 0.1765432 0.1800247 0.1781614 0.1841993 0.1766112 0.1790623 0.1698690 0.1813908 0.1793760 0.1719962 0.1712483 0.1704021 0.1745667 0.1735690 0.1814826 0.1820452 0.1750394 0.1789239 0.1775629 0.1765039 0.1877058 0.1652123 
pop2.indv19 0.1907333 0.1781089 0.1905468 0.1989645 0.1878663 0.1910188 0.1981552 0.1980331 0.1959840 0.1936902 0.1825130 0.1919698 0.1860034 0.1889131 0.1849798 0.2056154 0.1857515 0.1760520 0.1961063 0.1916478 0.1862136 0.1929769 0.1886360 0.1975917 0.1899166 0.0092712 0.0130630 0.0085839 0.0091784 0.0131814 0.0134586 0.0133463 0.0109568 0.0094953 0.0141041 0.0147785 0.0094301 0.0107931 0.0075983 0.0110876 0.0077024 0.0123727 0.0083266 0.0000000 0.0103007 0.0091099 0.0137241 0.0130282 0.0073381 0.0091707 0.1805172 0.1997474 0.1899601 0.1942522 0.1919736 0.1911112 0.1942522 0.1960152 0.1902886 0.1891448 0.1908258 0.1877777 0.1887797 0.2014626 0.1854200 0.1876773 0.1911371 0.1932799 0.1975575 0.1929219 0.1983784 0.1909512 0.1930089 0.2034733 0.1840861 
pop2.indv20 0.1838557 0.1704697 0.1858645 0.1905004 0.1867960 0.1804980 0.1859947 0.1783619 0.1844295 0.1738756 0.1768261 0.1809234 0.1806083 0.1752256 0.1813975 0.1852063 0.1697845 0.1699275 0.1883191 0.1799826 0.1785036 0.1812728 0.1800471 0.1796454 0.1832977 0.0107841 0.0108652 0.0112420 0.0100505 0.0107485 0.0126332 0.0190190 0.0115429 0.0133130 0.0121437 0.0111542 0.0126438 0.0107841 0.0131309 0.0156141 0.0117168 0.0083128 0.0084964 0.0103007 0.0000000 0.0137477 0.0202962 0.0117562 0.0091175 0.0098363 0.1707370 0.1853390 0.1671329 0.1847674 0.1792249 0.1811617 0.1772777 0.1802675 0.1714391 0.1800582 0.1805990 0.1764811 0.1747288 0.1838557 0.1704697 0.1799826 0.1808378 0.1818356 0.1794329 0.1798392 0.1871291 0.1781265 0.1737809 0.1854333 0.1632163 
pop2.indv21 0.1815512 0.1694269 0.1742804 0.1773108 0.1720853 0.1754883 0.1760563 0.1785517 0.1815391 0.1758247 0.1755137 0.1812939 0.1764051 0.1798857 0.1788121 0.1830802 0.1685306 0.1731396 0.1843067 0.1799310 0.1710440 0.1773108 0.1787669 0.1821024 0.1879770 0.0100843 0.0113741 0.0101697 0.0126014 0.0175989 0.0107130 0.0117760 0.0097643 0.0141158 0.0116680 0.0100169 0.0101012 0.0075284 0.0083335 0.0117168 0.0085913 0.0114485 0.0110499 0.0091099 0.0137477 0.0000000 0.0200049 0.0101012 0.0133241 0.0158957 0.1795871 0.1925917 0.1760090 0.1837386 0.1937404 0.1831885 0.1863921 0.1887269 0.1832995 0.1826374 0.1894684 0.1808797 0.1881587 0.1783862 0.1793340 0.1845212 0.1813009 0.1814172 0.1942778 0.1826399 0.1954552 0.1853009 0.1941446 0.1964876 0.1775216 
pop2.indv22 0.2035412 0.1923591 0.1950576 0.2038762 0.1933948 0.1929538 0.2011466 0.1943147 0.1956163 0.2061393 0.1885021 0.1979584 0.1873993 0.1894170 0.1923281 0.2030409 0.1922392 0.1825070 0.1940225 0.2015935 0.1883859 0.2049656 0.1942669 0.1972721 0.2003183 0.0170101 0.0209523 0.0204587 0.0145384 0.0151285 0.0182887 0.0138189 0.0177327 0.0158692 0.0186166 0.0171267 0.0191849 0.0168099 0.0181621 0.0238577 0.0150801 0.0144519 0.0189862 0.0137241 0.0202962 0.0200049 0.0000000 0.0216792 0.0172151 0.0143300 0.1866702 0.1968747 0.1839731 0.1921207 0.2025368 0.1919077 0.1960998 0.1905923 0.1914761 0.1930954 0.1912424 0.1920022 0.1928272 0.1839693 0.1870505 0.1921225 0.1876042 0.1933329 0.1881166 0.1962641 0.1985448 0.1904292 0.1942412 0.2066568 0.1834099 
pop2.indv23 0.1924768 0.1770204 0.1869110 0.1931061 0.1814761 0.1836370 0.1886820 0.1803677 0.1920893 0.1892804 0.1798154 0.1869346 0.1839731 0.1786582 0.1860034 0.2033112 0.1841967 0.1765604 0.1987204 0.1884515 0.1767380 0.1881007 0.1845512 0.1882698 0.1843157 0.0127839 0.0212191 0.0106954 0.0096876 0.0211473 0.0118257 0.0169237 0.0125697 0.0185800 0.0176092 0.0153478 0.0210029 0.0109200 0.0105916 0.0130282 0.0094707 0.0119775 0.0139030 0.0130282 0.0117562 0.0101012 0.0216792 0.0000000 0.0125802 0.0146385 0.1924795 0.1996920 0.1913210 0.1944087 0.1967975 0.1880536 0.1983784 0.2010149 0.1887173 0.1973371 0.1941205 0.1944270 0.2009027 0.1941686 0.1947254 0.1887173 0.1905708 0.1886820 0.1934332 0.1972133 0.2010924 0.1907825 0.2032954 0.2095462 0.1825100 
pop2.indv24 0.2049310 0.1876491 0.1976714 0.2027732 0.1831863 0.1889734 0.1937560 0.1925043 0.1885667 0.1950191 0.1846171 0.1977623 0.1893770 0.1955756 0.1892030 0.1940263 0.1915125 0.1834099 0.1963075 0.1982697 0.1816423 0.1942522 0.1908506 0.1896432 0.1849695 0.0050126 0.0134134 0.0057924 0.0064937 0.0106954 0.0067116 0.0145633 0.0115525 0.0101783 0.0115907 0.0091707 0.0112129 0.0088891 0.0101525 0.0101439 0.0068261 0.0107042 0.0081105 0.0073381 0.0091175 0.0133241 0.0172151 0.0125802 0.0000000 0.0074536 0.2037061 0.2024027 0.1988477 0.2027732 0.2096265 0.1971795 0.2076559 0.2017807 0.2009746 0.2025850 0.2027687 0.1939913 0.1961572 0.2015360 0.1955352 0.1866064 0.1978392 0.2019667 0.1919451 0.2008513 0.2056854 0.2039687 0.2019055 0.2134601 0.1915661 
pop2.indv25 0.1924742 0.1808207 0.1944918 0.2016499 0.1859141 0.1887797 0.1926530 0.1900995 0.1924768 0.1992644 0.1824114 0.1953747 0.1977623 0.2002040 0.1919168 0.2032280 0.1873462 0.1894170 0.1959518 0.1927403 0.1878364 0.1949248 0.1942778 0.1927344 0.1959417 0.0102217 0.0123523 0.0111542 0.0110218 0.0141984 0.0115145 0.0231334 0.0168666 0.0115620 0.0077488 0.0092478 0.0160570 0.0108110 0.0137006 0.0145633 0.0120808 0.0128717 0.0125802 0.0091707 0.0098363 0.0158957 0.0143300 0.0146385 0.0074536 0.0000000 0.1984729 0.2089747 0.2019659 0.2140168 0.2025952 0.2064218 0.2098396 0.1983230 0.2036484 0.2040258 0.2021550 0.1979104 0.2033975 0.1994046 0.1955364 0.1950154 0.1959734 0.2028379 0.2022858 0.2040503 0.2058816 0.2043059 0.2062425 0.2066003 0.1998992 
pop3.indv1  0.2020981 0.1853493 0.1897455 0.1931410 0.1864772 0.1908067 0.1920729 0.1885629 0.1887817 0.1844003 0.1866384 0.1949213 0.1856576 0.1883418 0.1851374 0.1942111 0.1842727 0.1835351 0.1966601 0.1965674 0.1874071 0.1909935 0.1914611 0.1881150 0.1916779 0.1801572 0.1780145 0.1733243 0.1586892 0.1826424 0.1768692 0.1863276 0.1845032 0.1826323 0.1790908 0.1714391 0.1839731 0.1962483 0.1925073 0.1789681 0.1788788 0.1799085 0.1778366 0.1805172 0.1707370 0.1795871 0.1866702 0.1924795 0.2037061 0.1984729 0.0000000 0.0116790 0.0121761 0.0153772 0.0100764 0.0124659 0.0123695 0.0121102 0.0124239 0.0098524 0.0108055 0.0101052 0.0112862 0.0126419 0.0085483 0.0100298 0.0146467 0.0095351 0.0120402 0.0140903 0.0119247 0.0119775 0.0123854 0.0158490 0.0082947 
pop3.indv2  0.2072731 0.1942452 0.1966161 0.2004152 0.1941716 0.1970365 0.2010503 0.1960030 0.1997215 0.1917934 0.1943442 0.1986557 0.1934432 0.1934909 0.1894580 0.2001436 0.1946359 0.1873375 0.2034154 0.2005375 0.1941111 0.1962313 0.1976245 0.1947481 0.2004848 0.1825100 0.1902017 0.1803266 0.1707994 0.1959319 0.1803778 0.1968294 0.1962483 0.1960998 0.1779994 0.1883693 0.1903582 0.2005392 0.1942886 0.1931604 0.1874128 0.1885327 0.1849903 0.1997474 0.1853390 0.1925917 0.1968747 0.1996920 0.2024027 0.2089747 0.0116790 0.0000000 0.0148519 0.0133056 0.0101209 0.0157632 0.0140683 0.0148752 0.0133021 0.0125375 0.0095919 0.0117492 0.0135014 0.0148713 0.0098832 0.0124175 0.0138673 0.0127637 0.0136898 0.0125211 0.0138203 0.0112563 0.0159610 0.0162206 0.0125473 
