75
pop1.indv1  0.0000000 0.0129259 0.0171924 0.0155604 0.0148970 0.0144139 0.0141059 0.0156675 0.0138464 0.0150392 0.0152581 0.0165581 0.0149111 0.0094213 0.0146692 0.0171965 0.0153808 0.0141392 0.0156267 0.0165463 0.0150782 0.0129717 0.0154210 0.0152366 0.0129625 0.1878318 0.1896201 0.1842067 0.1830849 0.1941981 0.1843711 0.1878455 0.1857817 0.1845379 0.1879904 0.1849934 0.1841444 0.1858347 0.1893000 0.1833657 0.1856147 0.1862151 0.1869554 0.1859738 0.1899703 0.1887413 0.1954882 0.1877451 0.1941684 0.1930083 0.1976257 0.2029354 0.1908050 0.1955893 0.1954679 0.1947367 0.1981454 0.1972095 0.1962552 0.1983694 0.1984430 0.1948420 0.1963376 0.1989865 0.1943968 0.1976156 0.1964377 0.2016350 0.1948775 0.1979233 0.2009126 0.1975401 0.1979722 0.2055675 0.1918833 
pop1.indv2  0.0129259 0.0000000 0.0155604 0.0146139 0.0120340 0.0127584 0.0139249 0.0123296 0.0150428 0.0148339 0.0117247 0.0151568 0.0125088 0.0137261 0.0129839 0.0160092 0.0125029 0.0125148 0.0130239 0.0117357 0.0133771 0.0108855 0.0163428 0.0107708 0.0125355 0.1743483 0.1803966 0.1717550 0.1693892 0.1806126 0.1718449 0.1766395 0.1743251 0.1737229 0.1752048 0.1744078 0.1708650 0.1749522 0.1773143 0.1717741 0.1745520 0.1743993 0.1743697 0.1743183 0.1778250 0.1787437 0.1829700 0.1763492 0.1812483 0.1806126 0.1836482 0.1899773 0.1779154 0.1838716 0.1829129 0.1831386 0.1855685 0.1860183 0.1828603 0.1846729 0.1847237 0.1817926 0.1829723 0.1850039 0.1815083 0.1854543 0.1849419 0.1872158 0.1817790 0.1848330 0.1886286 0.1851180 0.1851208 0.1926374 0.1786048 
pop1.indv3  0.0171924 0.0155604 0.0000000 0.0128354 0.0141292 0.0128926 0.0140960 0.0122627 0.0123514 0.0154728 0.0116809 0.0136711 0.0148164 0.0129259 0.0112154 0.0152438 0.0123890 0.0145933 0.0143528 0.0111918 0.0119048 0.0124677 0.0160546 0.0147092 0.0150605 0.1825809 0.1891940 0.1810284 0.1781488 0.1876876 0.1797137 0.1838657 0.1826406 0.1799365 0.1824726 0.1820317 0.1797798 0.1838120 0.1858071 0.1798222 0.1826419 0.1817068 0.1820317 0.1822987 0.1863903 0.1868755 0.1905215 0.1843680 0.1893285 0.1879103 0.1909322 0.1965376 0.1852172 0.1922650 0.1896201 0.1899119 0.1927232 0.1930199 0.1887413 0.1934872 0.1925318 0.1903345 0.1916899 0.1915540 0.1885941 0.1915271 0.1915137 0.1948039 0.1895340 0.1928418 0.1952272 0.1926354 0.1925913 0.2000115 0.1855231 
pop1.indv4  0.0155604 0.0146139 0.0128354 0.0000000 0.0112707 0.0136454 0.0157497 0.0141292 0.0126567 0.0136454 0.0128896 0.0146174 0.0148025 0.0134054 0.0133991 0.0161704 0.0152976 0.0138855 0.0139052 0.0143091 0.0160017 0.0120000 0.0160812 0.0152402 0.0150818 0.1833090 0.1889235 0.1816346 0.1790770 0.1893390 0.1812519 0.1855403 0.1838133 0.1804808 0.1842080 0.1833098 0.1799365 0.1835333 0.1857624 0.1799194 0.1831419 0.1826444 0.1839239 0.1827451 0.1866753 0.1868868 0.1919679 0.1839239 0.1885601 0.1887186 0.1890766 0.1950428 0.1842658 0.1879177 0.1875427 0.1889693 0.1906039 0.1908146 0.1888656 0.1912066 0.1913579 0.1880330 0.1902292 0.1905451 0.1869672 0.1896784 0.1901821 0.1927698 0.1875564 0.1905919 0.1916584 0.1898057 0.1906748 0.1988464 0.1839198 
pop1.indv5  0.0148970 0.0120340 0.0141292 0.0112707 0.0000000 0.0118050 0.0127343 0.0118414 0.0124765 0.0127133 0.0091653 0.0141994 0.0132403 0.0146901 0.0142230 0.0141292 0.0127283 0.0120625 0.0140175 0.0129717 0.0105801 0.0128342 0.0111129 0.0136486 0.0129901 0.1754325 0.1811749 0.1749243 0.1721535 0.1820109 0.1745666 0.1784484 0.1770809 0.1744754 0.1773521 0.1747114 0.1726794 0.1764218 0.1797926 0.1721904 0.1772537 0.1750329 0.1761114 0.1760263 0.1807188 0.1808469 0.1839314 0.1772201 0.1829179 0.1825753 0.1877009 0.1931823 0.1816668 0.1865350 0.1863822 0.1868405 0.1893398 0.1885963 0.1858507 0.1881185 0.1882704 0.1860844 0.1863098 0.1883125 0.1850092 0.1878539 0.1874407 0.1917096 0.1861023 0.1877376 0.1911010 0.1882038 0.1879272 0.1970174 0.1816375 
pop1.indv6  0.0144139 0.0127584 0.0128926 0.0136454 0.0118050 0.0000000 0.0143901 0.0146936 0.0117578 0.0119944 0.0122080 0.0142028 0.0103171 0.0118106 0.0138986 0.0162581 0.0127193 0.0123092 0.0149536 0.0138855 0.0107557 0.0120539 0.0148654 0.0160130 0.0127343 0.1791030 0.1852739 0.1778974 0.1751254 0.1849393 0.1774754 0.1800831 0.1802865 0.1774314 0.1814004 0.1781856 0.1767260 0.1802367 0.1823079 0.1763723 0.1800666 0.1792608 0.1784647 0.1796460 0.1839272 0.1849882 0.1874340 0.1808553 0.1872864 0.1848284 0.1876144 0.1933406 0.1828023 0.1891255 0.1872158 0.1880715 0.1896511 0.1889601 0.1870759 0.1901433 0.1898965 0.1862382 0.1872481 0.1891350 0.1860712 0.1881641 0.1882719 0.1915948 0.1881375 0.1894756 0.1922646 0.1891445 0.1902386 0.1964203 0.1834771 
pop1.indv7  0.0141059 0.0139249 0.0140960 0.0157497 0.0127343 0.0143901 0.0000000 0.0132309 0.0131780 0.0141026 0.0145830 0.0149147 0.0138790 0.0125325 0.0143833 0.0157312 0.0153300 0.0117661 0.0161079 0.0119662 0.0136102 0.0118246 0.0132028 0.0107683 0.0143765 0.1798296 0.1848237 0.1776273 0.1745811 0.1861810 0.1782028 0.1805854 0.1793426 0.1780950 0.1814592 0.1786895 0.1767369 0.1796286 0.1824203 0.1764371 0.1804015 0.1781037 0.1792471 0.1789166 0.1843209 0.1830315 0.1878823 0.1798045 0.1864373 0.1849960 0.1874407 0.1931604 0.1822969 0.1876442 0.1876074 0.1885790 0.1896407 0.1895239 0.1871271 0.1896236 0.1894271 0.1873056 0.1878675 0.1900985 0.1862382 0.1877594 0.1886607 0.1919822 0.1873381 0.1883878 0.1922499 0.1887363 0.1899444 0.1966206 0.1825354 
pop1.indv8  0.0156675 0.0123296 0.0122627 0.0141292 0.0118414 0.0146936 0.0132309 0.0000000 0.0125207 0.0142264 0.0117717 0.0150285 0.0134847 0.0123150 0.0130146 0.0165973 0.0127675 0.0137359 0.0145723 0.0139413 0.0108547 0.0130641 0.0137456 0.0165620 0.0132591 0.1814956 0.1851721 0.1785877 0.1752447 0.1867134 0.1782770 0.1819646 0.1808298 0.1773920 0.1818964 0.1798237 0.1774559 0.1814527 0.1837584 0.1769939 0.1808853 0.1791173 0.1797746 0.1798492 0.1837040 0.1846605 0.1887719 0.1816228 0.1878675 0.1861995 0.1895958 0.1953860 0.1831948 0.1887630 0.1887311 0.1866086 0.1909017 0.1897413 0.1876074 0.1906535 0.1908548 0.1879046 0.1885877 0.1909017 0.1864826 0.1892810 0.1890464 0.1923991 0.1867938 0.1897413 0.1918606 0.1888396 0.1902252 0.1970791 0.1823616 
pop1.indv9  0.0138464 0.0150428 0.0123514 0.0126567 0.0124765 0.0117578 0.0131780 0.0125207 0.0000000 0.0121453 0.0121766 0.0119972 0.0140927 0.0110320 0.0151067 0.0143427 0.0122109 0.0120057 0.0127044 0.0145419 0.0128564 0.0108012 0.0139282 0.0144706 0.0136711 0.1819040 0.1875728 0.1782398 0.1767466 0.1876442 0.1780411 0.1829204 0.1797867 0.1794779 0.1819090 0.1805761 0.1773441 0.1819694 0.1840897 0.1776463 0.1814071 0.1800396 0.1801924 0.1806079 0.1845999 0.1841468 0.1889019 0.1816927 0.1874448 0.1862907 0.1908517 0.1965034 0.1848875 0.1908146 0.1891445 0.1898377 0.1922052 0.1912266 0.1900069 0.1919203 0.1917729 0.1887186 0.1900179 0.1918635 0.1884458 0.1902518 0.1912136 0.1938305 0.1891637 0.1920721 0.1944203 0.1915355 0.1922943 0.2004413 0.1847540 
pop1.indv10 0.0150392 0.0148339 0.0154728 0.0136454 0.0127133 0.0119944 0.0141026 0.0142264 0.0121453 0.0000000 0.0129108 0.0127014 0.0159791 0.0124589 0.0126686 0.0190721 0.0162926 0.0091353 0.0124941 0.0147886 0.0135910 0.0124823 0.0136615 0.0131070 0.0131501 0.1845490 0.1899486 0.1829737 0.1796833 0.1917312 0.1827529 0.1868299 0.1842631 0.1828094 0.1855579 0.1854941 0.1822013 0.1843179 0.1884536 0.1820847 0.1850474 0.1835884 0.1846523 0.1854576 0.1889998 0.1894735 0.1930083 0.1857701 0.1916626 0.1902046 0.1896992 0.1958322 0.1851095 0.1901236 0.1882800 0.1894756 0.1917312 0.1916130 0.1886924 0.1917274 0.1921604 0.1890485 0.1891065 0.1906506 0.1883217 0.1901821 0.1906852 0.1938557 0.1884626 0.1916584 0.1930199 0.1915085 0.1921010 0.1995358 0.1850847 
pop1.indv11 0.0152581 0.0117247 0.0116809 0.0128896 0.0091653 0.0122080 0.0145830 0.0117717 0.0121766 0.0129108 0.0000000 0.0127584 0.0155494 0.0101290 0.0134275 0.0133458 0.0103414 0.0124413 0.0129962 0.0129108 0.0138432 0.0139743 0.0122512 0.0138367 0.0122425 0.1729584 0.1785269 0.1719674 0.1691524 0.1790770 0.1715406 0.1753643 0.1726794 0.1713865 0.1743697 0.1716568 0.1716816 0.1739640 0.1771840 0.1697287 0.1733923 0.1720600 0.1733206 0.1731517 0.1776907 0.1780586 0.1812929 0.1735977 0.1808217 0.1794038 0.1824663 0.1877739 0.1763912 0.1816346 0.1811194 0.1809492 0.1833094 0.1830855 0.1820825 0.1828013 0.1831966 0.1793493 0.1822488 0.1843758 0.1797379 0.1821913 0.1822488 0.1857286 0.1788145 0.1832534 0.1859485 0.1821872 0.1833653 0.1909322 0.1766634 
pop1.indv12 0.0165581 0.0151568 0.0136711 0.0146174 0.0141994 0.0142028 0.0149147 0.0150285 0.0119972 0.0127014 0.0127584 0.0000000 0.0129717 0.0123062 0.0135167 0.0162466 0.0124823 0.0118106 0.0135520 0.0151317 0.0158017 0.0142568 0.0147005 0.0122281 0.0144789 0.1831948 0.1886373 0.1812267 0.1780878 0.1879628 0.1801161 0.1846584 0.1829129 0.1807874 0.1839306 0.1829146 0.1804614 0.1834216 0.1862289 0.1795550 0.1834216 0.1824137 0.1827473 0.1820014 0.1863098 0.1870881 0.1912922 0.1838716 0.1898534 0.1896824 0.1923541 0.1967155 0.1870608 0.1918009 0.1913054 0.1914980 0.1932534 0.1937623 0.1906869 0.1948940 0.1928200 0.1898484 0.1908641 0.1937797 0.1898484 0.1925485 0.1924734 0.1945316 0.1897247 0.1937623 0.1961581 0.1933137 0.1929848 0.2003338 0.1868983 
pop1.indv13 0.0149111 0.0125088 0.0148164 0.0148025 0.0132403 0.0103171 0.0138790 0.0134847 0.0140927 0.0159791 0.0155494 0.0129717 0.0000000 0.0153772 0.0136937 0.0150463 0.0139117 0.0115295 0.0139578 0.0150889 0.0116973 0.0139314 0.0154027 0.0119719 0.0162965 0.1811118 0.1879326 0.1812894 0.1777707 0.1878897 0.1801270 0.1828621 0.1830838 0.1799079 0.1828584 0.1813483 0.1796955 0.1830283 0.1845960 0.1792334 0.1827473 0.1813585 0.1818535 0.1809327 0.1866395 0.1871271 0.1890370 0.1825809 0.1896577 0.1883462 0.1874474 0.1943311 0.1831396 0.1892420 0.1873894 0.1880715 0.1897097 0.1899335 0.1880406 0.1903207 0.1898377 0.1856184 0.1869730 0.1908641 0.1858467 0.1891350 0.1891837 0.1922794 0.1866032 0.1898163 0.1926662 0.1896029 0.1904156 0.1980837 0.1837550 
pop1.indv14 0.0094213 0.0137261 0.0129259 0.0134054 0.0146901 0.0118106 0.0125325 0.0123150 0.0110320 0.0124589 0.0101290 0.0123062 0.0153772 0.0000000 0.0131966 0.0169990 0.0105950 0.0120368 0.0118190 0.0146346 0.0131749 0.0118358 0.0144652 0.0112760 0.0122917 0.1820062 0.1878897 0.1789863 0.1772537 0.1893885 0.1783397 0.1837584 0.1808853 0.1797319 0.1833087 0.1797746 0.1781942 0.1820155 0.1841504 0.1787751 0.1818457 0.1802367 0.1810640 0.1816639 0.1856257 0.1855579 0.1898592 0.1814559 0.1887186 0.1863098 0.1888396 0.1939791 0.1842715 0.1889202 0.1866611 0.1883208 0.1893885 0.1891541 0.1866970 0.1889665 0.1898700 0.1868120 0.1881218 0.1895060 0.1868234 0.1877884 0.1885790 0.1919203 0.1871312 0.1881878 0.1923539 0.1893398 0.1900954 0.1979104 0.1828084 
pop1.indv15 0.0146692 0.0129839 0.0112154 0.0133991 0.0142230 0.0138986 0.0143833 0.0130146 0.0151067 0.0126686 0.0134275 0.0135167 0.0136937 0.0131966 0.0000000 0.0145624 0.0163119 0.0141659 0.0144446 0.0131532 0.0129259 0.0122743 0.0125118 0.0145590 0.0125088 0.1829700 0.1878749 0.1808426 0.1770583 0.1890861 0.1804115 0.1836452 0.1827462 0.1815793 0.1838724 0.1829171 0.1798104 0.1831970 0.1856039 0.1786817 0.1828033 0.1813619 0.1824694 0.1817229 0.1870942 0.1875797 0.1902861 0.1830855 0.1897158 0.1878318 0.1866503 0.1930566 0.1820714 0.1885619 0.1877304 0.1869331 0.1890277 0.1893686 0.1870186 0.1889386 0.1888709 0.1865195 0.1873697 0.1893200 0.1850555 0.1875427 0.1877667 0.1910881 0.1863147 0.1880560 0.1919228 0.1893200 0.1900731 0.1970486 0.1824772 
pop1.indv16 0.0171965 0.0160092 0.0152438 0.0161704 0.0141292 0.0162581 0.0157312 0.0165973 0.0143427 0.0190721 0.0133458 0.0162466 0.0150463 0.0169990 0.0145624 0.0000000 0.0136197 0.0150889 0.0151281 0.0161894 0.0154439 0.0174959 0.0177345 0.0140465 0.0167175 0.1849419 0.1905682 0.1838687 0.1809104 0.1913183 0.1833102 0.1867730 0.1853874 0.1840339 0.1860624 0.1853809 0.1827561 0.1853243 0.1881668 0.1830309 0.1863382 0.1844783 0.1852084 0.1852292 0.1892711 0.1895792 0.1935564 0.1870008 0.1928541 0.1913315 0.1950428 0.2014781 0.1899812 0.1953675 0.1939933 0.1946383 0.1969420 0.1971634 0.1941443 0.1977251 0.1956097 0.1933176 0.1938807 0.1965596 0.1924131 0.1965376 0.1959913 0.1990580 0.1926528 0.1972245 0.2000393 0.1960942 0.1969261 0.2044127 0.1895489 
pop1.indv17 0.0153808 0.0125029 0.0123890 0.0152976 0.0127283 0.0127193 0.0153300 0.0127675 0.0122109 0.0162926 0.0103414 0.0124823 0.0139117 0.0105950 0.0163119 0.0136197 0.0000000 0.0134529 0.0141826 0.0143697 0.0121623 0.0149394 0.0137229 0.0157534 0.0144309 0.1774263 0.1834216 0.1751785 0.1719300 0.1825795 0.1749408 0.1786972 0.1769400 0.1743467 0.1777707 0.1774656 0.1755227 0.1771764 0.1800341 0.1732354 0.1771764 0.1768860 0.1759753 0.1756200 0.1807874 0.1813034 0.1843790 0.1790770 0.1842028 0.1817369 0.1867079 0.1918464 0.1816755 0.1870881 0.1859080 0.1872222 0.1882300 0.1889110 0.1850474 0.1887133 0.1880637 0.1865195 0.1864623 0.1875495 0.1847739 0.1868639 0.1874206 0.1896615 0.1843854 0.1881140 0.1903806 0.1872672 0.1872158 0.1951444 0.1823116 
pop1.indv18 0.0141392 0.0125148 0.0145933 0.0138855 0.0120625 0.0123092 0.0117661 0.0137359 0.0120057 0.0091353 0.0124413 0.0118106 0.0115295 0.0120368 0.0141659 0.0150889 0.0134529 0.0000000 0.0111050 0.0117606 0.0107910 0.0117994 0.0122975 0.0133959 0.0134751 0.1773421 0.1824663 0.1740980 0.1727138 0.1826328 0.1737071 0.1775734 0.1760873 0.1750192 0.1778064 0.1751118 0.1722635 0.1769939 0.1790770 0.1737965 0.1767565 0.1755902 0.1759508 0.1760927 0.1801052 0.1812412 0.1841565 0.1779426 0.1837012 0.1817313 0.1827428 0.1881454 0.1785877 0.1825207 0.1807699 0.1826853 0.1839297 0.1830270 0.1826354 0.1826276 0.1844424 0.1809492 0.1812859 0.1844959 0.1804972 0.1824087 0.1825222 0.1861419 0.1818325 0.1841553 0.1865299 0.1841565 0.1842715 0.1916085 0.1782113 
pop1.indv19 0.0156267 0.0130239 0.0143528 0.0139052 0.0140175 0.0149536 0.0161079 0.0145723 0.0127044 0.0124941 0.0129962 0.0135520 0.0139578 0.0118190 0.0144446 0.0151281 0.0141826 0.0111050 0.0000000 0.0153954 0.0129472 0.0120710 0.0154687 0.0155714 0.0139644 0.1875842 0.1935643 0.1855149 0.1819549 0.1934778 0.1848307 0.1890766 0.1871705 0.1860140 0.1899182 0.1868177 0.1843194 0.1877304 0.1897472 0.1843806 0.1874541 0.1859527 0.1867025 0.1878838 0.1913978 0.1921458 0.1949993 0.1888618 0.1942161 0.1937192 0.1944473 0.1993070 0.1894777 0.1931768 0.1921288 0.1937541 0.1944708 0.1941072 0.1931604 0.1958777 0.1953247 0.1923092 0.1942101 0.1948359 0.1925638 0.1934778 0.1946154 0.1976979 0.1907132 0.1941252 0.1970331 0.1944287 0.1950800 0.2029379 0.1883632 
pop1.indv20 0.0165463 0.0117357 0.0111918 0.0143091 0.0129717 0.0138855 0.0119662 0.0139413 0.0145419 0.0147886 0.0129108 0.0151317 0.0150889 0.0146346 0.0131532 0.0161894 0.0143697 0.0117606 0.0153954 0.0000000 0.0143225 0.0139117 0.0151424 0.0140301 0.0145933 0.1844923 0.1902405 0.1808511 0.1791788 0.1904864 0.1819189 0.1852648 0.1836460 0.1815853 0.1857856 0.1829179 0.1799852 0.1846543 0.1863238 0.1799137 0.1843194 0.1827540 0.1830309 0.1824054 0.1870820 0.1875087 0.1916404 0.1845397 0.1904863 0.1888928 0.1909108 0.1968876 0.1865247 0.1922352 0.1901096 0.1907927 0.1931713 0.1934536 0.1894935 0.1932369 0.1938907 0.1893972 0.1910372 0.1931713 0.1891837 0.1919679 0.1929169 0.1950233 0.1901797 0.1924724 0.1948641 0.1917450 0.1927413 0.2005374 0.1865355 
pop1.indv21 0.0150782 0.0133771 0.0119048 0.0160017 0.0105801 0.0107557 0.0136102 0.0108547 0.0128564 0.0135910 0.0138432 0.0158017 0.0116973 0.0131749 0.0129259 0.0154439 0.0121623 0.0107910 0.0129472 0.0143225 0.0000000 0.0127014 0.0131718 0.0145079 0.0122137 0.1792743 0.1853809 0.1771968 0.1743845 0.1860624 0.1760647 0.1803667 0.1781770 0.1766727 0.1803466 0.1777539 0.1763121 0.1800777 0.1819238 0.1761059 0.1784647 0.1773441 0.1782028 0.1788145 0.1826380 0.1820317 0.1870246 0.1788672 0.1855403 0.1840389 0.1843209 0.1911806 0.1801215 0.1843179 0.1837026 0.1847739 0.1863430 0.1865093 0.1852113 0.1869849 0.1864673 0.1837572 0.1840369 0.1860624 0.1829179 0.1856111 0.1866183 0.1889509 0.1835343 0.1854976 0.1882479 0.1852202 0.1862955 0.1940004 0.1801750 
pop1.indv22 0.0129717 0.0108855 0.0124677 0.0120000 0.0128342 0.0120539 0.0118246 0.0130641 0.0108012 0.0124823 0.0139743 0.0142568 0.0139314 0.0118358 0.0122743 0.0174959 0.0149394 0.0117994 0.0120710 0.0139117 0.0127014 0.0000000 0.0140075 0.0131718 0.0115485 0.1814988 0.1872672 0.1789315 0.1774805 0.1875564 0.1797319 0.1835898 0.1806587 0.1801215 0.1828002 0.1806126 0.1788523 0.1817341 0.1842631 0.1793358 0.1813970 0.1801270 0.1812340 0.1811561 0.1854576 0.1860097 0.1896236 0.1824104 0.1889417 0.1877957 0.1892418 0.1946722 0.1838185 0.1885293 0.1871188 0.1882038 0.1905929 0.1900142 0.1888618 0.1911658 0.1903323 0.1865926 0.1875564 0.1906049 0.1863674 0.1891541 0.1886869 0.1917553 0.1871375 0.1897307 0.1918464 0.1905457 0.1892909 0.1978730 0.1830866 
pop1.indv23 0.0154210 0.0163428 0.0160546 0.0160812 0.0111129 0.0148654 0.0132028 0.0137456 0.0139282 0.0136615 0.0122512 0.0147005 0.0154027 0.0144652 0.0125118 0.0177345 0.0137229 0.0122975 0.0154687 0.0151424 0.0131718 0.0140075 0.0000000 0.0143799 0.0149076 0.1827982 0.1875495 0.1804972 0.1783145 0.1892712 0.1796709 0.1834777 0.1814494 0.1797867 0.1828565 0.1812859 0.1789683 0.1834779 0.1853306 0.1790009 0.1816755 0.1816316 0.1820736 0.1823420 0.1866503 0.1860097 0.1896824 0.1829715 0.1894554 0.1880715 0.1895264 0.1948968 0.1833083 0.1883544 0.1886636 0.1884964 0.1892712 0.1909233 0.1883961 0.1911658 0.1891241 0.1873894 0.1893200 0.1898003 0.1861419 0.1884127 0.1891445 0.1928484 0.1865032 0.1907705 0.1929367 0.1893985 0.1901546 0.1971793 0.1836449 
pop1.indv24 0.0152366 0.0107708 0.0147092 0.0152402 0.0136486 0.0160130 0.0107683 0.0165620 0.0144706 0.0131070 0.0138367 0.0122281 0.0119719 0.0112760 0.0145590 0.0140465 0.0157534 0.0133959 0.0155714 0.0140301 0.0145079 0.0131718 0.0143799 0.0000000 0.0143158 0.1814037 0.1873943 0.1790841 0.1778077 0.1874648 0.1791053 0.1831437 0.1817452 0.1795449 0.1814137 0.1805259 0.1779691 0.1823079 0.1848100 0.1785429 0.1814688 0.1810401 0.1811969 0.1806126 0.1853841 0.1858188 0.1905333 0.1821973 0.1887238 0.1874074 0.1890672 0.1954680 0.1825809 0.1897158 0.1883878 0.1894171 0.1912595 0.1906973 0.1877882 0.1906869 0.1897472 0.1872928 0.1883055 0.1906506 0.1870699 0.1893774 0.1889813 0.1929764 0.1873762 0.1894454 0.1933442 0.1897950 0.1904277 0.1973613 0.1845288 
pop1.indv25 0.0129625 0.0125355 0.0150605 0.0150818 0.0129901 0.0127343 0.0143765 0.0132591 0.0136711 0.0131501 0.0122425 0.0144789 0.0162965 0.0122917 0.0125088 0.0167175 0.0144309 0.0134751 0.0139644 0.0145933 0.0122137 0.0115485 0.0149076 0.0143158 0.0000000 0.1802103 0.1869730 0.1788843 0.1764334 0.1876653 0.1787904 0.1829179 0.1819015 0.1792403 0.1820132 0.1803415 0.1788056 0.1816813 0.1844290 0.1776813 0.1803364 0.1803567 0.1811823 0.1812121 0.1852831 0.1848803 0.1888709 0.1815732 0.1889905 0.1871580 0.1888709 0.1949190 0.1830263 0.1891933 0.1880792 0.1883125 0.1900032 0.1909108 0.1879829 0.1903799 0.1899073 0.1875495 0.1887363 0.1897789 0.1865299 0.1896511 0.1893587 0.1925332 0.1883208 0.1903922 0.1933673 0.1893200 0.1907113 0.1980095 0.1834216 
pop2.indv1  0.1878318 0.1743483 0.1825809 0.1833090 0.1754325 0.1791030 0.1798296 0.1814956 0.1819040 0.1845490 0.1729584 0.1831948 0.1811118 0.1820062 0.1829700 0.1849419 0.1774263 0.1773421 0.1875842 0.1844923 0.1792743 0.1814988 0.1827982 0.1814037 0.1802103 0.0000000 0.0119719 0.0121966 0.0100886 0.0124735 0.0141225 0.0157423 0.0117855 0.0121851 0.0108215 0.0129168 0.0121595 0.0119719 0.0128564 0.0100697 0.0117440 0.0128866 0.0124209 0.0108726 0.0131966 0.0119354 0.0134433 0.0134022 0.0126478 0.0124735 0.1871643 0.1923241 0.1842133 0.1859039 0.1864826 0.1862618 0.1892614 0.1892030 0.1852770 0.1875772 0.1858507 0.1839280 0.1832531 0.1872737 0.1839289 0.1885208 0.1831410 0.1878391 0.1860401 0.1882962 0.1896511 0.1863098 0.1875122 0.1986658 0.1799251 
pop2.indv2  0.1896201 0.1803966 0.1891940 0.1889235 0.1811749 0.1852739 0.1848237 0.1851721 0.1875728 0.1899486 0.1785269 0.1886373 0.1879326 0.1878897 0.1878749 0.1905682 0.1834216 0.1824663 0.1935643 0.1902405 0.1853809 0.1872672 0.1875495 0.1873943 0.1869730 0.0119719 0.0000000 0.0131162 0.0130917 0.0128956 0.0135910 0.0133395 0.0129077 0.0114353 0.0126508 0.0105084 0.0133146 0.0093204 0.0128175 0.0128715 0.0117220 0.0116618 0.0124035 0.0127193 0.0129077 0.0149724 0.0162542 0.0152081 0.0147678 0.0145830 0.1916859 0.1968650 0.1877089 0.1901709 0.1912266 0.1901572 0.1918215 0.1935395 0.1884619 0.1903450 0.1888347 0.1881982 0.1875087 0.1915540 0.1879177 0.1932580 0.1876233 0.1910960 0.1897683 0.1922352 0.1934799 0.1902518 0.1920865 0.2020790 0.1840854 
pop2.indv3  0.1842067 0.1717550 0.1810284 0.1816346 0.1749243 0.1778974 0.1776273 0.1785877 0.1782398 0.1829737 0.1719674 0.1812267 0.1812894 0.1789863 0.1808426 0.1838687 0.1751785 0.1740980 0.1855149 0.1808511 0.1771968 0.1789315 0.1804972 0.1790841 0.1788843 0.0121966 0.0131162 0.0000000 0.0119159 0.0131749 0.0124035 0.0114087 0.0119494 0.0097817 0.0119326 0.0090927 0.0111632 0.0099901 0.0134930 0.0107281 0.0095745 0.0104547 0.0106982 0.0119831 0.0135942 0.0116401 0.0162772 0.0100181 0.0123572 0.0124209 0.1835904 0.1897683 0.1811232 0.1837017 0.1835341 0.1825767 0.1857248 0.1847129 0.1820271 0.1844373 0.1835898 0.1800230 0.1810244 0.1844888 0.1803466 0.1860054 0.1799137 0.1838709 0.1831396 0.1862907 0.1858916 0.1830290 0.1839280 0.1947025 0.1758894 
pop2.indv4  0.1830849 0.1693892 0.1781488 0.1790770 0.1721535 0.1751254 0.1745811 0.1752447 0.1767466 0.1796833 0.1691524 0.1780878 0.1777707 0.1772537 0.1770583 0.1809104 0.1719300 0.1727138 0.1819549 0.1791788 0.1743845 0.1774805 0.1783145 0.1778077 0.1764334 0.0100886 0.0130917 0.0119159 0.0000000 0.0133959 0.0107206 0.0095678 0.0121851 0.0100088 0.0096059 0.0091033 0.0086164 0.0109600 0.0088154 0.0112206 0.0100768 0.0085725 0.0111840 0.0108317 0.0112180 0.0135688 0.0119578 0.0109908 0.0126094 0.0103074 0.1825781 0.1890861 0.1803364 0.1828621 0.1826902 0.1823510 0.1848827 0.1847694 0.1806905 0.1828575 0.1823563 0.1791858 0.1803567 0.1827484 0.1791788 0.1840953 0.1797986 0.1830290 0.1818430 0.1833655 0.1849368 0.1810679 0.1828584 0.1935733 0.1752853 
pop2.indv5  0.1941981 0.1806126 0.1876876 0.1893390 0.1820109 0.1849393 0.1861810 0.1867134 0.1876442 0.1917312 0.1790770 0.1879628 0.1878897 0.1893885 0.1890861 0.1913183 0.1825795 0.1826328 0.1934778 0.1904864 0.1860624 0.1875564 0.1892712 0.1874648 0.1876653 0.0124735 0.0128956 0.0131749 0.0133959 0.0000000 0.0155311 0.0157386 0.0141425 0.0133520 0.0134243 0.0138692 0.0152652 0.0136261 0.0149794 0.0128896 0.0124472 0.0161818 0.0147886 0.0132497 0.0136197 0.0171641 0.0160281 0.0159942 0.0159566 0.0120028 0.1894171 0.1958322 0.1873762 0.1895036 0.1900985 0.1887451 0.1921906 0.1915085 0.1877380 0.1908174 0.1884458 0.1874715 0.1878528 0.1888928 0.1853306 0.1922945 0.1872355 0.1894071 0.1894958 0.1918495 0.1923537 0.1901933 0.1903922 0.2011964 0.1840319 
pop2.indv6  0.1843711 0.1718449 0.1797137 0.1812519 0.1745666 0.1774754 0.1782028 0.1782770 0.1780411 0.1827529 0.1715406 0.1801161 0.1801270 0.1783397 0.1804115 0.1833102 0.1749408 0.1737071 0.1848307 0.1819189 0.1760647 0.1797319 0.1796709 0.1791053 0.1787904 0.0141225 0.0135910 0.0124035 0.0107206 0.0155311 0.0000000 0.0142323 0.0112101 0.0113980 0.0116836 0.0128265 0.0113838 0.0121623 0.0120692 0.0123774 0.0100485 0.0125392 0.0116428 0.0119831 0.0116782 0.0121029 0.0145249 0.0118964 0.0146852 0.0119103 0.1818006 0.1875866 0.1797926 0.1814752 0.1816899 0.1821336 0.1847628 0.1834773 0.1800940 0.1822430 0.1801924 0.1788206 0.1803717 0.1826962 0.1791454 0.1843711 0.1788821 0.1824170 0.1813449 0.1845397 0.1848168 0.1810795 0.1831974 0.1925016 0.1757038 
pop2.indv7  0.1878455 0.1766395 0.1838657 0.1855403 0.1784484 0.1800831 0.1805854 0.1819646 0.1829204 0.1868299 0.1753643 0.1846584 0.1828621 0.1837584 0.1836452 0.1867730 0.1786972 0.1775734 0.1890766 0.1852648 0.1803667 0.1835898 0.1834777 0.1831437 0.1829179 0.0157423 0.0133395 0.0114087 0.0095678 0.0157386 0.0142323 0.0000000 0.0128866 0.0158858 0.0126065 0.0109626 0.0106610 0.0135308 0.0125072 0.0157238 0.0154511 0.0139356 0.0123457 0.0138757 0.0164182 0.0142356 0.0164723 0.0142756 0.0144571 0.0164491 0.1857210 0.1906973 0.1828621 0.1852054 0.1853275 0.1850501 0.1870067 0.1872292 0.1839222 0.1857817 0.1843150 0.1821993 0.1828658 0.1861061 0.1821421 0.1880675 0.1828104 0.1856039 0.1842080 0.1867841 0.1876163 0.1837008 0.1860580 0.1972772 0.1789261 
pop2.indv8  0.1857817 0.1743251 0.1826406 0.1838133 0.1770809 0.1802865 0.1793426 0.1808298 0.1797867 0.1842631 0.1726794 0.1829129 0.1830838 0.1808853 0.1827462 0.1853874 0.1769400 0.1760873 0.1871705 0.1836460 0.1781770 0.1806587 0.1814494 0.1817452 0.1819015 0.0117855 0.0129077 0.0119494 0.0121851 0.0141425 0.0112101 0.0128866 0.0000000 0.0121766 0.0091353 0.0121994 0.0098046 0.0117055 0.0123601 0.0114755 0.0105627 0.0121170 0.0095633 0.0118218 0.0128987 0.0109959 0.0122137 0.0107381 0.0130948 0.0126894 0.1862476 0.1917869 0.1835343 0.1847694 0.1856220 0.1859695 0.1887363 0.1879904 0.1834775 0.1875122 0.1849419 0.1822449 0.1845979 0.1862382 0.1832534 0.1882140 0.1836456 0.1858997 0.1850065 0.1878245 0.1884374 0.1846605 0.1863050 0.1965816 0.1787818 
pop2.indv9  0.1845379 0.1737229 0.1799365 0.1804808 0.1744754 0.1774314 0.1780950 0.1773920 0.1794779 0.1828094 0.1713865 0.1807874 0.1799079 0.1797319 0.1815793 0.1840339 0.1743467 0.1750192 0.1860140 0.1815853 0.1766727 0.1801215 0.1797867 0.1795449 0.1792403 0.0121851 0.0114353 0.0097817 0.0100088 0.0133520 0.0113980 0.0158858 0.0121766 0.0000000 0.0095278 0.0111788 0.0127788 0.0104305 0.0132250 0.0137689 0.0128384 0.0127610 0.0111296 0.0117551 0.0132897 0.0149200 0.0168992 0.0140170 0.0128175 0.0126212 0.1827507 0.1889998 0.1802419 0.1821993 0.1838694 0.1824137 0.1852084 0.1847628 0.1794366 0.1830849 0.1815793 0.1802575 0.1789361 0.1824741 0.1797016 0.1844817 0.1795991 0.1819164 0.1819646 0.1840359 0.1859927 0.1820825 0.1833096 0.1938037 0.1763168 
pop2.indv10 0.1879904 0.1752048 0.1824726 0.1842080 0.1773521 0.1814004 0.1814592 0.1818964 0.1819090 0.1855579 0.1743697 0.1839306 0.1828584 0.1833087 0.1838724 0.1860624 0.1777707 0.1778064 0.1899182 0.1857856 0.1803466 0.1828002 0.1828565 0.1814137 0.1820132 0.0108215 0.0126508 0.0119326 0.0096059 0.0134243 0.0116836 0.0126065 0.0091353 0.0095278 0.0000000 0.0128805 0.0121170 0.0114647 0.0137496 0.0133645 0.0110346 0.0111892 0.0102355 0.0127283 0.0122166 0.0142689 0.0134086 0.0133426 0.0137817 0.0107834 0.1858507 0.1908050 0.1826902 0.1837017 0.1865299 0.1841553 0.1881562 0.1861810 0.1830303 0.1856294 0.1840399 0.1820780 0.1829179 0.1863527 0.1821336 0.1877089 0.1826950 0.1856754 0.1834781 0.1874782 0.1883217 0.1842658 0.1856792 0.1964595 0.1782367 
pop2.indv11 0.1849934 0.1744078 0.1820317 0.1833098 0.1747114 0.1781856 0.1786895 0.1798237 0.1805761 0.1854941 0.1716568 0.1829146 0.1813483 0.1797746 0.1829171 0.1853809 0.1774656 0.1751118 0.1868177 0.1829179 0.1777539 0.1806126 0.1812859 0.1805259 0.1803415 0.0129168 0.0105084 0.0090927 0.0091033 0.0138692 0.0128265 0.0109626 0.0121994 0.0111788 0.0128805 0.0000000 0.0123399 0.0114433 0.0128145 0.0114513 0.0109805 0.0116239 0.0109370 0.0120198 0.0126656 0.0132959 0.0157794 0.0109549 0.0142890 0.0121994 0.1870305 0.1929048 0.1834216 0.1872355 0.1869156 0.1866916 0.1892227 0.1880906 0.1853777 0.1871580 0.1864572 0.1824170 0.1847065 0.1877018 0.1830296 0.1894554 0.1822507 0.1878099 0.1855685 0.1885448 0.1881982 0.1860097 0.1858427 0.1975681 0.1800020 
pop2.indv12 0.1841444 0.1708650 0.1797798 0.1799365 0.1726794 0.1767260 0.1767369 0.1774559 0.1773441 0.1822013 0.1716816 0.1804614 0.1796955 0.1781942 0.1798104 0.1827561 0.1755227 0.1722635 0.1843194 0.1799852 0.1763121 0.1788523 0.1789683 0.1779691 0.1788056 0.0121595 0.0133146 0.0111632 0.0086164 0.0152652 0.0113838 0.0106610 0.0098046 0.0127788 0.0121170 0.0123399 0.0000000 0.0097545 0.0127551 0.0111658 0.0076459 0.0129855 0.0116401 0.0129047 0.0121283 0.0118826 0.0157386 0.0135339 0.0135119 0.0157054 0.1830315 0.1886433 0.1801431 0.1817589 0.1823633 0.1831424 0.1841456 0.1848122 0.1799964 0.1828064 0.1808679 0.1791123 0.1785667 0.1831433 0.1795449 0.1854839 0.1798339 0.1829212 0.1814104 0.1849805 0.1856495 0.1817535 0.1820847 0.1938287 0.1753636 
pop2.indv13 0.1858347 0.1749522 0.1838120 0.1835333 0.1764218 0.1802367 0.1796286 0.1814527 0.1819694 0.1843179 0.1739640 0.1834216 0.1830283 0.1820155 0.1831970 0.1853243 0.1771764 0.1769939 0.1877304 0.1846543 0.1800777 0.1817341 0.1834779 0.1823079 0.1816813 0.0119719 0.0093204 0.0099901 0.0109600 0.0136261 0.0121623 0.0135308 0.0117055 0.0104305 0.0114647 0.0114433 0.0097545 0.0000000 0.0132404 0.0131101 0.0102833 0.0102094 0.0106857 0.0134117 0.0109779 0.0125889 0.0164956 0.0133458 0.0114166 0.0114889 0.1857286 0.1906159 0.1809021 0.1839808 0.1853338 0.1840975 0.1868468 0.1857778 0.1815853 0.1842106 0.1825266 0.1810795 0.1821400 0.1848237 0.1816346 0.1867325 0.1806950 0.1847672 0.1830833 0.1876947 0.1866700 0.1843758 0.1848851 0.1961337 0.1779780 
pop2.indv14 0.1893000 0.1773143 0.1858071 0.1857624 0.1797926 0.1823079 0.1824203 0.1837584 0.1840897 0.1884536 0.1771840 0.1862289 0.1845960 0.1841504 0.1856039 0.1881668 0.1800341 0.1790770 0.1897472 0.1863238 0.1819238 0.1842631 0.1853306 0.1848100 0.1844290 0.0128564 0.0128175 0.0134930 0.0088154 0.0149794 0.0120692 0.0125072 0.0123601 0.0132250 0.0137496 0.0128145 0.0127551 0.0132404 0.0000000 0.0120804 0.0116239 0.0111141 0.0143934 0.0116700 0.0125654 0.0122543 0.0144909 0.0107056 0.0160463 0.0109320 0.1892614 0.1930040 0.1854907 0.1864840 0.1873436 0.1870126 0.1895792 0.1901955 0.1850874 0.1880330 0.1862105 0.1836438 0.1847002 0.1875591 0.1843680 0.1902536 0.1841977 0.1875591 0.1876442 0.1894156 0.1908120 0.1878955 0.1879678 0.1998944 0.1818864 
pop2.indv15 0.1833657 0.1717741 0.1798222 0.1799194 0.1721904 0.1763723 0.1764371 0.1769939 0.1776463 0.1820847 0.1697287 0.1795550 0.1792334 0.1787751 0.1786817 0.1830309 0.1732354 0.1737965 0.1843806 0.1799137 0.1761059 0.1793358 0.1790009 0.1785429 0.1776813 0.0100697 0.0128715 0.0107281 0.0112206 0.0128896 0.0123774 0.0157238 0.0114755 0.0137689 0.0133645 0.0114513 0.0111658 0.0131101 0.0120804 0.0000000 0.0107457 0.0137592 0.0135466 0.0105826 0.0135910 0.0116428 0.0160017 0.0133239 0.0135403 0.0133928 0.1878171 0.1926662 0.1840953 0.1871210 0.1874206 0.1859569 0.1891551 0.1882559 0.1850957 0.1876653 0.1848803 0.1828640 0.1854342 0.1878601 0.1841492 0.1901236 0.1840908 0.1872992 0.1860183 0.1891065 0.1899378 0.1871333 0.1874206 0.1984152 0.1797916 
pop2.indv16 0.1856147 0.1745520 0.1826419 0.1831419 0.1772537 0.1800666 0.1804015 0.1808853 0.1814071 0.1850474 0.1733923 0.1834216 0.1827473 0.1818457 0.1828033 0.1863382 0.1771764 0.1767565 0.1874541 0.1843194 0.1784647 0.1813970 0.1816755 0.1814688 0.1803364 0.0117440 0.0117220 0.0095745 0.0100768 0.0124472 0.0100485 0.0154511 0.0105627 0.0128384 0.0110346 0.0109805 0.0076459 0.0102833 0.0116239 0.0107457 0.0000000 0.0123716 0.0104766 0.0110476 0.0105379 0.0104742 0.0141292 0.0133270 0.0132867 0.0129199 0.1847739 0.1902861 0.1824104 0.1836456 0.1850555 0.1844941 0.1865716 0.1861765 0.1824170 0.1844390 0.1829730 0.1801871 0.1812999 0.1856717 0.1814071 0.1862336 0.1811896 0.1849393 0.1840430 0.1858956 0.1875290 0.1832531 0.1845490 0.1940357 0.1778623 
pop2.indv17 0.1862151 0.1743993 0.1817068 0.1826444 0.1750329 0.1792608 0.1781037 0.1791173 0.1800396 0.1835884 0.1720600 0.1824137 0.1813585 0.1802367 0.1813619 0.1844783 0.1768860 0.1755902 0.1859527 0.1827540 0.1773441 0.1801270 0.1816316 0.1810401 0.1803567 0.0128866 0.0116618 0.0104547 0.0085725 0.0161818 0.0125392 0.0139356 0.0121170 0.0127610 0.0111892 0.0116239 0.0129855 0.0102094 0.0111141 0.0137592 0.0123716 0.0000000 0.0090212 0.0119859 0.0123428 0.0153791 0.0142756 0.0135119 0.0146306 0.0126153 0.1863952 0.1918805 0.1838127 0.1847584 0.1852678 0.1858347 0.1877882 0.1873943 0.1832550 0.1861765 0.1842589 0.1817012 0.1823668 0.1858794 0.1829204 0.1887413 0.1823668 0.1862718 0.1841516 0.1871149 0.1877810 0.1861061 0.1865612 0.1975583 0.1785447 
pop2.indv18 0.1869554 0.1743697 0.1820317 0.1839239 0.1761114 0.1784647 0.1792471 0.1797746 0.1801924 0.1846523 0.1733206 0.1827473 0.1818535 0.1810640 0.1824694 0.1852084 0.1759753 0.1759508 0.1867025 0.1830309 0.1782028 0.1812340 0.1820736 0.1811969 0.1811823 0.0124209 0.0124035 0.0106982 0.0111840 0.0147886 0.0116428 0.0123457 0.0095633 0.0111296 0.0102355 0.0109370 0.0116401 0.0106857 0.0143934 0.0135466 0.0104766 0.0090212 0.0000000 0.0124912 0.0119243 0.0135150 0.0135719 0.0130703 0.0141925 0.0112364 0.1852770 0.1902046 0.1816870 0.1842028 0.1862336 0.1847717 0.1868983 0.1864472 0.1824203 0.1860712 0.1838694 0.1813069 0.1826985 0.1856642 0.1819140 0.1868983 0.1818663 0.1845979 0.1838716 0.1870699 0.1873436 0.1839255 0.1844323 0.1959308 0.1786972 
pop2.indv19 0.1859738 0.1743183 0.1822987 0.1827451 0.1760263 0.1796460 0.1789166 0.1798492 0.1806079 0.1854576 0.1731517 0.1820014 0.1809327 0.1816639 0.1817229 0.1852292 0.1756200 0.1760927 0.1878838 0.1824054 0.1788145 0.1811561 0.1823420 0.1806126 0.1812121 0.0108726 0.0127193 0.0119831 0.0108317 0.0132497 0.0119831 0.0138757 0.0118218 0.0117551 0.0127283 0.0120198 0.0129047 0.0134117 0.0116700 0.0105826 0.0110476 0.0119859 0.0124912 0.0000000 0.0132122 0.0098529 0.0127644 0.0156452 0.0143630 0.0115648 0.1863195 0.1917236 0.1830816 0.1857975 0.1852956 0.1866720 0.1884794 0.1876214 0.1844373 0.1854171 0.1851780 0.1823510 0.1838724 0.1859738 0.1821229 0.1878465 0.1819597 0.1864877 0.1839911 0.1871064 0.1885877 0.1848949 0.1859247 0.1960785 0.1796955 
pop2.indv20 0.1899703 0.1778250 0.1863903 0.1866753 0.1807188 0.1839272 0.1843209 0.1837040 0.1845999 0.1889998 0.1776907 0.1863098 0.1866395 0.1856257 0.1870942 0.1892711 0.1807874 0.1801052 0.1913978 0.1870820 0.1826380 0.1854576 0.1866503 0.1853841 0.1852831 0.0131966 0.0129077 0.0135942 0.0112180 0.0136197 0.0116782 0.0164182 0.0128987 0.0132897 0.0122166 0.0126656 0.0121283 0.0109779 0.0125654 0.0135910 0.0105379 0.0123428 0.0119243 0.0132122 0.0000000 0.0126035 0.0143731 0.0133865 0.0123514 0.0119159 0.1852801 0.1899922 0.1815702 0.1824726 0.1838716 0.1845490 0.1873566 0.1874140 0.1813034 0.1833089 0.1834216 0.1803567 0.1811933 0.1840941 0.1809654 0.1858916 0.1814721 0.1838140 0.1838166 0.1852202 0.1874715 0.1837021 0.1853370 0.1947627 0.1775427 
pop2.indv21 0.1887413 0.1787437 0.1868755 0.1868868 0.1808469 0.1849882 0.1830315 0.1846605 0.1841468 0.1894735 0.1780586 0.1870881 0.1871271 0.1855579 0.1875797 0.1895792 0.1813034 0.1812412 0.1921458 0.1875087 0.1820317 0.1860097 0.1860097 0.1858188 0.1848803 0.0119354 0.0149724 0.0116401 0.0135688 0.0171641 0.0121029 0.0142356 0.0109959 0.0149200 0.0142689 0.0132959 0.0118826 0.0125889 0.0122543 0.0116428 0.0104742 0.0153791 0.0135150 0.0098529 0.0126035 0.0000000 0.0169350 0.0119215 0.0156212 0.0157128 0.1912136 0.1961944 0.1879753 0.1894156 0.1908610 0.1896304 0.1932253 0.1925456 0.1880026 0.1907215 0.1891551 0.1870519 0.1881746 0.1896577 0.1867785 0.1921470 0.1879453 0.1910245 0.1900985 0.1927232 0.1930474 0.1898904 0.1908734 0.2016396 0.1834767 
pop2.indv22 0.1954882 0.1829700 0.1905215 0.1919679 0.1839314 0.1874340 0.1878823 0.1887719 0.1889019 0.1930083 0.1812929 0.1912922 0.1890370 0.1898592 0.1902861 0.1935564 0.1843790 0.1841565 0.1949993 0.1916404 0.1870246 0.1896236 0.1896824 0.1905333 0.1888709 0.0134433 0.0162542 0.0162772 0.0119578 0.0160281 0.0145249 0.0164723 0.0122137 0.0168992 0.0134086 0.0157794 0.0157386 0.0164956 0.0144909 0.0160017 0.0141292 0.0142756 0.0135719 0.0127644 0.0143731 0.0169350 0.0000000 0.0162428 0.0142722 0.0125029 0.1947783 0.2013169 0.1925332 0.1942582 0.1950623 0.1939863 0.1963986 0.1964814 0.1926354 0.1946950 0.1925179 0.1903219 0.1922499 0.1945175 0.1908983 0.1968650 0.1921313 0.1959140 0.1934947 0.1966038 0.1981207 0.1944152 0.1954679 0.2064615 0.1878808 
pop2.indv23 0.1877451 0.1763492 0.1843680 0.1839239 0.1772201 0.1808553 0.1798045 0.1816228 0.1816927 0.1857701 0.1735977 0.1838716 0.1825809 0.1814559 0.1830855 0.1870008 0.1790770 0.1779426 0.1888618 0.1845397 0.1788672 0.1824104 0.1829715 0.1821973 0.1815732 0.0134022 0.0152081 0.0100181 0.0109908 0.0159942 0.0118964 0.0142756 0.0107381 0.0140170 0.0133426 0.0109549 0.0135339 0.0133458 0.0107056 0.0133239 0.0133270 0.0135119 0.0130703 0.0156452 0.0133865 0.0119215 0.0162428 0.0000000 0.0135056 0.0124035 0.1889509 0.1957714 0.1872545 0.1885856 0.1885448 0.1890183 0.1912595 0.1901821 0.1873943 0.1891933 0.1869613 0.1857739 0.1858228 0.1892227 0.1855508 0.1916584 0.1857662 0.1892131 0.1881140 0.1909197 0.1916447 0.1888837 0.1895239 0.2003842 0.1824849 
pop2.indv24 0.1941684 0.1812483 0.1893285 0.1885601 0.1829179 0.1872864 0.1864373 0.1878675 0.1874448 0.1916626 0.1808217 0.1898534 0.1896577 0.1887186 0.1897158 0.1928541 0.1842028 0.1837012 0.1942161 0.1904863 0.1855403 0.1889417 0.1894554 0.1887238 0.1889905 0.0126478 0.0147678 0.0123572 0.0126094 0.0159566 0.0146852 0.0144571 0.0130948 0.0128175 0.0137817 0.0142890 0.0135119 0.0114166 0.0160463 0.0135403 0.0132867 0.0146306 0.0141925 0.0143630 0.0123514 0.0156212 0.0142722 0.0135056 0.0000000 0.0159566 0.1927825 0.1980715 0.1905682 0.1930156 0.1927825 0.1924574 0.1961699 0.1940669 0.1907998 0.1939581 0.1930906 0.1886176 0.1902424 0.1929289 0.1889630 0.1947882 0.1903470 0.1941265 0.1919679 0.1948071 0.1955883 0.1921470 0.1929011 0.2038350 0.1870669 
pop2.indv25 0.1930083 0.1806126 0.1879103 0.1887186 0.1825753 0.1848284 0.1849960 0.1861995 0.1862907 0.1902046 0.1794038 0.1896824 0.1883462 0.1863098 0.1878318 0.1913315 0.1817369 0.1817313 0.1937192 0.1888928 0.1840389 0.1877957 0.1880715 0.1874074 0.1871580 0.0124735 0.0145830 0.0124209 0.0103074 0.0120028 0.0119103 0.0164491 0.0126894 0.0126212 0.0107834 0.0121994 0.0157054 0.0114889 0.0109320 0.0133928 0.0129199 0.0126153 0.0112364 0.0115648 0.0119159 0.0157128 0.0125029 0.0124035 0.0159566 0.0000000 0.1898857 0.1951034 0.1882881 0.1890579 0.1899335 0.1911010 0.1932909 0.1926507 0.1881405 0.1904746 0.1887274 0.1870186 0.1887589 0.1911806 0.1875358 0.1920272 0.1870126 0.1907804 0.1908174 0.1924875 0.1930520 0.1892420 0.1899335 0.2006288 0.1835879 
pop3.indv1  0.1976257 0.1836482 0.1909322 0.1890766 0.1877009 0.1876144 0.1874407 0.1895958 0.1908517 0.1896992 0.1824663 0.1923541 0.1874474 0.1888396 0.1866503 0.1950428 0.1867079 0.1827428 0.1944473 0.1909108 0.1843209 0.1892418 0.1895264 0.1890672 0.1888709 0.1871643 0.1916859 0.1835904 0.1825781 0.1894171 0.1818006 0.1857210 0.1862476 0.1827507 0.1858507 0.1870305 0.1830315 0.1857286 0.1892614 0.1878171 0.1847739 0.1863952 0.1852770 0.1863195 0.1852801 0.1912136 0.1947783 0.1889509 0.1927825 0.1898857 0.0000000 0.0112574 0.0120170 0.0143562 0.0096240 0.0127193 0.0124384 0.0126656 0.0114674 0.0094080 0.0107784 0.0100673 0.0114620 0.0131470 0.0086608 0.0093204 0.0143326 0.0095879 0.0120085 0.0141093 0.0112813 0.0112522 0.0122051 0.0145795 0.0088011 
pop3.indv2  0.2029354 0.1899773 0.1965376 0.1950428 0.1931823 0.1933406 0.1931604 0.1953860 0.1965034 0.1958322 0.1877739 0.1967155 0.1943311 0.1939791 0.1930566 0.2014781 0.1918464 0.1881454 0.1993070 0.1968876 0.1911806 0.1946722 0.1948968 0.1954680 0.1949190 0.1923241 0.1968650 0.1897683 0.1890861 0.1958322 0.1875866 0.1906973 0.1917869 0.1889998 0.1908050 0.1929048 0.1886433 0.1906159 0.1930040 0.1926662 0.1902861 0.1918805 0.1902046 0.1917236 0.1899922 0.1961944 0.2013169 0.1957714 0.1980715 0.1951034 0.0112574 0.0000000 0.0143664 0.0138497 0.0103002 0.0153518 0.0148269 0.0146070 0.0133489 0.0120113 0.0105429 0.0124384 0.0138692 0.0153337 0.0100650 0.0123977 0.0152652 0.0131687 0.0124442 0.0126745 0.0129168 0.0124296 0.0167807 0.0157645 0.0130156 
