80
pop0_0     0.0000000 0.0035690 0.0061287 0.0097271 0.0128252 0.0143791 0.0180173 0.0201025 0.0154168 0.0211500 0.0159362 0.0190601 0.0190601 0.0195820 0.0211512 0.0201043 0.0169760 0.0180173 0.0279825 0.0206257 0.1194314 0.1194274 0.1182400 0.1146793 0.1152761 0.1152691 0.1123028 0.1105364 0.1146940 0.1099567 0.1123157 0.1111343 0.1146762 0.1140948 0.1117288 0.1200266 0.1200265 0.1230249 0.1134947 0.1164510 0.2100495 0.2087053 0.2107224 0.2181719 0.2080189 0.2066906 0.2141104 0.2093782 0.2087007 0.2113926 0.2066870 0.2060250 0.2140876 0.2120603 0.2087035 0.2107378 0.2100382 0.2127571 0.2147722 0.2107191 0.3667294 0.3650635 0.3692315 0.3725483 0.3692398 0.3709000 0.3742542 0.3750826 0.3742398 0.3725538 0.3742237 0.3683950 0.3700380 0.3666761 0.3750504 0.3783716 0.3742577 0.3708536 0.3683840 0.3650574 
pop0_1     0.0035690 0.0000000 0.0086972 0.0123080 0.0154168 0.0169760 0.0206281 0.0227199 0.0180173 0.0237719 0.0185396 0.0216733 0.0216733 0.0221971 0.0237727 0.0227212 0.0195820 0.0206286 0.0306288 0.0232457 0.1224247 0.1224205 0.1212285 0.1176536 0.1182528 0.1182456 0.1152674 0.1134941 0.1176687 0.1129123 0.1152806 0.1140945 0.1176504 0.1170669 0.1146915 0.1230222 0.1230221 0.1260327 0.1164643 0.1194321 0.2134314 0.2120812 0.2141075 0.2215910 0.2113915 0.2100573 0.2175111 0.2127571 0.2120765 0.2147806 0.2100537 0.2093888 0.2174878 0.2154512 0.2120793 0.2141230 0.2134200 0.2161515 0.2181756 0.2141040 0.3709033 0.3692279 0.3734195 0.3767548 0.3734279 0.3750973 0.3784706 0.3793035 0.3784559 0.3767601 0.3784396 0.3725780 0.3742304 0.3708491 0.3792710 0.3826105 0.3784741 0.3750502 0.3725672 0.3692218 
pop0_2     0.0061287 0.0086972 0.0000000 0.0128252 0.0159362 0.0174975 0.0211512 0.0232445 0.0185385 0.0242973 0.0190613 0.0221971 0.0221971 0.0227212 0.0242981 0.0232457 0.0201043 0.0211517 0.0311591 0.0237705 0.1230251 0.1230209 0.1218279 0.1182501 0.1188498 0.1188426 0.1158620 0.1140872 0.1182653 0.1135050 0.1158753 0.1146882 0.1182469 0.1176630 0.1152857 0.1236231 0.1236229 0.1266360 0.1170598 0.1200300 0.2141110 0.2127594 0.2147876 0.2222781 0.2120691 0.2107337 0.2181944 0.2134360 0.2127547 0.2147779 0.2107300 0.2100646 0.2181711 0.2161325 0.2127575 0.2148032 0.2140995 0.2168335 0.2188595 0.2147842 0.3717465 0.3700692 0.3742657 0.3776048 0.3742741 0.3759455 0.3793227 0.3801565 0.3793080 0.3776102 0.3792916 0.3734232 0.3750775 0.3716922 0.3801240 0.3834674 0.3793262 0.3758982 0.3734123 0.3700630 
pop0_3     0.0097271 0.0123080 0.0128252 0.0000000 0.0164559 0.0180173 0.0216733 0.0237676 0.0190590 0.0248213 0.0195820 0.0227199 0.0227197 0.0232445 0.0248213 0.0237694 0.0206258 0.0216733 0.0316875 0.0242934 0.1236151 0.1236109 0.1224171 0.1188368 0.1194370 0.1194297 0.1164469 0.1146709 0.1188521 0.1140883 0.1164603 0.1152723 0.1188336 0.1182493 0.1158703 0.1242135 0.1242134 0.1272287 0.1176457 0.1206179 0.2147705 0.2134179 0.2154477 0.2229443 0.2127269 0.2113905 0.2188573 0.2140951 0.2134132 0.2161220 0.2100351 0.2107209 0.2188339 0.2167937 0.2134160 0.2154634 0.2147590 0.2174953 0.2195229 0.2154443 0.3725485 0.3708695 0.3750702 0.3784127 0.3750787 0.3767517 0.3801324 0.3809670 0.3801176 0.3784180 0.3801012 0.3742269 0.3758828 0.3724941 0.3809344 0.3842811 0.3801359 0.3767043 0.3742160 0.3708633 
pop0_4     0.0128252 0.0154168 0.0159362 0.0164559 0.0000000 0.0169760 0.0206269 0.0227183 0.0180162 0.0237705 0.0185385 0.0216720 0.0216718 0.0221959 0.0237705 0.0227200 0.0195808 0.0206269 0.0306271 0.0232433 0.1224154 0.1224113 0.1212193 0.1176447 0.1182439 0.1182367 0.1152587 0.1134855 0.1176598 0.1129038 0.1152719 0.1140859 0.1176416 0.1170581 0.1146829 0.1230129 0.1230128 0.1260232 0.1164555 0.1194231 0.2134149 0.2120648 0.2140909 0.2215738 0.2113751 0.2100410 0.2174942 0.2127407 0.2120601 0.2147640 0.2100374 0.2093726 0.2174710 0.2154345 0.2120629 0.2141064 0.2134035 0.2161348 0.2181587 0.2140875 0.3716985 0.3700215 0.3742172 0.3775557 0.3742256 0.3758967 0.3792733 0.3801070 0.3792586 0.3775611 0.3792422 0.3733749 0.3750288 0.3716442 0.3800744 0.3834172 0.3792768 0.3758494 0.3733640 0.3700153 
pop0_5     0.0143791 0.0169760 0.0174975 0.0180173 0.0169760 0.0000000 0.0159362 0.0232433 0.0185385 0.0242957 0.0190601 0.0221971 0.0221971 0.0227212 0.0242968 0.0232457 0.0201043 0.0211500 0.0311571 0.0237687 0.1230175 0.1230133 0.1218204 0.1182429 0.1188426 0.1188353 0.1158549 0.1140803 0.1182581 0.1134981 0.1158682 0.1146812 0.1182397 0.1176558 0.1152787 0.1236154 0.1236152 0.1266282 0.1170527 0.1200227 0.2140957 0.2127443 0.2147722 0.2222620 0.2120540 0.2107187 0.2181787 0.2134208 0.2127396 0.2154459 0.2107151 0.2100497 0.2181554 0.2161170 0.2127423 0.2147878 0.2140842 0.2168180 0.2188437 0.2147688 0.3725380 0.3708591 0.3750595 0.3784017 0.3750679 0.3767408 0.3801212 0.3809558 0.3801065 0.3784070 0.3800900 0.3742162 0.3742026 0.3708218 0.3809232 0.3842696 0.3801248 0.3766935 0.3742053 0.3708529 
pop0_6     0.0180173 0.0206281 0.0211512 0.0216733 0.0206269 0.0159362 0.0000000 0.0269246 0.0221971 0.0279825 0.0227212 0.0258736 0.0258725 0.0264002 0.0279839 0.0269273 0.0237705 0.0248213 0.0348779 0.0274527 0.1272266 0.1272222 0.1260228 0.1224253 0.1230285 0.1230210 0.1200237 0.1182393 0.1224411 0.1176542 0.1200375 0.1188439 0.1224220 0.1218353 0.1194448 0.1278279 0.1278277 0.1308579 0.1212285 0.1242148 0.2188531 0.2174930 0.2195340 0.2270719 0.2167980 0.2154545 0.2229624 0.2181739 0.2174882 0.2202119 0.2154508 0.2147814 0.2229385 0.2208870 0.2174910 0.2195498 0.2188413 0.2215930 0.2236314 0.2195304 0.3784262 0.3767339 0.3809679 0.3843366 0.3809765 0.3826626 0.3860703 0.3869113 0.3860551 0.3843417 0.3860384 0.3801176 0.3817867 0.3783706 0.3868782 0.3902509 0.3860738 0.3826143 0.3801068 0.3767276 
pop0_7     0.0201025 0.0227199 0.0232445 0.0237676 0.0227183 0.0232433 0.0269246 0.0000000 0.0128241 0.0206269 0.0195820 0.0227190 0.0248180 0.0253443 0.0269262 0.0258706 0.0227184 0.0237692 0.0327472 0.0263959 0.1260093 0.1260050 0.1248076 0.1212162 0.1218183 0.1218109 0.1188187 0.1170374 0.1212319 0.1164532 0.1188324 0.1176408 0.1212130 0.1206271 0.1182407 0.1266096 0.1266094 0.1296343 0.1200214 0.1230027 0.2174678 0.2161104 0.2181474 0.2256705 0.2154169 0.2140759 0.2215691 0.2167900 0.2161056 0.2188240 0.2140722 0.2134041 0.2215454 0.2194979 0.2161084 0.2181632 0.2174561 0.2202023 0.2222368 0.2181439 0.3766920 0.3750039 0.3792275 0.3825879 0.3792360 0.3809180 0.3843172 0.3851562 0.3843021 0.3825930 0.3842855 0.3783793 0.3800442 0.3766367 0.3851233 0.3884878 0.3843208 0.3808699 0.3783685 0.3749976 
pop0_8     0.0154168 0.0180173 0.0185385 0.0190590 0.0180162 0.0185385 0.0221971 0.0128241 0.0000000 0.0159362 0.0148978 0.0180173 0.0201030 0.0206259 0.0221971 0.0211500 0.0180173 0.0190601 0.0290392 0.0216712 0.1206215 0.1206174 0.1194282 0.1158620 0.1164597 0.1164526 0.1134817 0.1117127 0.1158768 0.1111321 0.1134947 0.1123115 0.1158589 0.1152766 0.1129070 0.1212175 0.1212174 0.1242205 0.1146756 0.1176363 0.2113901 0.2100435 0.2120642 0.2195269 0.2093559 0.2080253 0.2154583 0.2107176 0.2100389 0.2127355 0.2080217 0.2073585 0.2154353 0.2134044 0.2100417 0.2120796 0.2113788 0.2141025 0.2161211 0.2120609 0.3691998 0.3675284 0.3717101 0.3750376 0.3717184 0.3733840 0.3767493 0.3775803 0.3767348 0.3750431 0.3767185 0.3708707 0.3725192 0.3691460 0.3775479 0.3808797 0.3767528 0.3733372 0.3708598 0.3675223 
pop0_9     0.0211500 0.0237719 0.0242973 0.0248213 0.0237705 0.0242957 0.0279825 0.0206269 0.0159362 0.0000000 0.0206283 0.0237705 0.0258736 0.0264002 0.0279845 0.0269273 0.0237705 0.0248227 0.0348791 0.0274534 0.1272300 0.1272257 0.1260262 0.1224286 0.1230318 0.1230243 0.1200269 0.1182425 0.1224445 0.1176574 0.1200407 0.1188471 0.1224253 0.1218385 0.1194480 0.1278313 0.1278311 0.1308614 0.1212317 0.1242181 0.2188597 0.2174996 0.2195406 0.2270787 0.2168045 0.2154610 0.2229692 0.2181805 0.2174947 0.2202185 0.2154573 0.2147879 0.2229453 0.2208937 0.2174975 0.2195565 0.2188479 0.2215997 0.2236382 0.2195370 0.3784389 0.3767466 0.3809808 0.3843496 0.3809894 0.3826755 0.3860833 0.3869243 0.3860681 0.3843546 0.3860514 0.3801304 0.3817995 0.3783833 0.3868913 0.3902641 0.3860869 0.3826272 0.3801196 0.3767403 
pop0_10    0.0159362 0.0185396 0.0190613 0.0195820 0.0185385 0.0190601 0.0227212 0.0195820 0.0148978 0.0206283 0.0000000 0.0133428 0.0206269 0.0211500 0.0227228 0.0216733 0.0185385 0.0195831 0.0295681 0.0221959 0.1212252 0.1212210 0.1200309 0.1164617 0.1170599 0.1170528 0.1140794 0.1123089 0.1164766 0.1117279 0.1140924 0.1129082 0.1164585 0.1158759 0.1135042 0.1218217 0.1218216 0.1248273 0.1152743 0.1182374 0.2107280 0.2093825 0.2114016 0.2174976 0.2086955 0.2073660 0.2147928 0.2100561 0.2093780 0.2120723 0.2073623 0.2066998 0.2147699 0.2127407 0.2093807 0.2114169 0.2107167 0.2134381 0.2154551 0.2113982 0.3700563 0.3683829 0.3725696 0.3759011 0.3725780 0.3742455 0.3776149 0.3784469 0.3776003 0.3759065 0.3775840 0.3717292 0.3733796 0.3700023 0.3784145 0.3817502 0.3776184 0.3741986 0.3717183 0.3683767 
pop0_11    0.0190601 0.0216733 0.0221971 0.0227199 0.0216720 0.0221971 0.0258736 0.0227190 0.0180173 0.0237705 0.0133428 0.0000000 0.0237690 0.0242945 0.0258736 0.0248202 0.0216721 0.0227212 0.0327495 0.0253448 0.1248155 0.1248112 0.1236155 0.1200296 0.1206308 0.1206234 0.1176358 0.1158571 0.1200451 0.1152737 0.1176494 0.1164596 0.1200264 0.1194413 0.1170585 0.1254148 0.1254146 0.1284349 0.1188366 0.1218135 0.2161251 0.2147701 0.2168035 0.2243136 0.2140778 0.2127391 0.2202193 0.2154485 0.2147653 0.2174790 0.2127354 0.2120683 0.2201957 0.2181518 0.2147681 0.2168192 0.2161135 0.2188549 0.2208859 0.2168000 0.3733742 0.3716935 0.3758986 0.3792446 0.3759071 0.3775818 0.3809661 0.3818016 0.3809513 0.3792498 0.3809348 0.3750543 0.3767120 0.3733196 0.3817689 0.3851190 0.3809696 0.3775343 0.3750434 0.3716872 
pop0_12    0.0190601 0.0216733 0.0221971 0.0227197 0.0216718 0.0221971 0.0258725 0.0248180 0.0201030 0.0258736 0.0206269 0.0237690 0.0000000 0.0097271 0.0174965 0.0164543 0.0154154 0.0164559 0.0263990 0.0190576 0.1176350 0.1176310 0.1164465 0.1128944 0.1134897 0.1134828 0.1105239 0.1087617 0.1129089 0.1081832 0.1105365 0.1093580 0.1128914 0.1123112 0.1099510 0.1170390 0.1170389 0.1212195 0.1117128 0.1146619 0.2080161 0.2066756 0.2086872 0.2161159 0.2059913 0.2046665 0.2120657 0.2073466 0.2066711 0.2093555 0.2046629 0.2040026 0.2120431 0.2100215 0.2066739 0.2087024 0.2080050 0.2107161 0.2127258 0.2086839 0.3650323 0.3633703 0.3675285 0.3708375 0.3675367 0.3691931 0.3725394 0.3733659 0.3725251 0.3708431 0.3725090 0.3666940 0.3683332 0.3649793 0.3733338 0.3766473 0.3725428 0.3691469 0.3666830 0.3633642 
pop0_13    0.0195820 0.0221971 0.0227212 0.0232445 0.0221959 0.0227212 0.0264002 0.0253443 0.0206259 0.0264002 0.0211500 0.0242945 0.0097271 0.0000000 0.0180173 0.0169746 0.0159350 0.0169760 0.0269273 0.0195797 0.1182322 0.1182282 0.1170427 0.1134878 0.1140835 0.1140766 0.1111153 0.1093518 0.1135023 0.1087728 0.1111280 0.1099485 0.1134847 0.1129041 0.1105420 0.1176357 0.1176355 0.1218196 0.1123052 0.1152566 0.2086909 0.2073493 0.2093627 0.2167982 0.2066643 0.2053383 0.2127443 0.2080209 0.2073448 0.2100316 0.2053347 0.2046739 0.2127216 0.2106982 0.2073475 0.2093779 0.2086798 0.2113935 0.2134049 0.2093594 0.3658655 0.3642016 0.3683645 0.3716772 0.3683727 0.3700309 0.3733810 0.3742084 0.3733667 0.3716827 0.3733505 0.3675290 0.3691701 0.3658123 0.3741763 0.3774934 0.3733845 0.3699846 0.3675181 0.3641955 
pop0_14    0.0211512 0.0237727 0.0242981 0.0248213 0.0237705 0.0242968 0.0279839 0.0269262 0.0221971 0.0279845 0.0227228 0.0258736 0.0174965 0.0180173 0.0000000 0.0123080 0.0174965 0.0185397 0.0285118 0.0211500 0.1200310 0.1200269 0.1188386 0.1152750 0.1158722 0.1158652 0.1128965 0.1111287 0.1152897 0.1105485 0.1129094 0.1117270 0.1152719 0.1146900 0.1123221 0.1206266 0.1206265 0.1236274 0.1140894 0.1170480 0.2107290 0.2093836 0.2114026 0.2188591 0.2086965 0.2073669 0.2147938 0.2100571 0.2093790 0.2120734 0.2073633 0.2067007 0.2147709 0.2127417 0.2093817 0.2114180 0.2107177 0.2134392 0.2154561 0.2113992 0.3683954 0.3667257 0.3709032 0.3733786 0.3709115 0.3725754 0.3759373 0.3767675 0.3759228 0.3742328 0.3759066 0.3700647 0.3717115 0.3683418 0.3767352 0.3800637 0.3759408 0.3725287 0.3700538 0.3667196 
pop0_15    0.0201043 0.0227212 0.0232457 0.0237694 0.0227200 0.0232457 0.0269273 0.0258706 0.0211500 0.0269273 0.0216733 0.0248202 0.0164543 0.0169746 0.0123080 0.0000000 0.0164547 0.0174965 0.0274547 0.0195793 0.1188285 0.1188244 0.1176380 0.1140804 0.1146766 0.1146696 0.1117059 0.1099410 0.1140949 0.1093617 0.1117187 0.1105383 0.1140773 0.1134963 0.1111323 0.1194232 0.1194230 0.1224188 0.1128968 0.1158506 0.2093643 0.2080214 0.2100366 0.2174789 0.2073358 0.2060086 0.2134214 0.2086936 0.2080169 0.2107061 0.2060050 0.2053436 0.2133986 0.2113733 0.2080196 0.2100519 0.2093531 0.2120693 0.2140825 0.2100333 0.3666972 0.3650314 0.3691990 0.3716687 0.3692072 0.3708673 0.3742211 0.3750494 0.3742068 0.3725209 0.3741906 0.3683625 0.3700054 0.3666438 0.3750172 0.3783380 0.3742246 0.3708208 0.3683516 0.3650253 
pop0_16    0.0169760 0.0195820 0.0201043 0.0206258 0.0195808 0.0201043 0.0237705 0.0227184 0.0180173 0.0237705 0.0185385 0.0216721 0.0154154 0.0159350 0.0174965 0.0164547 0.0000000 0.0123080 0.0242957 0.0169739 0.1152591 0.1152552 0.1140743 0.1105334 0.1111267 0.1111199 0.1081704 0.1064137 0.1105475 0.1058368 0.1081827 0.1070079 0.1105304 0.1099518 0.1075990 0.1158510 0.1158509 0.1188322 0.1093554 0.1122955 0.2053364 0.2040007 0.2060052 0.2134073 0.2033190 0.2019988 0.2093715 0.2046693 0.2039963 0.2066711 0.2019952 0.2013372 0.2093493 0.2073349 0.2039990 0.2060202 0.2053255 0.2080268 0.2100294 0.2060019 0.3617306 0.3600759 0.3642157 0.3675102 0.3642238 0.3658729 0.3692043 0.3700273 0.3691903 0.3675159 0.3691744 0.3633850 0.3650170 0.3616782 0.3699955 0.3732946 0.3692078 0.3658273 0.3633740 0.3600698 
pop0_17    0.0180173 0.0206286 0.0211517 0.0216733 0.0206269 0.0211500 0.0248213 0.0237692 0.0190601 0.0248227 0.0195831 0.0227212 0.0164559 0.0169760 0.0185397 0.0174965 0.0123080 0.0000000 0.0253472 0.0180163 0.1164554 0.1164514 0.1152686 0.1117218 0.1123161 0.1123093 0.1093548 0.1075952 0.1117360 0.1070175 0.1093673 0.1081905 0.1117188 0.1111393 0.1087826 0.1170483 0.1170481 0.1200345 0.1105419 0.1134867 0.2066934 0.2053552 0.2073635 0.2147797 0.2046721 0.2033495 0.2107363 0.2060251 0.2053508 0.2080307 0.2033459 0.2026867 0.2107139 0.2086956 0.2053535 0.2073786 0.2066824 0.2093889 0.2113953 0.2073602 0.3634193 0.3617606 0.3659103 0.3692126 0.3659184 0.3675715 0.3709108 0.3717357 0.3708967 0.3692182 0.3708807 0.3650776 0.3667134 0.3633665 0.3717038 0.3750106 0.3709143 0.3675256 0.3650666 0.3617546 
pop0_18    0.0279825 0.0306288 0.0311591 0.0316875 0.0306271 0.0311571 0.0348779 0.0327472 0.0290392 0.0348791 0.0295681 0.0327495 0.0263990 0.0269273 0.0285118 0.0274547 0.0242957 0.0253472 0.0000000 0.0269254 0.1278287 0.1278243 0.1266239 0.1230236 0.1236273 0.1236197 0.1206200 0.1188343 0.1230395 0.1182488 0.1206340 0.1194394 0.1230203 0.1224331 0.1200408 0.1278262 0.1278260 0.1308562 0.1218258 0.1248145 0.2195331 0.2181719 0.2202146 0.2277594 0.2174762 0.2161315 0.2236462 0.2188534 0.2181670 0.2208932 0.2161278 0.2154578 0.2236223 0.2215688 0.2181698 0.2202305 0.2195213 0.2222755 0.2243157 0.2202111 0.3784208 0.3767285 0.3818118 0.3851842 0.3818204 0.3835084 0.3869199 0.3877618 0.3869046 0.3851892 0.3868879 0.3809604 0.3826314 0.3783652 0.3877287 0.3911051 0.3869235 0.3834599 0.3809497 0.3775667 
pop0_19    0.0206257 0.0232457 0.0237705 0.0242934 0.0232433 0.0237687 0.0274527 0.0263959 0.0216712 0.0274534 0.0221959 0.0253448 0.0190576 0.0195797 0.0211500 0.0195793 0.0169739 0.0180163 0.0269254 0.0000000 0.1194185 0.1194144 0.1182272 0.1146669 0.1152636 0.1152565 0.1122907 0.1105245 0.1146815 0.1099448 0.1123035 0.1111222 0.1146638 0.1140824 0.1117167 0.1200136 0.1200134 0.1230115 0.1134824 0.1164383 0.2100256 0.2086816 0.2106985 0.2181470 0.2079953 0.2066671 0.2140860 0.2093544 0.2086770 0.2113685 0.2066635 0.2060016 0.2140632 0.2120362 0.2086798 0.2107138 0.2100143 0.2127328 0.2147477 0.2106951 0.3675045 0.3658370 0.3700089 0.3733287 0.3700171 0.3716789 0.3750362 0.3758654 0.3750218 0.3733342 0.3750056 0.3691715 0.3708161 0.3674510 0.3758331 0.3791573 0.3750397 0.3716323 0.3691606 0.3658308 
pop1_0     0.1194314 0.1224247 0.1230251 0.1236151 0.1224154 0.1230175 0.1272266 0.1260093 0.1206215 0.1272300 0.1212252 0.1248155 0.1176350 0.1182322 0.1200310 0.1188285 0.1152591 0.1164554 0.1278287 0.1194185 0.0000000 0.0040803 0.0092120 0.0164543 0.0169748 0.0169738 0.0237660 0.0221937 0.0258736 0.0221954 0.0300948 0.0290366 0.0322136 0.0316858 0.0295665 0.0434465 0.0434465 0.0461484 0.0375442 0.0402195 0.2277332 0.2263571 0.2284220 0.2360494 0.2256533 0.2242945 0.2318914 0.2270461 0.2256658 0.2284192 0.2236064 0.2229301 0.2311753 0.2291012 0.2256686 0.2277504 0.2284129 0.2298158 0.2318759 0.2277303 0.3885491 0.3868340 0.3911254 0.3945393 0.3911344 0.3928429 0.3962971 0.3971491 0.3962812 0.3945439 0.3962641 0.3902630 0.3919548 0.3884915 0.3971153 0.4005329 0.3963008 0.3927929 0.3902524 0.3868275 
pop1_1     0.1194274 0.1224205 0.1230209 0.1236109 0.1224113 0.1230133 0.1272222 0.1260050 0.1206174 0.1272257 0.1212210 0.1248112 0.1176310 0.1182282 0.1200269 0.1188244 0.1152552 0.1164514 0.1278243 0.1194144 0.0040803 0.0000000 0.0092107 0.0164538 0.0169743 0.0169733 0.0237653 0.0221930 0.0258736 0.0221947 0.0300938 0.0290357 0.0322126 0.0316849 0.0295656 0.0434451 0.0434451 0.0461469 0.0375430 0.0402183 0.2270379 0.2256631 0.2277261 0.2353462 0.2249600 0.2236025 0.2311922 0.2263515 0.2249725 0.2277233 0.2229151 0.2222394 0.2304768 0.2284046 0.2249753 0.2270551 0.2277170 0.2291185 0.2311767 0.2270350 0.3885302 0.3868152 0.3911063 0.3945200 0.3911153 0.3928238 0.3962777 0.3971296 0.3962618 0.3945246 0.3962446 0.3902440 0.3919356 0.3884727 0.3970958 0.4005131 0.3962814 0.3927737 0.3902335 0.3868087 
pop1_2     0.1182400 0.1212285 0.1218279 0.1224171 0.1212193 0.1218204 0.1260228 0.1248076 0.1194282 0.1260262 0.1200309 0.1236155 0.1164465 0.1170427 0.1188386 0.1176380 0.1140743 0.1152686 0.1266239 0.1182272 0.0092120 0.0092107 0.0000000 0.0154153 0.0159351 0.0159342 0.0227170 0.0211469 0.0248213 0.0211485 0.0290369 0.0279802 0.0311528 0.0306256 0.0285093 0.0423697 0.0423697 0.0450677 0.0364757 0.0391474 0.2256636 0.2242913 0.2263506 0.2339567 0.2235896 0.2222344 0.2298102 0.2249784 0.2236020 0.2263478 0.2215483 0.2208738 0.2290963 0.2270279 0.2236048 0.2256807 0.2263415 0.2277403 0.2297949 0.2256607 0.3868453 0.3851341 0.3894158 0.3928220 0.3894247 0.3911294 0.3945757 0.3937128 0.3945599 0.3928266 0.3945428 0.3885554 0.3902433 0.3867881 0.3953921 0.3988020 0.3945793 0.3910797 0.3885448 0.3851277 
pop1_3     0.1146793 0.1176536 0.1182501 0.1188368 0.1176447 0.1182429 0.1224253 0.1212162 0.1158620 0.1224286 0.1164617 0.1200296 0.1128944 0.1134878 0.1152750 0.1140804 0.1105334 0.1117218 0.1230236 0.1146669 0.0164543 0.0164538 0.0154153 0.0000000 0.0045919 0.0097271 0.0195793 0.0180155 0.0216744 0.0180173 0.0258726 0.0248203 0.0279798 0.0274547 0.0253472 0.0380787 0.0370097 0.0407612 0.0322183 0.0348747 0.2222490 0.2208829 0.2229329 0.2305046 0.2201846 0.2188353 0.2263769 0.2215669 0.2201967 0.2229302 0.2167881 0.2174806 0.2256664 0.2236075 0.2201996 0.2222659 0.2229241 0.2243163 0.2263618 0.2222462 0.3817626 0.3800630 0.3843155 0.3876987 0.3843242 0.3860175 0.3894402 0.3902847 0.3894248 0.3877037 0.3894079 0.3834613 0.3851376 0.3817064 0.3902514 0.3936386 0.3894438 0.3859686 0.3834506 0.3800566 
pop1_4     0.1152761 0.1182528 0.1188498 0.1194370 0.1182439 0.1188426 0.1230285 0.1218183 0.1164597 0.1230318 0.1170599 0.1206308 0.1134897 0.1140835 0.1158722 0.1146766 0.1111267 0.1123161 0.1236273 0.1152636 0.0169748 0.0169743 0.0159351 0.0045919 0.0000000 0.0102426 0.0201021 0.0185372 0.0221988 0.0185385 0.0264002 0.0253472 0.0285088 0.0279825 0.0258736 0.0386152 0.0386152 0.0412996 0.0327495 0.0354087 0.2229412 0.2215738 0.2236258 0.2312047 0.2208748 0.2195242 0.2270730 0.2222584 0.2208870 0.2236230 0.2174751 0.2181683 0.2263619 0.2243009 0.2208898 0.2229581 0.2236169 0.2250105 0.2270579 0.2229384 0.3826238 0.3809222 0.3851797 0.3885669 0.3851885 0.3868838 0.3903105 0.3911560 0.3902950 0.3885718 0.3902781 0.3843244 0.3860028 0.3825674 0.3911226 0.3945137 0.3903141 0.3868347 0.3843138 0.3809158 
pop1_5     0.1152691 0.1182456 0.1188426 0.1194297 0.1182367 0.1188353 0.1230210 0.1218109 0.1164526 0.1230243 0.1170528 0.1206234 0.1134828 0.1140766 0.1158652 0.1146696 0.1111199 0.1123093 0.1236197 0.1152565 0.0169738 0.0169733 0.0159342 0.0097271 0.0102426 0.0000000 0.0201009 0.0185361 0.0221971 0.0185375 0.0263985 0.0253455 0.0285072 0.0279825 0.0258736 0.0386129 0.0386129 0.0412972 0.0327479 0.0354067 0.2215574 0.2201926 0.2222406 0.2298052 0.2194949 0.2181469 0.2256813 0.2208759 0.2195071 0.2222379 0.2174645 0.2167934 0.2249716 0.2229146 0.2195099 0.2215742 0.2222318 0.2236227 0.2256663 0.2215546 0.3825974 0.3808959 0.3851532 0.3885401 0.3851619 0.3868571 0.3902835 0.3911290 0.3902680 0.3885450 0.3902512 0.3842979 0.3859762 0.3825410 0.3910956 0.3944864 0.3902871 0.3868080 0.3842873 0.3808895 
pop1_6     0.1123028 0.1152674 0.1158620 0.1164469 0.1152587 0.1158549 0.1200237 0.1188187 0.1134817 0.1200269 0.1140794 0.1176358 0.1105239 0.1111153 0.1128965 0.1117059 0.1081704 0.1093548 0.1206200 0.1122907 0.0237660 0.0237653 0.0227170 0.0195793 0.0201021 0.0201009 0.0000000 0.0056161 0.0133428 0.0148964 0.0237678 0.0227186 0.0258692 0.0253453 0.0232439 0.0370064 0.0370064 0.0396847 0.0311541 0.0338071 0.2194985 0.2181374 0.2201798 0.2277231 0.2174419 0.2160974 0.2236108 0.2188188 0.2174539 0.2201771 0.2154169 0.2147476 0.2229032 0.2208521 0.2174567 0.2195152 0.2201711 0.2215579 0.2235959 0.2194957 0.3783505 0.3766587 0.3808915 0.3842593 0.3809001 0.3825858 0.3859924 0.3868332 0.3859773 0.3842643 0.3859606 0.3800414 0.3817100 0.3782949 0.3868001 0.3901719 0.3859960 0.3825374 0.3800307 0.3766524 
pop1_7     0.1105364 0.1134941 0.1140872 0.1146709 0.1134855 0.1140803 0.1182393 0.1170374 0.1117127 0.1182425 0.1123089 0.1158571 0.1087617 0.1093518 0.1111287 0.1099410 0.1064137 0.1075952 0.1188343 0.1105245 0.0221937 0.0221930 0.0211469 0.0180155 0.0185372 0.0185361 0.0056161 0.0000000 0.0117911 0.0133428 0.0221954 0.0211483 0.0242925 0.0237705 0.0216733 0.0354065 0.0354065 0.0380792 0.0295663 0.0322140 0.2174655 0.2161081 0.2181451 0.2256682 0.2154146 0.2140736 0.2215668 0.2167877 0.2154265 0.2181424 0.2133949 0.2127273 0.2208613 0.2188157 0.2154292 0.2174821 0.2181365 0.2195194 0.2215522 0.2174629 0.3758474 0.3741612 0.3783801 0.3817368 0.3783886 0.3800688 0.3834641 0.3843022 0.3834491 0.3817420 0.3834325 0.3775329 0.3791960 0.3757923 0.3842693 0.3876302 0.3834677 0.3800208 0.3775221 0.3741550 
pop1_8     0.1146940 0.1176687 0.1182653 0.1188521 0.1176598 0.1182581 0.1224411 0.1212319 0.1158768 0.1224445 0.1164766 0.1200451 0.1129089 0.1135023 0.1152897 0.1140949 0.1105475 0.1117360 0.1230395 0.1146815 0.0258736 0.0258736 0.0248213 0.0216744 0.0221988 0.0221971 0.0133428 0.0117911 0.0000000 0.0169777 0.0258755 0.0248231 0.0279825 0.0274578 0.0253500 0.0391541 0.0391541 0.0418407 0.0332841 0.0359444 0.2222818 0.2209154 0.2229658 0.2305390 0.2202169 0.2188674 0.2264104 0.2215995 0.2202291 0.2229630 0.2181842 0.2175124 0.2256998 0.2236405 0.2202319 0.2222987 0.2229569 0.2243494 0.2263953 0.2222790 0.3818324 0.3801323 0.3843860 0.3877702 0.3843948 0.3860886 0.3895122 0.3903569 0.3894967 0.3877751 0.3894799 0.3835315 0.3852084 0.3817762 0.3903236 0.3937118 0.3895158 0.3860397 0.3835209 0.3801259 
pop1_9     0.1099567 0.1129123 0.1135050 0.1140883 0.1129038 0.1134981 0.1176542 0.1164532 0.1111321 0.1176574 0.1117279 0.1152737 0.1081832 0.1087728 0.1105485 0.1093617 0.1058368 0.1070175 0.1182488 0.1099448 0.0221954 0.0221947 0.0211485 0.0180173 0.0185385 0.0185375 0.0148964 0.0133428 0.0169777 0.0000000 0.0221971 0.0211500 0.0242943 0.0237705 0.0216733 0.0354092 0.0354092 0.0380819 0.0295681 0.0322164 0.2168064 0.2154500 0.2174854 0.2250025 0.2147570 0.2134171 0.2209043 0.2161291 0.2147689 0.2174827 0.2127389 0.2120718 0.2201995 0.2181555 0.2147717 0.2168229 0.2174768 0.2188586 0.2208897 0.2168037 0.3750342 0.3733497 0.3775642 0.3809175 0.3775727 0.3792511 0.3817990 0.3834802 0.3826280 0.3809227 0.3826115 0.3767179 0.3792338 0.3758297 0.3843078 0.3876691 0.3835060 0.3800587 0.3775597 0.3741921 
pop1_10    0.1123157 0.1152806 0.1158753 0.1164603 0.1152719 0.1158682 0.1200375 0.1188324 0.1134947 0.1200407 0.1140924 0.1176494 0.1105365 0.1111280 0.1129094 0.1117187 0.1081827 0.1093673 0.1206340 0.1123035 0.0300948 0.0300938 0.0290369 0.0258726 0.0264002 0.0263985 0.0237678 0.0221954 0.0258755 0.0221971 0.0000000 0.0020374 0.0112746 0.0138608 0.0169760 0.0370103 0.0370103 0.0396890 0.0311571 0.0338107 0.2188440 0.2174840 0.2195248 0.2270624 0.2167890 0.2154455 0.2229532 0.2181648 0.2168009 0.2195221 0.2147655 0.2140967 0.2222462 0.2201966 0.2168037 0.2188606 0.2195161 0.2209018 0.2229384 0.2188413 0.3784105 0.3767183 0.3809521 0.3843207 0.3809607 0.3826468 0.3860543 0.3868952 0.3860391 0.3843257 0.3860224 0.3801018 0.3817708 0.3783549 0.3868622 0.3902347 0.3860578 0.3825984 0.3800911 0.3767120 
pop1_11    0.1111343 0.1140945 0.1146882 0.1152723 0.1140859 0.1146812 0.1188439 0.1176408 0.1123115 0.1188471 0.1129082 0.1164596 0.1093580 0.1099485 0.1117270 0.1105383 0.1070079 0.1081905 0.1194394 0.1111222 0.0290366 0.0290357 0.0279802 0.0248203 0.0253472 0.0253455 0.0227186 0.0211483 0.0248231 0.0211500 0.0020374 0.0000000 0.0102426 0.0128252 0.0159362 0.0359422 0.0359423 0.0386172 0.0300974 0.0327472 0.2174821 0.2161245 0.2181617 0.2256855 0.2154309 0.2140898 0.2215837 0.2168042 0.2154428 0.2181590 0.2134110 0.2127433 0.2208782 0.2188324 0.2154456 0.2174986 0.2181530 0.2195362 0.2215691 0.2174794 0.3767259 0.3750375 0.3792618 0.3826228 0.3792704 0.3809526 0.3843524 0.3851915 0.3843373 0.3826279 0.3843207 0.3784135 0.3800787 0.3766706 0.3851586 0.3885237 0.3843559 0.3809046 0.3784027 0.3750313 
pop1_12    0.1146762 0.1176504 0.1182469 0.1188336 0.1176416 0.1182397 0.1224220 0.1212130 0.1158589 0.1224253 0.1164585 0.1200264 0.1128914 0.1134847 0.1152719 0.1140773 0.1105304 0.1117188 0.1230203 0.1146638 0.0322136 0.0322126 0.0311528 0.0279798 0.0285088 0.0285072 0.0258692 0.0242925 0.0279825 0.0242943 0.0112746 0.0102426 0.0000000 0.0159362 0.0190601 0.0386128 0.0386128 0.0412971 0.0332793 0.0359399 0.2215578 0.2201929 0.2222410 0.2298056 0.2194953 0.2181473 0.2256817 0.2208763 0.2195074 0.2222383 0.2174648 0.2167938 0.2249720 0.2229150 0.2195103 0.2215746 0.2222322 0.2236231 0.2256667 0.2215550 0.3817540 0.3800544 0.3843069 0.3876901 0.3843156 0.3860089 0.3894315 0.3902761 0.3894161 0.3876950 0.3893993 0.3834526 0.3851290 0.3816978 0.3902427 0.3936299 0.3894351 0.3859600 0.3834420 0.3800480 
pop1_13    0.1140948 0.1170669 0.1176630 0.1182493 0.1170581 0.1176558 0.1218353 0.1206271 0.1152766 0.1218385 0.1158759 0.1194413 0.1123112 0.1129041 0.1146900 0.1134963 0.1099518 0.1111393 0.1224331 0.1140824 0.0316858 0.0316849 0.0306256 0.0274547 0.0279825 0.0279825 0.0253453 0.0237705 0.0274578 0.0237705 0.0138608 0.0128252 0.0159362 0.0000000 0.0185401 0.0386172 0.0386172 0.0413009 0.0327508 0.0354098 0.2215830 0.2202180 0.2222663 0.2298319 0.2195202 0.2181720 0.2257075 0.2209014 0.2195324 0.2222636 0.2174895 0.2168183 0.2249977 0.2229404 0.2195352 0.2215998 0.2222575 0.2236485 0.2256925 0.2215802 0.3809553 0.3792574 0.3835057 0.3868857 0.3835144 0.3852062 0.3886254 0.3894692 0.3886101 0.3868907 0.3885933 0.3826524 0.3843271 0.3808993 0.3894359 0.3928199 0.3886290 0.3851574 0.3826417 0.3792510 
pop1_14    0.1117288 0.1146915 0.1152857 0.1158703 0.1146829 0.1152787 0.1194448 0.1182407 0.1129070 0.1194480 0.1135042 0.1170585 0.1099510 0.1105420 0.1123221 0.1111323 0.1075990 0.1087826 0.1200408 0.1117167 0.0295665 0.0295656 0.0285093 0.0253472 0.0258736 0.0258736 0.0232439 0.0216733 0.0253500 0.0216733 0.0169760 0.0159362 0.0190601 0.0185401 0.0000000 0.0364782 0.0364782 0.0391542 0.0306283 0.0332799 0.2188532 0.2174931 0.2195341 0.2270720 0.2167981 0.2154546 0.2229626 0.2181740 0.2168101 0.2195314 0.2147745 0.2141057 0.2222556 0.2202059 0.2168129 0.2188699 0.2195254 0.2209112 0.2229478 0.2188505 0.3775815 0.3758912 0.3801204 0.3834852 0.3801289 0.3818131 0.3852169 0.3860569 0.3852017 0.3834903 0.3851851 0.3792710 0.3809382 0.3775261 0.3860239 0.3893929 0.3852204 0.3817649 0.3792602 0.3758849 
pop1_15    0.1200266 0.1230222 0.1236231 0.1242135 0.1230129 0.1236154 0.1278279 0.1266096 0.1212175 0.1278313 0.1218217 0.1254148 0.1170390 0.1176357 0.1206266 0.1194232 0.1158510 0.1170483 0.1278262 0.1200136 0.0434465 0.0434451 0.0423697 0.0380787 0.0386152 0.0386129 0.0370064 0.0354065 0.0391541 0.0354092 0.0370103 0.0359422 0.0386128 0.0386172 0.0364782 0.0000000 0.0133405 0.0221939 0.0274531 0.0300935 0.2270390 0.2256642 0.2277272 0.2353473 0.2249611 0.2236035 0.2311933 0.2263526 0.2249735 0.2277244 0.2229161 0.2222405 0.2304779 0.2284057 0.2249764 0.2270562 0.2277181 0.2291196 0.2311778 0.2270361 0.3876913 0.3859781 0.3902645 0.3936745 0.3902735 0.3919801 0.3945796 0.3962812 0.3954143 0.3936791 0.3953972 0.3894032 0.3910930 0.3876339 0.3962474 0.3996611 0.3954338 0.3919302 0.3893926 0.3859717 
pop1_16    0.1200265 0.1230221 0.1236229 0.1242134 0.1230128 0.1236152 0.1278277 0.1266094 0.1212174 0.1278311 0.1218216 0.1254146 0.1170389 0.1176355 0.1206265 0.1194230 0.1158509 0.1170481 0.1278260 0.1200134 0.0434465 0.0434451 0.0423697 0.0370097 0.0386152 0.0386129 0.0370064 0.0354065 0.0391541 0.0354092 0.0370103 0.0359423 0.0386128 0.0386172 0.0364782 0.0133405 0.0000000 0.0221939 0.0274532 0.0300935 0.2284177 0.2270403 0.2291071 0.2367412 0.2263359 0.2249759 0.2325796 0.2277300 0.2263484 0.2291043 0.2242873 0.2236104 0.2318628 0.2297868 0.2263513 0.2284349 0.2290980 0.2305021 0.2325640 0.2284147 0.3876882 0.3859751 0.3902614 0.3936713 0.3902704 0.3919769 0.3945765 0.3962780 0.3954111 0.3936760 0.3953940 0.3894001 0.3910898 0.3876308 0.3962442 0.3996578 0.3954306 0.3919270 0.3893895 0.3859686 
pop1_17    0.1230249 0.1260327 0.1266360 0.1272287 0.1260232 0.1266282 0.1308579 0.1296343 0.1242205 0.1308614 0.1248273 0.1284349 0.1212195 0.1218196 0.1236274 0.1224188 0.1188322 0.1200345 0.1308562 0.1230115 0.0461484 0.0461469 0.0450677 0.0407612 0.0412996 0.0412972 0.0396847 0.0380792 0.0418407 0.0380819 0.0396890 0.0386172 0.0412971 0.0413009 0.0391542 0.0221939 0.0221939 0.0000000 0.0300974 0.0327469 0.2318900 0.2305062 0.2325826 0.2402528 0.2297982 0.2284321 0.2360716 0.2311991 0.2298109 0.2325798 0.2277402 0.2270604 0.2353512 0.2332653 0.2298138 0.2319075 0.2325733 0.2339843 0.2360557 0.2318870 0.3902873 0.3885681 0.3928698 0.3962918 0.3928788 0.3945914 0.3972003 0.3989078 0.3980378 0.3962963 0.3980206 0.3920052 0.3937010 0.3902295 0.3988738 0.4022994 0.3980575 0.3945410 0.3919947 0.3885616 
pop1_18    0.1134947 0.1164643 0.1170598 0.1176457 0.1164555 0.1170527 0.1212285 0.1200214 0.1146756 0.1212317 0.1152743 0.1188366 0.1117128 0.1123052 0.1140894 0.1128968 0.1093554 0.1105419 0.1218258 0.1134824 0.0375442 0.0375430 0.0364757 0.0322183 0.0327495 0.0327479 0.0311541 0.0295663 0.0332841 0.0295681 0.0311571 0.0300974 0.0332793 0.0327508 0.0306283 0.0274531 0.0274532 0.0300974 0.0000000 0.0159347 0.2208819 0.2195183 0.2215646 0.2291224 0.2188213 0.2174744 0.2250022 0.2202010 0.2188334 0.2215618 0.2167925 0.2161221 0.2242932 0.2222380 0.2188362 0.2208987 0.2215558 0.2229454 0.2249872 0.2208792 0.3783918 0.3766998 0.3809332 0.3843014 0.3809418 0.3826276 0.3860348 0.3868757 0.3860196 0.3843064 0.3860029 0.3800829 0.3817518 0.3783362 0.3868426 0.3902148 0.3860384 0.3808952 0.3800722 0.3766934 
pop1_19    0.1164510 0.1194321 0.1200300 0.1206179 0.1194231 0.1200227 0.1242148 0.1230027 0.1176363 0.1242181 0.1182374 0.1218135 0.1146619 0.1152566 0.1170480 0.1158506 0.1122955 0.1134867 0.1248145 0.1164383 0.0402195 0.0402183 0.0391474 0.0348747 0.0354087 0.0354067 0.0338071 0.0322140 0.0359444 0.0322164 0.0338107 0.0327472 0.0359399 0.0354098 0.0332799 0.0300935 0.0300935 0.0327469 0.0159347 0.0000000 0.2242851 0.2229154 0.2249708 0.2325625 0.2222151 0.2208624 0.2284239 0.2236012 0.2222274 0.2249680 0.2201775 0.2195042 0.2277114 0.2256470 0.2222302 0.2243021 0.2249618 0.2263579 0.2284087 0.2242823 0.3825756 0.3808743 0.3851311 0.3885177 0.3851399 0.3868349 0.3902610 0.3911063 0.3902455 0.3885226 0.3902286 0.3842760 0.3859540 0.3825192 0.3910729 0.3944634 0.3902646 0.3850926 0.3842653 0.3808679 
pop2_0     0.2100495 0.2134314 0.2141110 0.2147705 0.2134149 0.2140957 0.2188531 0.2174678 0.2113901 0.2188597 0.2107280 0.2161251 0.2080161 0.2086909 0.2107290 0.2093643 0.2053364 0.2066934 0.2195331 0.2100256 0.2277332 0.2270379 0.2256636 0.2222490 0.2229412 0.2215574 0.2194985 0.2174655 0.2222818 0.2168064 0.2188440 0.2174821 0.2215578 0.2215830 0.2188532 0.2270390 0.2284177 0.2318900 0.2208819 0.2242851 0.0000000 0.0040803 0.0066417 0.0143805 0.0117924 0.0149000 0.0216770 0.0169785 0.0190629 0.0211526 0.0174989 0.0169788 0.0232479 0.0258763 0.0232491 0.0253522 0.0253496 0.0264050 0.0279860 0.0248244 0.3568868 0.3552424 0.3593563 0.3626305 0.3593643 0.3610033 0.3643138 0.3634764 0.3626465 0.3609866 0.3626309 0.3568902 0.3601529 0.3568353 0.3651004 0.3683793 0.3659653 0.3609585 0.3585200 0.3552364 
pop2_1     0.2087053 0.2120812 0.2127594 0.2134179 0.2120648 0.2127443 0.2174930 0.2161104 0.2100435 0.2174996 0.2093825 0.2147701 0.2066756 0.2073493 0.2093836 0.2080214 0.2040007 0.2053552 0.2181719 0.2086816 0.2263571 0.2256631 0.2242913 0.2208829 0.2215738 0.2201926 0.2181374 0.2161081 0.2209154 0.2154500 0.2174840 0.2161245 0.2201929 0.2202180 0.2174931 0.2256642 0.2270403 0.2305062 0.2195183 0.2229154 0.0040803 0.0000000 0.0056161 0.0133443 0.0107597 0.0138630 0.0206306 0.0159387 0.0180202 0.0201071 0.0164583 0.0159389 0.0221995 0.0248242 0.0222007 0.0243007 0.0242983 0.0253521 0.0269309 0.0237737 0.3552505 0.3536097 0.3577146 0.3609816 0.3577225 0.3593580 0.3626610 0.3618256 0.3609976 0.3593414 0.3609820 0.3552540 0.3585095 0.3551993 0.3634461 0.3667178 0.3643089 0.3593134 0.3568802 0.3536038 
pop2_2     0.2107224 0.2141075 0.2147876 0.2154477 0.2140909 0.2147722 0.2195340 0.2181474 0.2120642 0.2195406 0.2114016 0.2168035 0.2086872 0.2093627 0.2114026 0.2100366 0.2060052 0.2073635 0.2202146 0.2106985 0.2284220 0.2277261 0.2263506 0.2229329 0.2236258 0.2222406 0.2201798 0.2181451 0.2229658 0.2174854 0.2195248 0.2181617 0.2222410 0.2222663 0.2195341 0.2277272 0.2291071 0.2325826 0.2215646 0.2249708 0.0066417 0.0056161 0.0000000 0.0148992 0.0123093 0.0154191 0.0222008 0.0174991 0.0195849 0.0216761 0.0180198 0.0174994 0.0237729 0.0264031 0.0237741 0.0258786 0.0258760 0.0269322 0.0285142 0.0253504 0.3577037 0.3560575 0.3601759 0.3634536 0.3601838 0.3618246 0.3651387 0.3643004 0.3634696 0.3618079 0.3634539 0.3577071 0.3609732 0.3576520 0.3659261 0.3692085 0.3667920 0.3617797 0.3593386 0.3560515 
pop2_3     0.2181719 0.2215910 0.2222781 0.2229443 0.2215738 0.2222620 0.2270719 0.2256705 0.2195269 0.2270787 0.2174976 0.2243136 0.2161159 0.2167982 0.2188591 0.2174789 0.2134073 0.2147797 0.2277594 0.2181470 0.2360494 0.2353462 0.2339567 0.2305046 0.2312047 0.2298052 0.2277231 0.2256682 0.2305390 0.2250025 0.2270624 0.2256855 0.2298056 0.2298319 0.2270720 0.2353473 0.2367412 0.2402528 0.2291224 0.2325625 0.0143805 0.0133443 0.0148992 0.0000000 0.0180192 0.0211530 0.0279871 0.0232489 0.0253508 0.0274581 0.0237736 0.0232494 0.0295709 0.0322216 0.0295724 0.0316936 0.0316904 0.0327553 0.0343493 0.0311609 0.3667760 0.3651096 0.3692785 0.3725960 0.3692868 0.3709474 0.3743023 0.3734533 0.3726123 0.3709297 0.3725962 0.3667792 0.3700852 0.3667226 0.3750987 0.3784205 0.3759758 0.3709010 0.3684309 0.3651035 
pop2_4     0.2080189 0.2113915 0.2120691 0.2127269 0.2113751 0.2120540 0.2167980 0.2154169 0.2093559 0.2168045 0.2086955 0.2140778 0.2059913 0.2066643 0.2086965 0.2073358 0.2033190 0.2046721 0.2174762 0.2079953 0.2256533 0.2249600 0.2235896 0.2201846 0.2208748 0.2194949 0.2174419 0.2154146 0.2202169 0.2147570 0.2167890 0.2154309 0.2194953 0.2195202 0.2167981 0.2249611 0.2263359 0.2297982 0.2188213 0.2222151 0.0117924 0.0107597 0.0123093 0.0180192 0.0000000 0.0133442 0.0201067 0.0154183 0.0174982 0.0195836 0.0159376 0.0154186 0.0216745 0.0242972 0.0216756 0.0237740 0.0237716 0.0248246 0.0264023 0.0232475 0.3535860 0.3519490 0.3560444 0.3593039 0.3560522 0.3576840 0.3609794 0.3601459 0.3593198 0.3576676 0.3593043 0.3535895 0.3568375 0.3535351 0.3617627 0.3650270 0.3626234 0.3576397 0.3552119 0.3519432 
pop2_5     0.2066906 0.2100573 0.2107337 0.2113905 0.2100410 0.2107187 0.2154545 0.2140759 0.2080253 0.2154610 0.2073660 0.2127391 0.2046665 0.2053383 0.2073669 0.2060086 0.2019988 0.2033495 0.2161315 0.2066671 0.2242945 0.2236025 0.2222344 0.2188353 0.2195242 0.2181469 0.2160974 0.2140736 0.2188674 0.2134171 0.2154455 0.2140898 0.2181473 0.2181720 0.2154546 0.2236035 0.2249759 0.2284321 0.2174744 0.2208624 0.0149000 0.0138630 0.0154191 0.0211530 0.0133442 0.0000000 0.0138627 0.0123096 0.0164585 0.0185411 0.0148999 0.0143816 0.0206292 0.0232484 0.0206303 0.0227259 0.0227236 0.0237751 0.0253507 0.0222001 0.3527994 0.3511640 0.3552553 0.3585116 0.3552631 0.3568932 0.3601853 0.3593528 0.3585275 0.3568769 0.3585120 0.3528029 0.3560476 0.3527486 0.3609679 0.3642291 0.3618278 0.3568491 0.3544236 0.3511581 
pop2_6     0.2141104 0.2175111 0.2181944 0.2188573 0.2174942 0.2181787 0.2229624 0.2215691 0.2154583 0.2229692 0.2147928 0.2202193 0.2120657 0.2127443 0.2147938 0.2134214 0.2093715 0.2107363 0.2236462 0.2140860 0.2318914 0.2311922 0.2298102 0.2263769 0.2270730 0.2256813 0.2236108 0.2215668 0.2264104 0.2209043 0.2229532 0.2215837 0.2256817 0.2257075 0.2229626 0.2311933 0.2325796 0.2360716 0.2250022 0.2284239 0.0216770 0.0206306 0.0222008 0.0279871 0.0201067 0.0138627 0.0000000 0.0190629 0.0232497 0.0253512 0.0216769 0.0211540 0.0274582 0.0301015 0.0274597 0.0295748 0.0295718 0.0306336 0.0322232 0.0290437 0.3601851 0.3585334 0.3618504 0.3659544 0.3626738 0.3643200 0.3676453 0.3668041 0.3659704 0.3626521 0.3659546 0.3601885 0.3634657 0.3601330 0.3684352 0.3717284 0.3693042 0.3642747 0.3618256 0.3585274 
pop2_7     0.2093782 0.2127571 0.2134360 0.2140951 0.2127407 0.2134208 0.2181739 0.2167900 0.2107176 0.2181805 0.2100561 0.2154485 0.2073466 0.2080209 0.2100571 0.2086936 0.2046693 0.2060251 0.2188534 0.2093544 0.2270461 0.2263515 0.2249784 0.2215669 0.2222584 0.2208759 0.2188188 0.2167877 0.2215995 0.2161291 0.2181648 0.2168042 0.2208763 0.2209014 0.2181740 0.2263526 0.2277300 0.2311991 0.2202010 0.2236012 0.0169785 0.0159387 0.0174991 0.0232489 0.0154183 0.0123096 0.0190629 0.0000000 0.0185414 0.0206297 0.0169785 0.0164587 0.0227236 0.0253501 0.0227248 0.0248263 0.0248238 0.0258784 0.0274583 0.0242989 0.3552525 0.3536117 0.3577167 0.3609838 0.3577245 0.3593601 0.3626632 0.3618277 0.3609997 0.3593435 0.3609841 0.3552560 0.3585115 0.3552013 0.3634482 0.3667201 0.3643111 0.3593155 0.3568822 0.3536058 
pop2_8     0.2087007 0.2120765 0.2127547 0.2134132 0.2120601 0.2127396 0.2174882 0.2161056 0.2100389 0.2174947 0.2093780 0.2147653 0.2066711 0.2073448 0.2093790 0.2080169 0.2039963 0.2053508 0.2181670 0.2086770 0.2256658 0.2249725 0.2236020 0.2201967 0.2208870 0.2195071 0.2174539 0.2154265 0.2202291 0.2147689 0.2168009 0.2154428 0.2195074 0.2195324 0.2168101 0.2249735 0.2263484 0.2298109 0.2188334 0.2222274 0.0190629 0.0180202 0.0195849 0.0253508 0.0174982 0.0164585 0.0232497 0.0185414 0.0000000 0.0102447 0.0097290 0.0133453 0.0195843 0.0242984 0.0216767 0.0237752 0.0237729 0.0248259 0.0264036 0.0232487 0.3544252 0.3527862 0.3568864 0.3601497 0.3568943 0.3585279 0.3618271 0.3609927 0.3601656 0.3585114 0.3601501 0.3544286 0.3576804 0.3543741 0.3626113 0.3658794 0.3634731 0.3584835 0.3560529 0.3527804 
