80
pop0_0     0.0000000 0.0085485 0.0151504 0.0218142 0.0327027 0.0368844 0.0342669 0.0405854 0.0426982 0.0458824 0.0390071 0.0522886 0.0549790 0.0538906 0.0485466 0.0448219 0.0480074 0.0458748 0.0496049 0.0496020 0.0554986 0.0538933 0.0544339 0.0571326 0.0598221 0.0522879 0.0609097 0.0587491 0.0603735 0.0592890 0.0560480 0.0630897 0.0571380 0.0609125 0.0538985 0.0630914 0.0587600 0.0576608 0.0582026 0.0592887 0.0745948 0.0729479 0.0696437 0.0680049 0.0680089 0.0718535 0.0663576 0.0630916 0.0658128 0.0685501 0.0669046 0.0641747 0.0658175 0.0663672 0.0669066 0.0625529 0.0631048 0.0685604 0.0652841 0.0696663 0.0707425 0.0669049 0.0658269 0.0652643 0.0685607 0.0652808 0.0619998 0.0663688 0.0745920 0.0701972 0.0658234 0.0652703 0.0630854 0.0669145 0.0576795 0.0636256 0.0658080 0.0723802 0.0685304 0.0663514 
pop0_1     0.0085485 0.0000000 0.0166842 0.0233628 0.0342754 0.0384652 0.0368927 0.0421751 0.0442924 0.0474837 0.0405933 0.0539044 0.0566010 0.0544345 0.0501540 0.0464210 0.0496134 0.0474756 0.0512138 0.0512114 0.0565816 0.0549740 0.0555155 0.0582185 0.0609120 0.0544404 0.0620013 0.0603795 0.0620075 0.0609205 0.0576722 0.0647300 0.0587650 0.0625477 0.0555179 0.0641865 0.0603907 0.0592886 0.0598316 0.0609203 0.0762615 0.0746110 0.0712990 0.0696566 0.0696607 0.0735142 0.0680053 0.0647320 0.0674593 0.0702030 0.0685536 0.0658174 0.0674641 0.0680151 0.0685556 0.0641922 0.0647455 0.0691182 0.0669298 0.0713222 0.0724003 0.0685539 0.0674738 0.0669095 0.0702138 0.0669264 0.0636375 0.0680168 0.0762586 0.0718539 0.0674702 0.0669156 0.0647256 0.0685637 0.0593077 0.0652669 0.0674544 0.0740416 0.0701827 0.0679990 
pop0_2     0.0151504 0.0166842 0.0000000 0.0228429 0.0337460 0.0379322 0.0353132 0.0416385 0.0437540 0.0469425 0.0400582 0.0533573 0.0560514 0.0549622 0.0496103 0.0458806 0.0490709 0.0469344 0.0506693 0.0506669 0.0565714 0.0549640 0.0555055 0.0582079 0.0609008 0.0544305 0.0619900 0.0598265 0.0614531 0.0603671 0.0571210 0.0641730 0.0582134 0.0619929 0.0549694 0.0641748 0.0598376 0.0587367 0.0592792 0.0603668 0.0756944 0.0740448 0.0707360 0.0690951 0.0690991 0.0729490 0.0674453 0.0641750 0.0668998 0.0696409 0.0679931 0.0652585 0.0669046 0.0674551 0.0679951 0.0636356 0.0641884 0.0696514 0.0663707 0.0707590 0.0718363 0.0679934 0.0669142 0.0663502 0.0696517 0.0663674 0.0630816 0.0674567 0.0756910 0.0707392 0.0669106 0.0663567 0.0641684 0.0680032 0.0587556 0.0647095 0.0668950 0.0734761 0.0696209 0.0674391 
pop0_3     0.0218142 0.0233628 0.0228429 0.0000000 0.0342735 0.0384630 0.0358401 0.0421727 0.0442900 0.0474811 0.0405911 0.0539014 0.0565978 0.0555075 0.0501512 0.0464184 0.0496106 0.0474730 0.0512110 0.0512091 0.0571180 0.0555093 0.0560513 0.0587560 0.0614512 0.0549754 0.0625413 0.0603761 0.0620040 0.0609171 0.0576689 0.0647263 0.0587617 0.0625441 0.0555148 0.0647281 0.0603872 0.0592852 0.0587447 0.0603734 0.0762571 0.0746067 0.0712949 0.0696526 0.0696567 0.0735100 0.0680014 0.0652732 0.0674554 0.0701989 0.0685497 0.0658137 0.0674603 0.0680113 0.0685517 0.0641885 0.0647418 0.0696582 0.0669260 0.0707667 0.0723962 0.0685500 0.0674699 0.0669056 0.0702098 0.0669226 0.0636339 0.0680129 0.0762542 0.0724018 0.0674663 0.0669118 0.0647219 0.0680098 0.0593043 0.0652632 0.0674505 0.0740370 0.0701787 0.0679951 
pop0_4     0.0327027 0.0342754 0.0337460 0.0342735 0.0000000 0.0410966 0.0395188 0.0448202 0.0469448 0.0501471 0.0432333 0.0555123 0.0582145 0.0571210 0.0517543 0.0469482 0.0501441 0.0490709 0.0528168 0.0528135 0.0587353 0.0571235 0.0576667 0.0603773 0.0630778 0.0565886 0.0641703 0.0620007 0.0625463 0.0625428 0.0592877 0.0663602 0.0603831 0.0641732 0.0571291 0.0663620 0.0620121 0.0609075 0.0614514 0.0625425 0.0773661 0.0751590 0.0723965 0.0707519 0.0707560 0.0746151 0.0696437 0.0669096 0.0690965 0.0707433 0.0690929 0.0663550 0.0680028 0.0691035 0.0696446 0.0652754 0.0658296 0.0702081 0.0680169 0.0724152 0.0740465 0.0701920 0.0691100 0.0685440 0.0718557 0.0685615 0.0652654 0.0696540 0.0779127 0.0740523 0.0691063 0.0685504 0.0652646 0.0702021 0.0609269 0.0668980 0.0690901 0.0745841 0.0718238 0.0696349 
pop0_5     0.0368844 0.0384652 0.0379322 0.0384630 0.0410966 0.0000000 0.0254175 0.0384660 0.0405723 0.0437465 0.0368927 0.0501327 0.0528144 0.0517308 0.0464024 0.0426892 0.0458650 0.0437390 0.0474572 0.0474550 0.0522605 0.0506621 0.0512001 0.0549613 0.0576428 0.0512012 0.0587268 0.0565729 0.0571123 0.0560335 0.0538804 0.0608996 0.0549658 0.0587295 0.0517376 0.0609013 0.0565833 0.0554884 0.0549517 0.0571108 0.0734728 0.0718287 0.0679804 0.0668942 0.0668981 0.0712847 0.0652497 0.0625320 0.0647058 0.0663425 0.0647024 0.0619813 0.0636186 0.0641664 0.0647043 0.0603643 0.0609142 0.0663525 0.0630866 0.0663585 0.0685279 0.0647027 0.0636277 0.0630674 0.0663528 0.0630834 0.0598132 0.0641684 0.0723652 0.0685333 0.0636240 0.0630732 0.0603530 0.0647120 0.0555062 0.0614341 0.0636095 0.0701608 0.0663235 0.0641512 
pop0_6     0.0342669 0.0368927 0.0353132 0.0358401 0.0395188 0.0254175 0.0000000 0.0368927 0.0389954 0.0421633 0.0353225 0.0485372 0.0512129 0.0501318 0.0448138 0.0411080 0.0437468 0.0416267 0.0453348 0.0448025 0.0517310 0.0501334 0.0506711 0.0533555 0.0560319 0.0496030 0.0571136 0.0549639 0.0565798 0.0555010 0.0522769 0.0582009 0.0533606 0.0571162 0.0501392 0.0592834 0.0549740 0.0528082 0.0533462 0.0555008 0.0718292 0.0701882 0.0663481 0.0652639 0.0652677 0.0696453 0.0636240 0.0609107 0.0630799 0.0647133 0.0630769 0.0603613 0.0619952 0.0625418 0.0630787 0.0587474 0.0592960 0.0647233 0.0614639 0.0641820 0.0658042 0.0609075 0.0609206 0.0603628 0.0641780 0.0614608 0.0581977 0.0625432 0.0707240 0.0668997 0.0614586 0.0609093 0.0581967 0.0619998 0.0538991 0.0598153 0.0619862 0.0685243 0.0641508 0.0619843 
pop0_7     0.0405854 0.0421751 0.0416385 0.0421727 0.0448202 0.0384660 0.0368927 0.0000000 0.0192462 0.0311435 0.0311478 0.0464169 0.0490860 0.0480081 0.0427036 0.0390073 0.0421691 0.0400531 0.0437543 0.0437517 0.0496035 0.0480097 0.0480116 0.0512230 0.0528191 0.0474805 0.0549717 0.0528274 0.0549781 0.0533631 0.0490800 0.0560542 0.0512279 0.0549741 0.0480144 0.0571354 0.0522989 0.0517484 0.0522857 0.0533629 0.0696480 0.0680112 0.0636389 0.0609256 0.0631036 0.0674695 0.0614636 0.0587584 0.0609222 0.0625512 0.0609190 0.0582107 0.0587581 0.0603850 0.0609208 0.0566007 0.0571475 0.0609300 0.0582284 0.0636570 0.0630924 0.0592935 0.0582247 0.0576696 0.0609312 0.0576841 0.0549746 0.0593019 0.0669005 0.0636406 0.0593033 0.0587557 0.0571300 0.0609280 0.0517650 0.0587471 0.0609154 0.0663522 0.0625333 0.0603708 
pop0_8     0.0426982 0.0442924 0.0437540 0.0442900 0.0469448 0.0405723 0.0389954 0.0192462 0.0000000 0.0332303 0.0332348 0.0485460 0.0512227 0.0501414 0.0448224 0.0411159 0.0442862 0.0421633 0.0458748 0.0458735 0.0517410 0.0501431 0.0506808 0.0533657 0.0549658 0.0496126 0.0571246 0.0549745 0.0571313 0.0555117 0.0506791 0.0592932 0.0533708 0.0571272 0.0501480 0.0592949 0.0549846 0.0538922 0.0544311 0.0555115 0.0718431 0.0702018 0.0658168 0.0630959 0.0652803 0.0691114 0.0636353 0.0609225 0.0630923 0.0630939 0.0620018 0.0603730 0.0620071 0.0620091 0.0625458 0.0587587 0.0593074 0.0631005 0.0603914 0.0658356 0.0652698 0.0614600 0.0603886 0.0598314 0.0631028 0.0598465 0.0571288 0.0603837 0.0690887 0.0658197 0.0620127 0.0614628 0.0592892 0.0630983 0.0539095 0.0609108 0.0630853 0.0685384 0.0647074 0.0625390 
pop0_9     0.0458824 0.0474837 0.0469425 0.0474811 0.0501471 0.0437465 0.0421633 0.0311435 0.0332303 0.0000000 0.0363792 0.0517555 0.0544440 0.0533573 0.0480159 0.0442936 0.0469454 0.0442845 0.0485403 0.0485372 0.0549635 0.0533591 0.0538994 0.0565962 0.0592841 0.0528265 0.0603709 0.0582117 0.0592947 0.0587512 0.0549730 0.0625494 0.0555235 0.0603736 0.0533643 0.0625511 0.0582225 0.0571243 0.0565841 0.0582119 0.0740497 0.0724038 0.0691017 0.0674640 0.0674679 0.0718593 0.0658177 0.0630971 0.0652732 0.0669117 0.0652698 0.0625457 0.0641849 0.0647333 0.0652717 0.0609271 0.0614776 0.0663730 0.0636524 0.0680252 0.0701970 0.0663620 0.0652847 0.0647225 0.0669208 0.0636479 0.0614602 0.0658262 0.0734898 0.0702025 0.0652812 0.0647285 0.0625451 0.0663715 0.0571427 0.0641736 0.0663578 0.0718338 0.0679865 0.0658090 
pop0_10    0.0390071 0.0405933 0.0400582 0.0405911 0.0432333 0.0368927 0.0353225 0.0311478 0.0332348 0.0363792 0.0000000 0.0448267 0.0474902 0.0464149 0.0411208 0.0374319 0.0405876 0.0384760 0.0421697 0.0421677 0.0480071 0.0464164 0.0469514 0.0496229 0.0522877 0.0458882 0.0533642 0.0512242 0.0533704 0.0517588 0.0485498 0.0555218 0.0496277 0.0528308 0.0464209 0.0544468 0.0512336 0.0501475 0.0496161 0.0512220 0.0680100 0.0663764 0.0631007 0.0614754 0.0614789 0.0658357 0.0598426 0.0571429 0.0593022 0.0609279 0.0592991 0.0565964 0.0582222 0.0566052 0.0571386 0.0539156 0.0555350 0.0609371 0.0576928 0.0620310 0.0630987 0.0592994 0.0582305 0.0576753 0.0609373 0.0576899 0.0544429 0.0587674 0.0669103 0.0631035 0.0582274 0.0566010 0.0555180 0.0593079 0.0501636 0.0571319 0.0592956 0.0647214 0.0609104 0.0587522 
pop0_11    0.0522886 0.0539044 0.0533573 0.0539014 0.0555123 0.0501327 0.0485372 0.0464169 0.0485460 0.0517555 0.0448267 0.0000000 0.0156624 0.0177030 0.0228444 0.0327069 0.0411062 0.0389942 0.0426898 0.0432176 0.0560371 0.0544306 0.0549717 0.0576724 0.0603638 0.0538974 0.0614522 0.0592901 0.0614594 0.0592894 0.0565870 0.0636338 0.0576779 0.0603702 0.0544360 0.0636355 0.0593010 0.0582009 0.0587431 0.0592912 0.0751508 0.0735027 0.0701958 0.0685558 0.0691071 0.0735078 0.0674531 0.0647268 0.0669075 0.0685495 0.0669040 0.0641741 0.0652690 0.0663666 0.0669059 0.0625523 0.0631042 0.0685598 0.0652835 0.0696657 0.0685464 0.0669043 0.0658263 0.0641734 0.0685600 0.0652802 0.0619992 0.0663681 0.0745913 0.0707473 0.0658228 0.0641781 0.0630848 0.0674590 0.0576789 0.0641684 0.0652598 0.0723796 0.0685297 0.0663502 
pop0_12    0.0549790 0.0566010 0.0560514 0.0565978 0.0582145 0.0528144 0.0512129 0.0490860 0.0512227 0.0544440 0.0474902 0.0156624 0.0000000 0.0202682 0.0254287 0.0353262 0.0437562 0.0416356 0.0453446 0.0458748 0.0587415 0.0571286 0.0576718 0.0603827 0.0630835 0.0565936 0.0641761 0.0620062 0.0641836 0.0620055 0.0592930 0.0658178 0.0603885 0.0641790 0.0571342 0.0663679 0.0620177 0.0609127 0.0614569 0.0620074 0.0779263 0.0762723 0.0729528 0.0713068 0.0718603 0.0762776 0.0701997 0.0674634 0.0696521 0.0713002 0.0696484 0.0669083 0.0680075 0.0691093 0.0696505 0.0652809 0.0658352 0.0713110 0.0680226 0.0724214 0.0712987 0.0685544 0.0674743 0.0658172 0.0702143 0.0669270 0.0630943 0.0674704 0.0751513 0.0713043 0.0685636 0.0680082 0.0658149 0.0702059 0.0603896 0.0663530 0.0679979 0.0751442 0.0712796 0.0690929 
pop0_13    0.0538906 0.0544345 0.0549622 0.0555075 0.0571210 0.0517308 0.0501318 0.0480081 0.0501414 0.0533573 0.0464149 0.0177030 0.0202682 0.0000000 0.0243895 0.0342712 0.0426873 0.0405703 0.0442732 0.0448019 0.0576471 0.0560376 0.0565799 0.0592861 0.0619826 0.0555041 0.0630733 0.0609075 0.0630799 0.0609063 0.0581984 0.0652596 0.0592918 0.0630762 0.0560427 0.0652613 0.0609183 0.0598155 0.0592758 0.0614480 0.0768002 0.0751488 0.0718351 0.0701918 0.0707443 0.0751541 0.0690865 0.0663549 0.0685400 0.0701853 0.0685364 0.0658009 0.0668981 0.0679981 0.0685384 0.0641761 0.0647293 0.0701959 0.0669130 0.0713043 0.0712802 0.0685367 0.0674568 0.0658001 0.0701961 0.0669097 0.0636216 0.0679997 0.0762394 0.0723878 0.0674532 0.0668988 0.0647093 0.0690927 0.0592929 0.0657943 0.0668887 0.0740230 0.0701651 0.0679819 
pop0_14    0.0485466 0.0501540 0.0496103 0.0501512 0.0517543 0.0464024 0.0448138 0.0427036 0.0448224 0.0480159 0.0411208 0.0228444 0.0254287 0.0243895 0.0000000 0.0290605 0.0374203 0.0353187 0.0389965 0.0395210 0.0522774 0.0506784 0.0512166 0.0539035 0.0565816 0.0501476 0.0576651 0.0555134 0.0576718 0.0555127 0.0528239 0.0598353 0.0539086 0.0576676 0.0506834 0.0598369 0.0555236 0.0544302 0.0549695 0.0560507 0.0712942 0.0696540 0.0663642 0.0647322 0.0652805 0.0696589 0.0636354 0.0609227 0.0630925 0.0647262 0.0630892 0.0603731 0.0614623 0.0625540 0.0630910 0.0587589 0.0593075 0.0647360 0.0614759 0.0658358 0.0658136 0.0630895 0.0620161 0.0614573 0.0647362 0.0614728 0.0582091 0.0620118 0.0707379 0.0669128 0.0620128 0.0603788 0.0592893 0.0636410 0.0539096 0.0603671 0.0614537 0.0685384 0.0647076 0.0625392 
pop0_15    0.0448219 0.0464210 0.0458806 0.0464184 0.0469482 0.0426892 0.0411080 0.0390073 0.0411159 0.0442936 0.0374319 0.0327069 0.0353262 0.0342712 0.0290605 0.0000000 0.0337505 0.0316589 0.0353187 0.0358414 0.0485351 0.0469435 0.0474788 0.0501520 0.0528183 0.0464150 0.0538955 0.0512184 0.0539018 0.0522892 0.0490782 0.0560544 0.0501568 0.0538979 0.0469481 0.0560560 0.0517637 0.0506769 0.0512134 0.0522890 0.0685502 0.0669158 0.0636380 0.0620117 0.0620153 0.0663748 0.0603778 0.0576765 0.0598372 0.0614638 0.0598341 0.0571297 0.0587565 0.0593007 0.0598358 0.0555219 0.0560678 0.0614731 0.0582269 0.0625678 0.0625467 0.0598343 0.0587649 0.0582092 0.0614733 0.0582239 0.0549749 0.0593021 0.0674499 0.0636409 0.0587618 0.0582146 0.0560506 0.0603831 0.0506931 0.0571241 0.0582058 0.0652585 0.0614462 0.0592867 
pop0_16    0.0480074 0.0496134 0.0490709 0.0496106 0.0501441 0.0458650 0.0437468 0.0421691 0.0442862 0.0469454 0.0405876 0.0411062 0.0437562 0.0426873 0.0374203 0.0337505 0.0000000 0.0192448 0.0249079 0.0326983 0.0517351 0.0501374 0.0506751 0.0533597 0.0560364 0.0496070 0.0571182 0.0549683 0.0560484 0.0555054 0.0522806 0.0592865 0.0533648 0.0571210 0.0501423 0.0592882 0.0549784 0.0538861 0.0544249 0.0549693 0.0707330 0.0690936 0.0669021 0.0652691 0.0652729 0.0696509 0.0636281 0.0609156 0.0630852 0.0647187 0.0630819 0.0603654 0.0620001 0.0625468 0.0630837 0.0582096 0.0593007 0.0647285 0.0609273 0.0652841 0.0668999 0.0630822 0.0620090 0.0614500 0.0647287 0.0614657 0.0582023 0.0625482 0.0707297 0.0658124 0.0614638 0.0609144 0.0587427 0.0630907 0.0533672 0.0609039 0.0630782 0.0685298 0.0647001 0.0625320 
pop0_17    0.0458748 0.0474756 0.0469344 0.0474730 0.0490709 0.0437390 0.0416267 0.0400531 0.0421633 0.0442845 0.0384760 0.0389942 0.0416356 0.0405703 0.0353187 0.0316589 0.0192448 0.0000000 0.0228416 0.0306101 0.0495919 0.0479986 0.0485346 0.0512111 0.0538804 0.0474695 0.0549589 0.0528151 0.0549658 0.0533507 0.0501359 0.0565816 0.0512160 0.0549613 0.0480040 0.0571221 0.0528248 0.0517364 0.0522736 0.0528168 0.0696316 0.0679953 0.0647133 0.0630852 0.0630889 0.0674537 0.0603654 0.0587447 0.0609075 0.0625362 0.0609048 0.0581971 0.0598260 0.0603709 0.0609065 0.0565875 0.0571342 0.0625460 0.0587560 0.0630997 0.0647113 0.0609050 0.0598345 0.0592779 0.0625462 0.0592929 0.0560397 0.0598332 0.0685298 0.0636269 0.0598314 0.0592824 0.0571167 0.0614546 0.0517529 0.0587334 0.0609012 0.0663367 0.0614335 0.0603567 
pop0_18    0.0496049 0.0512138 0.0506693 0.0512110 0.0528168 0.0474572 0.0453348 0.0437543 0.0458748 0.0485403 0.0421697 0.0426898 0.0453446 0.0442732 0.0389965 0.0353187 0.0249079 0.0228416 0.0000000 0.0342639 0.0528039 0.0512042 0.0517427 0.0544310 0.0571111 0.0506740 0.0581945 0.0560427 0.0571210 0.0565796 0.0528156 0.0603654 0.0544362 0.0581971 0.0512091 0.0603676 0.0560521 0.0549579 0.0554975 0.0549658 0.0729318 0.0712886 0.0679921 0.0663569 0.0663608 0.0707449 0.0647133 0.0619974 0.0641699 0.0658057 0.0641666 0.0614470 0.0630833 0.0630864 0.0636240 0.0598309 0.0603804 0.0658156 0.0625515 0.0663722 0.0679908 0.0641668 0.0630923 0.0625325 0.0658158 0.0625483 0.0592802 0.0636323 0.0718249 0.0679951 0.0630890 0.0625383 0.0603618 0.0641729 0.0544365 0.0619854 0.0641627 0.0696218 0.0646961 0.0636157 
pop0_19    0.0496020 0.0512114 0.0506669 0.0512091 0.0528135 0.0474550 0.0448025 0.0437517 0.0458735 0.0485372 0.0421677 0.0432176 0.0458748 0.0448019 0.0395210 0.0358414 0.0326983 0.0306101 0.0342639 0.0000000 0.0538743 0.0522725 0.0528118 0.0555041 0.0581875 0.0517407 0.0592724 0.0571168 0.0592793 0.0576553 0.0544221 0.0603631 0.0544337 0.0592750 0.0522776 0.0614487 0.0571273 0.0560313 0.0565717 0.0576551 0.0729275 0.0712843 0.0679880 0.0663530 0.0663569 0.0701927 0.0647097 0.0619929 0.0641661 0.0668943 0.0652528 0.0614441 0.0641684 0.0647165 0.0652547 0.0609113 0.0614617 0.0669044 0.0636358 0.0669147 0.0690814 0.0652531 0.0641774 0.0636165 0.0669046 0.0636326 0.0603597 0.0647180 0.0729218 0.0690865 0.0636311 0.0630799 0.0609020 0.0652625 0.0555122 0.0630685 0.0652489 0.0707156 0.0668751 0.0647011 
pop1_0     0.0554986 0.0565816 0.0565714 0.0571180 0.0587353 0.0522605 0.0517310 0.0496035 0.0517410 0.0549635 0.0480071 0.0560371 0.0587415 0.0576471 0.0522774 0.0485351 0.0517351 0.0495919 0.0528039 0.0538743 0.0000000 0.0065283 0.0100673 0.0156624 0.0233531 0.0212972 0.0295696 0.0306117 0.0389916 0.0405695 0.0374096 0.0458669 0.0395233 0.0432131 0.0405737 0.0496011 0.0453459 0.0437396 0.0448022 0.0458678 0.0696280 0.0679908 0.0647100 0.0630819 0.0630856 0.0674501 0.0614460 0.0582009 0.0609048 0.0625333 0.0609016 0.0581941 0.0592824 0.0603678 0.0609033 0.0555068 0.0560526 0.0625427 0.0592928 0.0636388 0.0625309 0.0587359 0.0587489 0.0581934 0.0609149 0.0582081 0.0560368 0.0592861 0.0685262 0.0647133 0.0609100 0.0603612 0.0571137 0.0614514 0.0517503 0.0587303 0.0608980 0.0657871 0.0625154 0.0603535 
pop1_1     0.0538933 0.0549740 0.0549640 0.0555093 0.0571235 0.0506621 0.0501334 0.0480097 0.0501431 0.0533591 0.0464164 0.0544306 0.0571286 0.0560376 0.0506784 0.0469435 0.0501374 0.0479986 0.0512042 0.0522725 0.0065283 0.0000000 0.0085485 0.0141342 0.0218109 0.0197580 0.0280152 0.0290556 0.0374181 0.0389938 0.0358401 0.0442808 0.0379499 0.0416322 0.0389978 0.0480074 0.0437605 0.0421578 0.0432183 0.0442819 0.0679941 0.0663610 0.0630861 0.0614611 0.0614647 0.0658204 0.0592861 0.0565900 0.0592885 0.0598274 0.0582009 0.0555041 0.0582087 0.0587524 0.0592871 0.0539012 0.0539066 0.0609229 0.0576794 0.0620166 0.0609114 0.0571240 0.0571367 0.0565827 0.0592983 0.0565970 0.0544303 0.0576729 0.0668948 0.0630889 0.0592936 0.0587460 0.0555051 0.0598339 0.0501520 0.0571187 0.0592824 0.0641613 0.0608963 0.0587386 
pop1_2     0.0544339 0.0555155 0.0555055 0.0560513 0.0576667 0.0512001 0.0506711 0.0480116 0.0506808 0.0538994 0.0469514 0.0549717 0.0576718 0.0565799 0.0512166 0.0474788 0.0506751 0.0485346 0.0517427 0.0528118 0.0100673 0.0085485 0.0000000 0.0146448 0.0223270 0.0202733 0.0285361 0.0295770 0.0379468 0.0395233 0.0363677 0.0448140 0.0384783 0.0421633 0.0395270 0.0485435 0.0442934 0.0426893 0.0437506 0.0448149 0.0685459 0.0669115 0.0636340 0.0620078 0.0620114 0.0663706 0.0603740 0.0571328 0.0598334 0.0614599 0.0598303 0.0571261 0.0587528 0.0592970 0.0598320 0.0544420 0.0549869 0.0614692 0.0582232 0.0625638 0.0614576 0.0576672 0.0576800 0.0571255 0.0598433 0.0571399 0.0549714 0.0582166 0.0674456 0.0636368 0.0592987 0.0587511 0.0560470 0.0603793 0.0506899 0.0576618 0.0598267 0.0647099 0.0614423 0.0592824 
pop1_3     0.0571326 0.0582185 0.0582079 0.0587560 0.0603773 0.0549613 0.0533555 0.0512230 0.0533657 0.0565962 0.0496229 0.0576724 0.0603827 0.0592861 0.0539035 0.0501520 0.0533597 0.0512111 0.0544310 0.0555041 0.0156624 0.0141342 0.0146448 0.0000000 0.0249091 0.0228485 0.0311404 0.0316647 0.0405852 0.0421668 0.0389992 0.0474771 0.0400634 0.0448168 0.0421711 0.0512205 0.0458892 0.0453435 0.0464098 0.0474781 0.0712971 0.0696569 0.0658236 0.0647349 0.0647386 0.0685648 0.0630948 0.0598417 0.0625522 0.0641848 0.0625489 0.0598347 0.0614677 0.0620140 0.0625507 0.0571410 0.0576883 0.0641945 0.0609366 0.0652935 0.0641823 0.0603779 0.0603913 0.0598340 0.0625626 0.0598491 0.0576720 0.0598461 0.0701925 0.0663699 0.0625576 0.0620072 0.0587516 0.0631003 0.0533753 0.0603722 0.0625452 0.0674464 0.0641664 0.0619993 
pop1_4     0.0598221 0.0609120 0.0609008 0.0614512 0.0630778 0.0576428 0.0560319 0.0528191 0.0549658 0.0592841 0.0522877 0.0603638 0.0630835 0.0619826 0.0565816 0.0528183 0.0560364 0.0538804 0.0571111 0.0581875 0.0233531 0.0218109 0.0223270 0.0249091 0.0000000 0.0254251 0.0337436 0.0347918 0.0421633 0.0448061 0.0416280 0.0501342 0.0437554 0.0474649 0.0448107 0.0538906 0.0496111 0.0479941 0.0490631 0.0501352 0.0740349 0.0723894 0.0679922 0.0663570 0.0674545 0.0718450 0.0658042 0.0625407 0.0652603 0.0668984 0.0652569 0.0625333 0.0641721 0.0647205 0.0652585 0.0598310 0.0592948 0.0669085 0.0636397 0.0680116 0.0668967 0.0630784 0.0625474 0.0619881 0.0652711 0.0625485 0.0603634 0.0636325 0.0729263 0.0690911 0.0652659 0.0647133 0.0614466 0.0658104 0.0560528 0.0630724 0.0652530 0.0696224 0.0668792 0.0647051 
pop1_5     0.0522879 0.0544404 0.0544305 0.0549754 0.0565886 0.0512012 0.0496030 0.0474805 0.0496126 0.0528265 0.0458882 0.0538974 0.0565936 0.0555041 0.0501476 0.0464150 0.0496070 0.0474695 0.0506740 0.0517407 0.0212972 0.0197580 0.0202733 0.0228485 0.0254251 0.0000000 0.0274980 0.0285380 0.0368963 0.0384700 0.0353187 0.0432245 0.0369017 0.0405794 0.0374223 0.0474782 0.0432339 0.0421620 0.0426924 0.0437549 0.0674523 0.0658201 0.0625474 0.0609234 0.0609269 0.0652798 0.0592920 0.0560554 0.0587522 0.0603764 0.0587491 0.0560488 0.0576731 0.0582164 0.0587508 0.0533683 0.0539123 0.0603855 0.0571440 0.0614784 0.0592929 0.0555133 0.0566017 0.0560482 0.0587619 0.0560623 0.0538971 0.0571375 0.0663536 0.0625501 0.0587572 0.0582101 0.0549713 0.0592972 0.0496214 0.0565838 0.0576625 0.0636220 0.0603591 0.0582027 
pop1_6     0.0609097 0.0620013 0.0619900 0.0625413 0.0641703 0.0587268 0.0571136 0.0549717 0.0571246 0.0603709 0.0533642 0.0614522 0.0641761 0.0630733 0.0576651 0.0538955 0.0571182 0.0549589 0.0581945 0.0592724 0.0295696 0.0280152 0.0285361 0.0311404 0.0337436 0.0274980 0.0000000 0.0347948 0.0442819 0.0458711 0.0426883 0.0512072 0.0448191 0.0485339 0.0458758 0.0549690 0.0506836 0.0495988 0.0501344 0.0512091 0.0723859 0.0707436 0.0696386 0.0680000 0.0685539 0.0729511 0.0669014 0.0636325 0.0663562 0.0679968 0.0663527 0.0636250 0.0652664 0.0658156 0.0663546 0.0598369 0.0614692 0.0680071 0.0647334 0.0691120 0.0679942 0.0641709 0.0641852 0.0636240 0.0669128 0.0636404 0.0614518 0.0647260 0.0740338 0.0701929 0.0663619 0.0658084 0.0625362 0.0669072 0.0565978 0.0641649 0.0663487 0.0707228 0.0679773 0.0658000 
pop1_7     0.0587491 0.0603795 0.0598265 0.0603761 0.0620007 0.0565729 0.0549639 0.0528274 0.0549745 0.0582117 0.0512242 0.0592901 0.0620062 0.0609075 0.0555134 0.0512184 0.0549683 0.0528151 0.0560427 0.0571168 0.0306117 0.0290556 0.0295770 0.0316647 0.0347918 0.0285380 0.0347948 0.0000000 0.0421675 0.0437517 0.0405782 0.0490736 0.0421751 0.0464077 0.0437567 0.0522889 0.0485509 0.0474698 0.0480040 0.0490745 0.0718447 0.0702034 0.0669111 0.0663676 0.0652793 0.0707563 0.0647239 0.0614641 0.0641802 0.0647251 0.0630882 0.0614569 0.0614642 0.0636410 0.0641787 0.0587579 0.0593065 0.0658262 0.0625616 0.0669278 0.0669064 0.0630884 0.0620150 0.0614562 0.0641928 0.0614717 0.0592897 0.0631010 0.0712841 0.0680061 0.0641858 0.0636341 0.0603715 0.0647296 0.0549844 0.0619954 0.0641731 0.0679895 0.0647089 0.0625404 
pop1_8     0.0603735 0.0620075 0.0614531 0.0620040 0.0625463 0.0571123 0.0565798 0.0549781 0.0571313 0.0592947 0.0533704 0.0614594 0.0641836 0.0630799 0.0576718 0.0539018 0.0560484 0.0549658 0.0571210 0.0592793 0.0389916 0.0374181 0.0379468 0.0405852 0.0421633 0.0368963 0.0442819 0.0421675 0.0000000 0.0480067 0.0448144 0.0533588 0.0469520 0.0506775 0.0480117 0.0571322 0.0528341 0.0517447 0.0522828 0.0533599 0.0751546 0.0735064 0.0690990 0.0674613 0.0685633 0.0729611 0.0669105 0.0636412 0.0663653 0.0680061 0.0663618 0.0636337 0.0652754 0.0652770 0.0658157 0.0620129 0.0620235 0.0680164 0.0647423 0.0691215 0.0701970 0.0663620 0.0652846 0.0647225 0.0680165 0.0647389 0.0625466 0.0669191 0.0729351 0.0713018 0.0674646 0.0669102 0.0636331 0.0680109 0.0582230 0.0652639 0.0674513 0.0723832 0.0690822 0.0669016 
pop1_9     0.0592890 0.0609205 0.0603671 0.0609171 0.0625428 0.0560335 0.0555010 0.0533631 0.0555117 0.0587512 0.0517588 0.0592894 0.0620055 0.0609063 0.0555127 0.0522892 0.0555054 0.0533507 0.0565796 0.0576553 0.0405695 0.0389938 0.0395233 0.0421668 0.0448061 0.0384700 0.0458711 0.0437517 0.0480067 0.0000000 0.0358390 0.0496066 0.0432313 0.0458766 0.0442861 0.0517506 0.0490837 0.0474680 0.0485362 0.0496076 0.0734935 0.0718489 0.0685494 0.0669129 0.0663681 0.0707526 0.0652680 0.0625495 0.0636344 0.0663611 0.0647206 0.0619986 0.0636364 0.0641844 0.0647224 0.0592978 0.0598468 0.0663711 0.0631042 0.0669259 0.0685472 0.0647208 0.0636455 0.0630850 0.0663714 0.0631010 0.0598299 0.0641859 0.0712850 0.0685525 0.0647295 0.0641773 0.0609125 0.0641833 0.0555217 0.0614519 0.0625402 0.0690841 0.0652512 0.0630813 
pop1_10    0.0560480 0.0576722 0.0571210 0.0576689 0.0592877 0.0538804 0.0522769 0.0490800 0.0506791 0.0549730 0.0485498 0.0565870 0.0592930 0.0581984 0.0528239 0.0490782 0.0522806 0.0501359 0.0528156 0.0544221 0.0374096 0.0358401 0.0363677 0.0389992 0.0416280 0.0353187 0.0426883 0.0405782 0.0448144 0.0358390 0.0000000 0.0464066 0.0400588 0.0437517 0.0411095 0.0501451 0.0458862 0.0448097 0.0453418 0.0464084 0.0701905 0.0685527 0.0652680 0.0636384 0.0636421 0.0674614 0.0620009 0.0592941 0.0614592 0.0625464 0.0609143 0.0587460 0.0603763 0.0603783 0.0614577 0.0560563 0.0560619 0.0630987 0.0598458 0.0641959 0.0647195 0.0609127 0.0603849 0.0598277 0.0630989 0.0598428 0.0560474 0.0603807 0.0685384 0.0647253 0.0603784 0.0598299 0.0565842 0.0598355 0.0512236 0.0582009 0.0603665 0.0657988 0.0619831 0.0598224 
pop1_11    0.0630897 0.0647300 0.0641730 0.0647263 0.0663602 0.0608996 0.0582009 0.0560542 0.0592932 0.0625494 0.0555218 0.0636338 0.0658178 0.0652596 0.0598353 0.0560544 0.0592865 0.0565816 0.0603654 0.0603631 0.0458669 0.0442808 0.0448140 0.0474771 0.0501342 0.0432245 0.0512072 0.0490736 0.0533588 0.0496066 0.0464066 0.0000000 0.0348036 0.0469387 0.0480107 0.0571311 0.0528331 0.0517447 0.0522817 0.0533588 0.0773677 0.0757149 0.0723980 0.0707533 0.0707575 0.0751682 0.0680044 0.0663673 0.0685528 0.0701984 0.0685492 0.0658132 0.0674598 0.0680108 0.0685512 0.0630991 0.0636514 0.0702090 0.0669255 0.0713176 0.0712935 0.0674531 0.0663744 0.0658112 0.0691102 0.0658279 0.0625443 0.0669166 0.0751459 0.0712991 0.0685587 0.0680033 0.0647214 0.0691057 0.0593039 0.0663545 0.0685451 0.0740370 0.0701782 0.0679946 
pop1_12    0.0571380 0.0587650 0.0582134 0.0587617 0.0603831 0.0549658 0.0533606 0.0512279 0.0533708 0.0555235 0.0496277 0.0576779 0.0603885 0.0592918 0.0539086 0.0501568 0.0533648 0.0512160 0.0544362 0.0544337 0.0395233 0.0379499 0.0384783 0.0400634 0.0437554 0.0369017 0.0448191 0.0421751 0.0469520 0.0432313 0.0400588 0.0348036 0.0000000 0.0400601 0.0421751 0.0512254 0.0464293 0.0458811 0.0464142 0.0474826 0.0713040 0.0696636 0.0658300 0.0647411 0.0647449 0.0691208 0.0620142 0.0603896 0.0625582 0.0641910 0.0625550 0.0598404 0.0614736 0.0620200 0.0625568 0.0571465 0.0576938 0.0642007 0.0609424 0.0652998 0.0663712 0.0625552 0.0614824 0.0598387 0.0631125 0.0609394 0.0576776 0.0609362 0.0701993 0.0663763 0.0625636 0.0620132 0.0587572 0.0631064 0.0523075 0.0603780 0.0625512 0.0680004 0.0641726 0.0620053 
pop1_13    0.0609125 0.0625477 0.0619929 0.0625441 0.0641732 0.0587295 0.0571162 0.0549741 0.0571272 0.0603736 0.0528308 0.0603702 0.0641790 0.0630762 0.0576676 0.0538979 0.0571210 0.0549613 0.0581971 0.0592750 0.0432131 0.0416322 0.0421633 0.0448168 0.0474649 0.0405794 0.0485339 0.0464077 0.0506775 0.0458766 0.0437517 0.0469387 0.0400601 0.0000000 0.0448171 0.0538980 0.0485493 0.0496010 0.0501367 0.0512105 0.0751476 0.0734996 0.0701929 0.0685530 0.0685570 0.0729544 0.0647221 0.0630921 0.0652680 0.0679999 0.0663557 0.0636279 0.0652694 0.0658186 0.0663576 0.0598363 0.0614720 0.0680101 0.0647363 0.0691151 0.0701906 0.0663560 0.0652787 0.0647166 0.0669183 0.0636456 0.0614546 0.0658202 0.0740370 0.0701961 0.0663649 0.0652669 0.0625394 0.0663624 0.0571375 0.0641684 0.0663517 0.0718272 0.0668851 0.0647108 
pop1_14    0.0538985 0.0555179 0.0549694 0.0555148 0.0571291 0.0517376 0.0501392 0.0480144 0.0501480 0.0533643 0.0464209 0.0544360 0.0571342 0.0560427 0.0506834 0.0469481 0.0501423 0.0480040 0.0512091 0.0522776 0.0405737 0.0389978 0.0395270 0.0421711 0.0448107 0.0374223 0.0458758 0.0437567 0.0480117 0.0442861 0.0411095 0.0480107 0.0421751 0.0448171 0.0000000 0.0311455 0.0363774 0.0384673 0.0389948 0.0400519 0.0669065 0.0652754 0.0620050 0.0603822 0.0603856 0.0647355 0.0587520 0.0560565 0.0582125 0.0598356 0.0582095 0.0555111 0.0571342 0.0587582 0.0592929 0.0539065 0.0544510 0.0603857 0.0571442 0.0614786 0.0620030 0.0582097 0.0571423 0.0565883 0.0598448 0.0566025 0.0533629 0.0576806 0.0669013 0.0630951 0.0592994 0.0587518 0.0555106 0.0598398 0.0501569 0.0571243 0.0592877 0.0647133 0.0609023 0.0587443 
pop1_15    0.0630914 0.0641865 0.0641748 0.0647281 0.0663620 0.0609013 0.0592834 0.0571354 0.0592949 0.0625511 0.0544468 0.0636355 0.0663679 0.0652613 0.0598369 0.0560560 0.0592882 0.0571221 0.0603676 0.0614487 0.0496011 0.0480074 0.0485435 0.0512205 0.0538906 0.0474782 0.0549690 0.0522889 0.0571322 0.0517506 0.0501451 0.0571311 0.0512254 0.0538980 0.0311455 0.0000000 0.0442936 0.0474695 0.0480040 0.0490742 0.0757069 0.0740576 0.0707499 0.0696567 0.0696608 0.0729599 0.0680054 0.0652770 0.0674594 0.0685530 0.0669075 0.0641775 0.0658203 0.0669180 0.0674578 0.0631008 0.0636532 0.0702109 0.0669274 0.0702187 0.0690945 0.0652655 0.0652826 0.0647205 0.0680144 0.0647369 0.0625447 0.0669171 0.0751464 0.0712995 0.0674626 0.0669081 0.0636311 0.0680088 0.0582213 0.0652619 0.0663558 0.0729329 0.0690801 0.0668996 
pop1_16    0.0587600 0.0603907 0.0598376 0.0603872 0.0620121 0.0565833 0.0549740 0.0522989 0.0549846 0.0582225 0.0512336 0.0593010 0.0620177 0.0609183 0.0555236 0.0517637 0.0549784 0.0528248 0.0560521 0.0571273 0.0453459 0.0437605 0.0442934 0.0458892 0.0496111 0.0432339 0.0506836 0.0485509 0.0528341 0.0490837 0.0458862 0.0528331 0.0464293 0.0485493 0.0363774 0.0442936 0.0000000 0.0432260 0.0437571 0.0448215 0.0729572 0.0713133 0.0680156 0.0663799 0.0663838 0.0707694 0.0647359 0.0620188 0.0641921 0.0652844 0.0636459 0.0603866 0.0631052 0.0636528 0.0631005 0.0582267 0.0593174 0.0658384 0.0620300 0.0669402 0.0669162 0.0630976 0.0614797 0.0614652 0.0641981 0.0609368 0.0582165 0.0625635 0.0707470 0.0669214 0.0620193 0.0614693 0.0582158 0.0631066 0.0539165 0.0609188 0.0630936 0.0685466 0.0636253 0.0614597 
pop1_17    0.0576608 0.0592886 0.0587367 0.0592852 0.0609075 0.0554884 0.0528082 0.0517484 0.0538922 0.0571243 0.0501475 0.0582009 0.0609127 0.0598155 0.0544302 0.0506769 0.0538861 0.0517364 0.0549579 0.0560313 0.0437396 0.0421578 0.0426893 0.0453435 0.0479941 0.0421620 0.0495988 0.0474698 0.0517447 0.0474680 0.0448097 0.0517447 0.0458811 0.0496010 0.0384673 0.0474695 0.0432260 0.0000000 0.0321710 0.0395167 0.0718327 0.0701918 0.0669001 0.0652672 0.0652710 0.0696488 0.0636262 0.0609138 0.0630834 0.0647168 0.0630799 0.0598237 0.0619983 0.0625449 0.0630819 0.0576695 0.0582171 0.0636377 0.0603828 0.0647357 0.0668979 0.0630799 0.0620072 0.0614484 0.0647268 0.0614639 0.0582009 0.0625464 0.0707276 0.0669031 0.0630888 0.0625381 0.0592808 0.0636318 0.0539018 0.0609021 0.0630763 0.0679783 0.0646982 0.0625301 
pop1_18    0.0582026 0.0598316 0.0592792 0.0587447 0.0614514 0.0549517 0.0533462 0.0522857 0.0544311 0.0565841 0.0496161 0.0587431 0.0614569 0.0592758 0.0549695 0.0512134 0.0544249 0.0522736 0.0554975 0.0565717 0.0448022 0.0432183 0.0437506 0.0464098 0.0490631 0.0426924 0.0501344 0.0480040 0.0522828 0.0485362 0.0453418 0.0522817 0.0464142 0.0501367 0.0389948 0.0480040 0.0437571 0.0321710 0.0000000 0.0400449 0.0723852 0.0707430 0.0674488 0.0658147 0.0658185 0.0701996 0.0641724 0.0609164 0.0636292 0.0652638 0.0625362 0.0609075 0.0625433 0.0630904 0.0636277 0.0582113 0.0587594 0.0652737 0.0614703 0.0663743 0.0674465 0.0636261 0.0625522 0.0619929 0.0652739 0.0620086 0.0587428 0.0630919 0.0712791 0.0674518 0.0636346 0.0630835 0.0598237 0.0641781 0.0544409 0.0614462 0.0636221 0.0690775 0.0652451 0.0619893 
pop1_19    0.0592887 0.0609203 0.0603668 0.0603734 0.0625425 0.0571108 0.0555008 0.0533629 0.0555115 0.0582119 0.0512220 0.0592912 0.0620074 0.0614480 0.0560507 0.0522890 0.0549693 0.0528168 0.0549658 0.0576551 0.0458678 0.0442819 0.0448149 0.0474781 0.0501352 0.0437549 0.0512091 0.0490745 0.0533599 0.0496076 0.0464084 0.0533588 0.0474826 0.0512105 0.0400519 0.0490742 0.0448215 0.0395167 0.0400449 0.0000000 0.0729450 0.0713014 0.0680043 0.0663689 0.0652780 0.0707576 0.0647252 0.0620085 0.0641815 0.0658175 0.0641781 0.0614581 0.0630947 0.0641841 0.0647221 0.0592975 0.0598466 0.0663708 0.0631039 0.0674732 0.0685468 0.0647205 0.0636452 0.0630847 0.0663710 0.0631007 0.0598297 0.0641856 0.0723852 0.0685522 0.0647292 0.0641770 0.0609122 0.0652734 0.0555214 0.0625362 0.0647164 0.0701802 0.0663417 0.0641684 
pop2_0     0.0745948 0.0762615 0.0756944 0.0762571 0.0773661 0.0734728 0.0718292 0.0696480 0.0718431 0.0740497 0.0680100 0.0751508 0.0779263 0.0768002 0.0712942 0.0685502 0.0707330 0.0696316 0.0729318 0.0729275 0.0696280 0.0679941 0.0685459 0.0712971 0.0740349 0.0674523 0.0723859 0.0718447 0.0751546 0.0734935 0.0701905 0.0773677 0.0713040 0.0751476 0.0669065 0.0757069 0.0729572 0.0718327 0.0723852 0.0729450 0.0000000 0.0075367 0.0197539 0.0182172 0.0295769 0.0327027 0.0347921 0.0316589 0.0363663 0.0490709 0.0474693 0.0442784 0.0464086 0.0582113 0.0587456 0.0544384 0.0560616 0.0598395 0.0566005 0.0609315 0.0723890 0.0685432 0.0674633 0.0668990 0.0696519 0.0663676 0.0641705 0.0685522 0.0767983 0.0740468 0.0680036 0.0669031 0.0641697 0.0685502 0.0587566 0.0658014 0.0679908 0.0734773 0.0696220 0.0674402 
pop2_1     0.0729479 0.0746110 0.0740448 0.0746067 0.0751590 0.0718287 0.0701882 0.0680112 0.0702018 0.0724038 0.0663764 0.0735027 0.0762723 0.0751488 0.0696540 0.0669158 0.0690936 0.0679953 0.0712886 0.0712843 0.0679908 0.0663610 0.0669115 0.0696569 0.0723894 0.0658201 0.0707436 0.0702034 0.0735064 0.0718489 0.0685527 0.0757149 0.0696636 0.0734996 0.0652754 0.0740576 0.0713133 0.0701918 0.0707430 0.0713014 0.0075367 0.0000000 0.0182177 0.0166842 0.0280212 0.0321859 0.0332263 0.0300986 0.0347973 0.0474770 0.0458782 0.0426937 0.0448195 0.0565980 0.0571315 0.0528328 0.0544524 0.0582228 0.0549903 0.0593123 0.0707467 0.0669089 0.0658309 0.0652682 0.0680150 0.0647375 0.0625452 0.0669176 0.0751470 0.0724010 0.0663703 0.0652722 0.0625445 0.0669157 0.0560632 0.0641730 0.0663571 0.0718327 0.0679858 0.0658083 
pop2_2     0.0696437 0.0712990 0.0707360 0.0712949 0.0723965 0.0679804 0.0663481 0.0636389 0.0658168 0.0691017 0.0631007 0.0701958 0.0729528 0.0718351 0.0663642 0.0636380 0.0669021 0.0647133 0.0679921 0.0679880 0.0647100 0.0630861 0.0636340 0.0658236 0.0679922 0.0625474 0.0696386 0.0669111 0.0690990 0.0685494 0.0652680 0.0723980 0.0658300 0.0701929 0.0620050 0.0707499 0.0680156 0.0669001 0.0674488 0.0680043 0.0197539 0.0182177 0.0000000 0.0095592 0.0249115 0.0290586 0.0300958 0.0269795 0.0316589 0.0442846 0.0426924 0.0395222 0.0416384 0.0533656 0.0538970 0.0496167 0.0512289 0.0549830 0.0517644 0.0555290 0.0674523 0.0636315 0.0625575 0.0619982 0.0647322 0.0614691 0.0592872 0.0630983 0.0718327 0.0690991 0.0630949 0.0620020 0.0592865 0.0636380 0.0539070 0.0609075 0.0630824 0.0685344 0.0647045 0.0625362 
pop2_3     0.0680049 0.0696566 0.0690951 0.0696526 0.0707519 0.0668942 0.0652639 0.0609256 0.0630959 0.0674640 0.0614754 0.0685558 0.0713068 0.0701918 0.0647322 0.0620117 0.0652691 0.0630852 0.0663569 0.0663530 0.0630819 0.0614611 0.0620078 0.0647349 0.0663570 0.0609234 0.0680000 0.0663676 0.0674613 0.0669129 0.0636384 0.0707533 0.0647411 0.0685530 0.0603822 0.0696567 0.0663799 0.0652672 0.0658147 0.0663689 0.0182172 0.0166842 0.0095592 0.0000000 0.0233642 0.0275031 0.0285376 0.0254290 0.0300986 0.0426985 0.0411100 0.0379458 0.0400576 0.0517606 0.0522911 0.0480194 0.0496280 0.0533745 0.0501624 0.0544564 0.0658181 0.0620054 0.0609333 0.0603755 0.0631035 0.0598472 0.0576702 0.0620134 0.0701902 0.0674613 0.0614697 0.0603792 0.0576695 0.0620116 0.0523008 0.0592877 0.0609140 0.0668983 0.0630765 0.0609125 
pop2_4     0.0680089 0.0696607 0.0690991 0.0696567 0.0707560 0.0668981 0.0652677 0.0631036 0.0652803 0.0674679 0.0614789 0.0691071 0.0718603 0.0707443 0.0652805 0.0620153 0.0652729 0.0630889 0.0663608 0.0663569 0.0630856 0.0614647 0.0620114 0.0647386 0.0674545 0.0609269 0.0685539 0.0652793 0.0685633 0.0663681 0.0636421 0.0707575 0.0647449 0.0685570 0.0603856 0.0696608 0.0663838 0.0652710 0.0658185 0.0652780 0.0295769 0.0280212 0.0249115 0.0233642 0.0000000 0.0171976 0.0285391 0.0254304 0.0301003 0.0427009 0.0411123 0.0384749 0.0400598 0.0506930 0.0522941 0.0480221 0.0496308 0.0533776 0.0501653 0.0544596 0.0647315 0.0609240 0.0598531 0.0592963 0.0620204 0.0587685 0.0565947 0.0609319 0.0690976 0.0663724 0.0603889 0.0593000 0.0565940 0.0609301 0.0512324 0.0582101 0.0603770 0.0658103 0.0619929 0.0598327 
pop2_5     0.0718535 0.0735142 0.0729490 0.0735100 0.0746151 0.0712847 0.0696453 0.0674695 0.0691114 0.0718593 0.0658357 0.0735078 0.0762776 0.0751541 0.0696589 0.0663748 0.0696509 0.0674537 0.0707449 0.0701927 0.0674501 0.0658204 0.0663706 0.0685648 0.0718450 0.0652798 0.0729511 0.0707563 0.0729611 0.0707526 0.0674614 0.0751682 0.0691208 0.0729544 0.0647355 0.0729599 0.0707694 0.0696488 0.0701996 0.0707576 0.0327027 0.0321859 0.0290586 0.0275031 0.0171976 0.0000000 0.0327066 0.0295807 0.0342766 0.0458835 0.0442880 0.0416394 0.0432321 0.0549870 0.0565968 0.0523008 0.0539193 0.0576873 0.0544568 0.0587761 0.0702033 0.0663680 0.0652905 0.0647283 0.0674733 0.0641978 0.0620071 0.0663766 0.0746008 0.0718565 0.0658296 0.0647323 0.0620063 0.0663747 0.0566073 0.0636338 0.0658166 0.0707388 0.0674435 0.0652682 
pop2_6     0.0663576 0.0680053 0.0674453 0.0680014 0.0696437 0.0652497 0.0636240 0.0614636 0.0636353 0.0658177 0.0598426 0.0674531 0.0701997 0.0690865 0.0636354 0.0603778 0.0636281 0.0603654 0.0647133 0.0647097 0.0614460 0.0592861 0.0603740 0.0630948 0.0658042 0.0592920 0.0669014 0.0647239 0.0669105 0.0652680 0.0620009 0.0680044 0.0620142 0.0647221 0.0587520 0.0680054 0.0647359 0.0636262 0.0641724 0.0647252 0.0347921 0.0332263 0.0300958 0.0285376 0.0285391 0.0327066 0.0000000 0.0151520 0.0228444 0.0416368 0.0400506 0.0374181 0.0389998 0.0506851 0.0512149 0.0469495 0.0485556 0.0522965 0.0490892 0.0533766 0.0647212 0.0609144 0.0598437 0.0592870 0.0614702 0.0587592 0.0565858 0.0609223 0.0690865 0.0663618 0.0603794 0.0592906 0.0565851 0.0609205 0.0512244 0.0582009 0.0603674 0.0657999 0.0608996 0.0598237 
pop2_7     0.0630916 0.0647320 0.0641750 0.0652732 0.0669096 0.0625320 0.0609107 0.0587584 0.0609225 0.0630971 0.0571429 0.0647268 0.0674634 0.0663549 0.0609227 0.0576765 0.0609156 0.0587447 0.0619974 0.0619929 0.0582009 0.0565900 0.0571328 0.0598417 0.0625407 0.0560554 0.0636325 0.0614641 0.0636412 0.0625495 0.0592941 0.0663673 0.0603896 0.0630921 0.0560565 0.0652770 0.0620188 0.0609138 0.0609164 0.0620085 0.0316589 0.0300986 0.0269795 0.0254290 0.0254304 0.0295807 0.0151520 0.0000000 0.0187335 0.0384743 0.0368950 0.0342727 0.0358482 0.0474843 0.0480122 0.0437644 0.0453632 0.0485533 0.0458947 0.0501639 0.0614612 0.0576706 0.0566039 0.0560503 0.0587617 0.0555241 0.0533606 0.0576781 0.0658082 0.0630946 0.0571376 0.0560537 0.0533600 0.0576765 0.0480211 0.0549692 0.0571263 0.0614485 0.0587366 0.0560464 
pop2_8     0.0658128 0.0674593 0.0668998 0.0674554 0.0690965 0.0647058 0.0630799 0.0609222 0.0630923 0.0652732 0.0593022 0.0669075 0.0696521 0.0685400 0.0630925 0.0598372 0.0630852 0.0609075 0.0641699 0.0641661 0.0609048 0.0592885 0.0598334 0.0625522 0.0652603 0.0587522 0.0663562 0.0641802 0.0663653 0.0636344 0.0614592 0.0685528 0.0625582 0.0652680 0.0582125 0.0674594 0.0641921 0.0630834 0.0636292 0.0641815 0.0363663 0.0347973 0.0316589 0.0300986 0.0301003 0.0342766 0.0228444 0.0187335 0.0000000 0.0426968 0.0411083 0.0384712 0.0395297 0.0506866 0.0512164 0.0480175 0.0485570 0.0533724 0.0501605 0.0544543 0.0647232 0.0609162 0.0598455 0.0592888 0.0620125 0.0587611 0.0565875 0.0609241 0.0690888 0.0663639 0.0587552 0.0576689 0.0555081 0.0609224 0.0512259 0.0582028 0.0603693 0.0658019 0.0619860 0.0598251 
