80
pop0_0     0.0000000 0.0050167 0.0090544 0.0141333 0.0171982 0.0171944 0.0233578 0.0285306 0.0274961 0.0326977 0.0337480 0.0379418 0.0368992 0.0390017 0.0327082 0.0316589 0.0347984 0.0390112 0.0358332 0.0442686 0.0581998 0.0592807 0.0592743 0.0625193 0.0679805 0.0679799 0.0646945 0.0636240 0.0701838 0.0647133 0.0625334 0.0636080 0.0657998 0.0712717 0.0668770 0.0669109 0.0668668 0.0690561 0.0614296 0.0636123 0.0823316 0.0845736 0.0812290 0.0812368 0.0834531 0.0812228 0.0823468 0.0834781 0.0812265 0.0823507 0.0823355 0.0834601 0.0879429 0.0879518 0.0745774 0.0846026 0.0846033 0.0845754 0.0856875 0.0868276 0.0936357 0.0947714 0.1004626 0.1016276 0.0970361 0.1050499 0.1119830 0.1027712 0.1154934 0.1085273 0.1108268 0.1015862 0.1062108 0.1108195 0.1085363 0.1073664 0.1085151 0.1004679 0.1108339 0.1039243 
pop0_1     0.0050167 0.0000000 0.0080430 0.0131158 0.0161767 0.0161731 0.0223291 0.0274946 0.0264614 0.0316562 0.0327046 0.0368927 0.0358517 0.0379514 0.0316664 0.0306194 0.0337539 0.0379607 0.0347876 0.0432117 0.0571237 0.0582031 0.0581969 0.0614376 0.0668910 0.0668904 0.0636097 0.0625401 0.0690908 0.0636277 0.0614514 0.0625247 0.0647133 0.0701776 0.0657892 0.0658226 0.0657792 0.0679654 0.0603494 0.0625289 0.0812221 0.0834608 0.0801209 0.0801286 0.0823419 0.0778931 0.0812371 0.0823673 0.0801184 0.0812410 0.0812259 0.0823489 0.0868253 0.0868341 0.0734787 0.0834894 0.0834901 0.0834626 0.0845732 0.0857115 0.0925093 0.0936433 0.0993262 0.1004893 0.0959047 0.1039069 0.1108297 0.1016313 0.1143347 0.1073789 0.1096752 0.1004485 0.1050660 0.1096679 0.1073878 0.1062198 0.1073669 0.0993315 0.1096822 0.1027826 
pop0_2     0.0090544 0.0080430 0.0000000 0.0131159 0.0161767 0.0161731 0.0223291 0.0274947 0.0264614 0.0316562 0.0327047 0.0368927 0.0358518 0.0379515 0.0316664 0.0306194 0.0337539 0.0379608 0.0347877 0.0432118 0.0549685 0.0560448 0.0560388 0.0592704 0.0647078 0.0647072 0.0614363 0.0603692 0.0669008 0.0614537 0.0592837 0.0603543 0.0625362 0.0679849 0.0636095 0.0636417 0.0635998 0.0657797 0.0581855 0.0603584 0.0812221 0.0834608 0.0801209 0.0801286 0.0823419 0.0801148 0.0812371 0.0823673 0.0801184 0.0812410 0.0812259 0.0823488 0.0868253 0.0868340 0.0734787 0.0834894 0.0834901 0.0834626 0.0845732 0.0857114 0.0925092 0.0936432 0.0993261 0.1004892 0.0959047 0.1039067 0.1108295 0.1016311 0.1143345 0.1073788 0.1096750 0.1004484 0.1050658 0.1096678 0.1073877 0.1062196 0.1073667 0.0993314 0.1096820 0.1027825 
pop0_3     0.0141333 0.0131158 0.0131159 0.0000000 0.0090565 0.0151536 0.0213013 0.0264614 0.0254289 0.0306165 0.0316641 0.0358473 0.0348069 0.0369040 0.0306270 0.0295814 0.0327118 0.0369130 0.0337446 0.0421579 0.0560513 0.0571292 0.0571231 0.0603596 0.0658056 0.0658042 0.0625288 0.0614604 0.0680022 0.0625465 0.0603731 0.0614452 0.0636307 0.0690878 0.0647054 0.0647382 0.0646955 0.0668788 0.0592730 0.0614500 0.0801173 0.0823529 0.0790175 0.0790251 0.0812355 0.0790115 0.0801323 0.0812606 0.0790151 0.0801359 0.0801211 0.0812424 0.0857126 0.0857213 0.0723843 0.0823811 0.0823817 0.0823547 0.0834638 0.0846003 0.0913881 0.0925205 0.0981955 0.0993567 0.0947789 0.1027696 0.1096826 0.1004971 0.1131824 0.1062366 0.1085297 0.0993164 0.1039270 0.1085225 0.1062454 0.1050791 0.1062247 0.0982007 0.1085366 0.1016468 
pop0_4     0.0171982 0.0161767 0.0161767 0.0090565 0.0000000 0.0182228 0.0223326 0.0295774 0.0285414 0.0337514 0.0348033 0.0390043 0.0379602 0.0400661 0.0337623 0.0327119 0.0358559 0.0400759 0.0368927 0.0453414 0.0592964 0.0603791 0.0603726 0.0636240 0.0690937 0.0690930 0.0658019 0.0647295 0.0713006 0.0658205 0.0636374 0.0647133 0.0669093 0.0723905 0.0679881 0.0680227 0.0679778 0.0701708 0.0625314 0.0647179 0.0834694 0.0857155 0.0823651 0.0823730 0.0845930 0.0823588 0.0834849 0.0846190 0.0823625 0.0834889 0.0834734 0.0846001 0.0890908 0.0890998 0.0757020 0.0857449 0.0857455 0.0857169 0.0868312 0.0879736 0.0947942 0.0959319 0.1016331 0.1028005 0.0982005 0.1062287 0.1131742 0.1039460 0.1166912 0.1097125 0.1120160 0.1027586 0.1073918 0.1120086 0.1097216 0.1085494 0.1097001 0.1016385 0.1120232 0.1051012 
pop0_5     0.0171944 0.0161731 0.0161731 0.0151536 0.0182228 0.0000000 0.0141323 0.0233562 0.0223291 0.0274944 0.0285361 0.0327027 0.0316652 0.0337533 0.0275033 0.0264627 0.0295794 0.0337615 0.0306088 0.0389857 0.0528168 0.0538906 0.0538844 0.0571068 0.0625281 0.0625275 0.0592664 0.0582009 0.0647143 0.0592824 0.0571196 0.0581876 0.0603627 0.0657954 0.0614333 0.0614643 0.0614239 0.0635974 0.0560253 0.0581914 0.0767754 0.0790004 0.0756801 0.0756874 0.0778883 0.0756745 0.0767896 0.0779123 0.0756778 0.0767932 0.0767790 0.0778948 0.0823445 0.0823528 0.0690771 0.0790274 0.0790281 0.0790021 0.0801064 0.0812370 0.0879919 0.0891190 0.0947677 0.0959227 0.0913671 0.0993202 0.1062004 0.0970578 0.1096831 0.1027702 0.1050528 0.0958838 0.1016142 0.1050460 0.1027787 0.1016184 0.1027588 0.0947727 0.1050595 0.0982019 
pop0_6     0.0233578 0.0223291 0.0223291 0.0213013 0.0223326 0.0141323 0.0000000 0.0295700 0.0285342 0.0337429 0.0347948 0.0389945 0.0379506 0.0400560 0.0337538 0.0327027 0.0358469 0.0379540 0.0368827 0.0453299 0.0592814 0.0603638 0.0603573 0.0636069 0.0690761 0.0690754 0.0657851 0.0647133 0.0712827 0.0658042 0.0636212 0.0646971 0.0668923 0.0723721 0.0679708 0.0680054 0.0679605 0.0701530 0.0625155 0.0647015 0.0834481 0.0856935 0.0823440 0.0823520 0.0845713 0.0823377 0.0834635 0.0845966 0.0823414 0.0834675 0.0834520 0.0845784 0.0890679 0.0890769 0.0756827 0.0857229 0.0857236 0.0856954 0.0868090 0.0879510 0.0947698 0.0959073 0.1016070 0.1027740 0.0981752 0.1062013 0.1131449 0.1039193 0.1166610 0.1096841 0.1119870 0.1027321 0.1085170 0.1119796 0.1096933 0.1085214 0.1096718 0.1016124 0.1119942 0.1050742 
pop0_7     0.0285306 0.0274946 0.0274947 0.0264614 0.0295774 0.0233562 0.0295700 0.0000000 0.0171956 0.0326982 0.0337480 0.0379424 0.0368997 0.0390022 0.0327087 0.0316602 0.0347990 0.0390118 0.0358337 0.0442692 0.0582009 0.0592814 0.0592750 0.0625200 0.0679812 0.0679806 0.0646951 0.0636240 0.0701838 0.0647133 0.0625341 0.0636087 0.0658005 0.0712724 0.0668777 0.0669116 0.0668675 0.0690568 0.0614303 0.0636129 0.0801051 0.0823403 0.0790055 0.0790131 0.0812232 0.0789995 0.0801200 0.0812482 0.0790031 0.0801238 0.0801089 0.0812300 0.0856996 0.0857082 0.0723734 0.0823686 0.0823692 0.0823421 0.0834511 0.0845874 0.0913741 0.0925064 0.0981804 0.0993415 0.0947644 0.1027538 0.1096656 0.1004816 0.1131649 0.1062202 0.1085129 0.0993011 0.1050586 0.1085144 0.1085368 0.1050629 0.1062083 0.0981857 0.1085198 0.1016311 
pop0_8     0.0274961 0.0264614 0.0264614 0.0254289 0.0285414 0.0223291 0.0285342 0.0171956 0.0000000 0.0316589 0.0327069 0.0368958 0.0358542 0.0379541 0.0316686 0.0306215 0.0316670 0.0379634 0.0347900 0.0432147 0.0571276 0.0582071 0.0582009 0.0614417 0.0668955 0.0668949 0.0636140 0.0625443 0.0690954 0.0636320 0.0614555 0.0625289 0.0647176 0.0701823 0.0657936 0.0658270 0.0657836 0.0679700 0.0603535 0.0625331 0.0790033 0.0812354 0.0779050 0.0779125 0.0801198 0.0778992 0.0790179 0.0801445 0.0779026 0.0790217 0.0790071 0.0801265 0.0845900 0.0845985 0.0712827 0.0812632 0.0812639 0.0812372 0.0823447 0.0834792 0.0902561 0.0913868 0.0970530 0.0982122 0.0936417 0.1016200 0.1085220 0.0993508 0.1120162 0.1050813 0.1073709 0.0981723 0.1039214 0.1096747 0.1073945 0.1039257 0.1050696 0.0970582 0.1050736 0.1004986 
pop0_9     0.0326977 0.0316562 0.0316562 0.0306165 0.0337514 0.0274944 0.0337429 0.0326982 0.0316589 0.0000000 0.0254262 0.0327054 0.0369042 0.0390070 0.0327127 0.0316640 0.0348032 0.0390165 0.0358381 0.0442746 0.0582077 0.0592887 0.0592824 0.0625278 0.0679897 0.0679890 0.0647032 0.0636323 0.0701929 0.0647215 0.0625419 0.0636166 0.0658087 0.0712813 0.0668860 0.0669200 0.0668758 0.0690654 0.0614380 0.0636209 0.0823426 0.0845849 0.0812399 0.0812477 0.0834643 0.0812337 0.0823579 0.0834900 0.0812374 0.0823611 0.0823465 0.0834713 0.0879547 0.0879636 0.0745874 0.0834895 0.0846146 0.0845868 0.0856990 0.0868388 0.0947805 0.0959180 0.1016184 0.1027856 0.0981863 0.1062133 0.1131577 0.1039310 0.1166741 0.1096965 0.1119997 0.1027437 0.1085292 0.1119923 0.1097057 0.1085336 0.1096842 0.1016238 0.1120069 0.1050860 
pop0_10    0.0337480 0.0327046 0.0327047 0.0316641 0.0348033 0.0285361 0.0347948 0.0337480 0.0327069 0.0254262 0.0000000 0.0337556 0.0379612 0.0400671 0.0337632 0.0327127 0.0358568 0.0400770 0.0368927 0.0453435 0.0592979 0.0603806 0.0603742 0.0636240 0.0690954 0.0690948 0.0658042 0.0647312 0.0713024 0.0658221 0.0636390 0.0647152 0.0669110 0.0723924 0.0679908 0.0680244 0.0668842 0.0701726 0.0625330 0.0647196 0.0834715 0.0857169 0.0823671 0.0823751 0.0845951 0.0823611 0.0834870 0.0846211 0.0823645 0.0834910 0.0834755 0.0846022 0.0890930 0.0891020 0.0757039 0.0857470 0.0857477 0.0857194 0.0868334 0.0879758 0.0959307 0.0970701 0.1027800 0.1039493 0.0993421 0.1073826 0.1143388 0.1050967 0.1178614 0.1108719 0.1131789 0.1039070 0.1097025 0.1131714 0.1108812 0.1097070 0.1108594 0.1027855 0.1131861 0.1062537 
pop0_11    0.0379418 0.0368927 0.0368927 0.0358473 0.0390043 0.0327027 0.0389945 0.0379424 0.0368958 0.0327054 0.0337556 0.0000000 0.0421807 0.0442984 0.0379593 0.0369024 0.0400644 0.0443093 0.0411047 0.0496017 0.0636380 0.0647269 0.0647200 0.0679887 0.0734918 0.0734911 0.0701801 0.0691027 0.0757123 0.0702000 0.0680041 0.0690865 0.0701899 0.0768081 0.0723792 0.0724161 0.0723681 0.0745741 0.0668905 0.0690904 0.0879519 0.0902118 0.0868416 0.0868500 0.0890824 0.0846004 0.0879682 0.0891099 0.0868388 0.0879724 0.0879561 0.0890899 0.0936075 0.0936170 0.0801390 0.0902427 0.0902435 0.0902146 0.0913339 0.0924840 0.1004888 0.1016352 0.1073796 0.1085571 0.1039206 0.1120105 0.1190097 0.1097113 0.1225549 0.1155221 0.1178427 0.1085127 0.1143451 0.1178349 0.1155318 0.1143498 0.1155090 0.1073854 0.1178504 0.1108756 
pop0_12    0.0368992 0.0358517 0.0358518 0.0348069 0.0379602 0.0316652 0.0379506 0.0368997 0.0358542 0.0369042 0.0379612 0.0421807 0.0000000 0.0100711 0.0182253 0.0254308 0.0285435 0.0327201 0.0337515 0.0421665 0.0582285 0.0593099 0.0593036 0.0625502 0.0680141 0.0680134 0.0647264 0.0636551 0.0702182 0.0647447 0.0625643 0.0636394 0.0658323 0.0713069 0.0669100 0.0669440 0.0668998 0.0690902 0.0614600 0.0636437 0.0823724 0.0846156 0.0812693 0.0790516 0.0834945 0.0812631 0.0823877 0.0835202 0.0812667 0.0823916 0.0823763 0.0835015 0.0879866 0.0879955 0.0746143 0.0846446 0.0846452 0.0846174 0.0857300 0.0868707 0.0948150 0.0959530 0.1016555 0.1028231 0.0982221 0.1062521 0.1131993 0.1039690 0.1167170 0.1097367 0.1120408 0.1027812 0.1085689 0.1120334 0.1097459 0.1085734 0.1097244 0.1016609 0.1120480 0.1051244 
pop0_13    0.0390017 0.0379514 0.0379515 0.0369040 0.0400661 0.0337533 0.0400560 0.0390022 0.0379541 0.0390070 0.0400671 0.0442984 0.0100711 0.0000000 0.0202771 0.0275018 0.0306232 0.0348118 0.0358452 0.0442834 0.0603913 0.0614758 0.0614692 0.0647248 0.0702046 0.0702040 0.0669072 0.0658334 0.0702118 0.0658313 0.0647394 0.0658172 0.0680168 0.0735070 0.0690971 0.0691322 0.0690865 0.0712827 0.0636314 0.0658216 0.0846042 0.0868542 0.0834982 0.0812743 0.0857297 0.0834918 0.0846199 0.0857562 0.0834956 0.0846240 0.0846083 0.0857370 0.0902352 0.0902444 0.0768239 0.0868840 0.0868847 0.0868560 0.0879718 0.0891162 0.0970850 0.0982264 0.1039459 0.1051175 0.1005021 0.1085564 0.1155246 0.1062667 0.1190534 0.1120519 0.1143627 0.1050746 0.1108804 0.1143551 0.1120613 0.1108849 0.1120392 0.1039514 0.1143700 0.1074257 
pop0_14    0.0327082 0.0316664 0.0316664 0.0306270 0.0337623 0.0275033 0.0337538 0.0327087 0.0316686 0.0327127 0.0337632 0.0379593 0.0182253 0.0202771 0.0000000 0.0213033 0.0243986 0.0285510 0.0295784 0.0379465 0.0539157 0.0549909 0.0549851 0.0582135 0.0636453 0.0636447 0.0603773 0.0593110 0.0658359 0.0603943 0.0582266 0.0592963 0.0614759 0.0669190 0.0625482 0.0625799 0.0625387 0.0647164 0.0571298 0.0593003 0.0779202 0.0801497 0.0768230 0.0746180 0.0790354 0.0768172 0.0779346 0.0790597 0.0768206 0.0779383 0.0779239 0.0790421 0.0835005 0.0835090 0.0702071 0.0801772 0.0801778 0.0801515 0.0812579 0.0823909 0.0902857 0.0914168 0.0970851 0.0982446 0.0936725 0.1016537 0.1085582 0.0993837 0.1120537 0.1051162 0.1074067 0.0982048 0.1039560 0.1073997 0.1051249 0.1039603 0.1051045 0.0970902 0.1074136 0.1005319 
pop0_15    0.0316589 0.0306194 0.0306194 0.0295814 0.0327119 0.0264627 0.0327027 0.0316602 0.0306215 0.0316640 0.0327127 0.0369024 0.0254308 0.0275018 0.0213033 0.0000000 0.0151553 0.0275084 0.0285347 0.0368900 0.0528339 0.0539075 0.0539017 0.0571252 0.0625483 0.0625477 0.0592856 0.0582207 0.0647353 0.0593023 0.0571380 0.0582063 0.0603822 0.0658168 0.0614531 0.0614842 0.0614437 0.0636180 0.0560427 0.0582102 0.0768015 0.0790263 0.0757049 0.0757122 0.0779138 0.0756992 0.0768147 0.0779378 0.0757025 0.0768183 0.0768041 0.0779203 0.0823716 0.0823799 0.0690995 0.0790533 0.0790540 0.0790280 0.0801323 0.0812637 0.0891451 0.0902743 0.0959333 0.0970907 0.0925264 0.1004943 0.1073873 0.0982279 0.1108767 0.1039509 0.1062377 0.0970513 0.1027927 0.1062307 0.1039595 0.1027969 0.1039393 0.0959384 0.1062445 0.0993742 
pop0_16    0.0347984 0.0337539 0.0337539 0.0327118 0.0358559 0.0295794 0.0358469 0.0347990 0.0316670 0.0348032 0.0358568 0.0400644 0.0285435 0.0306232 0.0243986 0.0151553 0.0000000 0.0306306 0.0316599 0.0400506 0.0560653 0.0571436 0.0571375 0.0603748 0.0658223 0.0658217 0.0625446 0.0614759 0.0680195 0.0625623 0.0603884 0.0614607 0.0636468 0.0691053 0.0647218 0.0647546 0.0647119 0.0668967 0.0592879 0.0614648 0.0801379 0.0823741 0.0790378 0.0790454 0.0812565 0.0790319 0.0801528 0.0812815 0.0790354 0.0801566 0.0801417 0.0812633 0.0857348 0.0857435 0.0724028 0.0824023 0.0824030 0.0823759 0.0834854 0.0846221 0.0925412 0.0936756 0.0993607 0.1005242 0.0959379 0.1039430 0.1108684 0.1016666 0.1143749 0.1074164 0.1097135 0.1004833 0.1062524 0.1097063 0.1074253 0.1062568 0.1074044 0.0993660 0.1074085 0.1028183 
pop0_17    0.0390112 0.0379607 0.0379608 0.0369130 0.0400759 0.0337615 0.0379540 0.0390118 0.0379634 0.0390165 0.0400770 0.0443093 0.0327201 0.0348118 0.0285510 0.0275084 0.0306306 0.0000000 0.0358539 0.0442943 0.0604066 0.0614913 0.0614848 0.0647413 0.0702226 0.0702219 0.0669243 0.0658501 0.0724340 0.0669432 0.0647559 0.0658339 0.0680341 0.0735259 0.0691147 0.0669503 0.0691042 0.0713016 0.0636475 0.0658384 0.0846263 0.0868769 0.0835199 0.0835280 0.0857522 0.0835136 0.0846420 0.0857786 0.0835173 0.0846461 0.0846304 0.0857594 0.0902590 0.0902681 0.0768438 0.0869067 0.0869074 0.0868788 0.0879948 0.0891396 0.0971108 0.0982525 0.1039738 0.1051457 0.1005289 0.1085857 0.1155561 0.1062953 0.1190861 0.1120823 0.1143938 0.1051028 0.1109104 0.1143862 0.1120917 0.1109149 0.1120696 0.1039793 0.1144011 0.1074547 
pop0_18    0.0358332 0.0347876 0.0347877 0.0337446 0.0368927 0.0306088 0.0368827 0.0358337 0.0347900 0.0358381 0.0368927 0.0411047 0.0337515 0.0358452 0.0295784 0.0285347 0.0316599 0.0358539 0.0000000 0.0347794 0.0571221 0.0560407 0.0581953 0.0614358 0.0668892 0.0668885 0.0636079 0.0625384 0.0690888 0.0636259 0.0614500 0.0625229 0.0647115 0.0701757 0.0657873 0.0658207 0.0657773 0.0679635 0.0603478 0.0625271 0.0812198 0.0834585 0.0801187 0.0801264 0.0823396 0.0801126 0.0812349 0.0823650 0.0801162 0.0812387 0.0812237 0.0823466 0.0868229 0.0868317 0.0734766 0.0834871 0.0834878 0.0834603 0.0845709 0.0857091 0.0936372 0.0947729 0.1004641 0.1016292 0.0970376 0.1050515 0.1119846 0.1027728 0.1154952 0.1085289 0.1108285 0.1015878 0.1073636 0.1108212 0.1085380 0.1073680 0.1085168 0.1004695 0.1108356 0.1039259 
pop0_19    0.0442686 0.0432117 0.0432118 0.0421579 0.0453414 0.0389857 0.0453299 0.0442692 0.0432147 0.0442746 0.0453435 0.0496017 0.0421665 0.0442834 0.0379465 0.0368900 0.0400506 0.0442943 0.0347794 0.0000000 0.0658042 0.0668955 0.0668883 0.0701656 0.0756838 0.0756830 0.0723629 0.0712827 0.0779101 0.0723832 0.0701815 0.0712656 0.0734813 0.0790090 0.0745678 0.0746059 0.0745565 0.0767684 0.0690643 0.0712704 0.0901831 0.0924494 0.0890700 0.0890786 0.0913168 0.0890631 0.0901998 0.0913450 0.0890671 0.0902041 0.0901874 0.0913245 0.0958546 0.0958644 0.0823491 0.0924811 0.0924819 0.0924513 0.0935745 0.0935925 0.1027563 0.1039060 0.1096665 0.1108478 0.1061977 0.1143106 0.1213298 0.1120053 0.1248856 0.1178325 0.1201596 0.1108024 0.1166521 0.1201515 0.1178426 0.1166568 0.1178191 0.1096724 0.1201674 0.1131729 
pop1_0     0.0581998 0.0571237 0.0549685 0.0560513 0.0592964 0.0528168 0.0592814 0.0582009 0.0571276 0.0582077 0.0592979 0.0636380 0.0582285 0.0603913 0.0539157 0.0528339 0.0560653 0.0604066 0.0571221 0.0658042 0.0000000 0.0030060 0.0050167 0.0120959 0.0213034 0.0213033 0.0182195 0.0213058 0.0275060 0.0223355 0.0223342 0.0212996 0.0233654 0.0285402 0.0243924 0.0244046 0.0243888 0.0389965 0.0316617 0.0337559 0.0690833 0.0712856 0.0679979 0.0680044 0.0701848 0.0679929 0.0690961 0.0702063 0.0679958 0.0690993 0.0690865 0.0701907 0.0745962 0.0746036 0.0614597 0.0713100 0.0713105 0.0712873 0.0723812 0.0734990 0.0790594 0.0801732 0.0857560 0.0868956 0.0823956 0.0902547 0.0970532 0.0880175 0.1004929 0.0936624 0.0959190 0.0868606 0.0925208 0.0959128 0.0936700 0.0936572 0.0936522 0.0857605 0.0959250 0.0891478 
pop1_1     0.0592807 0.0582031 0.0560448 0.0571292 0.0603791 0.0538906 0.0603638 0.0592814 0.0582071 0.0592887 0.0603806 0.0647269 0.0593099 0.0614758 0.0549909 0.0539075 0.0571436 0.0614913 0.0560407 0.0668955 0.0030060 0.0000000 0.0060241 0.0131126 0.0223329 0.0223328 0.0192448 0.0223354 0.0285441 0.0233666 0.0233652 0.0223291 0.0243978 0.0295796 0.0254262 0.0254386 0.0254222 0.0400506 0.0327053 0.0348026 0.0701798 0.0723854 0.0690930 0.0690996 0.0712827 0.0690879 0.0701928 0.0713049 0.0690909 0.0701961 0.0701838 0.0712890 0.0757008 0.0757084 0.0625454 0.0724102 0.0724107 0.0723871 0.0734825 0.0746021 0.0801710 0.0812865 0.0868775 0.0880190 0.0835120 0.0913828 0.0981915 0.0891425 0.1016365 0.0947958 0.0970556 0.0879835 0.0936525 0.0970494 0.0948035 0.0947906 0.0947854 0.0868820 0.0970617 0.0902745 
pop1_2     0.0592743 0.0581969 0.0560388 0.0571231 0.0603726 0.0538844 0.0603573 0.0592750 0.0582009 0.0592824 0.0603742 0.0647200 0.0593036 0.0614692 0.0549851 0.0539017 0.0571375 0.0614848 0.0581953 0.0668883 0.0050167 0.0060241 0.0000000 0.0131112 0.0223306 0.0223304 0.0192433 0.0223331 0.0285411 0.0233641 0.0233628 0.0223276 0.0243952 0.0295756 0.0254235 0.0254360 0.0254196 0.0400455 0.0327027 0.0347989 0.0701723 0.0723776 0.0690865 0.0690922 0.0712753 0.0690805 0.0701853 0.0712972 0.0690835 0.0701886 0.0701756 0.0712813 0.0756927 0.0757003 0.0625387 0.0724024 0.0724029 0.0723793 0.0734746 0.0745941 0.0801623 0.0812777 0.0868680 0.0880094 0.0835030 0.0913729 0.0981808 0.0891329 0.1016254 0.0947855 0.0970450 0.0879740 0.0936423 0.0970388 0.0947932 0.0947802 0.0947751 0.0868726 0.0970512 0.0902647 
pop1_3     0.0625193 0.0614376 0.0592704 0.0603596 0.0636240 0.0571068 0.0636069 0.0625200 0.0614417 0.0625278 0.0636240 0.0679887 0.0625502 0.0647248 0.0582135 0.0571252 0.0603748 0.0647413 0.0614358 0.0701656 0.0120959 0.0131126 0.0131112 0.0000000 0.0254245 0.0254243 0.0223245 0.0254274 0.0316603 0.0264625 0.0264614 0.0254210 0.0274980 0.0326995 0.0285292 0.0285433 0.0285249 0.0432106 0.0358373 0.0379438 0.0734634 0.0756784 0.0723725 0.0723795 0.0745713 0.0723671 0.0734770 0.0745942 0.0723703 0.0734805 0.0734669 0.0745776 0.0790078 0.0790158 0.0657979 0.0757044 0.0757049 0.0756802 0.0767799 0.0779049 0.0834981 0.0846183 0.0902328 0.0913799 0.0868531 0.0947575 0.1004531 0.0925082 0.1050558 0.0981856 0.1004547 0.0913433 0.0970371 0.1004482 0.0981936 0.0981802 0.0981748 0.0902376 0.1004611 0.0936451 
pop1_4     0.0679805 0.0668910 0.0647078 0.0658056 0.0690937 0.0625281 0.0690761 0.0679812 0.0668955 0.0679897 0.0690954 0.0734918 0.0680141 0.0702046 0.0636453 0.0625483 0.0658223 0.0702226 0.0668892 0.0756838 0.0213034 0.0223329 0.0223306 0.0254245 0.0000000 0.0120987 0.0192428 0.0306216 0.0368988 0.0316640 0.0316623 0.0306140 0.0327061 0.0379438 0.0337440 0.0337607 0.0337389 0.0485304 0.0411046 0.0432265 0.0790062 0.0812384 0.0779079 0.0779154 0.0801227 0.0779020 0.0790204 0.0801474 0.0779055 0.0790246 0.0790100 0.0801295 0.0845932 0.0846017 0.0712844 0.0812662 0.0812669 0.0812402 0.0823478 0.0834823 0.0913869 0.0925193 0.0981942 0.0993554 0.0947776 0.1027683 0.1096811 0.1004958 0.1131810 0.1062352 0.1085283 0.0993151 0.1050734 0.1085211 0.1062440 0.1062293 0.1062233 0.0981994 0.1085352 0.1016454 
pop1_5     0.0679799 0.0668904 0.0647072 0.0658042 0.0690930 0.0625275 0.0690754 0.0679806 0.0668949 0.0679890 0.0690948 0.0734911 0.0680134 0.0702040 0.0636447 0.0625477 0.0658217 0.0702219 0.0668885 0.0756830 0.0213033 0.0223328 0.0223304 0.0254243 0.0120987 0.0000000 0.0192427 0.0306214 0.0368985 0.0316638 0.0316620 0.0306138 0.0327059 0.0379438 0.0337438 0.0337605 0.0337386 0.0485300 0.0411043 0.0432261 0.0790054 0.0812376 0.0779071 0.0779146 0.0801219 0.0779012 0.0790204 0.0801466 0.0779047 0.0790238 0.0790092 0.0801287 0.0845923 0.0846008 0.0712837 0.0812654 0.0812661 0.0812394 0.0823469 0.0834815 0.0913859 0.0925183 0.0981932 0.0993543 0.0947766 0.1027672 0.1096799 0.1004947 0.1131797 0.1062340 0.1085270 0.0993140 0.1050723 0.1085199 0.1062428 0.1062281 0.1062221 0.0981984 0.1085340 0.1016443 
pop1_6     0.0646945 0.0636097 0.0614363 0.0625288 0.0658019 0.0592664 0.0657851 0.0646951 0.0636140 0.0647032 0.0658042 0.0701801 0.0647264 0.0669072 0.0603773 0.0592856 0.0625446 0.0669243 0.0636079 0.0723629 0.0182195 0.0192448 0.0192433 0.0223245 0.0192428 0.0192427 0.0000000 0.0274980 0.0337480 0.0285361 0.0285361 0.0274919 0.0295745 0.0347906 0.0306086 0.0306237 0.0306039 0.0453307 0.0379371 0.0400492 0.0756703 0.0778920 0.0745765 0.0745837 0.0767816 0.0745709 0.0756843 0.0768052 0.0745742 0.0756879 0.0756739 0.0767880 0.0812313 0.0812395 0.0679829 0.0779187 0.0779193 0.0778938 0.0789966 0.0801253 0.0879920 0.0891191 0.0947678 0.0959229 0.0913672 0.0993204 0.1062007 0.0970580 0.1096835 0.1027705 0.1050532 0.0958840 0.1016145 0.1050463 0.1027790 0.1027648 0.1027591 0.0947729 0.1050599 0.0982021 
pop1_7     0.0636240 0.0625401 0.0603692 0.0614604 0.0647295 0.0582009 0.0647133 0.0636240 0.0625443 0.0636323 0.0647312 0.0691027 0.0636551 0.0658334 0.0593110 0.0582207 0.0614759 0.0658501 0.0625384 0.0712827 0.0213058 0.0223354 0.0223331 0.0254274 0.0306216 0.0306214 0.0274980 0.0000000 0.0202765 0.0192476 0.0275048 0.0264630 0.0285431 0.0337536 0.0295756 0.0295909 0.0295718 0.0442819 0.0368966 0.0390062 0.0745867 0.0768057 0.0734941 0.0735011 0.0756966 0.0734886 0.0746005 0.0757199 0.0734918 0.0746040 0.0745902 0.0757030 0.0801410 0.0801490 0.0669081 0.0768320 0.0768326 0.0768074 0.0779090 0.0790361 0.0868930 0.0880187 0.0936607 0.0948141 0.0902642 0.0982077 0.1050796 0.0959478 0.1085578 0.1016534 0.1039334 0.0947757 0.1004989 0.1039266 0.1016617 0.1016477 0.1016421 0.0936656 0.1039400 0.0970905 
pop1_8     0.0701838 0.0690908 0.0669008 0.0680022 0.0713006 0.0647143 0.0712827 0.0701838 0.0690954 0.0701929 0.0713024 0.0757123 0.0702182 0.0702118 0.0658359 0.0647353 0.0680195 0.0724340 0.0690888 0.0779101 0.0275060 0.0285441 0.0285411 0.0316603 0.0368988 0.0368985 0.0337480 0.0202765 0.0000000 0.0254298 0.0337564 0.0327047 0.0348033 0.0400571 0.0358430 0.0358616 0.0358383 0.0506740 0.0432264 0.0453548 0.0812434 0.0834828 0.0801420 0.0801497 0.0823636 0.0801359 0.0812585 0.0823890 0.0801395 0.0812624 0.0812473 0.0823706 0.0868482 0.0868570 0.0734979 0.0835114 0.0835121 0.0834846 0.0845955 0.0857341 0.0936647 0.0948007 0.1004937 0.1016591 0.0970661 0.1050826 0.1120179 0.1028031 0.1155296 0.1085611 0.1108614 0.1016178 0.1073954 0.1108541 0.1085701 0.1085551 0.1085489 0.1004991 0.1108685 0.1039566 
pop1_9     0.0647133 0.0636277 0.0614537 0.0625465 0.0658205 0.0592824 0.0658042 0.0647133 0.0636320 0.0647215 0.0658221 0.0702000 0.0647447 0.0658313 0.0603943 0.0593023 0.0625623 0.0669432 0.0636259 0.0723832 0.0223355 0.0233666 0.0233641 0.0264625 0.0316640 0.0316638 0.0285361 0.0192476 0.0254298 0.0000000 0.0285430 0.0274996 0.0295827 0.0348004 0.0306165 0.0306322 0.0306124 0.0453435 0.0379477 0.0400605 0.0745814 0.0768003 0.0734889 0.0734959 0.0756912 0.0734834 0.0745952 0.0757145 0.0734866 0.0745988 0.0745850 0.0756976 0.0801353 0.0801434 0.0669034 0.0768266 0.0768272 0.0768015 0.0779035 0.0790306 0.0880171 0.0891446 0.0947949 0.0959503 0.0891364 0.0993489 0.1062312 0.0970858 0.1097150 0.1028000 0.1050833 0.0959114 0.1016436 0.1050765 0.1028084 0.1027943 0.1027886 0.0947999 0.1050900 0.0982302 
pop1_10    0.0625334 0.0614514 0.0592837 0.0603731 0.0636374 0.0571196 0.0636212 0.0625341 0.0614555 0.0625419 0.0636390 0.0680041 0.0625643 0.0647394 0.0582266 0.0571380 0.0603884 0.0647559 0.0614500 0.0701815 0.0223342 0.0233652 0.0233628 0.0264614 0.0316623 0.0316620 0.0285361 0.0275048 0.0337564 0.0285430 0.0000000 0.0212951 0.0254262 0.0347984 0.0306154 0.0306305 0.0306107 0.0453410 0.0379456 0.0400582 0.0756880 0.0779101 0.0745939 0.0746011 0.0767995 0.0745891 0.0757020 0.0768232 0.0745916 0.0757056 0.0756916 0.0768060 0.0812504 0.0812586 0.0679987 0.0779369 0.0779375 0.0779120 0.0790151 0.0801441 0.0857669 0.0868909 0.0925243 0.0936757 0.0891330 0.0970643 0.1039256 0.0948077 0.1073983 0.1005045 0.1050785 0.0959069 0.1016389 0.1050716 0.1028037 0.1027895 0.1027838 0.0947954 0.1050852 0.0982256 
pop1_11    0.0636080 0.0625247 0.0603543 0.0614452 0.0647133 0.0581876 0.0646971 0.0636087 0.0625289 0.0636166 0.0647152 0.0690865 0.0636394 0.0658172 0.0592963 0.0582063 0.0614607 0.0658339 0.0625229 0.0712656 0.0212996 0.0223291 0.0223276 0.0254210 0.0306140 0.0306138 0.0274919 0.0264630 0.0327047 0.0274996 0.0212951 0.0000000 0.0243869 0.0337452 0.0295689 0.0295835 0.0295644 0.0442711 0.0368874 0.0389965 0.0745684 0.0767868 0.0734760 0.0734831 0.0756780 0.0734705 0.0745822 0.0757013 0.0734737 0.0745857 0.0745719 0.0756844 0.0801213 0.0801294 0.0668916 0.0768131 0.0768137 0.0767886 0.0778899 0.0790167 0.0868717 0.0879972 0.0936378 0.0947909 0.0902421 0.0981837 0.1050540 0.0959244 0.1085314 0.1016286 0.1039081 0.0947526 0.1004744 0.1039013 0.1016370 0.1016230 0.1016173 0.0936427 0.1039147 0.0970669 
pop1_12    0.0657998 0.0647133 0.0625362 0.0636307 0.0669093 0.0603627 0.0668923 0.0658005 0.0647176 0.0658087 0.0669110 0.0701899 0.0658323 0.0680168 0.0614759 0.0603822 0.0636468 0.0680341 0.0647115 0.0734813 0.0233654 0.0243978 0.0243952 0.0274980 0.0327061 0.0327059 0.0295745 0.0285431 0.0348033 0.0295827 0.0254262 0.0243869 0.0000000 0.0358466 0.0316577 0.0316733 0.0316528 0.0464038 0.0389981 0.0411139 0.0767943 0.0790204 0.0756988 0.0757061 0.0779076 0.0756931 0.0768085 0.0779315 0.0756965 0.0768122 0.0767980 0.0779141 0.0823650 0.0823733 0.0690940 0.0790470 0.0790476 0.0790217 0.0801263 0.0812572 0.0891380 0.0902671 0.0959256 0.0970829 0.0925190 0.1004862 0.1073787 0.0982200 0.1108678 0.1039426 0.1062292 0.0970436 0.1027844 0.1062222 0.1039512 0.1039368 0.1039310 0.0959307 0.1039350 0.0993662 
pop1_13    0.0712717 0.0701776 0.0679849 0.0690878 0.0723905 0.0657954 0.0723721 0.0712724 0.0701823 0.0712813 0.0723924 0.0768081 0.0713069 0.0735070 0.0669190 0.0658168 0.0691053 0.0735259 0.0701757 0.0790090 0.0285402 0.0295796 0.0295756 0.0326995 0.0379438 0.0379438 0.0347906 0.0337536 0.0400571 0.0348004 0.0347984 0.0337452 0.0358466 0.0000000 0.0243953 0.0327139 0.0347837 0.0517372 0.0442801 0.0464114 0.0823462 0.0845886 0.0812434 0.0812513 0.0834679 0.0812372 0.0823611 0.0834936 0.0812409 0.0823654 0.0823501 0.0834749 0.0879586 0.0879675 0.0745906 0.0846176 0.0846183 0.0845904 0.0857027 0.0868430 0.0947847 0.0959223 0.1016229 0.1027901 0.0981906 0.1062180 0.1131628 0.1039356 0.1155139 0.1085465 0.1120047 0.1027483 0.1085340 0.1119973 0.1097106 0.1096953 0.1096891 0.1016283 0.1120119 0.1050907 
pop1_14    0.0668770 0.0657892 0.0636095 0.0647054 0.0679881 0.0614333 0.0679708 0.0668777 0.0657936 0.0668860 0.0679908 0.0723792 0.0669100 0.0690971 0.0625482 0.0614531 0.0647218 0.0691147 0.0657873 0.0745678 0.0243924 0.0254262 0.0254235 0.0285292 0.0337440 0.0337438 0.0306086 0.0295756 0.0358430 0.0306165 0.0306154 0.0295689 0.0316577 0.0243953 0.0000000 0.0275041 0.0306025 0.0474576 0.0400433 0.0421618 0.0778849 0.0801134 0.0767882 0.0767956 0.0789996 0.0767824 0.0778993 0.0790239 0.0767858 0.0779030 0.0778886 0.0790062 0.0812272 0.0834711 0.0701754 0.0801408 0.0801415 0.0801152 0.0812210 0.0823535 0.0902446 0.0913752 0.0970407 0.0981998 0.0936298 0.1016072 0.1085084 0.0993382 0.1120022 0.1050681 0.1073575 0.0981599 0.1039084 0.1073504 0.1050768 0.1050623 0.1050564 0.0970459 0.1073643 0.1004859 
pop1_15    0.0669109 0.0658226 0.0636417 0.0647382 0.0680227 0.0614643 0.0680054 0.0669116 0.0658270 0.0669200 0.0680244 0.0724161 0.0669440 0.0691322 0.0625799 0.0614842 0.0647546 0.0669503 0.0658207 0.0746059 0.0244046 0.0254386 0.0254360 0.0285433 0.0337607 0.0337605 0.0306237 0.0295909 0.0358616 0.0306322 0.0306305 0.0295835 0.0316733 0.0327139 0.0275041 0.0000000 0.0306176 0.0474814 0.0400633 0.0421828 0.0779248 0.0801545 0.0768275 0.0768349 0.0790401 0.0768217 0.0779392 0.0790644 0.0768252 0.0779429 0.0779285 0.0790467 0.0835056 0.0835140 0.0702111 0.0801820 0.0801826 0.0801563 0.0812628 0.0823958 0.0902913 0.0914225 0.0970912 0.0982509 0.0936784 0.1016602 0.1085654 0.0993900 0.1120611 0.1051231 0.1074137 0.0982110 0.1039627 0.1074067 0.1039711 0.1051172 0.1051114 0.0970964 0.1074206 0.1005383 
pop1_16    0.0668668 0.0657792 0.0635998 0.0646955 0.0679778 0.0614239 0.0679605 0.0668675 0.0657836 0.0668758 0.0668842 0.0723681 0.0668998 0.0690865 0.0625387 0.0614437 0.0647119 0.0691042 0.0657773 0.0745565 0.0243888 0.0254222 0.0254196 0.0285249 0.0337389 0.0337386 0.0306039 0.0295718 0.0358383 0.0306124 0.0306107 0.0295644 0.0316528 0.0347837 0.0306025 0.0306176 0.0000000 0.0474504 0.0400372 0.0421553 0.0767666 0.0789914 0.0756715 0.0756788 0.0778794 0.0756659 0.0767808 0.0779034 0.0756692 0.0767845 0.0767703 0.0778860 0.0823352 0.0823435 0.0690692 0.0790185 0.0790191 0.0789932 0.0800974 0.0812278 0.0902310 0.0913613 0.0970261 0.0970434 0.0936157 0.1015918 0.1084921 0.0993232 0.1119854 0.1050523 0.1073413 0.0981451 0.1038927 0.1073342 0.1050610 0.1050464 0.1050405 0.0970312 0.1073481 0.1004708 
pop1_17    0.0690561 0.0679654 0.0657797 0.0668788 0.0701708 0.0635974 0.0701530 0.0690568 0.0679700 0.0690654 0.0701726 0.0745741 0.0690902 0.0712827 0.0647164 0.0636180 0.0668967 0.0713016 0.0679635 0.0767684 0.0389965 0.0400506 0.0400455 0.0432106 0.0485304 0.0485300 0.0453307 0.0442819 0.0506740 0.0453435 0.0453410 0.0442711 0.0464038 0.0517372 0.0474576 0.0474814 0.0474504 0.0000000 0.0358279 0.0421510 0.0800947 0.0823297 0.0789953 0.0790029 0.0812127 0.0789893 0.0801096 0.0812377 0.0789928 0.0801134 0.0800986 0.0812195 0.0856885 0.0856971 0.0723640 0.0823579 0.0823585 0.0823315 0.0834403 0.0845764 0.0924909 0.0936247 0.0993065 0.1004693 0.0958857 0.1038861 0.1108075 0.1016110 0.1143119 0.1073575 0.1096532 0.1004285 0.1061942 0.1096460 0.1073664 0.1073515 0.1073455 0.0993118 0.1096603 0.1027621 
pop1_18    0.0614296 0.0603494 0.0581855 0.0592730 0.0625314 0.0560253 0.0625155 0.0614303 0.0603535 0.0614380 0.0625330 0.0668905 0.0614600 0.0636314 0.0571298 0.0560427 0.0592879 0.0636475 0.0603478 0.0690643 0.0316617 0.0327053 0.0327027 0.0358373 0.0411046 0.0411043 0.0379371 0.0368966 0.0432264 0.0379477 0.0379456 0.0368874 0.0389981 0.0442801 0.0400433 0.0400633 0.0400372 0.0358279 0.0000000 0.0347882 0.0723571 0.0745687 0.0712678 0.0712746 0.0734633 0.0712625 0.0723705 0.0734853 0.0712656 0.0723739 0.0723606 0.0734695 0.0778929 0.0779008 0.0647031 0.0745942 0.0745948 0.0745704 0.0756685 0.0767915 0.0846216 0.0857435 0.0913668 0.0925159 0.0879817 0.0958986 0.1027472 0.0936459 0.1062134 0.0993323 0.1016048 0.0924785 0.0981818 0.1015983 0.0993404 0.0993268 0.0993213 0.0913716 0.1016113 0.0947847 
pop1_19    0.0636123 0.0625289 0.0603584 0.0614500 0.0647179 0.0581914 0.0647015 0.0636129 0.0625331 0.0636209 0.0647196 0.0690904 0.0636437 0.0658216 0.0593003 0.0582102 0.0614648 0.0658384 0.0625271 0.0712704 0.0337559 0.0348026 0.0347989 0.0379438 0.0432265 0.0432261 0.0400492 0.0390062 0.0453548 0.0400605 0.0400582 0.0389965 0.0411139 0.0464114 0.0421618 0.0421828 0.0421553 0.0421510 0.0347882 0.0000000 0.0745734 0.0767920 0.0734810 0.0734880 0.0756831 0.0734755 0.0745872 0.0757064 0.0734787 0.0745907 0.0745770 0.0756895 0.0801267 0.0801348 0.0668967 0.0768183 0.0768189 0.0767938 0.0778952 0.0790221 0.0868777 0.0880032 0.0936442 0.0947974 0.0902483 0.0981905 0.1050612 0.0959310 0.1085389 0.1016356 0.1039152 0.0947590 0.1004813 0.1039085 0.1016440 0.1016300 0.1016243 0.0936492 0.1039218 0.0970735 
pop2_0     0.0823316 0.0812221 0.0812221 0.0801173 0.0834694 0.0767754 0.0834481 0.0801051 0.0790033 0.0823426 0.0834715 0.0879519 0.0823724 0.0846042 0.0779202 0.0768015 0.0801379 0.0846263 0.0812198 0.0901831 0.0690833 0.0701798 0.0701723 0.0734634 0.0790062 0.0790054 0.0756703 0.0745867 0.0812434 0.0745814 0.0756880 0.0745684 0.0767943 0.0823462 0.0778849 0.0779248 0.0767666 0.0800947 0.0723571 0.0745734 0.0000000 0.0040092 0.0070299 0.0171911 0.0192362 0.0212884 0.0243821 0.0254200 0.0233487 0.0243832 0.0243788 0.0316485 0.0358313 0.0368853 0.0254190 0.0358371 0.0358388 0.0347818 0.0358264 0.0368833 0.0993156 0.1004599 0.1061938 0.1062060 0.1027412 0.1085026 0.1178023 0.1085210 0.1201539 0.1131459 0.1166374 0.1073256 0.1131463 0.1177974 0.1166633 0.1119901 0.1143080 0.1061995 0.1166450 0.1096831 
pop2_1     0.0845736 0.0834608 0.0834608 0.0823529 0.0857155 0.0790004 0.0856935 0.0823403 0.0812354 0.0845849 0.0857169 0.0902118 0.0846156 0.0868542 0.0801497 0.0790263 0.0823741 0.0868769 0.0834585 0.0924494 0.0712856 0.0723854 0.0723776 0.0756784 0.0812384 0.0812376 0.0778920 0.0768057 0.0834828 0.0768003 0.0779101 0.0767868 0.0790204 0.0845886 0.0801134 0.0801545 0.0789914 0.0823297 0.0745687 0.0767920 0.0040092 0.0000000 0.0090514 0.0192413 0.0212918 0.0233497 0.0264524 0.0274936 0.0254160 0.0264536 0.0264488 0.0337398 0.0379347 0.0389920 0.0274926 0.0379408 0.0379426 0.0368821 0.0379294 0.0389899 0.1016118 0.1027597 0.1085116 0.1085242 0.1050480 0.1108278 0.1201572 0.1108466 0.1225166 0.1154860 0.1189887 0.1096460 0.1154865 0.1201523 0.1190151 0.1143267 0.1166518 0.1085174 0.1189964 0.1120125 
pop2_2     0.0812290 0.0801209 0.0801209 0.0790175 0.0823651 0.0756801 0.0823440 0.0790055 0.0779050 0.0812399 0.0823671 0.0868416 0.0812693 0.0834982 0.0768230 0.0757049 0.0790378 0.0835199 0.0801187 0.0890700 0.0679979 0.0690930 0.0690865 0.0723725 0.0779079 0.0779071 0.0745765 0.0734941 0.0801420 0.0734889 0.0745939 0.0734760 0.0756988 0.0812434 0.0767882 0.0768275 0.0756715 0.0789953 0.0712678 0.0734810 0.0070299 0.0090514 0.0000000 0.0161713 0.0182141 0.0202639 0.0233537 0.0243901 0.0223216 0.0233547 0.0233505 0.0306110 0.0347886 0.0358412 0.0243892 0.0347948 0.0347959 0.0337405 0.0347839 0.0358393 0.0981894 0.0993322 0.1050582 0.1050703 0.1016104 0.1073638 0.1166506 0.1073820 0.1189989 0.1120006 0.1154873 0.1061881 0.1120010 0.1166458 0.1155129 0.1108464 0.1131612 0.1050639 0.1154948 0.1085424 
pop2_3     0.0812368 0.0801286 0.0801286 0.0790251 0.0823730 0.0756874 0.0823520 0.0790131 0.0779125 0.0812477 0.0823751 0.0868500 0.0790516 0.0812743 0.0746180 0.0757122 0.0790454 0.0835280 0.0801264 0.0890786 0.0680044 0.0690996 0.0690922 0.0723795 0.0779154 0.0779146 0.0745837 0.0735011 0.0801497 0.0734959 0.0746011 0.0734831 0.0757061 0.0812513 0.0767956 0.0768349 0.0756788 0.0790029 0.0712746 0.0734880 0.0171911 0.0192413 0.0161713 0.0000000 0.0182158 0.0202658 0.0233558 0.0243924 0.0223237 0.0233569 0.0233527 0.0306139 0.0347919 0.0358445 0.0243924 0.0347975 0.0347992 0.0337437 0.0347871 0.0358430 0.0981990 0.0993418 0.1050685 0.1050806 0.1016204 0.1073743 0.1166621 0.1073925 0.1190106 0.1120116 0.1154987 0.1061985 0.1120120 0.1166573 0.1155243 0.1108573 0.1131723 0.1050742 0.1155062 0.1085531 
pop2_4     0.0834531 0.0823419 0.0823419 0.0812355 0.0845930 0.0778883 0.0845713 0.0812232 0.0801198 0.0834643 0.0845951 0.0890824 0.0834945 0.0857297 0.0790354 0.0779138 0.0812565 0.0857522 0.0823396 0.0913168 0.0701848 0.0712827 0.0712753 0.0745713 0.0801227 0.0801219 0.0767816 0.0756966 0.0823636 0.0756912 0.0767995 0.0756780 0.0779076 0.0834679 0.0789996 0.0790401 0.0778794 0.0812127 0.0734633 0.0756831 0.0192362 0.0212918 0.0182141 0.0182158 0.0000000 0.0223187 0.0254169 0.0264565 0.0243820 0.0254181 0.0254135 0.0326939 0.0368828 0.0379385 0.0264555 0.0368887 0.0368905 0.0358318 0.0368777 0.0379365 0.1004644 0.1016105 0.1073535 0.1073659 0.1038954 0.1096660 0.1189807 0.1096846 0.1213362 0.1143168 0.1178140 0.1084863 0.1143173 0.1189758 0.1178401 0.1131593 0.1154808 0.1073593 0.1178216 0.1108486 
pop2_5     0.0812228 0.0778931 0.0801148 0.0790115 0.0823588 0.0756745 0.0823377 0.0789995 0.0778992 0.0812337 0.0823611 0.0846004 0.0812631 0.0834918 0.0768172 0.0756992 0.0790319 0.0835136 0.0801126 0.0890631 0.0679929 0.0690879 0.0690805 0.0723671 0.0779020 0.0779012 0.0745709 0.0734886 0.0801359 0.0734834 0.0745891 0.0734705 0.0756931 0.0812372 0.0767824 0.0768217 0.0756659 0.0789893 0.0712625 0.0734755 0.0212884 0.0233497 0.0202639 0.0202658 0.0223187 0.0000000 0.0233521 0.0243885 0.0223201 0.0233531 0.0233489 0.0306089 0.0347862 0.0358387 0.0243875 0.0347918 0.0347935 0.0337382 0.0347814 0.0358368 0.0981817 0.0993243 0.1050499 0.1050619 0.1016024 0.1096653 0.1166411 0.1073734 0.1201739 0.1131648 0.1154779 0.1061796 0.1119919 0.1166362 0.1155035 0.1108374 0.1131520 0.1050555 0.1154854 0.1085337 
pop2_6     0.0823468 0.0812371 0.0812371 0.0801323 0.0834849 0.0767896 0.0834635 0.0801200 0.0790179 0.0823579 0.0834870 0.0879682 0.0823877 0.0846199 0.0779346 0.0768147 0.0801528 0.0846420 0.0812349 0.0901998 0.0690961 0.0701928 0.0701853 0.0734770 0.0790204 0.0790204 0.0756843 0.0746005 0.0812585 0.0745952 0.0757020 0.0745822 0.0768085 0.0823611 0.0778993 0.0779392 0.0767808 0.0801096 0.0723705 0.0745872 0.0243821 0.0264524 0.0233537 0.0233558 0.0254169 0.0233521 0.0000000 0.0171934 0.0192398 0.0243876 0.0243832 0.0316543 0.0358379 0.0368927 0.0254236 0.0358430 0.0358453 0.0347882 0.0358329 0.0368901 0.0993341 0.1004786 0.1062136 0.1062258 0.1027603 0.1108368 0.1178243 0.1085412 0.1213634 0.1143423 0.1166592 0.1073450 0.1131674 0.1178194 0.1166851 0.1120110 0.1143294 0.1062193 0.1166668 0.1097035 
pop2_7     0.0834781 0.0823673 0.0823673 0.0812606 0.0846190 0.0779123 0.0845966 0.0812482 0.0801445 0.0834900 0.0846211 0.0891099 0.0835202 0.0857562 0.0790597 0.0779378 0.0812815 0.0857786 0.0823650 0.0913450 0.0702063 0.0713049 0.0712972 0.0745942 0.0801474 0.0801466 0.0768052 0.0757199 0.0823890 0.0757145 0.0768232 0.0757013 0.0779315 0.0834936 0.0790239 0.0790644 0.0779034 0.0812377 0.0734853 0.0757064 0.0254200 0.0274936 0.0243901 0.0243924 0.0264565 0.0243885 0.0171934 0.0000000 0.0202699 0.0254262 0.0254212 0.0327039 0.0368941 0.0379501 0.0264635 0.0369000 0.0369018 0.0358430 0.0368890 0.0379480 0.1004954 0.1016419 0.1073867 0.1073991 0.1039275 0.1120179 0.1190176 0.1097186 0.1225630 0.1155297 0.1178505 0.1085199 0.1143527 0.1190127 0.1178766 0.1131943 0.1155166 0.1073925 0.1178581 0.1108829 
pop2_8     0.0812265 0.0801184 0.0801184 0.0790151 0.0823625 0.0756778 0.0823414 0.0790031 0.0779026 0.0812374 0.0823645 0.0868388 0.0812667 0.0834956 0.0768206 0.0757025 0.0790354 0.0835173 0.0801162 0.0890671 0.0679958 0.0690909 0.0690835 0.0723703 0.0779055 0.0779047 0.0745742 0.0734918 0.0801395 0.0734866 0.0745916 0.0734737 0.0756965 0.0812409 0.0767858 0.0768252 0.0756692 0.0789928 0.0712656 0.0734787 0.0233487 0.0254160 0.0223216 0.0223237 0.0243820 0.0223201 0.0192398 0.0202699 0.0000000 0.0233541 0.0233499 0.0306102 0.0347877 0.0358401 0.0243885 0.0347932 0.0347948 0.0337396 0.0347829 0.0358382 0.0981863 0.0993290 0.1050548 0.1050669 0.1016071 0.1096706 0.1166467 0.1073785 0.1201798 0.1131702 0.1154835 0.1061846 0.1119973 0.1166419 0.1155091 0.1108427 0.1131574 0.1050604 0.1154909 0.1085389 
