80
pop0_0     0.0000000 0.0070329 0.0126038 0.0171956 0.0238733 0.0218153 0.0295756 0.0254262 0.0259436 0.0347908 0.0316525 0.0374169 0.0358430 0.0389980 0.0442761 0.0485372 0.0432260 0.0384630 0.0506696 0.0464066 0.0647004 0.0657955 0.0647044 0.0663380 0.0701799 0.0614447 0.0707293 0.0668890 0.0668902 0.0630799 0.0707320 0.0690826 0.0740238 0.0668902 0.0592724 0.0625321 0.0641684 0.0608851 0.0630758 0.0674199 0.0890877 0.0890893 0.0890843 0.0896532 0.0913386 0.0896572 0.0919312 0.0896695 0.0823598 0.0806961 0.0879785 0.0862906 0.0812506 0.0857253 0.0840454 0.0834986 0.0868412 0.0840437 0.0823611 0.0873950 0.0851803 0.0829489 0.0751541 0.0757113 0.0773744 0.0863038 0.0818275 0.0834954 0.0779117 0.0773566 0.0806985 0.0840462 0.0857241 0.0834803 0.0818105 0.0801506 0.0857169 0.0818077 0.0790350 0.0823576 
pop0_1     0.0070329 0.0000000 0.0115891 0.0161731 0.0228430 0.0207876 0.0285361 0.0243939 0.0249108 0.0337460 0.0306120 0.0363677 0.0347976 0.0379474 0.0432186 0.0474743 0.0421696 0.0374134 0.0496033 0.0453463 0.0636148 0.0647083 0.0636187 0.0652502 0.0690865 0.0603636 0.0696349 0.0658003 0.0658014 0.0619957 0.0696378 0.0679908 0.0729251 0.0658015 0.0581943 0.0614500 0.0630824 0.0598050 0.0619929 0.0663307 0.0879664 0.0879689 0.0879640 0.0885320 0.0902146 0.0885360 0.0908065 0.0885481 0.0812491 0.0795876 0.0868595 0.0851741 0.0801414 0.0846097 0.0829321 0.0823860 0.0857241 0.0829305 0.0818065 0.0868367 0.0829469 0.0807218 0.0740534 0.0746098 0.0762706 0.0851872 0.0807173 0.0823829 0.0768073 0.0762530 0.0795900 0.0829329 0.0846085 0.0823680 0.0807004 0.0790428 0.0846005 0.0806978 0.0779288 0.0812469 
pop0_2     0.0126038 0.0115891 0.0000000 0.0146420 0.0212968 0.0192448 0.0269783 0.0228444 0.0228444 0.0321765 0.0290493 0.0347932 0.0332252 0.0374181 0.0426871 0.0458748 0.0405815 0.0358360 0.0479991 0.0437517 0.0619797 0.0630707 0.0619835 0.0636114 0.0679845 0.0587356 0.0679863 0.0641602 0.0630746 0.0603639 0.0679888 0.0663456 0.0712690 0.0641613 0.0565713 0.0598189 0.0614483 0.0581787 0.0603607 0.0646897 0.0845986 0.0846010 0.0845966 0.0851615 0.0868372 0.0851653 0.0874250 0.0851769 0.0779114 0.0762570 0.0834961 0.0818183 0.0768084 0.0812566 0.0795866 0.0790424 0.0823662 0.0795850 0.0784663 0.0834742 0.0812697 0.0790495 0.0712955 0.0718496 0.0735042 0.0823873 0.0779342 0.0795938 0.0740396 0.0734873 0.0768116 0.0790312 0.0806981 0.0795795 0.0779180 0.0762662 0.0818033 0.0779154 0.0751565 0.0784627 
pop0_3     0.0171956 0.0161731 0.0146420 0.0000000 0.0207829 0.0187320 0.0274980 0.0223291 0.0228444 0.0316551 0.0285301 0.0342700 0.0327027 0.0368939 0.0421584 0.0453435 0.0400542 0.0358358 0.0474667 0.0426924 0.0614374 0.0625276 0.0614412 0.0630679 0.0674378 0.0581956 0.0674396 0.0636162 0.0636174 0.0598227 0.0674421 0.0658001 0.0707200 0.0636174 0.0560329 0.0592781 0.0609063 0.0576392 0.0598195 0.0641456 0.0857154 0.0857169 0.0857130 0.0862792 0.0879572 0.0862831 0.0885463 0.0862948 0.0790185 0.0773619 0.0846115 0.0829313 0.0779141 0.0823687 0.0806962 0.0801514 0.0834798 0.0806946 0.0795742 0.0845893 0.0818256 0.0796038 0.0718442 0.0723987 0.0740545 0.0829440 0.0784877 0.0801484 0.0745901 0.0740370 0.0773642 0.0806970 0.0823675 0.0801340 0.0784713 0.0768184 0.0823597 0.0784687 0.0757079 0.0790164 
pop0_4     0.0238733 0.0228430 0.0212968 0.0207829 0.0000000 0.0156624 0.0321783 0.0269778 0.0274964 0.0363609 0.0332161 0.0389925 0.0374165 0.0416332 0.0469301 0.0501362 0.0448136 0.0405674 0.0522722 0.0480010 0.0663322 0.0674297 0.0663362 0.0679733 0.0718235 0.0630698 0.0723741 0.0685255 0.0685267 0.0647078 0.0723768 0.0707239 0.0756754 0.0685268 0.0608928 0.0641595 0.0657984 0.0625086 0.0647044 0.0679639 0.0907710 0.0907736 0.0907685 0.0913388 0.0930277 0.0913433 0.0936221 0.0913554 0.0840295 0.0823624 0.0896607 0.0879691 0.0834748 0.0874025 0.0851605 0.0846143 0.0885207 0.0857169 0.0845889 0.0896371 0.0857358 0.0835028 0.0757026 0.0762602 0.0779246 0.0868601 0.0823807 0.0840497 0.0784621 0.0779066 0.0812508 0.0846008 0.0857223 0.0851526 0.0834792 0.0818159 0.0873930 0.0834764 0.0806979 0.0840272 
pop0_5     0.0218153 0.0207876 0.0192448 0.0187320 0.0156624 0.0000000 0.0300987 0.0249117 0.0254289 0.0342712 0.0311342 0.0368951 0.0353231 0.0395287 0.0442819 0.0480092 0.0427006 0.0384662 0.0501392 0.0458797 0.0641620 0.0652563 0.0641659 0.0657986 0.0701852 0.0609075 0.0701870 0.0663491 0.0663502 0.0625417 0.0701897 0.0685414 0.0734795 0.0663502 0.0587373 0.0619949 0.0636293 0.0603491 0.0625383 0.0668798 0.0885327 0.0885352 0.0885303 0.0890988 0.0907831 0.0891028 0.0913752 0.0891150 0.0818101 0.0801474 0.0874251 0.0857383 0.0812568 0.0851734 0.0834945 0.0829480 0.0862886 0.0834929 0.0823679 0.0874021 0.0835109 0.0812841 0.0735059 0.0740619 0.0757215 0.0846320 0.0801652 0.0818297 0.0762581 0.0757041 0.0790388 0.0818219 0.0840538 0.0818134 0.0801470 0.0784904 0.0851642 0.0812583 0.0784873 0.0818079 
pop0_6     0.0295756 0.0285361 0.0269783 0.0274980 0.0321783 0.0300987 0.0000000 0.0171970 0.0228463 0.0358430 0.0326991 0.0384723 0.0363715 0.0411116 0.0464066 0.0490758 0.0432306 0.0400464 0.0506750 0.0464119 0.0657972 0.0668941 0.0658012 0.0674374 0.0718338 0.0625362 0.0718357 0.0679893 0.0679908 0.0641737 0.0718384 0.0701864 0.0745845 0.0679908 0.0603608 0.0636257 0.0652636 0.0619758 0.0641702 0.0685208 0.0902222 0.0902247 0.0902197 0.0907896 0.0924776 0.0907937 0.0930715 0.0908061 0.0823676 0.0807049 0.0891123 0.0874218 0.0829301 0.0868555 0.0851729 0.0846253 0.0879731 0.0840513 0.0834829 0.0879624 0.0863098 0.0840749 0.0762676 0.0768257 0.0784915 0.0874351 0.0829517 0.0846222 0.0790294 0.0784734 0.0818207 0.0851737 0.0868542 0.0846069 0.0829344 0.0812720 0.0868461 0.0829316 0.0807095 0.0834822 
pop0_7     0.0254262 0.0243939 0.0228444 0.0223291 0.0269778 0.0249117 0.0171970 0.0000000 0.0177090 0.0316575 0.0285323 0.0342726 0.0327060 0.0368967 0.0421616 0.0453472 0.0390036 0.0358386 0.0474711 0.0432253 0.0614423 0.0625325 0.0603632 0.0630729 0.0674435 0.0582009 0.0674449 0.0636212 0.0636224 0.0598274 0.0674474 0.0658053 0.0701780 0.0636224 0.0560372 0.0587415 0.0609110 0.0576437 0.0598237 0.0641506 0.0857222 0.0857246 0.0857199 0.0862861 0.0879643 0.0862899 0.0885533 0.0863017 0.0790248 0.0762612 0.0846182 0.0829379 0.0784735 0.0823752 0.0807027 0.0801578 0.0834865 0.0807011 0.0795806 0.0834757 0.0818321 0.0796102 0.0718499 0.0724044 0.0740604 0.0829506 0.0784939 0.0801548 0.0745960 0.0740433 0.0773703 0.0807034 0.0823740 0.0801403 0.0784775 0.0768245 0.0823663 0.0784749 0.0762656 0.0790227 
pop0_8     0.0259436 0.0249108 0.0228444 0.0228444 0.0274964 0.0254289 0.0228463 0.0177090 0.0000000 0.0321794 0.0290520 0.0347964 0.0332287 0.0374224 0.0426909 0.0458789 0.0405852 0.0363633 0.0480040 0.0437554 0.0608978 0.0619871 0.0609015 0.0625271 0.0668941 0.0581992 0.0668967 0.0630751 0.0630762 0.0592840 0.0668983 0.0652574 0.0701740 0.0630762 0.0554968 0.0587399 0.0603669 0.0571022 0.0592808 0.0636041 0.0857208 0.0857232 0.0857185 0.0862847 0.0879624 0.0862885 0.0885519 0.0863003 0.0790235 0.0762599 0.0846169 0.0829366 0.0784722 0.0818145 0.0807013 0.0801565 0.0834851 0.0806997 0.0795793 0.0845946 0.0807157 0.0784970 0.0707485 0.0713022 0.0729586 0.0818325 0.0773825 0.0790410 0.0745948 0.0740421 0.0762622 0.0807021 0.0823727 0.0801390 0.0784763 0.0768232 0.0823650 0.0784737 0.0762643 0.0790214 
pop0_9     0.0347908 0.0337460 0.0321765 0.0316551 0.0363609 0.0342712 0.0358430 0.0316575 0.0321794 0.0000000 0.0274925 0.0363660 0.0347948 0.0389965 0.0442763 0.0474711 0.0416381 0.0379358 0.0495997 0.0453435 0.0630654 0.0641580 0.0630693 0.0646995 0.0690790 0.0598168 0.0679862 0.0641601 0.0652502 0.0614475 0.0690834 0.0674377 0.0723681 0.0652503 0.0576493 0.0609017 0.0625334 0.0592588 0.0619879 0.0652347 0.0879600 0.0879624 0.0879576 0.0885248 0.0902085 0.0885295 0.0896719 0.0885416 0.0812432 0.0795819 0.0868532 0.0851679 0.0806904 0.0846035 0.0829261 0.0823800 0.0857169 0.0829245 0.0818006 0.0868304 0.0840592 0.0818310 0.0740481 0.0746044 0.0762651 0.0851810 0.0807114 0.0823769 0.0768015 0.0762477 0.0795842 0.0823691 0.0840432 0.0823611 0.0806946 0.0790371 0.0834781 0.0795813 0.0784764 0.0812410 
pop0_10    0.0316525 0.0306120 0.0290493 0.0285301 0.0332161 0.0311342 0.0326991 0.0285323 0.0290520 0.0274925 0.0000000 0.0332207 0.0316564 0.0358406 0.0410973 0.0442777 0.0389965 0.0347843 0.0463976 0.0421592 0.0603470 0.0614354 0.0603507 0.0619749 0.0663379 0.0571100 0.0652491 0.0614373 0.0625234 0.0587345 0.0663421 0.0647027 0.0696151 0.0625235 0.0549507 0.0581909 0.0598164 0.0565548 0.0587314 0.0625091 0.0845866 0.0845890 0.0845842 0.0851494 0.0868249 0.0851532 0.0874126 0.0851648 0.0779004 0.0762462 0.0834842 0.0818068 0.0773499 0.0812459 0.0795761 0.0790312 0.0823545 0.0795737 0.0784552 0.0834623 0.0807026 0.0784844 0.0707371 0.0712907 0.0729439 0.0812621 0.0768162 0.0784732 0.0734789 0.0729271 0.0762477 0.0795761 0.0812439 0.0790140 0.0773539 0.0745964 0.0812363 0.0773513 0.0751455 0.0778983 
pop0_11    0.0374169 0.0363677 0.0347932 0.0342700 0.0389925 0.0368951 0.0384723 0.0342726 0.0347964 0.0363660 0.0332207 0.0000000 0.0259460 0.0363692 0.0416300 0.0448125 0.0395273 0.0353119 0.0469347 0.0416356 0.0608956 0.0619849 0.0608993 0.0625249 0.0668917 0.0576560 0.0668934 0.0630728 0.0630739 0.0592824 0.0663477 0.0647082 0.0696210 0.0641637 0.0554948 0.0587378 0.0603654 0.0571002 0.0592787 0.0625155 0.0851565 0.0851584 0.0851536 0.0857193 0.0873962 0.0857232 0.0879846 0.0857348 0.0784640 0.0768085 0.0840528 0.0823738 0.0779131 0.0818116 0.0801404 0.0795959 0.0829220 0.0801388 0.0790193 0.0840307 0.0812688 0.0790487 0.0712947 0.0718488 0.0729504 0.0823864 0.0779333 0.0795929 0.0740388 0.0734865 0.0768108 0.0801412 0.0818105 0.0795786 0.0773637 0.0762653 0.0806889 0.0779145 0.0757069 0.0773522 
pop0_12    0.0358430 0.0347976 0.0332252 0.0327027 0.0374165 0.0353231 0.0363715 0.0327060 0.0332287 0.0347948 0.0316564 0.0259460 0.0000000 0.0347982 0.0400486 0.0432250 0.0379498 0.0337435 0.0453423 0.0400540 0.0592743 0.0603613 0.0592780 0.0609002 0.0652585 0.0560413 0.0652585 0.0614468 0.0614479 0.0576638 0.0652617 0.0636240 0.0685306 0.0625362 0.0538848 0.0571210 0.0587443 0.0549501 0.0576608 0.0608910 0.0834825 0.0834849 0.0834803 0.0840446 0.0857180 0.0840484 0.0863046 0.0840598 0.0762503 0.0751530 0.0823815 0.0807062 0.0762553 0.0801453 0.0784777 0.0773806 0.0812534 0.0784761 0.0773592 0.0823598 0.0796034 0.0773879 0.0696509 0.0702037 0.0718547 0.0807185 0.0762751 0.0779312 0.0723893 0.0718382 0.0751552 0.0784784 0.0801441 0.0779172 0.0757069 0.0746107 0.0801366 0.0762567 0.0740536 0.0756957 
pop0_13    0.0389980 0.0379474 0.0374181 0.0368939 0.0416332 0.0395287 0.0411116 0.0368967 0.0374224 0.0389965 0.0358406 0.0363692 0.0347982 0.0000000 0.0389944 0.0453464 0.0400566 0.0358379 0.0474696 0.0432245 0.0614412 0.0625314 0.0614450 0.0630718 0.0674420 0.0581991 0.0674435 0.0636202 0.0636213 0.0598263 0.0674463 0.0658042 0.0707244 0.0647119 0.0560363 0.0592824 0.0609100 0.0576427 0.0598237 0.0641495 0.0857208 0.0857233 0.0857185 0.0862847 0.0879624 0.0862886 0.0885519 0.0863003 0.0790235 0.0773667 0.0834953 0.0829366 0.0784722 0.0823739 0.0807013 0.0801565 0.0834851 0.0806997 0.0795793 0.0834744 0.0818307 0.0796088 0.0718486 0.0724032 0.0740591 0.0829492 0.0784926 0.0801535 0.0740424 0.0734901 0.0762587 0.0807021 0.0823727 0.0801390 0.0784763 0.0768232 0.0823650 0.0784736 0.0762643 0.0779101 
pop0_14    0.0442761 0.0432186 0.0426871 0.0421584 0.0469301 0.0442819 0.0464066 0.0421616 0.0426909 0.0442763 0.0410973 0.0416300 0.0400486 0.0389944 0.0000000 0.0495991 0.0453435 0.0410942 0.0528071 0.0485330 0.0668768 0.0679752 0.0668809 0.0685191 0.0729212 0.0636123 0.0723734 0.0685249 0.0690730 0.0652515 0.0729258 0.0712717 0.0762267 0.0701716 0.0614337 0.0647027 0.0663428 0.0630505 0.0647022 0.0696037 0.0913333 0.0913359 0.0913308 0.0919015 0.0935916 0.0919057 0.0941866 0.0919182 0.0845869 0.0829194 0.0902223 0.0885294 0.0840318 0.0874004 0.0862776 0.0857295 0.0890814 0.0862759 0.0851467 0.0901985 0.0874162 0.0851785 0.0773609 0.0779198 0.0795878 0.0885430 0.0840538 0.0857263 0.0801262 0.0795694 0.0829211 0.0851597 0.0879611 0.0857108 0.0840371 0.0823719 0.0873897 0.0840334 0.0818085 0.0845846 
pop0_15    0.0485372 0.0474743 0.0458748 0.0453435 0.0501362 0.0480092 0.0490758 0.0453472 0.0458789 0.0474711 0.0442777 0.0448125 0.0432250 0.0453464 0.0495991 0.0000000 0.0327057 0.0347902 0.0485347 0.0442838 0.0652434 0.0663392 0.0652474 0.0668821 0.0712747 0.0609012 0.0718281 0.0679822 0.0679834 0.0641670 0.0712827 0.0696315 0.0745763 0.0690804 0.0603546 0.0636190 0.0652568 0.0619694 0.0641635 0.0685136 0.0902125 0.0902146 0.0902100 0.0907799 0.0924677 0.0913489 0.0930615 0.0907964 0.0834756 0.0818096 0.0891028 0.0874124 0.0829213 0.0868462 0.0851638 0.0846164 0.0879637 0.0851621 0.0840346 0.0890794 0.0863006 0.0829491 0.0762595 0.0768176 0.0784832 0.0874258 0.0829429 0.0846132 0.0790204 0.0784650 0.0818120 0.0851646 0.0868450 0.0845979 0.0829256 0.0812634 0.0868368 0.0829228 0.0795878 0.0834734 
pop0_16    0.0432260 0.0421696 0.0405815 0.0400542 0.0448136 0.0427006 0.0432306 0.0390036 0.0405852 0.0416381 0.0389965 0.0395273 0.0379498 0.0400566 0.0453435 0.0327057 0.0000000 0.0295742 0.0432233 0.0390015 0.0603580 0.0614466 0.0598192 0.0619863 0.0663502 0.0571210 0.0663518 0.0625338 0.0625349 0.0587453 0.0658094 0.0641709 0.0690807 0.0636240 0.0549607 0.0582009 0.0598274 0.0565651 0.0587415 0.0630626 0.0846022 0.0846046 0.0845999 0.0851651 0.0868409 0.0857297 0.0874288 0.0851806 0.0779147 0.0762603 0.0834996 0.0818218 0.0768086 0.0812601 0.0795900 0.0784899 0.0823697 0.0795884 0.0784696 0.0834781 0.0807175 0.0784988 0.0707501 0.0713038 0.0729573 0.0818343 0.0773843 0.0790428 0.0734924 0.0729405 0.0762625 0.0795907 0.0807033 0.0790285 0.0773682 0.0757174 0.0812512 0.0773656 0.0751594 0.0779126 
pop0_17    0.0384630 0.0374134 0.0358360 0.0358358 0.0405674 0.0384662 0.0400464 0.0358386 0.0363633 0.0379358 0.0347843 0.0353119 0.0337435 0.0358379 0.0410942 0.0347902 0.0295742 0.0000000 0.0389864 0.0347891 0.0560193 0.0571010 0.0560227 0.0576376 0.0619745 0.0528008 0.0619761 0.0581815 0.0581826 0.0544155 0.0614368 0.0598084 0.0646888 0.0592649 0.0506544 0.0538753 0.0554911 0.0522500 0.0544126 0.0587081 0.0801138 0.0801160 0.0801116 0.0806731 0.0823387 0.0812339 0.0829216 0.0806876 0.0734679 0.0712726 0.0790173 0.0773501 0.0729205 0.0767920 0.0751323 0.0745908 0.0773421 0.0751308 0.0740194 0.0789966 0.0762521 0.0740468 0.0663466 0.0668967 0.0685399 0.0773618 0.0729394 0.0734841 0.0690727 0.0685242 0.0718253 0.0751330 0.0767909 0.0745746 0.0729242 0.0712827 0.0767837 0.0729218 0.0707288 0.0734659 
pop0_18    0.0506696 0.0496033 0.0479991 0.0474667 0.0522722 0.0501392 0.0506750 0.0474711 0.0480040 0.0495997 0.0463976 0.0469347 0.0453423 0.0474696 0.0528071 0.0485347 0.0432233 0.0389864 0.0000000 0.0432186 0.0679697 0.0690697 0.0679739 0.0696144 0.0740230 0.0647006 0.0740249 0.0701679 0.0701692 0.0663422 0.0723775 0.0718221 0.0767807 0.0712694 0.0625188 0.0657926 0.0674351 0.0641377 0.0663386 0.0707004 0.0918987 0.0919013 0.0918962 0.0924674 0.0941587 0.0930377 0.0947543 0.0924842 0.0845856 0.0834781 0.0913498 0.0896544 0.0851500 0.0890865 0.0873992 0.0862912 0.0902070 0.0873974 0.0862665 0.0913257 0.0862960 0.0840615 0.0779156 0.0784750 0.0801442 0.0896682 0.0851723 0.0868472 0.0812386 0.0806810 0.0840371 0.0868388 0.0885208 0.0857097 0.0851545 0.0834878 0.0885117 0.0851516 0.0829236 0.0857036 
pop0_19    0.0464066 0.0453463 0.0437517 0.0426924 0.0480010 0.0458797 0.0464119 0.0432253 0.0437554 0.0453435 0.0421592 0.0416356 0.0400540 0.0432245 0.0485330 0.0442838 0.0390015 0.0347891 0.0432186 0.0000000 0.0636104 0.0647039 0.0636143 0.0652457 0.0696285 0.0603594 0.0696303 0.0657957 0.0657969 0.0619914 0.0690865 0.0674401 0.0723707 0.0668907 0.0571105 0.0614452 0.0630781 0.0598009 0.0619881 0.0652358 0.0868388 0.0868416 0.0868367 0.0874038 0.0890843 0.0879701 0.0896746 0.0874197 0.0812434 0.0795821 0.0868534 0.0851682 0.0806906 0.0846038 0.0829263 0.0818241 0.0857181 0.0829247 0.0818008 0.0868306 0.0840594 0.0818312 0.0740483 0.0746046 0.0762653 0.0851812 0.0807116 0.0823771 0.0768015 0.0762477 0.0795844 0.0829271 0.0846025 0.0823623 0.0806948 0.0790373 0.0845946 0.0806921 0.0784766 0.0812412 
pop1_0     0.0647004 0.0636148 0.0619797 0.0614374 0.0663322 0.0641620 0.0657972 0.0614423 0.0608978 0.0630654 0.0603470 0.0608956 0.0592743 0.0614412 0.0668768 0.0652434 0.0603580 0.0560193 0.0679697 0.0636104 0.0000000 0.0040097 0.0090518 0.0156561 0.0249013 0.0202649 0.0332147 0.0295644 0.0295649 0.0254201 0.0368838 0.0353088 0.0405608 0.0437409 0.0347832 0.0379351 0.0395162 0.0363485 0.0426875 0.0469200 0.0829089 0.0829112 0.0829066 0.0834704 0.0851422 0.0840335 0.0857282 0.0823659 0.0762376 0.0745870 0.0818087 0.0801351 0.0756883 0.0795747 0.0779087 0.0773655 0.0806818 0.0767969 0.0767912 0.0817873 0.0790332 0.0768197 0.0690899 0.0701901 0.0723926 0.0801473 0.0757080 0.0768068 0.0718259 0.0712753 0.0745891 0.0779101 0.0795736 0.0773487 0.0756922 0.0740452 0.0795661 0.0756897 0.0734886 0.0762356 
pop1_1     0.0657955 0.0647083 0.0630707 0.0625276 0.0674297 0.0652563 0.0668941 0.0625325 0.0619871 0.0641580 0.0614354 0.0619849 0.0603613 0.0625314 0.0679752 0.0663392 0.0614466 0.0571010 0.0690697 0.0647039 0.0040097 0.0000000 0.0100650 0.0166785 0.0259372 0.0212940 0.0342626 0.0306069 0.0306074 0.0264568 0.0379372 0.0363598 0.0416195 0.0448045 0.0358335 0.0389901 0.0405736 0.0374008 0.0437496 0.0479881 0.0840322 0.0840346 0.0840299 0.0845947 0.0862690 0.0851587 0.0868562 0.0834885 0.0773505 0.0756975 0.0829305 0.0812542 0.0768004 0.0806929 0.0790243 0.0784805 0.0818017 0.0779101 0.0779050 0.0829088 0.0801507 0.0779339 0.0701920 0.0712939 0.0734999 0.0812666 0.0768204 0.0779208 0.0729320 0.0723806 0.0756997 0.0790250 0.0806918 0.0784634 0.0768044 0.0751550 0.0806842 0.0768015 0.0745975 0.0773485 
pop1_2     0.0647044 0.0636187 0.0619835 0.0614412 0.0663362 0.0641659 0.0658012 0.0603632 0.0609015 0.0630693 0.0603507 0.0608993 0.0592780 0.0614450 0.0668809 0.0652474 0.0598192 0.0560227 0.0679739 0.0636143 0.0090518 0.0100650 0.0000000 0.0156570 0.0249028 0.0202661 0.0332167 0.0295662 0.0295667 0.0254216 0.0368860 0.0353109 0.0405633 0.0437436 0.0347853 0.0379374 0.0395187 0.0363507 0.0426901 0.0469229 0.0829140 0.0829164 0.0829117 0.0834756 0.0851475 0.0840387 0.0857335 0.0829308 0.0762423 0.0745916 0.0818138 0.0801400 0.0756930 0.0795796 0.0779135 0.0773703 0.0806868 0.0768015 0.0767960 0.0817923 0.0790381 0.0768245 0.0690942 0.0701944 0.0723971 0.0801522 0.0757126 0.0768115 0.0718303 0.0712797 0.0745938 0.0779142 0.0795785 0.0773535 0.0756969 0.0740498 0.0795710 0.0756944 0.0734932 0.0762403 
pop1_3     0.0663380 0.0652502 0.0636114 0.0630679 0.0679733 0.0657986 0.0674374 0.0630729 0.0625271 0.0646995 0.0619749 0.0625249 0.0609002 0.0630718 0.0685191 0.0668821 0.0619863 0.0576376 0.0696144 0.0652457 0.0156561 0.0166785 0.0156570 0.0000000 0.0264535 0.0218074 0.0347843 0.0311262 0.0311267 0.0274908 0.0384613 0.0368829 0.0421459 0.0453330 0.0363562 0.0395149 0.0410994 0.0379244 0.0442775 0.0485187 0.0845872 0.0845896 0.0845849 0.0851501 0.0868255 0.0857145 0.0874133 0.0846044 0.0779010 0.0762477 0.0834849 0.0818074 0.0773505 0.0812459 0.0795761 0.0790318 0.0823552 0.0784616 0.0784558 0.0834630 0.0807033 0.0784850 0.0707377 0.0718403 0.0740478 0.0818199 0.0773706 0.0784717 0.0723772 0.0729277 0.0762491 0.0795761 0.0812445 0.0790146 0.0773545 0.0757041 0.0812369 0.0773519 0.0751461 0.0778989 
pop1_4     0.0701799 0.0690865 0.0679845 0.0674378 0.0718235 0.0701852 0.0718338 0.0674435 0.0668941 0.0690790 0.0663379 0.0668917 0.0652585 0.0674420 0.0729212 0.0712747 0.0663502 0.0619745 0.0740230 0.0696285 0.0249013 0.0259372 0.0249028 0.0264535 0.0000000 0.0259382 0.0389888 0.0353096 0.0342628 0.0316539 0.0426872 0.0410995 0.0463922 0.0495986 0.0405696 0.0437469 0.0453408 0.0421460 0.0485372 0.0528022 0.0885232 0.0885248 0.0890848 0.0885273 0.0902102 0.0879673 0.0919318 0.0896700 0.0823611 0.0806966 0.0879790 0.0851712 0.0818067 0.0857258 0.0829277 0.0834991 0.0862790 0.0829246 0.0829194 0.0879559 0.0851808 0.0829494 0.0751545 0.0757086 0.0784849 0.0851842 0.0818280 0.0829353 0.0779122 0.0773571 0.0806989 0.0840467 0.0857246 0.0834808 0.0818110 0.0801511 0.0857169 0.0818082 0.0795895 0.0823581 
pop1_5     0.0614447 0.0603636 0.0587356 0.0581956 0.0630698 0.0609075 0.0625362 0.0582009 0.0581992 0.0598168 0.0571100 0.0576560 0.0560413 0.0581991 0.0636123 0.0609012 0.0571210 0.0528008 0.0647006 0.0603594 0.0202649 0.0212940 0.0202661 0.0218074 0.0259382 0.0000000 0.0311317 0.0274912 0.0274917 0.0238726 0.0347909 0.0332202 0.0384586 0.0416298 0.0326962 0.0358395 0.0374163 0.0342577 0.0405782 0.0448006 0.0795761 0.0795774 0.0795730 0.0801341 0.0817989 0.0806946 0.0823814 0.0801486 0.0729326 0.0712888 0.0784791 0.0768128 0.0723855 0.0762550 0.0745961 0.0740549 0.0773576 0.0734893 0.0734839 0.0784586 0.0751609 0.0729583 0.0652680 0.0663625 0.0685539 0.0762693 0.0718524 0.0729461 0.0679908 0.0674435 0.0707399 0.0740434 0.0756993 0.0734853 0.0718375 0.0701983 0.0756921 0.0718351 0.0696447 0.0723786 
pop1_6     0.0707293 0.0696349 0.0679863 0.0674396 0.0723741 0.0701870 0.0718357 0.0674449 0.0668967 0.0679862 0.0652491 0.0668934 0.0652585 0.0674435 0.0723734 0.0718281 0.0663518 0.0619761 0.0740249 0.0696303 0.0332147 0.0342626 0.0332167 0.0347843 0.0389888 0.0311317 0.0000000 0.0166827 0.0280130 0.0274956 0.0426882 0.0411006 0.0463934 0.0495999 0.0405706 0.0432178 0.0453419 0.0421471 0.0485388 0.0528036 0.0890896 0.0890921 0.0890877 0.0890912 0.0907754 0.0902242 0.0913674 0.0896723 0.0823624 0.0806987 0.0879813 0.0851718 0.0818088 0.0846101 0.0829325 0.0835012 0.0868440 0.0829268 0.0829206 0.0879582 0.0840606 0.0818324 0.0740493 0.0751571 0.0773747 0.0851824 0.0807128 0.0823783 0.0779142 0.0773591 0.0807010 0.0840489 0.0857268 0.0834830 0.0818131 0.0801532 0.0857188 0.0818104 0.0784825 0.0823611 
pop1_7     0.0668890 0.0658003 0.0641602 0.0636162 0.0685255 0.0663491 0.0679893 0.0636212 0.0630751 0.0641601 0.0614373 0.0630728 0.0614468 0.0636202 0.0685249 0.0679822 0.0625338 0.0581815 0.0701679 0.0657957 0.0295644 0.0306069 0.0295662 0.0311262 0.0353096 0.0274912 0.0166827 0.0000000 0.0243876 0.0238725 0.0389903 0.0374107 0.0416213 0.0458674 0.0368835 0.0400447 0.0416305 0.0384529 0.0448111 0.0490555 0.0851530 0.0851554 0.0851507 0.0857169 0.0873931 0.0862813 0.0879815 0.0857319 0.0784613 0.0768059 0.0840499 0.0812553 0.0779101 0.0806966 0.0790279 0.0795932 0.0829194 0.0779143 0.0790166 0.0840278 0.0801496 0.0779328 0.0701910 0.0712929 0.0734988 0.0812654 0.0768193 0.0784764 0.0740370 0.0734840 0.0768081 0.0801384 0.0818076 0.0795761 0.0779144 0.0762627 0.0817999 0.0779118 0.0746009 0.0784592 
pop1_8     0.0668902 0.0658014 0.0630746 0.0636174 0.0685267 0.0663502 0.0679908 0.0636224 0.0630762 0.0652502 0.0625234 0.0630739 0.0614479 0.0636213 0.0690730 0.0679834 0.0625349 0.0581826 0.0701692 0.0657969 0.0295649 0.0306074 0.0295667 0.0311267 0.0342628 0.0274917 0.0280130 0.0243876 0.0000000 0.0238729 0.0389909 0.0374113 0.0426784 0.0458682 0.0368841 0.0400454 0.0416312 0.0384535 0.0448125 0.0490563 0.0840371 0.0840399 0.0840353 0.0834812 0.0851532 0.0829248 0.0868617 0.0846154 0.0773556 0.0757023 0.0829358 0.0812594 0.0768053 0.0806981 0.0790293 0.0784854 0.0806937 0.0779157 0.0779101 0.0829141 0.0801559 0.0779389 0.0701965 0.0712984 0.0735045 0.0812718 0.0768253 0.0784825 0.0729367 0.0723852 0.0757045 0.0790301 0.0806969 0.0784684 0.0768093 0.0751598 0.0806889 0.0768067 0.0746022 0.0768004 
pop1_9     0.0630799 0.0619957 0.0603639 0.0598227 0.0647078 0.0625417 0.0641737 0.0598274 0.0592840 0.0614475 0.0587345 0.0592824 0.0576638 0.0598263 0.0652515 0.0641670 0.0587453 0.0544155 0.0663422 0.0619914 0.0254201 0.0264568 0.0254216 0.0274908 0.0316539 0.0238726 0.0274956 0.0238725 0.0238729 0.0000000 0.0353167 0.0337448 0.0389871 0.0421607 0.0332203 0.0363661 0.0379438 0.0347829 0.0411091 0.0453339 0.0812510 0.0812533 0.0812488 0.0818114 0.0823653 0.0823732 0.0840642 0.0818262 0.0745933 0.0729458 0.0801528 0.0784826 0.0740450 0.0779234 0.0762607 0.0757185 0.0790284 0.0751513 0.0751458 0.0801323 0.0773827 0.0751736 0.0674596 0.0685575 0.0707556 0.0784945 0.0740642 0.0757157 0.0701903 0.0696409 0.0729479 0.0762615 0.0779223 0.0745950 0.0729441 0.0713025 0.0779150 0.0740463 0.0718495 0.0745913 
pop1_10    0.0707320 0.0696378 0.0679888 0.0674421 0.0723768 0.0701897 0.0718384 0.0674474 0.0668983 0.0690834 0.0663421 0.0663477 0.0652617 0.0674463 0.0729258 0.0712827 0.0658094 0.0614368 0.0723775 0.0690865 0.0368838 0.0379372 0.0368860 0.0384613 0.0426872 0.0347909 0.0426882 0.0389903 0.0389909 0.0353167 0.0000000 0.0249068 0.0363602 0.0501367 0.0411005 0.0442804 0.0458748 0.0426781 0.0490748 0.0533428 0.0890930 0.0890956 0.0890906 0.0896595 0.0913451 0.0902277 0.0919377 0.0896758 0.0823656 0.0807017 0.0879847 0.0862967 0.0818119 0.0857314 0.0840513 0.0829487 0.0868474 0.0829300 0.0829238 0.0879624 0.0851863 0.0829547 0.0751593 0.0762689 0.0784899 0.0863099 0.0818333 0.0835013 0.0779172 0.0773620 0.0807041 0.0840521 0.0857301 0.0834862 0.0818162 0.0801562 0.0857221 0.0818135 0.0795946 0.0823634 
pop1_11    0.0690826 0.0679908 0.0663456 0.0658001 0.0707239 0.0685414 0.0701864 0.0658053 0.0652574 0.0674377 0.0647027 0.0647082 0.0636240 0.0658042 0.0712717 0.0696315 0.0641709 0.0598084 0.0718221 0.0674401 0.0353088 0.0363598 0.0353109 0.0368829 0.0410995 0.0332202 0.0411006 0.0374107 0.0374113 0.0337448 0.0249068 0.0000000 0.0337398 0.0485328 0.0395163 0.0426892 0.0442808 0.0410908 0.0464085 0.0511956 0.0874019 0.0874044 0.0874004 0.0879671 0.0896489 0.0879727 0.0902397 0.0879830 0.0806889 0.0790296 0.0862959 0.0846118 0.0801374 0.0840478 0.0823716 0.0818257 0.0851614 0.0812529 0.0812459 0.0851504 0.0835037 0.0812771 0.0734996 0.0746066 0.0768226 0.0846247 0.0801583 0.0818227 0.0762515 0.0756976 0.0790320 0.0823723 0.0840466 0.0818079 0.0801416 0.0784851 0.0829210 0.0790270 0.0779249 0.0806877 
pop1_12    0.0740238 0.0729251 0.0712690 0.0707200 0.0756754 0.0734795 0.0745845 0.0701780 0.0701740 0.0723681 0.0696151 0.0696210 0.0685306 0.0707244 0.0762267 0.0745763 0.0690807 0.0646888 0.0767807 0.0723707 0.0405608 0.0416195 0.0405633 0.0421459 0.0463922 0.0384586 0.0463934 0.0416213 0.0426784 0.0389871 0.0363602 0.0337398 0.0000000 0.0533421 0.0442686 0.0474617 0.0490636 0.0458520 0.0512050 0.0565609 0.0924639 0.0924665 0.0924614 0.0930330 0.0947256 0.0930395 0.0953219 0.0930499 0.0857074 0.0840371 0.0907859 0.0890918 0.0845908 0.0885248 0.0868388 0.0862899 0.0902086 0.0851565 0.0862680 0.0907620 0.0885412 0.0863002 0.0784708 0.0790279 0.0812569 0.0896698 0.0851738 0.0868487 0.0812400 0.0806824 0.0840392 0.0874015 0.0890877 0.0868330 0.0851565 0.0834893 0.0879533 0.0840339 0.0818090 0.0845851 
pop1_13    0.0668902 0.0658015 0.0641613 0.0636174 0.0685268 0.0663502 0.0679908 0.0636224 0.0630762 0.0652503 0.0625235 0.0641637 0.0625362 0.0647119 0.0701716 0.0690804 0.0636240 0.0592649 0.0712694 0.0668907 0.0437409 0.0448045 0.0437436 0.0453330 0.0495986 0.0416298 0.0495999 0.0458674 0.0458682 0.0421607 0.0501367 0.0485328 0.0533421 0.0000000 0.0197553 0.0259436 0.0337461 0.0337352 0.0464066 0.0506597 0.0868388 0.0868407 0.0868358 0.0874029 0.0890834 0.0879692 0.0896737 0.0874188 0.0801313 0.0784723 0.0857329 0.0834898 0.0795792 0.0834866 0.0818116 0.0812661 0.0845994 0.0790253 0.0806878 0.0857104 0.0829428 0.0807179 0.0729464 0.0740525 0.0762668 0.0840630 0.0796000 0.0812631 0.0751448 0.0751428 0.0784746 0.0818124 0.0834854 0.0806945 0.0790305 0.0779281 0.0834781 0.0795807 0.0773683 0.0801291 
pop1_14    0.0592724 0.0581943 0.0565713 0.0560329 0.0608928 0.0587373 0.0603608 0.0560372 0.0554968 0.0576493 0.0549507 0.0554948 0.0538848 0.0560363 0.0614337 0.0603546 0.0549607 0.0506544 0.0625188 0.0571105 0.0347832 0.0358335 0.0347853 0.0363562 0.0405696 0.0326962 0.0405706 0.0368835 0.0368841 0.0332203 0.0411005 0.0395163 0.0442686 0.0197553 0.0000000 0.0171936 0.0249055 0.0259315 0.0374149 0.0416192 0.0773482 0.0773504 0.0773461 0.0779054 0.0795653 0.0784650 0.0801454 0.0779195 0.0707258 0.0690865 0.0762551 0.0745939 0.0701802 0.0740370 0.0723832 0.0718441 0.0751373 0.0712806 0.0712754 0.0762352 0.0734994 0.0713017 0.0636290 0.0647210 0.0669074 0.0746052 0.0701984 0.0718414 0.0663459 0.0657994 0.0690887 0.0723847 0.0740370 0.0718285 0.0701838 0.0685481 0.0740299 0.0701815 0.0679959 0.0707239 
pop1_15    0.0625321 0.0614500 0.0598189 0.0592781 0.0641595 0.0619949 0.0636257 0.0587415 0.0587399 0.0609017 0.0581909 0.0587378 0.0571210 0.0592824 0.0647027 0.0636190 0.0582009 0.0538753 0.0657926 0.0614452 0.0379351 0.0389901 0.0379374 0.0395149 0.0437469 0.0358395 0.0432178 0.0400447 0.0400454 0.0363661 0.0442804 0.0426892 0.0474617 0.0259436 0.0171936 0.0000000 0.0280157 0.0290450 0.0405782 0.0448006 0.0806889 0.0806918 0.0806873 0.0812494 0.0829167 0.0818108 0.0823832 0.0812641 0.0729318 0.0718430 0.0795921 0.0779232 0.0734892 0.0773645 0.0757032 0.0751613 0.0784687 0.0745946 0.0745891 0.0795712 0.0768242 0.0746168 0.0669090 0.0680060 0.0702023 0.0779351 0.0735082 0.0751585 0.0696376 0.0690886 0.0723930 0.0757039 0.0773634 0.0751449 0.0734930 0.0718503 0.0773556 0.0734905 0.0712954 0.0740351 
pop1_16    0.0641684 0.0630824 0.0614483 0.0609063 0.0657984 0.0636293 0.0652636 0.0609110 0.0603669 0.0625334 0.0598164 0.0603654 0.0587443 0.0609100 0.0663428 0.0652568 0.0598274 0.0554911 0.0674351 0.0630781 0.0395162 0.0405736 0.0395187 0.0410994 0.0453408 0.0374163 0.0453419 0.0416305 0.0416312 0.0379438 0.0458748 0.0442808 0.0490636 0.0337461 0.0249055 0.0280157 0.0000000 0.0306068 0.0421661 0.0463966 0.0823661 0.0823684 0.0823638 0.0829273 0.0845982 0.0834901 0.0851837 0.0829423 0.0756985 0.0740487 0.0812664 0.0795937 0.0751494 0.0790337 0.0773685 0.0768256 0.0801402 0.0762574 0.0762518 0.0801323 0.0784923 0.0762800 0.0685545 0.0696541 0.0718554 0.0796058 0.0751689 0.0768227 0.0712891 0.0707388 0.0740509 0.0762610 0.0779218 0.0768089 0.0751533 0.0735071 0.0790251 0.0751508 0.0729509 0.0756964 
pop1_17    0.0608851 0.0598050 0.0581787 0.0576392 0.0625086 0.0603491 0.0619758 0.0576437 0.0571022 0.0592588 0.0565548 0.0571002 0.0549501 0.0576427 0.0630505 0.0619694 0.0565651 0.0522500 0.0641377 0.0598009 0.0363485 0.0374008 0.0363507 0.0379244 0.0421460 0.0342577 0.0421471 0.0384529 0.0384535 0.0347829 0.0426781 0.0410908 0.0458520 0.0337352 0.0259315 0.0290450 0.0306068 0.0000000 0.0389855 0.0421386 0.0789968 0.0789991 0.0789947 0.0795552 0.0812183 0.0801151 0.0818000 0.0795696 0.0723612 0.0707190 0.0779019 0.0762373 0.0718146 0.0756801 0.0740229 0.0734822 0.0767815 0.0729172 0.0729119 0.0778815 0.0751415 0.0729389 0.0652507 0.0663449 0.0685356 0.0751448 0.0707355 0.0734794 0.0679727 0.0674251 0.0707210 0.0740236 0.0756790 0.0723629 0.0707174 0.0690809 0.0745653 0.0707150 0.0696262 0.0723593 
pop1_18    0.0630758 0.0619929 0.0603607 0.0598195 0.0647044 0.0625383 0.0641702 0.0598237 0.0592808 0.0619879 0.0587314 0.0592787 0.0576608 0.0598237 0.0647022 0.0641635 0.0587415 0.0544126 0.0663386 0.0619881 0.0426875 0.0437496 0.0426901 0.0442775 0.0485372 0.0405782 0.0485388 0.0448111 0.0448125 0.0411091 0.0490748 0.0464085 0.0512050 0.0464066 0.0374149 0.0405782 0.0421661 0.0389855 0.0000000 0.0410964 0.0812459 0.0812490 0.0812444 0.0818070 0.0834754 0.0818122 0.0840597 0.0818218 0.0745891 0.0729419 0.0801485 0.0784783 0.0740410 0.0779192 0.0762566 0.0757144 0.0790242 0.0762551 0.0751415 0.0801275 0.0768223 0.0751696 0.0674560 0.0685538 0.0707518 0.0784903 0.0740602 0.0757116 0.0701866 0.0696371 0.0729440 0.0762574 0.0779181 0.0756980 0.0740448 0.0724010 0.0768015 0.0729394 0.0707458 0.0745872 
pop1_19    0.0674199 0.0663307 0.0646897 0.0641456 0.0679639 0.0668798 0.0685208 0.0641506 0.0636041 0.0652347 0.0625091 0.0625155 0.0608910 0.0641495 0.0696037 0.0685136 0.0630626 0.0587081 0.0707004 0.0652358 0.0469200 0.0479881 0.0469229 0.0485187 0.0528022 0.0448006 0.0528036 0.0490555 0.0490563 0.0453339 0.0533428 0.0511956 0.0565609 0.0506597 0.0416192 0.0448006 0.0463966 0.0421386 0.0410964 0.0000000 0.0856930 0.0856954 0.0851290 0.0862567 0.0879343 0.0868219 0.0885231 0.0862723 0.0789979 0.0773417 0.0840313 0.0829097 0.0784468 0.0823472 0.0806752 0.0801305 0.0834581 0.0806736 0.0795535 0.0845672 0.0818033 0.0795831 0.0718255 0.0729296 0.0751400 0.0823660 0.0779141 0.0795732 0.0745707 0.0740182 0.0773440 0.0806760 0.0823460 0.0789998 0.0773400 0.0756899 0.0812216 0.0773374 0.0751337 0.0789958 
pop2_0     0.0890877 0.0879664 0.0845986 0.0857154 0.0907710 0.0885327 0.0902222 0.0857222 0.0857208 0.0879600 0.0845866 0.0851565 0.0834825 0.0857208 0.0913333 0.0902125 0.0846022 0.0801138 0.0918987 0.0868388 0.0829089 0.0840322 0.0829140 0.0845872 0.0885232 0.0795761 0.0890896 0.0851530 0.0840371 0.0812510 0.0890930 0.0874019 0.0924639 0.0868388 0.0773482 0.0806889 0.0823661 0.0789968 0.0812459 0.0856930 0.0000000 0.0030060 0.0085485 0.0197580 0.0212976 0.0202715 0.0269852 0.0249133 0.0306148 0.0290570 0.0448260 0.0448238 0.0395289 0.0432305 0.0416429 0.0411203 0.0506806 0.0474791 0.0469427 0.0517458 0.0680143 0.0658319 0.0587542 0.0598390 0.0620112 0.0696594 0.0652810 0.0669139 0.0614544 0.0609114 0.0647238 0.0663617 0.0701954 0.0658079 0.0630859 0.0625522 0.0679921 0.0641738 0.0636390 0.0658042 
pop2_1     0.0890893 0.0879689 0.0846010 0.0857169 0.0907736 0.0885352 0.0902247 0.0857246 0.0857232 0.0879624 0.0845890 0.0851584 0.0834849 0.0857233 0.0913359 0.0902146 0.0846046 0.0801160 0.0919013 0.0868416 0.0829112 0.0840346 0.0829164 0.0845896 0.0885248 0.0795774 0.0890921 0.0851554 0.0840399 0.0812533 0.0890956 0.0874044 0.0924665 0.0868407 0.0773504 0.0806918 0.0823684 0.0789991 0.0812490 0.0856954 0.0030060 0.0000000 0.0085485 0.0197580 0.0212982 0.0202725 0.0269859 0.0249140 0.0306165 0.0290578 0.0448273 0.0448250 0.0395300 0.0432317 0.0416440 0.0411215 0.0506820 0.0474804 0.0469440 0.0517473 0.0669235 0.0647441 0.0587558 0.0598407 0.0620130 0.0696614 0.0652828 0.0669158 0.0614562 0.0609131 0.0647256 0.0663635 0.0701974 0.0658098 0.0630877 0.0625540 0.0679940 0.0641756 0.0636408 0.0658065 
pop2_2     0.0890843 0.0879640 0.0845966 0.0857130 0.0907685 0.0885303 0.0902197 0.0857199 0.0857185 0.0879576 0.0845842 0.0851536 0.0834803 0.0857185 0.0913308 0.0902100 0.0845999 0.0801116 0.0918962 0.0868367 0.0829066 0.0840299 0.0829117 0.0845849 0.0890848 0.0795730 0.0890877 0.0851507 0.0840353 0.0812488 0.0890906 0.0874004 0.0924614 0.0868358 0.0773461 0.0806873 0.0823638 0.0789947 0.0812444 0.0851290 0.0085485 0.0085485 0.0000000 0.0202702 0.0218112 0.0207854 0.0275026 0.0254294 0.0311345 0.0295756 0.0453553 0.0453530 0.0400545 0.0437586 0.0421699 0.0416471 0.0512137 0.0480100 0.0474732 0.0522796 0.0685592 0.0663754 0.0592927 0.0603783 0.0625520 0.0702055 0.0658240 0.0674580 0.0619947 0.0614514 0.0652664 0.0669054 0.0707418 0.0663502 0.0647180 0.0630934 0.0685369 0.0647159 0.0636353 0.0663479 
pop2_3     0.0896532 0.0885320 0.0851615 0.0862792 0.0913388 0.0890988 0.0907896 0.0862861 0.0862847 0.0885248 0.0851494 0.0857193 0.0840446 0.0862847 0.0919015 0.0907799 0.0851651 0.0806731 0.0924674 0.0874038 0.0834704 0.0845947 0.0834756 0.0851501 0.0885273 0.0801341 0.0890912 0.0857169 0.0834812 0.0818114 0.0896595 0.0879671 0.0930330 0.0874029 0.0779054 0.0812494 0.0829273 0.0795552 0.0818070 0.0862567 0.0197580 0.0197580 0.0202702 0.0000000 0.0085475 0.0136230 0.0275047 0.0254313 0.0311375 0.0295780 0.0458894 0.0453564 0.0400575 0.0437619 0.0421731 0.0416503 0.0512175 0.0480137 0.0474768 0.0522835 0.0685645 0.0663805 0.0582153 0.0603829 0.0625568 0.0702109 0.0658291 0.0674632 0.0619995 0.0614561 0.0652714 0.0680038 0.0707472 0.0663563 0.0647230 0.0630982 0.0685421 0.0647209 0.0641858 0.0663530 
pop2_4     0.0913386 0.0902146 0.0868372 0.0879572 0.0930277 0.0907831 0.0924776 0.0879643 0.0879624 0.0902085 0.0868249 0.0873962 0.0857180 0.0879624 0.0935916 0.0924677 0.0868409 0.0823387 0.0941587 0.0890843 0.0851422 0.0862690 0.0851475 0.0868255 0.0902102 0.0817989 0.0907754 0.0873931 0.0851532 0.0823653 0.0913451 0.0896489 0.0947256 0.0890834 0.0795653 0.0829167 0.0845982 0.0812183 0.0834754 0.0879343 0.0212976 0.0212982 0.0218112 0.0085475 0.0000000 0.0151520 0.0290606 0.0269830 0.0326997 0.0311375 0.0474827 0.0469486 0.0416387 0.0453507 0.0437587 0.0432350 0.0528216 0.0496112 0.0490731 0.0538906 0.0702052 0.0680167 0.0598341 0.0620063 0.0641848 0.0718551 0.0674640 0.0691015 0.0636259 0.0630814 0.0669049 0.0696430 0.0723923 0.0674472 0.0663553 0.0647272 0.0701823 0.0663531 0.0658171 0.0679885 
pop2_5     0.0896572 0.0885360 0.0851653 0.0862831 0.0913433 0.0891028 0.0907937 0.0862899 0.0862885 0.0885295 0.0851532 0.0857232 0.0840484 0.0862886 0.0919057 0.0913489 0.0857297 0.0812339 0.0930377 0.0879701 0.0840335 0.0851587 0.0840387 0.0857145 0.0879673 0.0806946 0.0902242 0.0862813 0.0829248 0.0823732 0.0902277 0.0879727 0.0930395 0.0879692 0.0784650 0.0818108 0.0834901 0.0801151 0.0818122 0.0868219 0.0202715 0.0202725 0.0207854 0.0136230 0.0151520 0.0000000 0.0280249 0.0259500 0.0316589 0.0300997 0.0464234 0.0458900 0.0405871 0.0442943 0.0427043 0.0421811 0.0517556 0.0485493 0.0480119 0.0528223 0.0691160 0.0669304 0.0587587 0.0609281 0.0620150 0.0707637 0.0663785 0.0680139 0.0625458 0.0620019 0.0658203 0.0685548 0.0713004 0.0669060 0.0652714 0.0636454 0.0685464 0.0647249 0.0647339 0.0669027 
pop2_6     0.0919312 0.0908065 0.0874250 0.0885463 0.0936221 0.0913752 0.0930715 0.0885533 0.0885519 0.0896719 0.0874126 0.0879846 0.0863046 0.0885519 0.0941866 0.0930615 0.0874288 0.0829216 0.0947543 0.0896746 0.0857282 0.0868562 0.0857335 0.0874133 0.0919318 0.0823814 0.0913674 0.0879815 0.0868617 0.0840642 0.0919377 0.0902397 0.0953219 0.0896737 0.0801454 0.0823832 0.0851837 0.0818000 0.0840597 0.0885231 0.0269852 0.0269859 0.0275026 0.0275047 0.0290606 0.0280249 0.0000000 0.0233688 0.0332317 0.0316683 0.0480298 0.0474951 0.0421798 0.0458956 0.0443019 0.0437778 0.0533740 0.0506958 0.0490883 0.0544431 0.0707756 0.0685849 0.0614790 0.0625681 0.0636577 0.0724273 0.0680316 0.0696707 0.0641894 0.0636443 0.0669230 0.0702128 0.0729649 0.0696582 0.0680175 0.0663856 0.0718540 0.0680153 0.0663830 0.0685565 
pop2_7     0.0896695 0.0885481 0.0851769 0.0862948 0.0913554 0.0891150 0.0908061 0.0863017 0.0863003 0.0885416 0.0851648 0.0857348 0.0840598 0.0863003 0.0919182 0.0907964 0.0851806 0.0806876 0.0924842 0.0874197 0.0823659 0.0834885 0.0829308 0.0846044 0.0896700 0.0801486 0.0896723 0.0857319 0.0846154 0.0818262 0.0896758 0.0879830 0.0930499 0.0874188 0.0779195 0.0812641 0.0829423 0.0795696 0.0818218 0.0862723 0.0249133 0.0249140 0.0254294 0.0254313 0.0269830 0.0259500 0.0233688 0.0000000 0.0311424 0.0295832 0.0458976 0.0453645 0.0400646 0.0437697 0.0421806 0.0416577 0.0512267 0.0485561 0.0474852 0.0517561 0.0685768 0.0663924 0.0593079 0.0593103 0.0625680 0.0702235 0.0658409 0.0674753 0.0620106 0.0614671 0.0652831 0.0680160 0.0707599 0.0674632 0.0658273 0.0641999 0.0696526 0.0658251 0.0641974 0.0663649 
pop2_8     0.0823598 0.0812491 0.0779114 0.0790185 0.0840295 0.0818101 0.0823676 0.0790248 0.0790235 0.0812432 0.0779004 0.0784640 0.0762503 0.0790235 0.0845869 0.0834756 0.0779147 0.0734679 0.0845856 0.0812434 0.0762376 0.0773505 0.0762423 0.0779010 0.0823611 0.0729326 0.0823624 0.0784613 0.0773556 0.0745933 0.0823656 0.0806889 0.0857074 0.0801313 0.0707258 0.0729318 0.0756985 0.0723612 0.0745891 0.0789979 0.0306148 0.0306165 0.0311345 0.0311375 0.0326997 0.0316589 0.0332317 0.0311424 0.0000000 0.0207867 0.0390072 0.0384793 0.0332296 0.0368997 0.0353255 0.0348064 0.0442873 0.0416416 0.0405813 0.0448125 0.0598442 0.0587644 0.0522914 0.0533667 0.0555200 0.0631016 0.0587612 0.0603805 0.0549694 0.0544311 0.0582099 0.0609166 0.0636340 0.0603697 0.0587490 0.0571363 0.0625382 0.0587471 0.0571341 0.0592824 
