80
pop0_0     0.0000000 0.0050522 0.0111620 0.0111602 0.0152599 0.0142306 0.0142339 0.0224829 0.0256059 0.0162884 0.0276897 0.0245737 0.0297993 0.0308325 0.0287400 0.0329434 0.0371629 0.0297911 0.0297908 0.0308384 0.0966294 0.0966527 0.0954915 0.0989389 0.0977875 0.1000690 0.1001112 0.0920975 0.0932225 0.0943708 0.0989479 0.1024084 0.1046987 0.0989781 0.1024103 0.0978087 0.1035271 0.1046907 0.0931988 0.0966522 0.1699723 0.1661837 0.1674240 0.1674441 0.1662047 0.1598495 0.1586030 0.1710722 0.1686457 0.1661898 0.1674353 0.1762977 0.1712547 0.1687108 0.1750509 0.1686963 0.1674289 0.1674130 0.1699556 0.1724656 0.1776708 0.1802255 0.1866606 0.1789559 0.1827825 0.1828070 0.1866483 0.1853889 0.1879473 0.1945381 0.1918790 0.1957853 0.1905924 0.1879214 0.1814643 0.1879055 0.1814911 0.1827348 0.1853335 0.1891837 
pop0_1     0.0050522 0.0000000 0.0081019 0.0081000 0.0121847 0.0111602 0.0111619 0.0193787 0.0224889 0.0132091 0.0245641 0.0214593 0.0266633 0.0276938 0.0256096 0.0297952 0.0339975 0.0266560 0.0266558 0.0276991 0.0932077 0.0932302 0.0920747 0.0955064 0.0943603 0.0966321 0.0966727 0.0886947 0.0898153 0.0909582 0.0955151 0.0989599 0.1012405 0.0955441 0.0989617 0.0943806 0.1000747 0.1012329 0.0897924 0.0932296 0.1662070 0.1624371 0.1636718 0.1636913 0.1624575 0.1561355 0.1548951 0.1673048 0.1648882 0.1624430 0.1636827 0.1725014 0.1674826 0.1649517 0.1712604 0.1649375 0.1636765 0.1636609 0.1661907 0.1686887 0.1738658 0.1764078 0.1828106 0.1751443 0.1789521 0.1789760 0.1827986 0.1815450 0.1840909 0.1906466 0.1880020 0.1918886 0.1867217 0.1840657 0.1776411 0.1840501 0.1776672 0.1789056 0.1814908 0.1853221 
pop0_2     0.0111620 0.0081019 0.0000000 0.0101400 0.0142354 0.0132072 0.0132097 0.0214487 0.0245672 0.0152625 0.0266488 0.0235362 0.0287551 0.0297882 0.0276976 0.0318954 0.0361095 0.0287472 0.0287469 0.0297931 0.0954961 0.0955192 0.0943597 0.0978023 0.0966525 0.0989310 0.0989726 0.0909701 0.0920937 0.0932403 0.0978112 0.1012668 0.1035540 0.0978410 0.1012686 0.0966734 0.1023843 0.1035462 0.0920703 0.0955186 0.1687322 0.1649494 0.1661880 0.1662079 0.1649702 0.1586254 0.1573808 0.1698316 0.1674081 0.1649554 0.1661992 0.1750480 0.1700125 0.1674727 0.1738030 0.1674582 0.1661929 0.1661770 0.1687157 0.1712219 0.1764184 0.1789692 0.1853942 0.1777014 0.1815222 0.1815465 0.1853820 0.1841244 0.1866789 0.1932588 0.1906042 0.1945044 0.1893196 0.1866533 0.1802062 0.1866375 0.1802328 0.1814749 0.1840694 0.1879137 
pop0_3     0.0111602 0.0081000 0.0101400 0.0000000 0.0121830 0.0111581 0.0111602 0.0193766 0.0224861 0.0132072 0.0245615 0.0214571 0.0266605 0.0276909 0.0256069 0.0297920 0.0339939 0.0266532 0.0266529 0.0276955 0.0931977 0.0932202 0.0920648 0.0954962 0.0943501 0.0966217 0.0966623 0.0886852 0.0898056 0.0909484 0.0955048 0.0989493 0.1012296 0.0955339 0.0989511 0.0943705 0.1000640 0.1012220 0.0897828 0.0932196 0.1661890 0.1624195 0.1636533 0.1636736 0.1624399 0.1561186 0.1548783 0.1672866 0.1648703 0.1624254 0.1636649 0.1724827 0.1674645 0.1649338 0.1712419 0.1649196 0.1636588 0.1636432 0.1661727 0.1686704 0.1738469 0.1763887 0.1827908 0.1751253 0.1789327 0.1789566 0.1827787 0.1815253 0.1840709 0.1906260 0.1879816 0.1918678 0.1867015 0.1840457 0.1776219 0.1840301 0.1776480 0.1788862 0.1814711 0.1853020 
pop0_4     0.0152599 0.0121847 0.0142354 0.0121830 0.0000000 0.0132056 0.0132086 0.0214469 0.0245655 0.0152613 0.0266466 0.0235343 0.0287528 0.0297851 0.0276955 0.0318928 0.0361066 0.0287449 0.0287446 0.0297907 0.0954887 0.0955117 0.0943523 0.0977946 0.0966449 0.0989232 0.0989649 0.0909629 0.0920865 0.0932330 0.0978035 0.1012589 0.1035459 0.0978333 0.1012607 0.0966658 0.1023763 0.1035381 0.0920631 0.0955111 0.1687195 0.1649370 0.1661755 0.1661953 0.1649577 0.1586134 0.1573688 0.1698187 0.1673955 0.1649430 0.1661866 0.1750349 0.1699997 0.1674600 0.1737900 0.1674456 0.1661803 0.1661645 0.1687029 0.1712090 0.1764051 0.1789557 0.1853803 0.1776881 0.1815086 0.1815329 0.1853681 0.1841106 0.1866650 0.1932444 0.1905900 0.1944900 0.1893055 0.1866393 0.1801927 0.1866235 0.1802193 0.1814613 0.1840556 0.1878997 
pop0_5     0.0142306 0.0111602 0.0132072 0.0111581 0.0132056 0.0000000 0.0101367 0.0183396 0.0214438 0.0121803 0.0235159 0.0204164 0.0256109 0.0266401 0.0245594 0.0287375 0.0329324 0.0256038 0.0256036 0.0266452 0.0920330 0.0920551 0.0909020 0.0943271 0.0931832 0.0954517 0.0954909 0.0875282 0.0875114 0.0897875 0.0943356 0.0977738 0.1000502 0.0943643 0.0977756 0.0932033 0.0988868 0.1000427 0.0886243 0.0920546 0.1648849 0.1611230 0.1623552 0.1623746 0.1611432 0.1548352 0.1535973 0.1659813 0.1635693 0.1611288 0.1623660 0.1711660 0.1661577 0.1636323 0.1699275 0.1636181 0.1623599 0.1623445 0.1648687 0.1673615 0.1725268 0.1750634 0.1814523 0.1738026 0.1776023 0.1776260 0.1814404 0.1801894 0.1827298 0.1892708 0.1866322 0.1905104 0.1853547 0.1827049 0.1762943 0.1826894 0.1763202 0.1775561 0.1801356 0.1839588 
pop0_6     0.0142339 0.0111619 0.0132097 0.0111602 0.0132086 0.0101367 0.0000000 0.0183439 0.0214488 0.0121830 0.0235214 0.0204209 0.0256169 0.0266463 0.0245652 0.0287442 0.0329401 0.0256098 0.0256096 0.0266512 0.0920557 0.0920778 0.0909244 0.0943504 0.0932062 0.0954744 0.0955144 0.0875496 0.0886686 0.0898095 0.0943589 0.0977980 0.1000750 0.0943876 0.0977998 0.0932262 0.0989113 0.1000675 0.0886460 0.0920772 0.1649278 0.1611649 0.1623974 0.1624168 0.1611851 0.1548752 0.1536370 0.1660247 0.1636119 0.1611707 0.1624082 0.1712108 0.1662010 0.1636749 0.1699720 0.1636607 0.1624018 0.1623867 0.1649117 0.1674052 0.1725720 0.1751094 0.1815002 0.1738481 0.1776490 0.1776727 0.1814883 0.1802369 0.1827781 0.1893210 0.1866817 0.1905610 0.1854037 0.1827531 0.1763406 0.1827376 0.1763665 0.1776029 0.1801831 0.1840074 
pop0_7     0.0224829 0.0193787 0.0214487 0.0193766 0.0214469 0.0183396 0.0183439 0.0000000 0.0193745 0.0142293 0.0297709 0.0266483 0.0318869 0.0329214 0.0308240 0.0350380 0.0392677 0.0318780 0.0318777 0.0329276 0.0988856 0.0989095 0.0977448 0.1012015 0.1000469 0.1023341 0.1023774 0.0943426 0.0954702 0.0966217 0.1012108 0.1046805 0.1069771 0.1012417 0.1046824 0.1000687 0.1058014 0.1069682 0.0954459 0.0989090 0.1724310 0.1686314 0.1698750 0.1698954 0.1686527 0.1622778 0.1610277 0.1735318 0.1710997 0.1686375 0.1698864 0.1787746 0.1737174 0.1711659 0.1762447 0.1698824 0.1686135 0.1685974 0.1711432 0.1749310 0.1801531 0.1827153 0.1891693 0.1814421 0.1852796 0.1853045 0.1891568 0.1878941 0.1904598 0.1970714 0.1944037 0.1983216 0.1931134 0.1904335 0.1839571 0.1904173 0.1839843 0.1852312 0.1878387 0.1916991 
pop0_8     0.0256059 0.0224889 0.0245672 0.0224861 0.0245655 0.0214438 0.0214488 0.0193745 0.0000000 0.0173166 0.0329246 0.0297899 0.0350516 0.0360891 0.0339829 0.0382160 0.0424642 0.0350419 0.0350416 0.0360960 0.1023583 0.1023831 0.1012123 0.1046858 0.1035256 0.1058232 0.1058682 0.0977949 0.0989274 0.1000845 0.1046955 0.1081822 0.1104884 0.1047276 0.1081841 0.1035483 0.1093073 0.1104799 0.0966121 0.1023826 0.1762754 0.1724555 0.1737052 0.1737261 0.1724773 0.1660667 0.1648101 0.1773787 0.1749357 0.1724618 0.1737171 0.1826525 0.1775691 0.1750035 0.1801094 0.1737130 0.1724372 0.1724206 0.1749803 0.1787880 0.1840404 0.1866163 0.1931053 0.1853364 0.1891943 0.1892199 0.1930926 0.1918235 0.1944028 0.2010522 0.1983689 0.2023082 0.1970718 0.1943757 0.1878640 0.1943593 0.1878920 0.1891447 0.1917659 0.1956477 
pop0_9     0.0162884 0.0132091 0.0152625 0.0132072 0.0152613 0.0121803 0.0121830 0.0142293 0.0173166 0.0000000 0.0235213 0.0204207 0.0256167 0.0266462 0.0245650 0.0287440 0.0329399 0.0256097 0.0256085 0.0266512 0.0920546 0.0920767 0.0909233 0.0943493 0.0932051 0.0954733 0.0955133 0.0875486 0.0886675 0.0898085 0.0943578 0.0977968 0.1000738 0.0943865 0.0977986 0.0932251 0.0989101 0.1000662 0.0886450 0.0920761 0.1649248 0.1611619 0.1623945 0.1624138 0.1611822 0.1548725 0.1536344 0.1660216 0.1636089 0.1611678 0.1624052 0.1712069 0.1661979 0.1636718 0.1699687 0.1636577 0.1623991 0.1623837 0.1649086 0.1674021 0.1725687 0.1751059 0.1814965 0.1738447 0.1776455 0.1776692 0.1814846 0.1802332 0.1827744 0.1893170 0.1866778 0.1905570 0.1853999 0.1827494 0.1763371 0.1827339 0.1763630 0.1775993 0.1801795 0.1840036 
pop0_10    0.0276897 0.0245641 0.0266488 0.0245615 0.0266466 0.0235159 0.0235214 0.0297709 0.0329246 0.0235213 0.0000000 0.0318853 0.0371614 0.0382006 0.0360889 0.0403339 0.0445936 0.0371511 0.0371508 0.0382080 0.1046578 0.1046838 0.1035092 0.1069931 0.1058294 0.1081333 0.1081795 0.1000825 0.1000629 0.1023786 0.1070030 0.1105001 0.1128127 0.1070359 0.1105020 0.1058527 0.1116278 0.1128040 0.1011923 0.1046833 0.1762476 0.1724284 0.1736779 0.1736989 0.1724503 0.1660409 0.1647844 0.1773507 0.1749083 0.1724348 0.1736898 0.1826236 0.1775412 0.1749760 0.1813675 0.1749610 0.1736832 0.1736665 0.1762303 0.1787598 0.1865953 0.1891796 0.1956901 0.1878957 0.1917660 0.1917920 0.1956772 0.1944042 0.1969919 0.2036646 0.2009717 0.2049240 0.1996704 0.1969643 0.1904305 0.1969477 0.1904594 0.1917157 0.1943458 0.1982402 
pop0_11    0.0245737 0.0214593 0.0235362 0.0214571 0.0235343 0.0204164 0.0204209 0.0266483 0.0297899 0.0204207 0.0318853 0.0000000 0.0235411 0.0308368 0.0287440 0.0329480 0.0371681 0.0297952 0.0297950 0.0308426 0.0966442 0.0966675 0.0955061 0.0989541 0.0978024 0.1000843 0.1001265 0.0921115 0.0932367 0.0943852 0.0989631 0.1024242 0.1047148 0.0989933 0.1024261 0.0978237 0.1035431 0.1047069 0.0932130 0.0966670 0.1700010 0.1662117 0.1674522 0.1674723 0.1662326 0.1598762 0.1586294 0.1711012 0.1686742 0.1662177 0.1674635 0.1763278 0.1712837 0.1687393 0.1750807 0.1687248 0.1674571 0.1674412 0.1699844 0.1724948 0.1777012 0.1802564 0.1866928 0.1789865 0.1828139 0.1828384 0.1866805 0.1854209 0.1879798 0.1945720 0.1919124 0.1958196 0.1906255 0.1879540 0.1814954 0.1879380 0.1815222 0.1827662 0.1853654 0.1892165 
pop0_12    0.0297993 0.0266633 0.0287551 0.0266605 0.0287528 0.0256109 0.0256169 0.0318869 0.0350516 0.0256167 0.0371614 0.0235411 0.0000000 0.0361056 0.0339984 0.0382335 0.0424838 0.0350579 0.0350576 0.0361126 0.1024084 0.1024332 0.1012618 0.1047372 0.1035763 0.1058751 0.1059201 0.0978425 0.0989756 0.1001334 0.1047468 0.1082354 0.1105428 0.1047790 0.1082373 0.1035990 0.1093611 0.1105344 0.0989503 0.1024327 0.1763681 0.1725458 0.1737963 0.1738173 0.1725677 0.1661533 0.1648959 0.1774722 0.1750277 0.1725522 0.1738082 0.1827491 0.1776626 0.1750954 0.1814920 0.1750804 0.1738016 0.1737849 0.1763507 0.1788822 0.1841378 0.1867154 0.1932084 0.1854347 0.1892950 0.1893206 0.1931957 0.1919258 0.1945068 0.2011604 0.1984754 0.2024172 0.1971775 0.1944797 0.1879639 0.1944633 0.1879919 0.1892454 0.1918682 0.1957526 
pop0_13    0.0308325 0.0276938 0.0297882 0.0276909 0.0297851 0.0266401 0.0266463 0.0329214 0.0360891 0.0266462 0.0382006 0.0308368 0.0361056 0.0000000 0.0121780 0.0183454 0.0329322 0.0256037 0.0256034 0.0266450 0.0965983 0.0966216 0.0954608 0.0989070 0.0977560 0.1000367 0.1000789 0.0920679 0.0931926 0.0943405 0.0989160 0.1023753 0.1023495 0.0989462 0.1023772 0.0977772 0.1034936 0.1046568 0.0931689 0.0966211 0.1699149 0.1661277 0.1673675 0.1673876 0.1661486 0.1597958 0.1585498 0.1710143 0.1685888 0.1661337 0.1673788 0.1762379 0.1711968 0.1686539 0.1749916 0.1686393 0.1673724 0.1673565 0.1698982 0.1724072 0.1776105 0.1801643 0.1865968 0.1788951 0.1827202 0.1827447 0.1865846 0.1853257 0.1878831 0.1944714 0.1918133 0.1957181 0.1905272 0.1878572 0.1814025 0.1878413 0.1814293 0.1826725 0.1852702 0.1891190 
pop0_14    0.0287400 0.0256096 0.0276976 0.0256069 0.0276955 0.0245594 0.0245652 0.0308240 0.0339829 0.0245650 0.0360889 0.0287440 0.0339984 0.0121780 0.0000000 0.0162864 0.0308341 0.0235253 0.0235250 0.0245639 0.0943212 0.0943439 0.0931868 0.0966228 0.0954752 0.0977496 0.0977907 0.0898031 0.0909249 0.0920693 0.0966316 0.1000806 0.1023638 0.0966610 0.1000824 0.0954958 0.1011964 0.1023561 0.0909017 0.0943433 0.1674133 0.1636383 0.1648745 0.1648942 0.1636589 0.1573277 0.1560857 0.1685114 0.1660923 0.1636442 0.1648855 0.1737161 0.1686908 0.1661563 0.1724733 0.1661420 0.1648793 0.1648636 0.1673969 0.1698980 0.1750829 0.1776285 0.1840400 0.1763633 0.1801762 0.1802003 0.1840279 0.1827728 0.1853220 0.1918874 0.1892388 0.1931308 0.1879568 0.1852966 0.1788632 0.1852809 0.1788895 0.1801293 0.1827182 0.1865546 
pop0_15    0.0329434 0.0297952 0.0318954 0.0297920 0.0318928 0.0287375 0.0287442 0.0350380 0.0382160 0.0287440 0.0403339 0.0329480 0.0382335 0.0183454 0.0162864 0.0000000 0.0350495 0.0276983 0.0276980 0.0287427 0.0989235 0.0989474 0.0977823 0.1012404 0.1000853 0.1023734 0.1024167 0.0943786 0.0955067 0.0966586 0.1012496 0.1047209 0.1070176 0.1012806 0.1047227 0.1001071 0.1058422 0.1070095 0.0954824 0.0989469 0.1725021 0.1687006 0.1699448 0.1699652 0.1687219 0.1623441 0.1610934 0.1736035 0.1711702 0.1687068 0.1699563 0.1788487 0.1737891 0.1712363 0.1775980 0.1712216 0.1699498 0.1699336 0.1724851 0.1750033 0.1802279 0.1827913 0.1892485 0.1815175 0.1853569 0.1853818 0.1892361 0.1879727 0.1905397 0.1971546 0.1944856 0.1984055 0.1931946 0.1905134 0.1840338 0.1904972 0.1840610 0.1853085 0.1879164 0.1917796 
pop0_16    0.0371629 0.0339975 0.0361095 0.0339939 0.0361066 0.0329324 0.0329401 0.0392677 0.0424642 0.0329399 0.0445936 0.0371681 0.0424838 0.0329322 0.0308341 0.0350495 0.0000000 0.0256050 0.0318881 0.0329384 0.1035294 0.1035546 0.1023816 0.1058611 0.1046989 0.1070002 0.1070458 0.0989587 0.1000929 0.1012521 0.1058709 0.1093636 0.1116736 0.1059035 0.1093655 0.1047219 0.1104903 0.1116650 0.1000674 0.1035541 0.1775800 0.1737528 0.1750048 0.1750259 0.1737749 0.1673515 0.1660925 0.1786843 0.1762374 0.1737592 0.1750168 0.1839692 0.1788764 0.1763057 0.1827106 0.1762906 0.1750101 0.1749932 0.1775625 0.1800972 0.1853604 0.1879413 0.1944429 0.1866590 0.1905243 0.1905500 0.1944301 0.1931587 0.1957430 0.2024059 0.1997171 0.2036641 0.1984175 0.1957157 0.1891912 0.1956991 0.1892194 0.1904743 0.1931007 0.1969900 
pop0_17    0.0297911 0.0266560 0.0287472 0.0266532 0.0287449 0.0256038 0.0256098 0.0318780 0.0350419 0.0256097 0.0371511 0.0297952 0.0350579 0.0256037 0.0235253 0.0276983 0.0256050 0.0000000 0.0245672 0.0256085 0.0954778 0.0955008 0.0943416 0.0977834 0.0966339 0.0989119 0.0989536 0.0909526 0.0920761 0.0932224 0.0977923 0.1012473 0.1035340 0.0978222 0.1012491 0.0966548 0.1023645 0.1035262 0.0920526 0.0955003 0.1686987 0.1649167 0.1661550 0.1661749 0.1649375 0.1585940 0.1573497 0.1697978 0.1673749 0.1649227 0.1661662 0.1750124 0.1699787 0.1674394 0.1737684 0.1674250 0.1661599 0.1661440 0.1686821 0.1711879 0.1763832 0.1789335 0.1853571 0.1776660 0.1814859 0.1815102 0.1853449 0.1840876 0.1866415 0.1932200 0.1905660 0.1944654 0.1892816 0.1866159 0.1801702 0.1866001 0.1801968 0.1814386 0.1840326 0.1878761 
pop0_18    0.0297908 0.0266558 0.0287469 0.0266529 0.0287446 0.0256036 0.0256096 0.0318777 0.0350416 0.0256085 0.0371508 0.0297950 0.0350576 0.0256034 0.0235250 0.0276980 0.0318881 0.0245672 0.0000000 0.0256085 0.0954772 0.0955002 0.0943410 0.0977829 0.0966333 0.0989113 0.0989530 0.0909520 0.0920755 0.0932219 0.0977918 0.1012467 0.1035335 0.0978216 0.1012485 0.0966542 0.1023639 0.1035256 0.0920521 0.0954997 0.1686982 0.1649162 0.1661546 0.1661744 0.1649370 0.1585935 0.1573492 0.1697973 0.1673744 0.1649222 0.1661657 0.1750124 0.1699783 0.1674390 0.1737680 0.1674245 0.1661594 0.1661436 0.1686817 0.1711874 0.1763828 0.1789331 0.1853567 0.1776656 0.1814855 0.1815098 0.1853445 0.1840872 0.1866412 0.1932197 0.1905657 0.1944651 0.1892813 0.1866155 0.1801698 0.1865997 0.1801964 0.1814383 0.1840322 0.1878757 
pop0_19    0.0308384 0.0276991 0.0297931 0.0276955 0.0297907 0.0266452 0.0266512 0.0329276 0.0360960 0.0266512 0.0382080 0.0308426 0.0361126 0.0266450 0.0245639 0.0287427 0.0329384 0.0256085 0.0256085 0.0000000 0.0966177 0.0966411 0.0954800 0.0989270 0.0977757 0.1000569 0.1000991 0.0920864 0.0932113 0.0943594 0.0989360 0.1023960 0.1046860 0.0989662 0.1023979 0.0977969 0.1035146 0.1046780 0.0931876 0.0966405 0.1699513 0.1661627 0.1674033 0.1674234 0.1661841 0.1598298 0.1585834 0.1710510 0.1686249 0.1661692 0.1674146 0.1762758 0.1712335 0.1686900 0.1750292 0.1686754 0.1674082 0.1673922 0.1699346 0.1724442 0.1776488 0.1802032 0.1866373 0.1789337 0.1827597 0.1827843 0.1866251 0.1853659 0.1879239 0.1945138 0.1918551 0.1957609 0.1905687 0.1878980 0.1814417 0.1878821 0.1814685 0.1827121 0.1853104 0.1891601 
pop1_0     0.0966294 0.0932077 0.0954961 0.0931977 0.0954887 0.0920330 0.0920557 0.0988856 0.1023583 0.0920546 0.1046578 0.0966442 0.1024084 0.0965983 0.0943212 0.0989235 0.1035294 0.0954778 0.0954772 0.0966177 0.0000000 0.0040391 0.0070816 0.0101387 0.0111602 0.0193773 0.0256113 0.0224943 0.0235295 0.0245711 0.0308399 0.0339959 0.0360991 0.0308488 0.0339967 0.0297939 0.0371526 0.0382140 0.0276929 0.0308408 0.1904277 0.1865347 0.1878065 0.1878294 0.1865587 0.1800188 0.1787385 0.1915395 0.1890578 0.1865417 0.1878197 0.1969257 0.1917479 0.1891316 0.1956468 0.1865319 0.1852335 0.1852154 0.1878208 0.1903891 0.2009778 0.2036123 0.2102509 0.2023042 0.2062489 0.2062772 0.2102370 0.2089409 0.2115784 0.2183899 0.2156398 0.2196704 0.2143134 0.2088765 0.2022374 0.2115302 0.2049165 0.2061941 0.2088775 0.2128472 
pop1_1     0.0966527 0.0932302 0.0955192 0.0932202 0.0955117 0.0920551 0.0920778 0.0989095 0.1023831 0.0920767 0.1046838 0.0966675 0.1024332 0.0966216 0.0943439 0.0989474 0.1035546 0.0955008 0.0955002 0.0966411 0.0040391 0.0000000 0.0070827 0.0101402 0.0111625 0.0193822 0.0256171 0.0224995 0.0235349 0.0245767 0.0308469 0.0340037 0.0361074 0.0308559 0.0340045 0.0298007 0.0371612 0.0382228 0.0276992 0.0308479 0.1904773 0.1865832 0.1878553 0.1878782 0.1866071 0.1800654 0.1787847 0.1915895 0.1891070 0.1865901 0.1878685 0.1969772 0.1917979 0.1891808 0.1956980 0.1865803 0.1852815 0.1852634 0.1878696 0.1904387 0.2010305 0.2036659 0.2103065 0.2023573 0.2063033 0.2063316 0.2102926 0.2089961 0.2116344 0.2184480 0.2156970 0.2197289 0.2143703 0.2089317 0.2022906 0.2115863 0.2049705 0.2062485 0.2089327 0.2129036 
pop1_2     0.0954915 0.0920747 0.0943597 0.0920648 0.0943523 0.0909020 0.0909244 0.0977448 0.1012123 0.0909233 0.1035092 0.0955061 0.1012618 0.0954608 0.0931868 0.0977823 0.1023816 0.0943416 0.0943410 0.0954800 0.0070816 0.0070827 0.0000000 0.0091187 0.0101387 0.0183461 0.0245715 0.0214586 0.0224925 0.0235327 0.0297932 0.0329451 0.0350459 0.0298019 0.0329458 0.0287486 0.0360979 0.0371578 0.0266512 0.0297942 0.1891465 0.1852599 0.1865297 0.1865525 0.1852837 0.1787551 0.1774768 0.1902577 0.1877793 0.1852668 0.1865429 0.1956340 0.1904644 0.1878525 0.1943571 0.1852571 0.1839608 0.1839429 0.1865440 0.1891082 0.1996787 0.2023090 0.2089365 0.2010029 0.2049413 0.2049694 0.2089227 0.2076286 0.2102618 0.2170613 0.2143162 0.2183401 0.2129919 0.2075647 0.2009366 0.2102140 0.2036111 0.2048869 0.2075657 0.2115289 
pop1_3     0.0989389 0.0955064 0.0978023 0.0954962 0.0977946 0.0943271 0.0943504 0.1012015 0.1046858 0.0943493 0.1069931 0.0989541 0.1047372 0.0989070 0.0966228 0.1012404 0.1058611 0.0977834 0.0977829 0.0989270 0.0101387 0.0101402 0.0091187 0.0000000 0.0132088 0.0214493 0.0277023 0.0245765 0.0256144 0.0266591 0.0329462 0.0361116 0.0382206 0.0329557 0.0361125 0.0318973 0.0392770 0.0403417 0.0297895 0.0329472 0.1930583 0.1891511 0.1904272 0.1904504 0.1891755 0.1826105 0.1813255 0.1941719 0.1916826 0.1891582 0.1904407 0.1995799 0.1943836 0.1917575 0.1982966 0.1891482 0.1878449 0.1878266 0.1904417 0.1930191 0.2023453 0.2049852 0.2116374 0.2036744 0.2076272 0.2076557 0.2116235 0.2103249 0.2129677 0.2197939 0.2170377 0.2210767 0.2157087 0.2102600 0.2036072 0.2129192 0.2062920 0.2075719 0.2102610 0.2142388 
pop1_4     0.0977875 0.0943603 0.0966525 0.0943501 0.0966449 0.0931832 0.0932062 0.1000469 0.1035256 0.0932051 0.1058294 0.0978024 0.1035763 0.0977560 0.0954752 0.1000853 0.1046989 0.0966339 0.0966333 0.0977757 0.0111602 0.0111625 0.0101387 0.0132088 0.0000000 0.0204134 0.0266572 0.0235357 0.0245722 0.0256154 0.0318936 0.0350545 0.0371607 0.0319029 0.0350553 0.0308462 0.0382157 0.0392787 0.0287411 0.0318946 0.1917500 0.1878498 0.1891237 0.1891468 0.1878739 0.1813213 0.1800386 0.1928628 0.1903771 0.1878568 0.1891371 0.1982601 0.1930728 0.1904515 0.1969789 0.1878469 0.1865462 0.1865278 0.1891382 0.1917111 0.2023204 0.2049600 0.2116111 0.2036494 0.2076015 0.2076301 0.2115972 0.2102988 0.2129412 0.2197664 0.2170106 0.2210490 0.2156818 0.2102339 0.2035822 0.2128927 0.2062665 0.2075463 0.2102350 0.2142121 
pop1_5     0.1000690 0.0966321 0.0989310 0.0966217 0.0989232 0.0954517 0.0954744 0.1023341 0.1058232 0.0954733 0.1081333 0.1000843 0.1058751 0.1000367 0.0977496 0.1023734 0.1070002 0.0989119 0.0989113 0.1000569 0.0193773 0.0193822 0.0183461 0.0214493 0.0204134 0.0000000 0.0287428 0.0256134 0.0266524 0.0276985 0.0339931 0.0371624 0.0392737 0.0340029 0.0371632 0.0329430 0.0403313 0.0413973 0.0308324 0.0339941 0.1943178 0.1904049 0.1916826 0.1917060 0.1904294 0.1838542 0.1825674 0.1954318 0.1929396 0.1904120 0.1916962 0.2008487 0.1956452 0.1930151 0.1995638 0.1904019 0.1890967 0.1890782 0.1916973 0.1942782 0.2049239 0.2075721 0.2142453 0.2062573 0.2102222 0.2102512 0.2142311 0.2129288 0.2155797 0.2224289 0.2196633 0.2237151 0.2183301 0.2128631 0.2061891 0.2155305 0.2088828 0.2101662 0.2128641 0.2168533 
pop1_6     0.1001112 0.0966727 0.0989726 0.0966623 0.0989649 0.0954909 0.0955144 0.1023774 0.1058682 0.0955133 0.1081795 0.1001265 0.1059201 0.1000789 0.0977907 0.1024167 0.1070458 0.0989536 0.0989530 0.1000991 0.0256113 0.0256171 0.0245715 0.0277023 0.0266572 0.0287428 0.0000000 0.0256232 0.0266626 0.0277090 0.0340062 0.0371767 0.0392889 0.0340160 0.0371776 0.0329557 0.0403470 0.0414134 0.0308442 0.0340072 0.1944109 0.1904956 0.1917742 0.1917976 0.1905202 0.1839411 0.1826536 0.1955257 0.1930313 0.1905028 0.1917878 0.2009458 0.1957391 0.1931074 0.1996601 0.1891989 0.1878952 0.1878769 0.1917888 0.1943714 0.2050235 0.2076733 0.2143507 0.2063577 0.2103251 0.2103541 0.2143365 0.2130334 0.2156860 0.2225395 0.2197721 0.2238265 0.2184381 0.2129676 0.2062895 0.2156367 0.2089849 0.2102690 0.2129686 0.2169612 
pop1_7     0.0920975 0.0886947 0.0909701 0.0886852 0.0909629 0.0875282 0.0875496 0.0943426 0.0977949 0.0875486 0.1000825 0.0921115 0.0978425 0.0920679 0.0898031 0.0943786 0.0989587 0.0909526 0.0909520 0.0920864 0.0224943 0.0224995 0.0214586 0.0245765 0.0235357 0.0256134 0.0256232 0.0000000 0.0132127 0.0183589 0.0266642 0.0298037 0.0318968 0.0266719 0.0298044 0.0256232 0.0329453 0.0340009 0.0235342 0.0266650 0.1853356 0.1814674 0.1827318 0.1827539 0.1814906 0.1749950 0.1737227 0.1864450 0.1839761 0.1814742 0.1827445 0.1917925 0.1866467 0.1840477 0.1905213 0.1814647 0.1801747 0.1801573 0.1827456 0.1852981 0.1958158 0.1984334 0.2050288 0.1971334 0.2010531 0.2010806 0.2050153 0.2037269 0.2063477 0.2131122 0.2103815 0.2143858 0.2090635 0.2036643 0.1970685 0.2063010 0.1997294 0.2009999 0.2036654 0.2076098 
pop1_8     0.0932225 0.0898153 0.0920937 0.0898056 0.0920865 0.0875114 0.0886686 0.0954702 0.0989274 0.0886675 0.1000629 0.0932367 0.0989756 0.0931926 0.0909249 0.0955067 0.1000929 0.0920761 0.0920755 0.0932113 0.0235295 0.0235349 0.0224925 0.0256144 0.0245722 0.0266524 0.0266626 0.0132127 0.0000000 0.0193893 0.0277048 0.0308482 0.0329437 0.0277128 0.0308490 0.0266626 0.0339934 0.0350503 0.0245707 0.0277056 0.1865919 0.1827179 0.1839840 0.1840063 0.1827413 0.1762353 0.1749611 0.1877017 0.1852299 0.1827247 0.1839968 0.1930583 0.1879051 0.1853021 0.1917853 0.1827152 0.1814232 0.1814056 0.1839979 0.1865541 0.1970883 0.1997099 0.2063153 0.1984080 0.2023335 0.2023612 0.2063017 0.2050116 0.2076362 0.2144116 0.2116764 0.2156868 0.2103565 0.2049485 0.1983427 0.2075891 0.2010078 0.2022799 0.2049495 0.2088998 
pop1_9     0.0943708 0.0909582 0.0932403 0.0909484 0.0932330 0.0897875 0.0898095 0.0966217 0.1000845 0.0898085 0.1023786 0.0943852 0.1001334 0.0943405 0.0920693 0.0966586 0.1012521 0.0932224 0.0932219 0.0943594 0.0245711 0.0245767 0.0235327 0.0266591 0.0256154 0.0276985 0.0277090 0.0183589 0.0193893 0.0000000 0.0287527 0.0319008 0.0339991 0.0287610 0.0319015 0.0277091 0.0350502 0.0361088 0.0256138 0.0287535 0.1878985 0.1840176 0.1852858 0.1853083 0.1840412 0.1775228 0.1762463 0.1890093 0.1865337 0.1840244 0.1852987 0.1943766 0.1892143 0.1866064 0.1931015 0.1840148 0.1827205 0.1827027 0.1852998 0.1878605 0.1984147 0.2010411 0.2076587 0.1997368 0.2036695 0.2036974 0.2076450 0.2063527 0.2089820 0.2157707 0.2130300 0.2170479 0.2117077 0.2062891 0.1996710 0.2089346 0.2023413 0.2036155 0.2062902 0.2102476 
pop1_10    0.0989479 0.0955151 0.0978112 0.0955048 0.0978035 0.0943356 0.0943589 0.1012108 0.1046955 0.0943578 0.1070030 0.0989631 0.1047468 0.0989160 0.0966316 0.1012496 0.1058709 0.0977923 0.0977918 0.0989360 0.0308399 0.0308469 0.0297932 0.0329462 0.0318936 0.0339931 0.0340062 0.0266642 0.0277048 0.0287527 0.0000000 0.0132072 0.0173144 0.0162933 0.0235310 0.0235359 0.0392801 0.0403448 0.0297918 0.0329497 0.1930805 0.1891726 0.1904489 0.1904722 0.1891970 0.1826309 0.1813458 0.1941943 0.1917045 0.1891797 0.1904624 0.1996031 0.1944060 0.1917794 0.1983197 0.1891697 0.1878662 0.1878479 0.1904635 0.1930412 0.2036723 0.2063170 0.2129815 0.2050039 0.2089638 0.2089926 0.2129675 0.2116667 0.2143143 0.2211538 0.2183922 0.2224387 0.2170607 0.2116014 0.2049362 0.2142654 0.2076262 0.2089082 0.2116024 0.2155873 
pop1_11    0.1024084 0.0989599 0.1012668 0.0989493 0.1012589 0.0977738 0.0977980 0.1046805 0.1081822 0.0977968 0.1105001 0.1024242 0.1082354 0.1023753 0.1000806 0.1047209 0.1093636 0.1012473 0.1012467 0.1023960 0.0339959 0.0340037 0.0329451 0.0361116 0.0350545 0.0371624 0.0371767 0.0298037 0.0308482 0.0319008 0.0132072 0.0000000 0.0204125 0.0193888 0.0266563 0.0266619 0.0424720 0.0435415 0.0329434 0.0361155 0.1970067 0.1930782 0.1943607 0.1943845 0.1931031 0.1865005 0.1852087 0.1981229 0.1956222 0.1930854 0.1943746 0.2035636 0.1983397 0.1956988 0.2022737 0.1930752 0.1917647 0.1917459 0.1943756 0.1969666 0.2076565 0.2103154 0.2170158 0.2089955 0.2129762 0.2130057 0.2170015 0.2156942 0.2183558 0.2252344 0.2224566 0.2265251 0.2211181 0.2156275 0.2089263 0.2183058 0.2116314 0.2129194 0.2156285 0.2196346 
pop1_12    0.1046987 0.1012405 0.1035540 0.1012296 0.1035459 0.1000502 0.1000750 0.1069771 0.1104884 0.1000738 0.1128127 0.1047148 0.1105428 0.1023495 0.1023638 0.1070176 0.1116736 0.1035340 0.1035335 0.1046860 0.0360991 0.0361074 0.0350459 0.0382206 0.0371607 0.0392737 0.0392889 0.0318968 0.0329437 0.0339991 0.0173144 0.0204125 0.0000000 0.0214547 0.0287411 0.0287467 0.0445972 0.0456697 0.0350439 0.0382247 0.1995821 0.1956411 0.1969271 0.1969513 0.1956662 0.1890411 0.1877451 0.2006995 0.1981922 0.1956482 0.1969413 0.2061598 0.2009197 0.1982699 0.2048661 0.1956378 0.1943230 0.1943039 0.1969423 0.1995413 0.2102675 0.2129350 0.2196574 0.2116109 0.2156044 0.2156343 0.2196429 0.2183316 0.2210018 0.2279043 0.2251166 0.2291986 0.2237738 0.2182641 0.2115408 0.2209510 0.2142551 0.2155467 0.2182650 0.2222840 
pop1_13    0.0989781 0.0955441 0.0978410 0.0955339 0.0978333 0.0943643 0.0943876 0.1012417 0.1047276 0.0943865 0.1070359 0.0989933 0.1047790 0.0989462 0.0966610 0.1012806 0.1059035 0.0978222 0.0978216 0.0989662 0.0308488 0.0308559 0.0298019 0.0329557 0.0319029 0.0340029 0.0340160 0.0266719 0.0277128 0.0287610 0.0162933 0.0193888 0.0214547 0.0000000 0.0235377 0.0235427 0.0392916 0.0403566 0.0298004 0.0329593 0.1931442 0.1892348 0.1905116 0.1905348 0.1892592 0.1826907 0.1814050 0.1942585 0.1917677 0.1892419 0.1905251 0.1996693 0.1944702 0.1918426 0.1983853 0.1892319 0.1879279 0.1879096 0.1905261 0.1931049 0.2037400 0.2063858 0.2130529 0.2050721 0.2090336 0.2090623 0.2130388 0.2117375 0.2143861 0.2212284 0.2184656 0.2225138 0.2171336 0.2116722 0.2050044 0.2143373 0.2076954 0.2089779 0.2116732 0.2156597 
pop1_14    0.1024103 0.0989617 0.1012686 0.0989511 0.1012607 0.0977756 0.0977998 0.1046824 0.1081841 0.0977986 0.1105020 0.1024261 0.1082373 0.1023772 0.1000824 0.1047227 0.1093655 0.1012491 0.1012485 0.1023979 0.0339967 0.0340045 0.0329458 0.0361125 0.0350553 0.0371632 0.0371776 0.0298044 0.0308490 0.0319015 0.0235310 0.0266563 0.0287411 0.0235377 0.0000000 0.0266626 0.0424730 0.0435425 0.0329442 0.0361164 0.1970083 0.1930799 0.1943623 0.1943861 0.1931048 0.1865023 0.1852104 0.1981246 0.1956238 0.1930871 0.1943762 0.2035651 0.1983413 0.1957004 0.2022753 0.1930769 0.1917664 0.1917476 0.1943773 0.1969682 0.2076580 0.2103168 0.2170171 0.2089969 0.2129776 0.2130070 0.2170028 0.2156955 0.2183571 0.2252355 0.2224578 0.2265262 0.2211193 0.2156288 0.2089277 0.2183071 0.2116328 0.2129207 0.2156298 0.2196359 
pop1_15    0.0978087 0.0943806 0.0966734 0.0943705 0.0966658 0.0932033 0.0932262 0.1000687 0.1035483 0.0932251 0.1058527 0.0978237 0.1035990 0.0977772 0.0954958 0.1001071 0.1047219 0.0966548 0.0966542 0.0977969 0.0297939 0.0298007 0.0287486 0.0318973 0.0308462 0.0329430 0.0329557 0.0256232 0.0266626 0.0277091 0.0235359 0.0266619 0.0287467 0.0235427 0.0266626 0.0000000 0.0382231 0.0392864 0.0287471 0.0319007 0.1917992 0.1878976 0.1891720 0.1891951 0.1879218 0.1813669 0.1800838 0.1929124 0.1904258 0.1879046 0.1891854 0.1983114 0.1931224 0.1905002 0.1970298 0.1878947 0.1865934 0.1865752 0.1891864 0.1917602 0.2023732 0.2050137 0.2116672 0.2037026 0.2076561 0.2076847 0.2116532 0.2103544 0.2129977 0.2198254 0.2170686 0.2211084 0.2157393 0.2102895 0.2036354 0.2102809 0.2063207 0.2076009 0.2102905 0.2142691 
pop1_16    0.1035271 0.1000747 0.1023843 0.1000640 0.1023763 0.0988868 0.0989113 0.1058014 0.1093073 0.0989101 0.1116278 0.1035431 0.1093611 0.1034936 0.1011964 0.1058422 0.1104903 0.1023645 0.1023639 0.1035146 0.0371526 0.0371612 0.0360979 0.0392770 0.0382157 0.0403313 0.0403470 0.0329453 0.0339934 0.0350502 0.0392801 0.0424720 0.0445972 0.0392916 0.0424730 0.0382231 0.0000000 0.0318766 0.0276890 0.0308368 0.1982410 0.1943074 0.1955913 0.1956154 0.1943325 0.1877206 0.1864271 0.1993575 0.1968542 0.1943147 0.1956054 0.2048063 0.1995760 0.1969314 0.2035150 0.1943044 0.1929921 0.1929731 0.1956064 0.1982006 0.2089054 0.2115678 0.2182771 0.2102462 0.2142321 0.2142618 0.2182627 0.2169539 0.2196189 0.2265073 0.2237255 0.2277994 0.2223852 0.2168868 0.2101766 0.2195685 0.2128854 0.2141748 0.2168877 0.2208983 
pop1_17    0.1046907 0.1012329 0.1035462 0.1012220 0.1035381 0.1000427 0.1000675 0.1069682 0.1104799 0.1000662 0.1128040 0.1047069 0.1105344 0.1046568 0.1023561 0.1070095 0.1116650 0.1035262 0.1035256 0.1046780 0.0382140 0.0382228 0.0371578 0.0403417 0.0392787 0.0413973 0.0414134 0.0340009 0.0350503 0.0361088 0.0403448 0.0435415 0.0456697 0.0403566 0.0435425 0.0392864 0.0318766 0.0000000 0.0287364 0.0318887 0.1995636 0.1956230 0.1969090 0.1969333 0.1956483 0.1890240 0.1877282 0.2006809 0.1981739 0.1956303 0.1969232 0.2061405 0.2009011 0.1982517 0.2048477 0.1956199 0.1943053 0.1942861 0.1969242 0.1995229 0.2102477 0.2129148 0.2196363 0.2115909 0.2155839 0.2156138 0.2196218 0.2183108 0.2209805 0.2278821 0.2250948 0.2291762 0.2237522 0.2182432 0.2115208 0.2209298 0.2142348 0.2155262 0.2182442 0.2222626 
pop1_18    0.0931988 0.0897924 0.0920703 0.0897828 0.0920631 0.0886243 0.0886460 0.0954459 0.0966121 0.0886450 0.1011923 0.0932130 0.0989503 0.0931689 0.0909017 0.0954824 0.1000674 0.0920526 0.0920521 0.0931876 0.0276929 0.0276992 0.0266512 0.0297895 0.0287411 0.0308324 0.0308442 0.0235342 0.0245707 0.0256138 0.0297918 0.0329434 0.0350439 0.0298004 0.0329442 0.0287471 0.0276890 0.0287364 0.0000000 0.0214535 0.1865426 0.1826697 0.1839354 0.1839578 0.1826931 0.1761889 0.1749151 0.1876520 0.1851810 0.1826765 0.1839483 0.1930072 0.1878554 0.1852532 0.1917346 0.1826670 0.1813754 0.1813578 0.1839494 0.1865048 0.1970361 0.1996569 0.2062604 0.1983554 0.2022798 0.2023075 0.2062468 0.2049571 0.2075809 0.2143544 0.2116200 0.2156292 0.2103005 0.2048940 0.1982900 0.2075339 0.2009544 0.2022262 0.2048950 0.2088441 
pop1_19    0.0966522 0.0932296 0.0955186 0.0932196 0.0955111 0.0920546 0.0920772 0.0989090 0.1023826 0.0920761 0.1046833 0.0966670 0.1024327 0.0966211 0.0943433 0.0989469 0.1035541 0.0955003 0.0954997 0.0966405 0.0308408 0.0308479 0.0297942 0.0329472 0.0318946 0.0339941 0.0340072 0.0266650 0.0277056 0.0287535 0.0329497 0.0361155 0.0382247 0.0329593 0.0361164 0.0319007 0.0308368 0.0318887 0.0214535 0.0000000 0.1904793 0.1865850 0.1878572 0.1878801 0.1866089 0.1800669 0.1787862 0.1915915 0.1891089 0.1865919 0.1878704 0.1969795 0.1917999 0.1891827 0.1957002 0.1865821 0.1852833 0.1852652 0.1878715 0.1904407 0.2010330 0.2036685 0.2103094 0.2023599 0.2063060 0.2063344 0.2102955 0.2089990 0.2116374 0.2184514 0.2157003 0.2197324 0.2143734 0.2089346 0.2022931 0.2115893 0.2049731 0.2062512 0.2089356 0.2129067 
pop2_0     0.1699723 0.1662070 0.1687322 0.1661890 0.1687195 0.1648849 0.1649278 0.1724310 0.1762754 0.1649248 0.1762476 0.1700010 0.1763681 0.1699149 0.1674133 0.1725021 0.1775800 0.1686987 0.1686982 0.1699513 0.1904277 0.1904773 0.1891465 0.1930583 0.1917500 0.1943178 0.1944109 0.1853356 0.1865919 0.1878985 0.1930805 0.1970067 0.1995821 0.1931442 0.1970083 0.1917992 0.1982410 0.1995636 0.1865426 0.1904793 0.0000000 0.0091160 0.0101350 0.0308266 0.0297808 0.0308169 0.0297686 0.0402983 0.0381978 0.0360944 0.0413905 0.0488742 0.0445962 0.0424590 0.0478074 0.0424551 0.0413891 0.0413857 0.0435210 0.0456526 0.1105217 0.1128583 0.1199262 0.1116942 0.1151979 0.1152123 0.1187299 0.1175703 0.1199139 0.1259033 0.1234920 0.1270595 0.1223137 0.1198990 0.1140037 0.1198889 0.1163662 0.1151694 0.1175366 0.1210613 
pop2_1     0.1661837 0.1624371 0.1649494 0.1624195 0.1649370 0.1611230 0.1611649 0.1686314 0.1724555 0.1611619 0.1724284 0.1662117 0.1725458 0.1661277 0.1636383 0.1687006 0.1737528 0.1649167 0.1649162 0.1661627 0.1865347 0.1865832 0.1852599 0.1891511 0.1878498 0.1904049 0.1904956 0.1814674 0.1827179 0.1840176 0.1891726 0.1930782 0.1956411 0.1892348 0.1930799 0.1878976 0.1943074 0.1956230 0.1826697 0.1865850 0.0091160 0.0000000 0.0070797 0.0276848 0.0266432 0.0276761 0.0266323 0.0371184 0.0350252 0.0329298 0.0382036 0.0456551 0.0413951 0.0392673 0.0445925 0.0392637 0.0382023 0.0381992 0.0403250 0.0424478 0.1047067 0.1070253 0.1140379 0.1058699 0.1093471 0.1093607 0.1128516 0.1117002 0.1140262 0.1199662 0.1175753 0.1211149 0.1164059 0.1140121 0.1081631 0.1140026 0.1105065 0.1093201 0.1116683 0.1151662 
pop2_2     0.1674240 0.1636718 0.1661880 0.1636533 0.1661755 0.1623552 0.1623974 0.1698750 0.1737052 0.1623945 0.1736779 0.1674522 0.1737963 0.1673675 0.1648745 0.1699448 0.1750048 0.1661550 0.1661546 0.1674033 0.1878065 0.1878553 0.1865297 0.1904272 0.1891237 0.1916826 0.1917742 0.1827318 0.1839840 0.1852858 0.1904489 0.1943607 0.1969271 0.1905116 0.1943623 0.1891720 0.1955913 0.1969090 0.1839354 0.1878572 0.0101350 0.0070797 0.0000000 0.0287278 0.0276849 0.0287187 0.0276736 0.0381730 0.0360777 0.0339798 0.0392605 0.0467219 0.0424564 0.0403257 0.0456581 0.0403220 0.0392592 0.0392560 0.0413847 0.0435102 0.1081748 0.1105037 0.1175482 0.1093433 0.1128358 0.1128499 0.1163562 0.1152001 0.1175362 0.1235048 0.1211021 0.1246577 0.1199275 0.1175216 0.1116459 0.1175117 0.1140003 0.1128069 0.1151670 0.1186804 
pop2_3     0.1674441 0.1636913 0.1662079 0.1636736 0.1661953 0.1623746 0.1624168 0.1698954 0.1737261 0.1624138 0.1736989 0.1674723 0.1738173 0.1673876 0.1648942 0.1699652 0.1750259 0.1661749 0.1661744 0.1674234 0.1878294 0.1878782 0.1865525 0.1904504 0.1891468 0.1917060 0.1917976 0.1827539 0.1840063 0.1853083 0.1904722 0.1943845 0.1969513 0.1905348 0.1943861 0.1891951 0.1956154 0.1969333 0.1839578 0.1878801 0.0308266 0.0276848 0.0287278 0.0000000 0.0193764 0.0287218 0.0276765 0.0381772 0.0360816 0.0339835 0.0392648 0.0467270 0.0424610 0.0403301 0.0456631 0.0403264 0.0392634 0.0392602 0.0413892 0.0435149 0.1081871 0.1105164 0.1175617 0.1093558 0.1128487 0.1128628 0.1163695 0.1152133 0.1175497 0.1235190 0.1211160 0.1246721 0.1199413 0.1175351 0.1116587 0.1175253 0.1140134 0.1128209 0.1151803 0.1186941 
pop2_4     0.1662047 0.1624575 0.1649702 0.1624399 0.1649577 0.1611432 0.1611851 0.1686527 0.1724773 0.1611822 0.1724503 0.1662326 0.1725677 0.1661486 0.1636589 0.1687219 0.1737749 0.1649375 0.1649370 0.1661841 0.1865587 0.1866071 0.1852837 0.1891755 0.1878739 0.1904294 0.1905202 0.1814906 0.1827413 0.1840412 0.1891970 0.1931031 0.1956662 0.1892592 0.1931048 0.1879218 0.1943325 0.1956483 0.1826931 0.1866089 0.0297808 0.0266432 0.0276849 0.0193764 0.0000000 0.0276792 0.0266353 0.0371226 0.0350292 0.0329336 0.0382080 0.0456604 0.0413998 0.0392718 0.0445976 0.0392682 0.0382067 0.0382036 0.0403296 0.0424526 0.1070349 0.1093608 0.1163960 0.1082018 0.1116898 0.1117038 0.1152056 0.1140509 0.1163840 0.1223442 0.1199450 0.1234960 0.1187719 0.1163696 0.1105017 0.1163599 0.1128529 0.1116623 0.1140182 0.1175271 
pop2_5     0.1598495 0.1561355 0.1586254 0.1561186 0.1586134 0.1548352 0.1548752 0.1622778 0.1660667 0.1548725 0.1660409 0.1598762 0.1661533 0.1597958 0.1573277 0.1623441 0.1673515 0.1585940 0.1585935 0.1598298 0.1800188 0.1800654 0.1787551 0.1826105 0.1813213 0.1838542 0.1839411 0.1749950 0.1762353 0.1775228 0.1826309 0.1865005 0.1890411 0.1826907 0.1865023 0.1813669 0.1877206 0.1890240 0.1761889 0.1800669 0.0308169 0.0276761 0.0287187 0.0287218 0.0276792 0.0000000 0.0091095 0.0214216 0.0255848 0.0235133 0.0329123 0.0403082 0.0360791 0.0339676 0.0392529 0.0339645 0.0329112 0.0329085 0.0350179 0.0371254 0.1011897 0.1034964 0.1104723 0.1023467 0.1058062 0.1058194 0.1092926 0.1081467 0.1104609 0.1163684 0.1139909 0.1175120 0.1128274 0.1104474 0.1046290 0.1104381 0.1069598 0.1057803 0.1081158 0.1115960 
pop2_6     0.1586030 0.1548951 0.1573808 0.1548783 0.1573688 0.1535973 0.1536370 0.1610277 0.1648101 0.1536344 0.1647844 0.1586294 0.1648959 0.1585498 0.1560857 0.1610934 0.1660925 0.1573497 0.1573492 0.1585834 0.1787385 0.1787847 0.1774768 0.1813255 0.1800386 0.1825674 0.1826536 0.1737227 0.1749611 0.1762463 0.1813458 0.1852087 0.1877451 0.1814050 0.1852104 0.1800838 0.1864271 0.1877282 0.1749151 0.1787862 0.0297686 0.0266323 0.0276736 0.0276765 0.0266353 0.0091095 0.0000000 0.0203873 0.0245442 0.0224752 0.0318612 0.0392466 0.0350234 0.0329150 0.0381926 0.0329120 0.0318602 0.0318576 0.0339639 0.0360685 0.1000369 0.1023400 0.1093051 0.1011923 0.1046464 0.1046594 0.1081273 0.1069831 0.1092938 0.1151916 0.1128180 0.1163336 0.1116562 0.1092804 0.1034711 0.1092713 0.1057982 0.1046207 0.1069525 0.1104274 
pop2_7     0.1710722 0.1673048 0.1698316 0.1672866 0.1698187 0.1659813 0.1660247 0.1735318 0.1773787 0.1660216 0.1773507 0.1711012 0.1774722 0.1710143 0.1685114 0.1736035 0.1786843 0.1697978 0.1697973 0.1710510 0.1915395 0.1915895 0.1902577 0.1941719 0.1928628 0.1954318 0.1955257 0.1864450 0.1877017 0.1890093 0.1941943 0.1981229 0.2006995 0.1942585 0.1981246 0.1929124 0.1993575 0.2006809 0.1876520 0.1915915 0.0402983 0.0371184 0.0381730 0.0381772 0.0371226 0.0214216 0.0203873 0.0000000 0.0349993 0.0329055 0.0424183 0.0499059 0.0456259 0.0434875 0.0488387 0.0434835 0.0424168 0.0424133 0.0445499 0.0466825 0.1115879 0.1115826 0.1209976 0.1127610 0.1162666 0.1162811 0.1198005 0.1186405 0.1209852 0.1269786 0.1245656 0.1281351 0.1233868 0.1209702 0.1150715 0.1209600 0.1174354 0.1162377 0.1186064 0.1221329 
pop2_8     0.1686457 0.1648882 0.1674081 0.1648703 0.1673955 0.1635693 0.1636119 0.1710997 0.1749357 0.1636089 0.1749083 0.1686742 0.1750277 0.1685888 0.1660923 0.1711702 0.1762374 0.1673749 0.1673744 0.1686249 0.1890578 0.1891070 0.1877793 0.1916826 0.1903771 0.1929396 0.1930313 0.1839761 0.1852299 0.1865337 0.1917045 0.1956222 0.1981922 0.1917677 0.1956238 0.1904258 0.1968542 0.1981739 0.1851810 0.1891089 0.0381978 0.0350252 0.0360777 0.0360816 0.0350292 0.0255848 0.0245442 0.0349993 0.0000000 0.0183411 0.0403132 0.0477835 0.0435130 0.0413797 0.0467186 0.0413759 0.0403118 0.0403085 0.0424399 0.0445678 0.1093150 0.1116471 0.1187010 0.1104851 0.1139821 0.1139964 0.1175072 0.1163498 0.1186888 0.1246660 0.1222597 0.1258202 0.1210837 0.1186741 0.1127905 0.1186641 0.1151482 0.1139540 0.1163164 0.1198343 
