80
pop0_0     0.0000000 0.0045316 0.0080754 0.0111251 0.0152120 0.0177793 0.0208682 0.0265692 0.0255278 0.0224203 0.0281311 0.0281347 0.0344129 0.0312647 0.0302230 0.0296938 0.0359875 0.0328348 0.0317859 0.0302186 0.0997240 0.0985913 0.0980114 0.1025858 0.1003072 0.1020328 0.1014690 0.1008947 0.0985628 0.0985900 0.1008667 0.1020269 0.1077834 0.1014334 0.1037334 0.1014648 0.1037316 0.1049180 0.0980026 0.1043100 0.1793568 0.1749243 0.1806461 0.1743030 0.1755805 0.1749537 0.1736876 0.1826220 0.1781048 0.1813190 0.1768553 0.1775004 0.1781256 0.1768720 0.1845385 0.1781413 0.1762482 0.1749783 0.1793931 0.1813431 0.1762307 0.1781406 0.1839282 0.1807204 0.1832486 0.1826160 0.1813469 0.1813901 0.1807136 0.1884480 0.1845627 0.1877893 0.1826816 0.1826237 0.1762355 0.1813344 0.1807182 0.1787923 0.1838960 0.1845649 
pop0_1     0.0045316 0.0000000 0.0065551 0.0095990 0.0136778 0.0162399 0.0193228 0.0250123 0.0239731 0.0208716 0.0265711 0.0265745 0.0328402 0.0296984 0.0286585 0.0281308 0.0344117 0.0312654 0.0302186 0.0286544 0.0980132 0.0968828 0.0963043 0.1008689 0.0985949 0.1003168 0.0997540 0.0991810 0.0968548 0.0968815 0.0991534 0.1003109 0.1060549 0.0997190 0.1020140 0.0997498 0.1020122 0.1031955 0.0962956 0.1025893 0.1774621 0.1730403 0.1787481 0.1724204 0.1736947 0.1730694 0.1718057 0.1807187 0.1762130 0.1794191 0.1749663 0.1756097 0.1762335 0.1749828 0.1826304 0.1762490 0.1743604 0.1730936 0.1774980 0.1794429 0.1743431 0.1762483 0.1820213 0.1788215 0.1813437 0.1807126 0.1794466 0.1794893 0.1788148 0.1865298 0.1826544 0.1858728 0.1807775 0.1807203 0.1743479 0.1794343 0.1788194 0.1768983 0.1819895 0.1826565 
pop0_2     0.0080754 0.0065551 0.0000000 0.0111259 0.0152131 0.0177806 0.0208698 0.0265712 0.0255297 0.0224220 0.0270915 0.0281369 0.0344156 0.0302209 0.0302252 0.0296960 0.0359902 0.0328373 0.0317883 0.0302209 0.0997318 0.0985990 0.0980190 0.1025938 0.1003150 0.1020408 0.1014770 0.1009026 0.0985705 0.0985977 0.1008746 0.1020349 0.1077919 0.1014413 0.1037415 0.1014727 0.1037397 0.1049262 0.0980102 0.1043182 0.1793714 0.1749385 0.1806608 0.1743171 0.1755948 0.1749680 0.1737010 0.1826369 0.1781193 0.1813338 0.1768697 0.1775148 0.1781401 0.1768864 0.1845535 0.1781558 0.1762625 0.1749925 0.1794077 0.1813579 0.1762450 0.1781551 0.1839432 0.1807351 0.1832635 0.1826309 0.1813617 0.1814048 0.1807284 0.1884634 0.1845778 0.1878046 0.1826965 0.1826386 0.1762498 0.1813492 0.1807329 0.1788069 0.1839110 0.1845799 
pop0_3     0.0111251 0.0095990 0.0111259 0.0000000 0.0152122 0.0177795 0.0208685 0.0265695 0.0255281 0.0224206 0.0281315 0.0281351 0.0344134 0.0312651 0.0302234 0.0296942 0.0359880 0.0333589 0.0317863 0.0302190 0.0991468 0.0980149 0.0974355 0.1020064 0.0997295 0.1014537 0.1008903 0.1003165 0.0979866 0.0980136 0.1002886 0.1014478 0.1071998 0.1008549 0.1031531 0.1008861 0.1031513 0.1043365 0.0974268 0.1037292 0.1793607 0.1749281 0.1806500 0.1743067 0.1755843 0.1749576 0.1736907 0.1826261 0.1781087 0.1813230 0.1768591 0.1775042 0.1781295 0.1768759 0.1845425 0.1781452 0.1762520 0.1749820 0.1793970 0.1813471 0.1762345 0.1781445 0.1839322 0.1807244 0.1832526 0.1826200 0.1813509 0.1813941 0.1807176 0.1884522 0.1845668 0.1877935 0.1826856 0.1813520 0.1762393 0.1813384 0.1807222 0.1787962 0.1839001 0.1845690 
pop0_4     0.0152120 0.0136778 0.0152131 0.0152122 0.0000000 0.0188074 0.0219003 0.0276090 0.0265662 0.0234546 0.0291731 0.0291769 0.0354635 0.0323109 0.0312679 0.0307378 0.0370400 0.0344074 0.0328327 0.0312634 0.1008678 0.0997335 0.0991527 0.1037338 0.1014520 0.1031802 0.1026157 0.1020406 0.0985589 0.0997322 0.1020121 0.1031742 0.1089392 0.1025796 0.1048830 0.1026114 0.1048812 0.1054894 0.0991438 0.1054605 0.1806251 0.1761854 0.1819166 0.1755631 0.1768429 0.1762151 0.1749461 0.1838963 0.1793712 0.1825910 0.1781198 0.1787660 0.1793922 0.1781366 0.1858158 0.1794080 0.1775118 0.1762398 0.1806618 0.1826152 0.1774942 0.1794073 0.1852047 0.1819916 0.1845238 0.1838902 0.1826191 0.1826625 0.1819848 0.1897323 0.1858403 0.1890723 0.1839563 0.1838980 0.1774991 0.1826065 0.1819894 0.1800602 0.1851723 0.1858425 
pop0_5     0.0177793 0.0162399 0.0177806 0.0177795 0.0188074 0.0000000 0.0203526 0.0260496 0.0250090 0.0219035 0.0270907 0.0276141 0.0338880 0.0307420 0.0297009 0.0291722 0.0354615 0.0323107 0.0312628 0.0296965 0.0991522 0.0980203 0.0974409 0.1020120 0.0997350 0.1014593 0.1008959 0.1003220 0.0974146 0.0980191 0.1002941 0.1014534 0.1072057 0.1008604 0.1031588 0.1008916 0.1031570 0.1043423 0.0974322 0.1037349 0.1787226 0.1742938 0.1800107 0.1736729 0.1749494 0.1743231 0.1730573 0.1819849 0.1774716 0.1806831 0.1762230 0.1768676 0.1774923 0.1762397 0.1838997 0.1775079 0.1756163 0.1743475 0.1787588 0.1807070 0.1755989 0.1775072 0.1832898 0.1800848 0.1826109 0.1819788 0.1807108 0.1807538 0.1800780 0.1878058 0.1839239 0.1871477 0.1820442 0.1819866 0.1756037 0.1806984 0.1800826 0.1781584 0.1832578 0.1839260 
pop0_6     0.0208682 0.0193228 0.0208698 0.0208685 0.0219003 0.0203526 0.0000000 0.0260491 0.0250085 0.0219031 0.0276100 0.0276135 0.0338874 0.0307413 0.0297003 0.0291716 0.0354608 0.0328336 0.0312622 0.0296960 0.0991502 0.0980183 0.0974389 0.1020099 0.0997329 0.1014572 0.1008938 0.1003199 0.0979900 0.0980170 0.1002920 0.1014513 0.1072035 0.1008583 0.1031566 0.1020343 0.1031548 0.1043401 0.0974302 0.1037328 0.1787188 0.1742900 0.1800069 0.1736692 0.1749456 0.1743194 0.1730536 0.1819810 0.1774678 0.1806792 0.1762193 0.1768638 0.1774885 0.1762359 0.1838958 0.1775041 0.1756126 0.1743437 0.1787549 0.1807032 0.1755952 0.1775034 0.1832859 0.1800809 0.1826070 0.1819749 0.1807069 0.1807499 0.1800742 0.1878018 0.1826345 0.1871437 0.1820403 0.1819827 0.1755999 0.1806945 0.1800788 0.1781546 0.1832538 0.1839221 
pop0_7     0.0265692 0.0250123 0.0265712 0.0265695 0.0276090 0.0260496 0.0260491 0.0000000 0.0182953 0.0203564 0.0302219 0.0323186 0.0386322 0.0354658 0.0344187 0.0338856 0.0402152 0.0375711 0.0359896 0.0344137 0.1043326 0.1031934 0.1026096 0.1072118 0.1049198 0.1066563 0.1060895 0.1055117 0.1031635 0.1031921 0.1054822 0.1066501 0.1124420 0.1060521 0.1083664 0.1072375 0.1077886 0.1095597 0.1026004 0.1089466 0.1838426 0.1793837 0.1851399 0.1787589 0.1800444 0.1794140 0.1781395 0.1871291 0.1825834 0.1858177 0.1813270 0.1819761 0.1826049 0.1813441 0.1884002 0.1819700 0.1800675 0.1775146 0.1832279 0.1858425 0.1806989 0.1826204 0.1884438 0.1852164 0.1877593 0.1871231 0.1858465 0.1858908 0.1852095 0.1929917 0.1890820 0.1923286 0.1871904 0.1871310 0.1807038 0.1858337 0.1852142 0.1832763 0.1884108 0.1884416 
pop0_8     0.0255278 0.0239731 0.0255297 0.0255281 0.0265662 0.0250090 0.0250085 0.0182953 0.0000000 0.0193239 0.0291751 0.0312686 0.0375729 0.0344113 0.0333656 0.0328335 0.0391537 0.0365135 0.0349344 0.0333607 0.1025922 0.1014556 0.1008733 0.1060462 0.1037578 0.1054914 0.1049254 0.1043485 0.1020045 0.1020328 0.1043194 0.1054853 0.1112679 0.1048884 0.1071990 0.1060717 0.1066221 0.1083900 0.1002985 0.1077783 0.1831876 0.1787328 0.1844837 0.1781086 0.1793928 0.1787630 0.1774897 0.1864709 0.1819296 0.1851601 0.1806742 0.1813227 0.1819510 0.1806913 0.1877408 0.1813164 0.1794159 0.1781407 0.1825734 0.1851854 0.1800467 0.1819664 0.1877842 0.1845599 0.1871005 0.1864648 0.1851895 0.1852335 0.1845530 0.1923277 0.1884219 0.1916653 0.1865319 0.1864727 0.1800516 0.1851766 0.1845577 0.1826217 0.1877514 0.1877820 
pop0_9     0.0224203 0.0208716 0.0224220 0.0224206 0.0234546 0.0219035 0.0219031 0.0203564 0.0193239 0.0000000 0.0260525 0.0281372 0.0338910 0.0312674 0.0302256 0.0296964 0.0359906 0.0333613 0.0307433 0.0302212 0.0997332 0.0986004 0.0980204 0.1025953 0.1003164 0.1020423 0.1014784 0.1009041 0.0985718 0.0985991 0.1008760 0.1020363 0.1077934 0.1014427 0.1037430 0.1026198 0.1031686 0.1049277 0.0980116 0.1043197 0.1793743 0.1749413 0.1806637 0.1743204 0.1755976 0.1749708 0.1737038 0.1826399 0.1781222 0.1813367 0.1768725 0.1775177 0.1781430 0.1768892 0.1845565 0.1781586 0.1762653 0.1749953 0.1794106 0.1813608 0.1762479 0.1781579 0.1839461 0.1807380 0.1832665 0.1826338 0.1813646 0.1814078 0.1807313 0.1884665 0.1845808 0.1878077 0.1826994 0.1826416 0.1762526 0.1813521 0.1807359 0.1788098 0.1839140 0.1845829 
pop0_10    0.0281311 0.0265711 0.0270915 0.0281315 0.0291731 0.0270907 0.0276100 0.0302219 0.0291751 0.0260525 0.0000000 0.0338929 0.0402196 0.0359923 0.0359974 0.0354629 0.0418058 0.0391561 0.0375713 0.0359922 0.1060657 0.1049242 0.1043389 0.1089515 0.1066545 0.1083951 0.1078271 0.1072479 0.1043181 0.1049228 0.1072180 0.1083888 0.1141939 0.1077891 0.1101087 0.1089777 0.1101068 0.1113053 0.1043295 0.1095276 0.1851228 0.1806564 0.1864225 0.1800306 0.1813184 0.1806870 0.1794103 0.1884154 0.1838617 0.1871017 0.1826032 0.1832535 0.1838833 0.1826205 0.1903467 0.1838995 0.1819922 0.1807124 0.1851601 0.1871266 0.1813419 0.1832651 0.1890938 0.1858635 0.1884086 0.1877718 0.1864941 0.1865385 0.1858566 0.1942966 0.1903799 0.1936322 0.1884852 0.1884253 0.1819868 0.1871256 0.1865052 0.1845639 0.1897073 0.1903822 
pop0_11    0.0281347 0.0265745 0.0281369 0.0281351 0.0291769 0.0276141 0.0276135 0.0323186 0.0312686 0.0281372 0.0338929 0.0000000 0.0286601 0.0317959 0.0307532 0.0302234 0.0365231 0.0338915 0.0323175 0.0307488 0.1003229 0.0991891 0.0986085 0.1031876 0.1003347 0.1026342 0.1020698 0.1014950 0.0991604 0.0991878 0.1014667 0.1026282 0.1083907 0.1020340 0.1043364 0.1032123 0.1043346 0.1055224 0.0985997 0.1049136 0.1800423 0.1756047 0.1813331 0.1749827 0.1762618 0.1756343 0.1743660 0.1833115 0.1787889 0.1820069 0.1775380 0.1781839 0.1788098 0.1775548 0.1852301 0.1788255 0.1769303 0.1756589 0.1794448 0.1820311 0.1769128 0.1788248 0.1846192 0.1814077 0.1833000 0.1833054 0.1820349 0.1820782 0.1814009 0.1891443 0.1852545 0.1884848 0.1833713 0.1833132 0.1769176 0.1820224 0.1814055 0.1794774 0.1845869 0.1852566 
pop0_12    0.0344129 0.0328402 0.0344156 0.0344134 0.0354635 0.0338880 0.0338874 0.0386322 0.0375729 0.0338910 0.0402196 0.0286601 0.0000000 0.0381053 0.0370548 0.0365192 0.0428717 0.0402180 0.0386308 0.0370494 0.1072332 0.1060899 0.1055035 0.1101236 0.1078231 0.1095665 0.1089978 0.1084176 0.1060591 0.1060885 0.1083873 0.1095601 0.1153747 0.1089593 0.1112827 0.1101501 0.1112808 0.1124816 0.1054940 0.1118653 0.1877196 0.1832374 0.1890236 0.1826095 0.1839020 0.1832684 0.1819872 0.1910249 0.1864542 0.1897062 0.1851915 0.1858443 0.1864762 0.1852091 0.1929631 0.1864927 0.1845786 0.1832942 0.1871161 0.1897314 0.1845604 0.1864921 0.1923472 0.1891025 0.1910132 0.1910189 0.1897357 0.1897809 0.1890954 0.1969198 0.1929887 0.1962528 0.1910877 0.1910270 0.1845654 0.1897226 0.1891002 0.1871518 0.1923135 0.1929911 
pop0_13    0.0312647 0.0296984 0.0302209 0.0312651 0.0323109 0.0307420 0.0307413 0.0354658 0.0344113 0.0312674 0.0359923 0.0317959 0.0381053 0.0000000 0.0172658 0.0188048 0.0302161 0.0276073 0.0291719 0.0276099 0.1003002 0.0991667 0.0985863 0.1031643 0.1008839 0.1026110 0.1020468 0.1014721 0.0991380 0.0991654 0.1014438 0.1026050 0.1072046 0.1020109 0.1043128 0.1031890 0.1043110 0.1054985 0.0985774 0.1048899 0.1799999 0.1755635 0.1812903 0.1749416 0.1762203 0.1755931 0.1743251 0.1832682 0.1787468 0.1819640 0.1774963 0.1781419 0.1787677 0.1762388 0.1838988 0.1787834 0.1768887 0.1756176 0.1800363 0.1819882 0.1768712 0.1787827 0.1845756 0.1813650 0.1838953 0.1832622 0.1819920 0.1820353 0.1813582 0.1890996 0.1852107 0.1884402 0.1833281 0.1832700 0.1768760 0.1819795 0.1813628 0.1794351 0.1845433 0.1852129 
pop0_14    0.0302230 0.0286585 0.0302252 0.0302234 0.0312679 0.0297009 0.0297003 0.0344187 0.0333656 0.0302256 0.0359974 0.0307532 0.0370548 0.0172658 0.0000000 0.0177787 0.0291758 0.0265702 0.0281329 0.0265727 0.0991680 0.0980359 0.0974563 0.1020282 0.0997508 0.1014755 0.1009119 0.1003380 0.0980075 0.0980346 0.1003100 0.1014696 0.1072228 0.1008765 0.1031752 0.1020526 0.1031734 0.1043589 0.0974476 0.1037515 0.1787532 0.1743234 0.1800415 0.1737024 0.1749791 0.1743528 0.1730867 0.1820161 0.1775019 0.1807140 0.1762531 0.1768977 0.1775226 0.1762697 0.1839313 0.1775382 0.1756463 0.1743771 0.1787893 0.1807380 0.1756288 0.1775375 0.1833213 0.1801156 0.1826422 0.1820100 0.1807417 0.1807847 0.1801088 0.1878381 0.1839554 0.1871799 0.1820754 0.1820178 0.1756336 0.1807293 0.1801134 0.1781888 0.1820122 0.1826793 
pop0_15    0.0296938 0.0281308 0.0296960 0.0296942 0.0307378 0.0291722 0.0291716 0.0338856 0.0328335 0.0296964 0.0354629 0.0302234 0.0365192 0.0188048 0.0177787 0.0000000 0.0286476 0.0260445 0.0276057 0.0260469 0.0985723 0.0974413 0.0968624 0.1014297 0.0991545 0.1008774 0.1003143 0.0997410 0.0974131 0.0974400 0.0997133 0.1008715 0.1066191 0.1002791 0.1025756 0.1014540 0.1025738 0.1037579 0.0968537 0.1031512 0.1768063 0.1723887 0.1780910 0.1717693 0.1730424 0.1724177 0.1711551 0.1800595 0.1755583 0.1787612 0.1743127 0.1749555 0.1755787 0.1743292 0.1819694 0.1755942 0.1737073 0.1724418 0.1768420 0.1787849 0.1736901 0.1755934 0.1813608 0.1781641 0.1806840 0.1800534 0.1787886 0.1788311 0.1781574 0.1858648 0.1819933 0.1852085 0.1801181 0.1800611 0.1736948 0.1781465 0.1781620 0.1762428 0.1813291 0.1819953 
pop0_16    0.0359875 0.0344117 0.0359902 0.0359880 0.0370400 0.0354615 0.0354608 0.0402152 0.0391537 0.0359906 0.0418058 0.0365231 0.0428717 0.0302161 0.0291758 0.0286476 0.0000000 0.0291688 0.0338813 0.0323099 0.1054755 0.1043349 0.1037502 0.1083588 0.1060637 0.1078027 0.1072352 0.1066566 0.1043046 0.1043336 0.1066267 0.1077965 0.1135964 0.1071974 0.1089381 0.1083848 0.1095131 0.1107103 0.1037408 0.1100961 0.1844593 0.1799972 0.1857576 0.1793720 0.1806585 0.1800276 0.1787522 0.1877485 0.1831993 0.1864361 0.1819420 0.1825917 0.1832209 0.1819592 0.1883783 0.1819482 0.1800459 0.1787697 0.1832059 0.1864609 0.1813136 0.1832358 0.1890642 0.1858344 0.1883783 0.1877424 0.1864650 0.1865094 0.1858275 0.1936155 0.1897029 0.1929518 0.1878100 0.1877504 0.1813185 0.1864521 0.1858322 0.1838929 0.1890311 0.1897052 
pop0_17    0.0328348 0.0312654 0.0328373 0.0333589 0.0344074 0.0323107 0.0328336 0.0375711 0.0365135 0.0333613 0.0391561 0.0338915 0.0402180 0.0276073 0.0265702 0.0260445 0.0291688 0.0000000 0.0312598 0.0296937 0.1025907 0.1014541 0.1008718 0.1054631 0.1031764 0.1049086 0.1043430 0.1037666 0.1014247 0.1014528 0.1037376 0.1049025 0.1106805 0.1043063 0.1066150 0.1054884 0.1066131 0.1078049 0.1008628 0.1071938 0.1818934 0.1774464 0.1831871 0.1768231 0.1774729 0.1774763 0.1762053 0.1851703 0.1806375 0.1838627 0.1793841 0.1800315 0.1806586 0.1794019 0.1870931 0.1806745 0.1787754 0.1775012 0.1819303 0.1838872 0.1787577 0.1806739 0.1864812 0.1832627 0.1857989 0.1851643 0.1838911 0.1832826 0.1832558 0.1910164 0.1871178 0.1903553 0.1852309 0.1851722 0.1787625 0.1838784 0.1832605 0.1813280 0.1864486 0.1871200 
pop0_18    0.0317859 0.0302186 0.0317883 0.0317863 0.0328327 0.0312628 0.0312622 0.0359896 0.0349344 0.0307433 0.0375713 0.0323175 0.0386308 0.0291719 0.0281329 0.0276057 0.0338813 0.0312598 0.0000000 0.0250112 0.1008665 0.0997323 0.0991514 0.1037325 0.1014507 0.1031789 0.1026144 0.1020393 0.0997034 0.0997310 0.1020109 0.1031729 0.1089378 0.1025783 0.1037258 0.1037573 0.1048799 0.1060684 0.0991425 0.1054592 0.1806231 0.1761834 0.1819146 0.1755611 0.1768409 0.1762131 0.1749442 0.1838942 0.1793692 0.1825889 0.1781178 0.1787648 0.1793902 0.1781346 0.1858138 0.1794059 0.1775098 0.1762378 0.1806597 0.1826131 0.1774923 0.1794053 0.1852027 0.1819896 0.1845217 0.1838881 0.1826170 0.1826605 0.1819827 0.1897302 0.1858382 0.1890702 0.1839543 0.1838960 0.1774970 0.1826044 0.1819874 0.1800582 0.1851703 0.1858404 
pop0_19    0.0302186 0.0286544 0.0302209 0.0302190 0.0312634 0.0296965 0.0296960 0.0344137 0.0333607 0.0302212 0.0359922 0.0307488 0.0370494 0.0276099 0.0265727 0.0260469 0.0323099 0.0296937 0.0250112 0.0000000 0.0985833 0.0974521 0.0968731 0.1014410 0.0991655 0.1008886 0.1003255 0.0997521 0.0974239 0.0974508 0.0997244 0.1008828 0.1066310 0.1002903 0.1025870 0.1014653 0.1025852 0.1037695 0.0968645 0.1031627 0.1787236 0.1742947 0.1800118 0.1736739 0.1749503 0.1743241 0.1730583 0.1819859 0.1774726 0.1800380 0.1762240 0.1768686 0.1774923 0.1762407 0.1839008 0.1775089 0.1756173 0.1743485 0.1787598 0.1807081 0.1755999 0.1775082 0.1832909 0.1800858 0.1826120 0.1819799 0.1807118 0.1807548 0.1800791 0.1878069 0.1832906 0.1871487 0.1820453 0.1819876 0.1756047 0.1806994 0.1800836 0.1781594 0.1832588 0.1839271 
pop1_0     0.0997240 0.0980132 0.0997318 0.0991468 0.1008678 0.0991522 0.0991502 0.1043326 0.1025922 0.0997332 0.1060657 0.1003229 0.1072332 0.1003002 0.0991680 0.0985723 0.1054755 0.1025907 0.1008665 0.0985833 0.0000000 0.0040268 0.0065540 0.0136749 0.0147009 0.0193228 0.0239755 0.0286571 0.0265637 0.0265708 0.0317869 0.0328384 0.0380958 0.0323084 0.0344069 0.0333656 0.0354585 0.0365227 0.0302186 0.0359856 0.1908904 0.1863907 0.1922002 0.1870512 0.1883513 0.1877142 0.1864257 0.1955156 0.1909176 0.1941888 0.1896483 0.1903050 0.1909403 0.1896663 0.1974649 0.1896547 0.1877336 0.1864440 0.1909246 0.1929071 0.1903024 0.1922485 0.1981482 0.1948791 0.1974532 0.1968092 0.1955168 0.1955634 0.1948718 0.2027557 0.1987942 0.2020833 0.1968804 0.1955096 0.1890111 0.1955031 0.1948768 0.1929134 0.1981135 0.1987969 
pop1_1     0.0985913 0.0968828 0.0985990 0.0980149 0.0997335 0.0980203 0.0980183 0.1031934 0.1014556 0.0986004 0.1049242 0.0991891 0.1060899 0.0991667 0.0980359 0.0974413 0.1043349 0.1014541 0.0997323 0.0974521 0.0040268 0.0000000 0.0055426 0.0126550 0.0136795 0.0182957 0.0229424 0.0276181 0.0255277 0.0255345 0.0307442 0.0317942 0.0370452 0.0312651 0.0333610 0.0323207 0.0344113 0.0354738 0.0291778 0.0349376 0.1896245 0.1851318 0.1909322 0.1857911 0.1870894 0.1864530 0.1851665 0.1942420 0.1896515 0.1929174 0.1883841 0.1890396 0.1896740 0.1884020 0.1961882 0.1883905 0.1864721 0.1851847 0.1896584 0.1916370 0.1890370 0.1909801 0.1968703 0.1936064 0.1961766 0.1955336 0.1942431 0.1942894 0.1935992 0.2014704 0.1975154 0.2007991 0.1956042 0.1942360 0.1877477 0.1942296 0.1936041 0.1916439 0.1968358 0.1975179 
pop1_2     0.0980114 0.0963043 0.0980190 0.0974355 0.0991527 0.0974409 0.0974389 0.1026096 0.1008733 0.0980204 0.1043389 0.0986085 0.1055035 0.0985863 0.0974563 0.0968624 0.1037502 0.1008718 0.0991514 0.0968731 0.0065540 0.0055426 0.0000000 0.0121438 0.0131674 0.0177801 0.0224233 0.0270953 0.0250067 0.0250134 0.0302191 0.0312683 0.0365152 0.0307396 0.0328339 0.0317943 0.0338834 0.0349450 0.0286539 0.0344093 0.1889634 0.1844749 0.1902698 0.1851335 0.1864303 0.1857948 0.1845095 0.1935763 0.1889903 0.1922530 0.1877240 0.1883783 0.1890127 0.1877418 0.1955206 0.1877303 0.1858137 0.1845276 0.1889972 0.1909737 0.1883763 0.1903175 0.1962019 0.1929411 0.1955090 0.1948666 0.1935773 0.1936235 0.1929340 0.2007975 0.1968464 0.2001269 0.1949370 0.1935703 0.1870882 0.1935638 0.1929389 0.1909806 0.1961675 0.1968489 
pop1_3     0.1025858 0.1008689 0.1025938 0.1020064 0.1037338 0.1020120 0.1020099 0.1072118 0.1060462 0.1025953 0.1089515 0.1031876 0.1101236 0.1031643 0.1020282 0.1014297 0.1083588 0.1054631 0.1037325 0.1014410 0.0136749 0.0126550 0.0121438 0.0000000 0.0172632 0.0219006 0.0265691 0.0312667 0.0291653 0.0291730 0.0344065 0.0354619 0.0407369 0.0349296 0.0370352 0.0359911 0.0380905 0.0391591 0.0328331 0.0386194 0.1941106 0.1895923 0.1954262 0.1902558 0.1915616 0.1909219 0.1896279 0.1987565 0.1941383 0.1974237 0.1928641 0.1935236 0.1941615 0.1928824 0.2007140 0.1928706 0.1909415 0.1896467 0.1941454 0.1961362 0.1928792 0.1948320 0.2007521 0.1974718 0.2000543 0.1994082 0.1981116 0.1981588 0.1974645 0.2053757 0.2014003 0.2047007 0.1994804 0.1981043 0.1915835 0.1980977 0.1974695 0.1954993 0.2007169 0.2014030 
pop1_4     0.1003072 0.0985949 0.1003150 0.0997295 0.1014520 0.0997350 0.0997329 0.1049198 0.1037578 0.1003164 0.1066545 0.1003347 0.1078231 0.1008839 0.0997508 0.0991545 0.1060637 0.1031764 0.1014507 0.0991655 0.0147009 0.0136795 0.0131674 0.0172632 0.0000000 0.0198399 0.0244962 0.0291815 0.0270863 0.0270935 0.0323137 0.0333661 0.0386277 0.0328356 0.0349357 0.0338938 0.0359882 0.0370534 0.0307442 0.0365157 0.1915572 0.1870532 0.1928683 0.1877143 0.1890157 0.1883783 0.1870882 0.1961872 0.1915845 0.1948589 0.1903140 0.1909713 0.1916073 0.1903321 0.1981383 0.1903205 0.1883973 0.1871067 0.1915915 0.1935754 0.1909688 0.1929168 0.1988224 0.1955501 0.1981267 0.1974820 0.1961884 0.1962352 0.1955428 0.2034346 0.1994691 0.2027614 0.1975534 0.1961812 0.1896762 0.1961747 0.1955478 0.1935824 0.1987876 0.1994717 
pop1_5     0.1020328 0.1003168 0.1020408 0.1014537 0.1031802 0.1014593 0.1014572 0.1066563 0.1054914 0.1020423 0.1083951 0.1026342 0.1095665 0.1026110 0.1014755 0.1008774 0.1078027 0.1049086 0.1031789 0.1008886 0.0193228 0.0182957 0.0177801 0.0219006 0.0198399 0.0000000 0.0260547 0.0307500 0.0286498 0.0286574 0.0338884 0.0349432 0.0402157 0.0344113 0.0365159 0.0354721 0.0375706 0.0386386 0.0323157 0.0380993 0.1935056 0.1889900 0.1948203 0.1896530 0.1909580 0.1903186 0.1890255 0.1981484 0.1935332 0.1968165 0.1922597 0.1929188 0.1935563 0.1922780 0.2001046 0.1922662 0.1903382 0.1890442 0.1935403 0.1955297 0.1929162 0.1948694 0.2007908 0.1975098 0.1994406 0.1987949 0.1974990 0.1981970 0.1975025 0.2054154 0.2014391 0.2047403 0.1995188 0.1981424 0.1916203 0.1981358 0.1975075 0.1955369 0.2007556 0.2014418 
pop1_6     0.1014690 0.0997540 0.1014770 0.1008903 0.1026157 0.1008959 0.1008938 0.1060895 0.1049254 0.1014784 0.1078271 0.1020698 0.1089978 0.1020468 0.1009119 0.1003143 0.1072352 0.1043430 0.1026144 0.1003255 0.0239755 0.0229424 0.0224233 0.0265691 0.0244962 0.0260547 0.0000000 0.0302299 0.0281312 0.0281387 0.0328423 0.0338957 0.0391616 0.0328405 0.0359926 0.0349493 0.0370467 0.0381139 0.0317948 0.0375750 0.1928815 0.1883690 0.1941952 0.1890314 0.1903355 0.1896966 0.1884043 0.1975208 0.1929089 0.1961899 0.1916363 0.1922949 0.1929320 0.1916545 0.1994757 0.1909992 0.1890741 0.1877820 0.1929160 0.1949039 0.1922923 0.1942441 0.2001613 0.1968826 0.1994640 0.1988181 0.1975221 0.1975692 0.1968753 0.2047825 0.2008091 0.2041079 0.1988901 0.1975148 0.1909973 0.1968551 0.1968803 0.1949111 0.2001262 0.2008118 
pop1_7     0.1008947 0.0991810 0.1009026 0.1003165 0.1020406 0.1003220 0.1003199 0.1055117 0.1043485 0.1009041 0.1072479 0.1014950 0.1084176 0.1014721 0.1003380 0.0997410 0.1066566 0.1037666 0.1020393 0.0997521 0.0286571 0.0276181 0.0270953 0.0312667 0.0291815 0.0307500 0.0302299 0.0000000 0.0203531 0.0239787 0.0328421 0.0338954 0.0391613 0.0333644 0.0354663 0.0344236 0.0365197 0.0375859 0.0312714 0.0370476 0.1909283 0.1864276 0.1922384 0.1870882 0.1883886 0.1877514 0.1864626 0.1955546 0.1909555 0.1942274 0.1896859 0.1903427 0.1909782 0.1897039 0.1975043 0.1896924 0.1877706 0.1864809 0.1909628 0.1929448 0.1916440 0.1935942 0.1995060 0.1962302 0.1988094 0.1981641 0.1968691 0.1969161 0.1962229 0.2041230 0.2001533 0.2034491 0.1982358 0.1968619 0.1903501 0.1968554 0.1962279 0.1942605 0.1994710 0.2001559 
pop1_8     0.0985628 0.0968548 0.0985705 0.0979866 0.0985589 0.0974146 0.0979900 0.1031635 0.1020045 0.0985718 0.1043181 0.0991604 0.1060591 0.0991380 0.0980075 0.0974131 0.1043046 0.1014247 0.0997034 0.0974239 0.0265637 0.0255277 0.0250067 0.0291653 0.0270863 0.0286498 0.0281312 0.0203531 0.0000000 0.0224165 0.0307355 0.0317853 0.0370347 0.0312563 0.0333516 0.0323116 0.0344016 0.0354638 0.0291696 0.0349278 0.1895675 0.1850762 0.1908748 0.1857354 0.1870330 0.1863970 0.1851109 0.1941836 0.1895945 0.1928593 0.1883275 0.1889828 0.1896170 0.1883454 0.1961291 0.1883339 0.1864161 0.1851291 0.1896014 0.1915793 0.1889802 0.1909227 0.1968108 0.1935481 0.1961175 0.1954747 0.1941847 0.1942310 0.1935409 0.2014096 0.1974558 0.2007385 0.1955453 0.1941775 0.1876914 0.1941711 0.1935458 0.1915863 0.1967765 0.1974584 
pop1_9     0.0985900 0.0968815 0.0985977 0.0980136 0.0997322 0.0980191 0.0980170 0.1031921 0.1020328 0.0985991 0.1049228 0.0991878 0.1060885 0.0991654 0.0980346 0.0974400 0.1043336 0.1014528 0.0997310 0.0974508 0.0265708 0.0255345 0.0250134 0.0291730 0.0270935 0.0286574 0.0281387 0.0239787 0.0224165 0.0000000 0.0307437 0.0317938 0.0370447 0.0312646 0.0333605 0.0323202 0.0344108 0.0354733 0.0291774 0.0349371 0.1896224 0.1851297 0.1909301 0.1857890 0.1870870 0.1864509 0.1851644 0.1942399 0.1896494 0.1929152 0.1883820 0.1890375 0.1896719 0.1871068 0.1961860 0.1883883 0.1864700 0.1851826 0.1896563 0.1916348 0.1890349 0.1909780 0.1955600 0.1923019 0.1961745 0.1955314 0.1942410 0.1942873 0.1935970 0.2014682 0.1975132 0.2007969 0.1956021 0.1942339 0.1877456 0.1942274 0.1936019 0.1916418 0.1968336 0.1975157 
pop1_10    0.1008667 0.0991534 0.1008746 0.1002886 0.1020121 0.1002941 0.1002920 0.1054822 0.1043194 0.1008760 0.1072180 0.1014667 0.1083873 0.1014438 0.1003100 0.0997133 0.1066267 0.1037376 0.1020109 0.0997244 0.0317869 0.0307442 0.0302191 0.0344065 0.0323137 0.0338884 0.0328423 0.0328421 0.0307355 0.0307437 0.0000000 0.0111262 0.0172624 0.0146999 0.0218990 0.0270913 0.0365100 0.0375759 0.0312631 0.0370377 0.1921757 0.1876686 0.1934878 0.1883302 0.1896326 0.1889945 0.1877038 0.1968091 0.1922030 0.1954799 0.1909318 0.1915896 0.1922260 0.1909500 0.1987616 0.1909383 0.1890139 0.1877223 0.1922101 0.1941955 0.1915870 0.1935365 0.1994463 0.1961716 0.1987499 0.1981049 0.1968108 0.1968573 0.1961643 0.2040618 0.2000934 0.2033881 0.1981766 0.1968031 0.1902936 0.1967966 0.1961693 0.1942026 0.1994113 0.2000961 
pop1_11    0.1020269 0.1003109 0.1020349 0.1014478 0.1031742 0.1014534 0.1014513 0.1066501 0.1054853 0.1020363 0.1083888 0.1026282 0.1095601 0.1026050 0.1014696 0.1008715 0.1077965 0.1049025 0.1031729 0.1008828 0.0328384 0.0317942 0.0312683 0.0354619 0.0333661 0.0349432 0.0338957 0.0338954 0.0317853 0.0317938 0.0111262 0.0000000 0.0182922 0.0157260 0.0229356 0.0281359 0.0375684 0.0386363 0.0323138 0.0380970 0.1934944 0.1889791 0.1948090 0.1896420 0.1909469 0.1903076 0.1890145 0.1981369 0.1935219 0.1968051 0.1922485 0.1929071 0.1935451 0.1922668 0.2000930 0.1922551 0.1903272 0.1890332 0.1935291 0.1955184 0.1929050 0.1948581 0.2007792 0.1974983 0.2000813 0.1994351 0.1981382 0.1981855 0.1974910 0.2054034 0.2014274 0.2047284 0.1995073 0.1981309 0.1916092 0.1981243 0.1974960 0.1955255 0.2007440 0.2014301 
pop1_12    0.1077834 0.1060549 0.1077919 0.1071998 0.1089392 0.1072057 0.1072035 0.1124420 0.1112679 0.1077934 0.1141939 0.1083907 0.1153747 0.1072046 0.1072228 0.1066191 0.1135964 0.1106805 0.1089378 0.1066310 0.0380958 0.0370452 0.0365152 0.0407369 0.0386277 0.0402157 0.0391616 0.0391613 0.0370347 0.0370447 0.0172624 0.0182922 0.0000000 0.0208669 0.0281247 0.0333617 0.0428578 0.0439347 0.0375676 0.0433902 0.1999794 0.1954262 0.2013057 0.1954470 0.1974116 0.1967671 0.1954630 0.2046640 0.2000080 0.2033200 0.1987246 0.1993895 0.2000321 0.1987435 0.2066368 0.1987313 0.1967874 0.1954825 0.2000154 0.2020228 0.1993870 0.2013569 0.2073298 0.2040208 0.2066248 0.2059733 0.2046656 0.2047145 0.2040130 0.2119947 0.2079830 0.2113132 0.2060480 0.2046580 0.1980801 0.2046512 0.2040182 0.2020304 0.2072934 0.2079863 
pop1_13    0.1014334 0.0997190 0.1014413 0.1008549 0.1025796 0.1008604 0.1008583 0.1060521 0.1048884 0.1014427 0.1077891 0.1020340 0.1089593 0.1020109 0.1008765 0.1002791 0.1071974 0.1043063 0.1025783 0.1002903 0.0323084 0.0312651 0.0307396 0.0349296 0.0328356 0.0344113 0.0328405 0.0333644 0.0312563 0.0312646 0.0146999 0.0157260 0.0208669 0.0000000 0.0224143 0.0276099 0.0370343 0.0381011 0.0317842 0.0375624 0.1928085 0.1882979 0.1941217 0.1889601 0.1902636 0.1896250 0.1883333 0.1974458 0.1928359 0.1961154 0.1915638 0.1922222 0.1928590 0.1915820 0.1993998 0.1915703 0.1896445 0.1883519 0.1928430 0.1948301 0.1922196 0.1941706 0.2000851 0.1968079 0.1993881 0.1987425 0.1974471 0.1974942 0.1968005 0.2047043 0.2007327 0.2040300 0.1988145 0.1974398 0.1909251 0.1974332 0.1968056 0.1948372 0.2000500 0.2007350 
pop1_14    0.1037334 0.1020140 0.1037415 0.1031531 0.1048830 0.1031588 0.1031566 0.1083664 0.1071990 0.1037430 0.1101087 0.1043364 0.1112827 0.1043128 0.1031752 0.1025756 0.1089381 0.1066150 0.1037258 0.1025870 0.0344069 0.0333610 0.0328339 0.0370352 0.0349357 0.0365159 0.0359926 0.0354663 0.0333516 0.0333605 0.0218990 0.0229356 0.0281247 0.0224143 0.0000000 0.0296956 0.0391458 0.0402162 0.0338813 0.0396754 0.1954018 0.1908760 0.1967196 0.1915407 0.1928487 0.1922080 0.1909119 0.2000560 0.1954297 0.1987208 0.1941535 0.1948142 0.1954531 0.1941720 0.2020167 0.1941601 0.1922278 0.1909308 0.1954369 0.1974312 0.1948117 0.1967694 0.2027048 0.1994161 0.2020049 0.2013572 0.2000574 0.2001051 0.1994087 0.2073402 0.2033545 0.2066634 0.2014302 0.2000500 0.1935128 0.2000433 0.1994138 0.1974385 0.2026692 0.2033572 
pop1_15    0.1014648 0.0997498 0.1014727 0.1008861 0.1026114 0.1008916 0.1020343 0.1072375 0.1060717 0.1026198 0.1089777 0.1032123 0.1101501 0.1031890 0.1020526 0.1014540 0.1083848 0.1054884 0.1037573 0.1014653 0.0333656 0.0323207 0.0317943 0.0359911 0.0338938 0.0354721 0.0349493 0.0344236 0.0323116 0.0323202 0.0270913 0.0281359 0.0333617 0.0276099 0.0296956 0.0000000 0.0380993 0.0391681 0.0328406 0.0386283 0.1935030 0.1889875 0.1948177 0.1896505 0.1909554 0.1903159 0.1890236 0.1981458 0.1935306 0.1968138 0.1922571 0.1929162 0.1935537 0.1922754 0.2001020 0.1922636 0.1903356 0.1890416 0.1935377 0.1955271 0.1929136 0.1948668 0.2007881 0.1975072 0.2000902 0.1994440 0.1981471 0.1981943 0.1974998 0.2047556 0.2014364 0.2047375 0.1988608 0.1981398 0.1916177 0.1968178 0.1975048 0.1955342 0.2007529 0.2014391 
pop1_16    0.1037316 0.1020122 0.1037397 0.1031513 0.1048812 0.1031570 0.1031548 0.1077886 0.1066221 0.1031686 0.1101068 0.1043346 0.1112808 0.1043110 0.1031734 0.1025738 0.1095131 0.1066131 0.1048799 0.1025852 0.0354585 0.0344113 0.0338834 0.0380905 0.0359882 0.0375706 0.0370467 0.0365197 0.0344016 0.0344108 0.0365100 0.0375684 0.0428578 0.0370343 0.0391458 0.0380993 0.0000000 0.0286497 0.0265633 0.0323013 0.1954006 0.1908747 0.1967184 0.1915394 0.1928475 0.1922067 0.1909106 0.2000549 0.1954284 0.1987196 0.1941523 0.1948130 0.1954518 0.1941707 0.2020156 0.1941588 0.1922265 0.1909295 0.1954357 0.1974300 0.1948104 0.1967682 0.2027037 0.1994150 0.2020038 0.2013561 0.2000563 0.2001040 0.1994076 0.2073393 0.2033534 0.2066624 0.2014291 0.2000489 0.1935115 0.2000422 0.1994126 0.1974373 0.2026681 0.2033562 
pop1_17    0.1049180 0.1031955 0.1049262 0.1043365 0.1054894 0.1043423 0.1043401 0.1095597 0.1083900 0.1049277 0.1113053 0.1055224 0.1124816 0.1054985 0.1043589 0.1037579 0.1107103 0.1078049 0.1060684 0.1037695 0.0365227 0.0354738 0.0349450 0.0391591 0.0370534 0.0386386 0.0381139 0.0375859 0.0354638 0.0354733 0.0375759 0.0386363 0.0439347 0.0381011 0.0402162 0.0391681 0.0286497 0.0000000 0.0276122 0.0333599 0.1954682 0.1909406 0.1967866 0.1916056 0.1929141 0.1935673 0.1922685 0.2014321 0.1967956 0.2000939 0.1955169 0.1961791 0.1968192 0.1955355 0.2033970 0.1955235 0.1935872 0.1922875 0.1968029 0.1988016 0.1961765 0.1981384 0.2040867 0.2007909 0.2033851 0.2027361 0.2014335 0.2014816 0.2007835 0.2087322 0.2047377 0.2080538 0.2028095 0.2014261 0.1948749 0.2014194 0.2007886 0.1988090 0.2040509 0.2047405 
pop1_18    0.0980026 0.0962956 0.0980102 0.0974268 0.0991438 0.0974322 0.0974302 0.1026004 0.1002985 0.0980116 0.1043295 0.0985997 0.1054940 0.0985774 0.0974476 0.0968537 0.1037408 0.1008628 0.0991425 0.0968645 0.0302186 0.0291778 0.0286539 0.0328331 0.0307442 0.0323157 0.0317948 0.0312714 0.0291696 0.0291774 0.0312631 0.0323138 0.0375676 0.0317842 0.0338813 0.0328406 0.0265633 0.0276122 0.0000000 0.0250065 0.1889454 0.1844574 0.1902517 0.1851160 0.1864126 0.1857771 0.1844920 0.1935578 0.1889723 0.1922346 0.1877061 0.1883610 0.1889948 0.1877240 0.1955019 0.1877125 0.1857961 0.1845101 0.1889792 0.1909555 0.1883584 0.1902994 0.1961832 0.1929228 0.1954904 0.1948480 0.1935589 0.1936050 0.1929156 0.2007782 0.1968276 0.2001077 0.1949184 0.1935518 0.1870705 0.1935454 0.1929205 0.1909628 0.1961488 0.1968301 
pop1_19    0.1043100 0.1025893 0.1043182 0.1037292 0.1054605 0.1037349 0.1037328 0.1089466 0.1077783 0.1043197 0.1095276 0.1049136 0.1118653 0.1048899 0.1037515 0.1031512 0.1100961 0.1071938 0.1054592 0.1031627 0.0359856 0.0349376 0.0344093 0.0386194 0.0365157 0.0380993 0.0375750 0.0370476 0.0349278 0.0349371 0.0370377 0.0380970 0.0433902 0.0375624 0.0396754 0.0386283 0.0323013 0.0333599 0.0250065 0.0000000 0.1960547 0.1915249 0.1973737 0.1921902 0.1934995 0.1928582 0.1915609 0.2007133 0.1960826 0.1993768 0.1948054 0.1954667 0.1961062 0.1948240 0.2026758 0.1948120 0.1928781 0.1915799 0.1960899 0.1980861 0.1954642 0.1974237 0.2033646 0.2000729 0.2026639 0.2020157 0.2007147 0.2007626 0.2000655 0.2080044 0.2040148 0.2059993 0.2020889 0.2007073 0.1941642 0.2007006 0.2000706 0.1980934 0.2033289 0.2040176 
pop2_0     0.1793568 0.1774621 0.1793714 0.1793607 0.1806251 0.1787226 0.1787188 0.1838426 0.1831876 0.1793743 0.1851228 0.1800423 0.1877196 0.1799999 0.1787532 0.1768063 0.1844593 0.1818934 0.1806231 0.1787236 0.1908904 0.1896245 0.1889634 0.1941106 0.1915572 0.1935056 0.1928815 0.1909283 0.1895675 0.1896224 0.1921757 0.1934944 0.1999794 0.1928085 0.1954018 0.1935030 0.1954006 0.1954682 0.1889454 0.1960547 0.0000000 0.0085746 0.0151970 0.0286222 0.0296664 0.0343784 0.0333290 0.0407113 0.0370039 0.0396479 0.0401764 0.0407080 0.0412352 0.0401801 0.0476286 0.0412387 0.0396534 0.0385962 0.0422946 0.0438962 0.1093908 0.1111352 0.1169948 0.1134836 0.1158021 0.1152218 0.1140593 0.1140861 0.1134791 0.1205324 0.1169933 0.1199357 0.1152621 0.1140580 0.1082342 0.1128852 0.1134871 0.1105634 0.1163913 0.1169939 
pop2_1     0.1749243 0.1730403 0.1749385 0.1749281 0.1761854 0.1742938 0.1742900 0.1793837 0.1787328 0.1749413 0.1806564 0.1756047 0.1832374 0.1755635 0.1743234 0.1723887 0.1799972 0.1774464 0.1761834 0.1742947 0.1863907 0.1851318 0.1844749 0.1895923 0.1870532 0.1889900 0.1883690 0.1864276 0.1850762 0.1851297 0.1876686 0.1889791 0.1954262 0.1882979 0.1908760 0.1889875 0.1908747 0.1909406 0.1844574 0.1915249 0.0085746 0.0000000 0.0116243 0.0249861 0.0260251 0.0307144 0.0296700 0.0370162 0.0333277 0.0359584 0.0364844 0.0370132 0.0375382 0.0364878 0.0438999 0.0375413 0.0359634 0.0349113 0.0385924 0.0401857 0.1042008 0.1059333 0.1117520 0.1082649 0.1105684 0.1099919 0.1088370 0.1088626 0.1082607 0.1152648 0.1117507 0.1146726 0.1100302 0.1088358 0.1030519 0.1076713 0.1082683 0.1053650 0.1111533 0.1117512 
pop2_2     0.1806461 0.1787481 0.1806608 0.1806500 0.1819166 0.1800107 0.1800069 0.1851399 0.1844837 0.1806637 0.1864225 0.1813331 0.1890236 0.1812903 0.1800415 0.1780910 0.1857576 0.1831871 0.1819146 0.1800118 0.1922002 0.1909322 0.1902698 0.1954262 0.1928683 0.1948203 0.1941952 0.1922384 0.1908748 0.1909301 0.1934878 0.1948090 0.2013057 0.1941217 0.1967196 0.1948177 0.1967184 0.1967866 0.1902517 0.1973737 0.0151970 0.0116243 0.0000000 0.0296671 0.0307129 0.0354319 0.0343808 0.0417742 0.0380611 0.0407091 0.0412384 0.0417708 0.0422988 0.0412422 0.0487020 0.0423024 0.0407148 0.0396560 0.0433597 0.0449640 0.1105603 0.1123076 0.1181770 0.1146600 0.1169821 0.1164009 0.1152366 0.1152637 0.1146555 0.1217206 0.1181755 0.1211228 0.1164416 0.1152352 0.1094019 0.1140605 0.1146636 0.1117350 0.1175723 0.1181761 
pop2_3     0.1743030 0.1724204 0.1743171 0.1743067 0.1755631 0.1736729 0.1736692 0.1787589 0.1781086 0.1743204 0.1800306 0.1749827 0.1826095 0.1749416 0.1737024 0.1717693 0.1793720 0.1768231 0.1755611 0.1736739 0.1870512 0.1857911 0.1851335 0.1902558 0.1877143 0.1896530 0.1890314 0.1870882 0.1857354 0.1857890 0.1883302 0.1896420 0.1954470 0.1889601 0.1915407 0.1896505 0.1915394 0.1916056 0.1851160 0.1921902 0.0286222 0.0249861 0.0296671 0.0000000 0.0182761 0.0301940 0.0291502 0.0364917 0.0328056 0.0354346 0.0359603 0.0364887 0.0359618 0.0359636 0.0433709 0.0370164 0.0354395 0.0343881 0.0380670 0.0396591 0.1047790 0.1065129 0.1123363 0.1088464 0.1111516 0.1105747 0.1094190 0.1094446 0.1088422 0.1158520 0.1123349 0.1152592 0.1106132 0.1094177 0.1036292 0.1082522 0.1088498 0.1059442 0.1117371 0.1123355 
pop2_4     0.1755805 0.1736947 0.1755948 0.1755843 0.1768429 0.1749494 0.1749456 0.1800444 0.1793928 0.1755976 0.1813184 0.1762618 0.1839020 0.1762203 0.1749791 0.1730424 0.1806585 0.1774729 0.1768409 0.1749503 0.1883513 0.1870894 0.1864303 0.1915616 0.1890157 0.1909580 0.1903355 0.1883886 0.1870330 0.1870870 0.1896326 0.1909469 0.1974116 0.1902636 0.1928487 0.1909554 0.1928475 0.1929141 0.1864126 0.1934995 0.0296664 0.0260251 0.0307129 0.0182761 0.0000000 0.0312406 0.0301953 0.0375477 0.0338560 0.0364889 0.0370154 0.0375446 0.0380700 0.0370187 0.0444370 0.0380731 0.0364940 0.0354410 0.0391251 0.0407197 0.1059390 0.1076757 0.1135088 0.1100132 0.1123220 0.1117441 0.1105866 0.1106125 0.1100089 0.1170302 0.1123411 0.1164365 0.1117831 0.1105853 0.1047875 0.1094179 0.1100166 0.1071062 0.1129084 0.1135079 
pop2_5     0.1749537 0.1730694 0.1749680 0.1749576 0.1762151 0.1743231 0.1743194 0.1794140 0.1787630 0.1749708 0.1806870 0.1756343 0.1832684 0.1755931 0.1743528 0.1724177 0.1800276 0.1774763 0.1762131 0.1743241 0.1877142 0.1864530 0.1857948 0.1909219 0.1883783 0.1903186 0.1896966 0.1877514 0.1863970 0.1864509 0.1889945 0.1903076 0.1967671 0.1896250 0.1922080 0.1903159 0.1922067 0.1935673 0.1857771 0.1928582 0.0343784 0.0307144 0.0354319 0.0301940 0.0312406 0.0000000 0.0080683 0.0203391 0.0249865 0.0275871 0.0375442 0.0380738 0.0385995 0.0375476 0.0449714 0.0386028 0.0370225 0.0359687 0.0396554 0.0412514 0.1065213 0.1082594 0.1140973 0.1105988 0.1129094 0.1123311 0.1111727 0.1111988 0.1105945 0.1176217 0.1140959 0.1170274 0.1123703 0.1111714 0.1053688 0.1100030 0.1106023 0.1076895 0.1134964 0.1140964 
pop2_6     0.1736876 0.1718057 0.1737010 0.1736907 0.1749461 0.1730573 0.1730536 0.1781395 0.1774897 0.1737038 0.1794103 0.1743660 0.1819872 0.1743251 0.1730867 0.1711551 0.1787522 0.1762053 0.1749442 0.1730583 0.1864257 0.1851665 0.1845095 0.1896279 0.1870882 0.1890255 0.1884043 0.1864626 0.1851109 0.1851644 0.1877038 0.1890145 0.1954630 0.1883333 0.1909119 0.1890236 0.1909106 0.1922685 0.1844920 0.1915609 0.0333290 0.0296700 0.0343808 0.0291502 0.0301953 0.0080683 0.0000000 0.0193088 0.0239501 0.0265470 0.0364900 0.0370189 0.0375439 0.0364933 0.0439066 0.0375470 0.0359689 0.0349166 0.0385983 0.0401918 0.1053656 0.1071010 0.1129297 0.1094367 0.1117438 0.1111664 0.1100097 0.1100355 0.1094324 0.1164485 0.1129283 0.1158551 0.1112051 0.1100084 0.1042149 0.1088419 0.1094401 0.1065319 0.1123298 0.1129288 
pop2_7     0.1826220 0.1807187 0.1826369 0.1826261 0.1838963 0.1819849 0.1819810 0.1871291 0.1864709 0.1826399 0.1884154 0.1833115 0.1910249 0.1832682 0.1820161 0.1800595 0.1877485 0.1851703 0.1838942 0.1819859 0.1955156 0.1942420 0.1935763 0.1987565 0.1961872 0.1981484 0.1975208 0.1955546 0.1941836 0.1942399 0.1968091 0.1981369 0.2046640 0.1974458 0.2000560 0.1981458 0.2000549 0.2014321 0.1935578 0.2007133 0.0407113 0.0370162 0.0417742 0.0364917 0.0375477 0.0203391 0.0193088 0.0000000 0.0312389 0.0338625 0.0439058 0.0444404 0.0449702 0.0439099 0.0513986 0.0449747 0.0433805 0.0423176 0.0460351 0.0476461 0.1135065 0.1140897 0.1211560 0.1176240 0.1199556 0.1193721 0.1182029 0.1182309 0.1176194 0.1247150 0.1211545 0.1241145 0.1194138 0.1182015 0.1123433 0.1170216 0.1176277 0.1146864 0.1205484 0.1211551 
pop2_8     0.1781048 0.1762130 0.1781193 0.1781087 0.1793712 0.1774716 0.1774678 0.1825834 0.1819296 0.1781222 0.1838617 0.1787889 0.1864542 0.1787468 0.1775019 0.1755583 0.1831993 0.1806375 0.1793692 0.1774726 0.1909176 0.1896515 0.1889903 0.1941383 0.1915845 0.1935332 0.1929089 0.1909555 0.1895945 0.1896494 0.1922030 0.1935219 0.2000080 0.1928359 0.1954297 0.1935306 0.1954284 0.1967956 0.1889723 0.1960826 0.0370039 0.0333277 0.0380611 0.0328056 0.0338560 0.0249865 0.0239501 0.0312389 0.0000000 0.0218860 0.0401810 0.0407126 0.0412399 0.0401846 0.0476341 0.0412434 0.0396579 0.0386005 0.0422994 0.0439012 0.1094035 0.1111482 0.1170085 0.1134968 0.1158157 0.1152353 0.1140727 0.1140994 0.1134924 0.1205465 0.1170070 0.1199498 0.1152755 0.1140713 0.1082468 0.1128984 0.1135004 0.1105763 0.1164049 0.1170076 
