75
pop1.indv1  0.0000000 0.0382187 0.0330513 0.0250213 0.0372194 0.0324900 0.0190563 0.0284007 0.0450659 0.0422647 0.0356287 0.0266741 0.0402120 0.0298245 0.0283604 0.0406806 0.0347438 0.0264142 0.0341981 0.0248828 0.0387689 0.0420802 0.0240300 0.0295305 0.0356796 0.0370070 0.0327216 0.0279243 0.0359885 0.0298670 0.0355778 0.0392205 0.0482049 0.0455308 0.0324900 0.0340523 0.0301244 0.0410998 0.0287689 0.0375970 0.0429150 0.0343452 0.0315189 0.0339557 0.0266741 0.0410998 0.0254462 0.0468714 0.0375970 0.0310730 0.0405036 0.0513004 0.0386022 0.0393618 0.0392205 0.0456654 0.0295721 0.0205591 0.0370599 0.0327216 0.0313838 0.0330513 0.0452639 0.0361449 0.0396245 0.0296558 0.0371129 0.0272878 0.0363556 0.0305959 0.0421415 0.0297399 0.0455308 0.0361973 0.0436033 
pop1.indv10 0.0382187 0.0000000 0.0359885 0.0283202 0.0222059 0.0263409 0.0193462 0.0191345 0.0280026 0.0243399 0.0251614 0.0210500 0.0346935 0.0238277 0.0253744 0.0298245 0.0223925 0.0252320 0.0220223 0.0251966 0.0344440 0.0234980 0.0301677 0.0164662 0.0264880 0.0327683 0.0285224 0.0369543 0.0192662 0.0298245 0.0264880 0.0269392 0.0418367 0.0299096 0.0307243 0.0266367 0.0210796 0.0347438 0.0347943 0.0374884 0.0261955 0.0237278 0.0397414 0.0300381 0.0326750 0.0254462 0.0222059 0.0279634 0.0282401 0.0249519 0.0295721 0.0354263 0.0294063 0.0290801 0.0221137 0.0343946 0.0344440 0.0205591 0.0250562 0.0251262 0.0225186 0.0269775 0.0354767 0.0301677 0.0301244 0.0326750 0.0368493 0.0195626 0.0380381 0.0369543 0.0359366 0.0265250 0.0311170 0.0242012 0.0222059 
pop1.indv11 0.0330513 0.0359885 0.0000000 0.0338306 0.0355166 0.0434069 0.0275253 0.0310625 0.0398002 0.0390108 0.0372237 0.0307879 0.0508131 0.0375035 0.0245156 0.0371129 0.0277264 0.0453903 0.0371129 0.0304304 0.0337808 0.0350489 0.0375600 0.0319779 0.0358355 0.0371682 0.0358892 0.0383758 0.0355694 0.0339809 0.0400369 0.0336817 0.0519640 0.0356223 0.0353593 0.0303863 0.0216897 0.0394259 0.0311086 0.0340312 0.0304304 0.0384897 0.0262640 0.0410126 0.0309241 0.0306528 0.0279304 0.0455285 0.0426050 0.0403973 0.0388938 0.0336324 0.0399182 0.0460054 0.0406411 0.0437352 0.0354641 0.0303424 0.0368933 0.0336324 0.0458778 0.0359431 0.0302112 0.0344397 0.0347000 0.0274854 0.0319314 0.0313881 0.0392469 0.0449130 0.0352552 0.0323072 0.0335832 0.0395462 0.0423465 
pop1.indv12 0.0250213 0.0283202 0.0338306 0.0000000 0.0239960 0.0300381 0.0225504 0.0243399 0.0396829 0.0348449 0.0316097 0.0229058 0.0333878 0.0244450 0.0229058 0.0319314 0.0243749 0.0286863 0.0195900 0.0319314 0.0366225 0.0284412 0.0322597 0.0271706 0.0182660 0.0316097 0.0291893 0.0367845 0.0272486 0.0274854 0.0302548 0.0341324 0.0507946 0.0431477 0.0221443 0.0256276 0.0244099 0.0336324 0.0325949 0.0324025 0.0329564 0.0230379 0.0272878 0.0272486 0.0274457 0.0292749 0.0277264 0.0330990 0.0274457 0.0270544 0.0272096 0.0349976 0.0351517 0.0356287 0.0371129 0.0434069 0.0241668 0.0238612 0.0321182 0.0243051 0.0338306 0.0306081 0.0381500 0.0324504 0.0377305 0.0268249 0.0331468 0.0263024 0.0323072 0.0346433 0.0445119 0.0241324 0.0367845 0.0321652 0.0306081 
pop1.indv13 0.0372194 0.0222059 0.0355166 0.0239960 0.0000000 0.0346935 0.0317467 0.0241324 0.0412821 0.0241668 0.0367303 0.0275653 0.0380940 0.0212289 0.0290197 0.0336817 0.0275253 0.0287275 0.0317467 0.0300381 0.0351517 0.0270544 0.0294042 0.0284007 0.0384897 0.0412821 0.0288520 0.0299523 0.0319779 0.0302112 0.0271318 0.0338806 0.0377612 0.0353072 0.0267117 0.0269010 0.0295784 0.0337808 0.0339306 0.0336817 0.0332910 0.0273271 0.0400965 0.0240300 0.0303424 0.0355694 0.0335341 0.0383758 0.0306081 0.0317927 0.0302985 0.0381500 0.0288520 0.0390499 0.0353593 0.0398591 0.0414045 0.0194808 0.0320713 0.0257745 0.0340312 0.0320713 0.0395663 0.0368388 0.0277264 0.0257008 0.0269775 0.0298436 0.0471284 0.0391635 0.0414660 0.0318388 0.0333393 0.0356754 0.0290619 
pop1.indv14 0.0324900 0.0263409 0.0434069 0.0300381 0.0346935 0.0000000 0.0371129 0.0270159 0.0392205 0.0414660 0.0397414 0.0303424 0.0566803 0.0319779 0.0317927 0.0365688 0.0372237 0.0360926 0.0362499 0.0299523 0.0391635 0.0462811 0.0352034 0.0316097 0.0377612 0.0412821 0.0256276 0.0437948 0.0268629 0.0432122 0.0361449 0.0503461 0.0525378 0.0411604 0.0374884 0.0426387 0.0355166 0.0555612 0.0371682 0.0351002 0.0377063 0.0351517 0.0305190 0.0396245 0.0382626 0.0349976 0.0367303 0.0426387 0.0393926 0.0392205 0.0363556 0.0457330 0.0527765 0.0536478 0.0415895 0.0427648 0.0361973 0.0344936 0.0380940 0.0380940 0.0349976 0.0317009 0.0441179 0.0429554 0.0371129 0.0414660 0.0346433 0.0306977 0.0399182 0.0490684 0.0507185 0.0287275 0.0500395 0.0417762 0.0427648 
pop1.indv15 0.0190563 0.0193462 0.0275253 0.0225504 0.0317467 0.0371129 0.0000000 0.0195352 0.0251966 0.0270159 0.0254823 0.0195900 0.0346433 0.0228078 0.0273665 0.0349466 0.0214414 0.0329564 0.0222367 0.0242012 0.0238948 0.0283604 0.0276456 0.0180879 0.0210205 0.0347438 0.0258115 0.0251614 0.0302985 0.0334852 0.0271318 0.0320713 0.0392777 0.0333393 0.0234980 0.0254462 0.0290619 0.0322124 0.0277670 0.0225504 0.0239284 0.0241668 0.0211689 0.0284007 0.0138918 0.0254462 0.0198400 0.0344936 0.0318850 0.0347438 0.0242357 0.0428917 0.0334364 0.0325361 0.0352034 0.0302985 0.0224870 0.0164662 0.0283604 0.0240300 0.0333878 0.0307427 0.0332427 0.0352552 0.0339809 0.0271706 0.0285224 0.0295347 0.0354641 0.0356796 0.0330990 0.0253744 0.0348957 0.0197003 0.0401563 
pop1.indv16 0.0284007 0.0191345 0.0310625 0.0243399 0.0241324 0.0270159 0.0195352 0.0000000 0.0226462 0.0259981 0.0213498 0.0167186 0.0302985 0.0125543 0.0212590 0.0198681 0.0230047 0.0258858 0.0269392 0.0210796 0.0301244 0.0293610 0.0186327 0.0211390 0.0182403 0.0272878 0.0156516 0.0316552 0.0183433 0.0305635 0.0303424 0.0262640 0.0318850 0.0321652 0.0180127 0.0258486 0.0264962 0.0184737 0.0296223 0.0277670 0.0181892 0.0275653 0.0249112 0.0227429 0.0199532 0.0214722 0.0169310 0.0317927 0.0308331 0.0259606 0.0228731 0.0271706 0.0334852 0.0250562 0.0259981 0.0335832 0.0292321 0.0239622 0.0225504 0.0230047 0.0200965 0.0309241 0.0330038 0.0214414 0.0248383 0.0256276 0.0165343 0.0217211 0.0247298 0.0270159 0.0318850 0.0242704 0.0183433 0.0232388 0.0291043 
pop1.indv17 0.0450659 0.0280026 0.0398002 0.0396829 0.0412821 0.0392205 0.0251966 0.0226462 0.0000000 0.0431477 0.0480728 0.0353593 0.0345434 0.0302985 0.0283202 0.0416516 0.0361973 0.0425759 0.0343452 0.0358334 0.0425759 0.0425759 0.0321182 0.0295305 0.0330038 0.0410394 0.0213195 0.0439235 0.0331468 0.0384897 0.0294476 0.0483645 0.0504165 0.0461428 0.0390499 0.0364087 0.0520439 0.0533421 0.0369480 0.0398002 0.0388808 0.0378715 0.0413432 0.0429554 0.0299523 0.0316097 0.0448457 0.0405624 0.0475707 0.0455980 0.0459370 0.0437948 0.0361973 0.0375426 0.0382626 0.0394504 0.0393926 0.0308538 0.0445119 0.0299096 0.0534239 0.0353593 0.0311612 0.0430193 0.0404580 0.0393926 0.0314738 0.0368933 0.0482182 0.0487771 0.0395082 0.0428917 0.0410394 0.0404580 0.0479282 
pop1.indv18 0.0422647 0.0243399 0.0390108 0.0348449 0.0241668 0.0414660 0.0270159 0.0259981 0.0431477 0.0000000 0.0352552 0.0182660 0.0436033 0.0293179 0.0276054 0.0437352 0.0325466 0.0386618 0.0349466 0.0227429 0.0286041 0.0364619 0.0324984 0.0258858 0.0386618 0.0420278 0.0393064 0.0383758 0.0261114 0.0354641 0.0307427 0.0388938 0.0270544 0.0435376 0.0225823 0.0383758 0.0328877 0.0439346 0.0377876 0.0339306 0.0272096 0.0352552 0.0377305 0.0287275 0.0289776 0.0355694 0.0294476 0.0436691 0.0417138 0.0289356 0.0402163 0.0554751 0.0336324 0.0443798 0.0422184 0.0517259 0.0274457 0.0209910 0.0366763 0.0335341 0.0356223 0.0260735 0.0476418 0.0354116 0.0428010 0.0352552 0.0289356 0.0300683 0.0322124 0.0330513 0.0335832 0.0323547 0.0450484 0.0259981 0.0368388 
pop1.indv19 0.0356287 0.0251614 0.0372237 0.0316097 0.0367303 0.0397414 0.0254823 0.0213498 0.0480728 0.0352552 0.0000000 0.0240640 0.0413432 0.0258858 0.0305635 0.0415277 0.0212590 0.0285224 0.0256276 0.0211390 0.0284412 0.0379824 0.0213498 0.0257376 0.0272486 0.0412821 0.0306528 0.0410998 0.0303424 0.0302548 0.0417138 0.0338306 0.0395082 0.0352552 0.0194267 0.0284817 0.0294476 0.0383191 0.0323072 0.0336324 0.0315642 0.0290619 0.0437352 0.0287275 0.0272486 0.0356223 0.0211689 0.0332910 0.0284817 0.0257745 0.0349976 0.0318388 0.0332910 0.0295721 0.0225504 0.0399182 0.0286451 0.0302112 0.0317927 0.0272878 0.0321182 0.0290197 0.0331947 0.0260735 0.0294476 0.0239960 0.0317927 0.0295347 0.0353593 0.0250911 0.0331468 0.0291467 0.0286041 0.0229058 0.0272096 
pop1.indv2  0.0266741 0.0210500 0.0307879 0.0229058 0.0275653 0.0303424 0.0195900 0.0167186 0.0353593 0.0182660 0.0240640 0.0000000 0.0303863 0.0319314 0.0245156 0.0274854 0.0276456 0.0272486 0.0299951 0.0195352 0.0254462 0.0243051 0.0171489 0.0226142 0.0197003 0.0353593 0.0248021 0.0365153 0.0243399 0.0339306 0.0305635 0.0388938 0.0194538 0.0338306 0.0255911 0.0125894 0.0247298 0.0323072 0.0297547 0.0437352 0.0225504 0.0258858 0.0229717 0.0275253 0.0290197 0.0293610 0.0216271 0.0240300 0.0353593 0.0257745 0.0337312 0.0399774 0.0320245 0.0363556 0.0306528 0.0304304 0.0212892 0.0242357 0.0290197 0.0229058 0.0199247 0.0275253 0.0300812 0.0217211 0.0342854 0.0209324 0.0273665 0.0250582 0.0309241 0.0313838 0.0350489 0.0242704 0.0245866 0.0216271 0.0338306 
pop1.indv20 0.0402120 0.0346935 0.0508131 0.0333878 0.0380940 0.0566803 0.0346433 0.0302985 0.0345434 0.0436033 0.0413432 0.0303863 0.0000000 0.0367845 0.0242704 0.0552186 0.0371682 0.0427648 0.0272486 0.0240300 0.0379824 0.0350489 0.0352552 0.0379824 0.0272096 0.0464900 0.0289776 0.0412821 0.0419016 0.0468425 0.0379269 0.0420278 0.0461428 0.0451163 0.0388808 0.0378715 0.0404580 0.0508918 0.0426050 0.0386043 0.0478563 0.0399182 0.0435376 0.0369480 0.0242357 0.0371129 0.0388355 0.0552186 0.0449806 0.0415277 0.0379824 0.0481454 0.0460740 0.0439235 0.0350489 0.0598696 0.0380940 0.0421415 0.0363556 0.0349466 0.0448457 0.0454593 0.0458008 0.0366225 0.0427355 0.0365153 0.0343946 0.0444070 0.0349976 0.0403864 0.0462811 0.0352034 0.0482182 0.0308786 0.0488088 
pop1.indv21 0.0298245 0.0238277 0.0375035 0.0244450 0.0212289 0.0319779 0.0228078 0.0125543 0.0302985 0.0293179 0.0258858 0.0319314 0.0367845 0.0000000 0.0307879 0.0321182 0.0292321 0.0414660 0.0301244 0.0270930 0.0339809 0.0347943 0.0296223 0.0272486 0.0258858 0.0302985 0.0216583 0.0348957 0.0290197 0.0291893 0.0318850 0.0340312 0.0464201 0.0348957 0.0224870 0.0258486 0.0291467 0.0261494 0.0280129 0.0352552 0.0270159 0.0227429 0.0372237 0.0291043 0.0197281 0.0198964 0.0259606 0.0242012 0.0368933 0.0337312 0.0332910 0.0332427 0.0334364 0.0329564 0.0370028 0.0399182 0.0365153 0.0251966 0.0211689 0.0240300 0.0323072 0.0278485 0.0351002 0.0259606 0.0341833 0.0349466 0.0270159 0.0391876 0.0372237 0.0283604 0.0315189 0.0255185 0.0317927 0.0310166 0.0244803 
pop1.indv22 0.0283604 0.0253744 0.0245156 0.0229058 0.0290197 0.0317927 0.0273665 0.0212590 0.0283202 0.0276054 0.0305635 0.0245156 0.0242704 0.0307879 0.0000000 0.0289356 0.0263024 0.0302112 0.0257376 0.0239622 0.0352552 0.0288104 0.0245156 0.0212289 0.0256276 0.0318850 0.0216897 0.0346935 0.0276054 0.0355166 0.0301244 0.0360513 0.0330513 0.0417138 0.0284817 0.0335832 0.0326433 0.0491854 0.0373911 0.0306528 0.0349976 0.0406411 0.0406411 0.0385469 0.0261494 0.0309241 0.0307879 0.0382626 0.0370028 0.0448457 0.0308331 0.0518050 0.0434069 0.0375426 0.0320713 0.0367303 0.0302548 0.0285224 0.0338806 0.0289776 0.0388938 0.0358355 0.0385469 0.0356223 0.0396671 0.0242357 0.0302985 0.0264962 0.0294042 0.0382062 0.0399182 0.0339809 0.0320713 0.0294910 0.0371682 
pop1.indv23 0.0406806 0.0298245 0.0371129 0.0319314 0.0336817 0.0365688 0.0349466 0.0198681 0.0416516 0.0437352 0.0415277 0.0274854 0.0552186 0.0321182 0.0289356 0.0000000 0.0384897 0.0444457 0.0347943 0.0352034 0.0487342 0.0444457 0.0356754 0.0364087 0.0401563 0.0368388 0.0336817 0.0332427 0.0400369 0.0469850 0.0377612 0.0370028 0.0462811 0.0432769 0.0389934 0.0348449 0.0405799 0.0423465 0.0325949 0.0386043 0.0439881 0.0337808 0.0373911 0.0466304 0.0490341 0.0337808 0.0277264 0.0415277 0.0559954 0.0393351 0.0466304 0.0462811 0.0513337 0.0494374 0.0368933 0.0531793 0.0453215 0.0398002 0.0481454 0.0480004 0.0339306 0.0422824 0.0526967 0.0387775 0.0508131 0.0331468 0.0411604 0.0440686 0.0525285 0.0567677 0.0430193 0.0335341 0.0449130 0.0338306 0.0422824 
pop1.indv24 0.0347438 0.0223925 0.0277264 0.0243749 0.0275253 0.0372237 0.0214414 0.0230047 0.0361973 0.0325466 0.0212590 0.0276456 0.0371682 0.0292321 0.0263024 0.0384897 0.0000000 0.0450484 0.0319314 0.0288104 0.0321182 0.0257008 0.0279304 0.0272096 0.0259606 0.0339809 0.0280959 0.0351517 0.0272878 0.0277264 0.0258858 0.0324504 0.0412821 0.0403367 0.0226784 0.0321182 0.0265745 0.0305190 0.0375600 0.0257745 0.0285632 0.0262257 0.0305635 0.0275253 0.0272486 0.0290197 0.0261114 0.0338306 0.0245156 0.0436033 0.0275253 0.0302985 0.0383191 0.0271706 0.0230379 0.0383191 0.0415895 0.0223299 0.0257008 0.0323547 0.0292321 0.0277264 0.0286451 0.0356223 0.0378450 0.0256276 0.0348957 0.0314824 0.0308786 0.0348449 0.0290197 0.0214108 0.0399182 0.0264572 0.0323072 
pop1.indv25 0.0264142 0.0252320 0.0453903 0.0286863 0.0287275 0.0360926 0.0329564 0.0258858 0.0425759 0.0386618 0.0285224 0.0272486 0.0427648 0.0414660 0.0302112 0.0444457 0.0450484 0.0000000 0.0346433 0.0207872 0.0330990 0.0299096 0.0288104 0.0393926 0.0351517 0.0410394 0.0214722 0.0406214 0.0284412 0.0305635 0.0397414 0.0399182 0.0490684 0.0415895 0.0330990 0.0427648 0.0287275 0.0486598 0.0291893 0.0347943 0.0315189 0.0420911 0.0465601 0.0302112 0.0334364 0.0273665 0.0336324 0.0544632 0.0336817 0.0361973 0.0412821 0.0447116 0.0474291 0.0439235 0.0402764 0.0498119 0.0449130 0.0441831 0.0415895 0.0301244 0.0385469 0.0398591 0.0476418 0.0451163 0.0437352 0.0441179 0.0332910 0.0311549 0.0422824 0.0422647 0.0316097 0.0347943 0.0472885 0.0403973 0.0319314 
pop1.indv3  0.0341981 0.0220223 0.0371129 0.0195900 0.0317467 0.0362499 0.0222367 0.0269392 0.0343452 0.0349466 0.0256276 0.0299951 0.0272486 0.0301244 0.0257376 0.0347943 0.0319314 0.0346433 0.0000000 0.0270930 0.0326750 0.0265994 0.0322124 0.0222988 0.0255547 0.0349976 0.0242012 0.0326285 0.0224239 0.0349976 0.0332910 0.0369480 0.0472885 0.0361449 0.0295721 0.0343452 0.0288937 0.0320245 0.0373351 0.0284817 0.0378163 0.0314287 0.0335832 0.0239622 0.0317009 0.0288104 0.0317467 0.0429554 0.0448457 0.0407400 0.0396829 0.0438591 0.0410394 0.0388248 0.0297821 0.0328151 0.0347943 0.0329564 0.0392777 0.0238948 0.0337312 0.0349976 0.0393351 0.0299951 0.0405799 0.0330038 0.0393926 0.0230711 0.0482182 0.0434134 0.0414045 0.0318388 0.0331947 0.0243749 0.0412821 
pop1.indv4  0.0248828 0.0251966 0.0304304 0.0319314 0.0300381 0.0299523 0.0242012 0.0210796 0.0358334 0.0227429 0.0211390 0.0195352 0.0240300 0.0270930 0.0239622 0.0352034 0.0288104 0.0207872 0.0270930 0.0000000 0.0237943 0.0298670 0.0167654 0.0318850 0.0333878 0.0398002 0.0185000 0.0282801 0.0272096 0.0305190 0.0364619 0.0335832 0.0374343 0.0318388 0.0236288 0.0271318 0.0291893 0.0319779 0.0227753 0.0334364 0.0253030 0.0271318 0.0242357 0.0228404 0.0301677 0.0290619 0.0256641 0.0347438 0.0258486 0.0298670 0.0301244 0.0378163 0.0333393 0.0310291 0.0338306 0.0365688 0.0332427 0.0315189 0.0257008 0.0210796 0.0290197 0.0274854 0.0358849 0.0368933 0.0293610 0.0269392 0.0254103 0.0250582 0.0353072 0.0297399 0.0380381 0.0288104 0.0331468 0.0260735 0.0317467 
pop1.indv5  0.0387689 0.0344440 0.0337808 0.0366225 0.0351517 0.0391635 0.0238948 0.0301244 0.0425759 0.0286041 0.0284412 0.0254462 0.0379824 0.0339809 0.0352552 0.0487342 0.0321182 0.0330990 0.0326750 0.0237943 0.0000000 0.0333878 0.0274457 0.0224239 0.0348449 0.0434069 0.0290197 0.0328151 0.0334364 0.0379824 0.0332427 0.0368388 0.0346433 0.0496614 0.0358334 0.0284817 0.0306528 0.0384327 0.0386618 0.0301244 0.0327216 0.0350489 0.0305190 0.0318388 0.0316552 0.0352552 0.0260358 0.0494374 0.0450484 0.0395663 0.0413432 0.0477846 0.0299523 0.0487049 0.0366763 0.0360926 0.0425133 0.0361973 0.0360405 0.0212892 0.0383191 0.0337808 0.0284412 0.0370578 0.0390695 0.0300812 0.0361449 0.0310625 0.0455285 0.0342961 0.0499634 0.0366225 0.0348449 0.0258486 0.0465601 
pop1.indv6  0.0420802 0.0234980 0.0350489 0.0284412 0.0270544 0.0462811 0.0283604 0.0293610 0.0425759 0.0364619 0.0379824 0.0243051 0.0350489 0.0347943 0.0288104 0.0444457 0.0257008 0.0299096 0.0265994 0.0298670 0.0333878 0.0000000 0.0258858 0.0225504 0.0332910 0.0316552 0.0257008 0.0316552 0.0336324 0.0302985 0.0330990 0.0506565 0.0409191 0.0380940 0.0266367 0.0237610 0.0243399 0.0485856 0.0332427 0.0269010 0.0312944 0.0270930 0.0197003 0.0238277 0.0317467 0.0347943 0.0317927 0.0394504 0.0267871 0.0364087 0.0300812 0.0330038 0.0405036 0.0281605 0.0352034 0.0445119 0.0302548 0.0236288 0.0407995 0.0178396 0.0303424 0.0336817 0.0374343 0.0380940 0.0291467 0.0315189 0.0360926 0.0325949 0.0403367 0.0357820 0.0380940 0.0300381 0.0363027 0.0321182 0.0391635 
pop1.indv7  0.0240300 0.0301677 0.0375600 0.0322597 0.0294042 0.0352034 0.0276456 0.0186327 0.0321182 0.0324984 0.0213498 0.0171489 0.0352552 0.0296223 0.0245156 0.0356754 0.0279304 0.0288104 0.0322124 0.0167654 0.0274457 0.0258858 0.0000000 0.0257376 0.0217842 0.0322597 0.0201254 0.0323547 0.0262640 0.0376167 0.0274457 0.0347526 0.0317927 0.0408880 0.0225504 0.0199247 0.0311086 0.0327406 0.0282212 0.0266139 0.0181638 0.0262257 0.0171981 0.0277264 0.0155630 0.0312944 0.0278894 0.0356754 0.0228731 0.0338806 0.0325466 0.0420278 0.0199532 0.0332910 0.0291043 0.0323547 0.0342854 0.0182917 0.0292749 0.0214108 0.0201834 0.0231715 0.0273271 0.0311086 0.0349111 0.0276054 0.0352552 0.0248383 0.0411379 0.0270544 0.0307879 0.0306081 0.0291043 0.0264962 0.0261875 
pop1.indv8  0.0295305 0.0164662 0.0319779 0.0271706 0.0284007 0.0316097 0.0180879 0.0211390 0.0295305 0.0258858 0.0257376 0.0226142 0.0379824 0.0272486 0.0212289 0.0364087 0.0272096 0.0393926 0.0222988 0.0318850 0.0224239 0.0225504 0.0257376 0.0000000 0.0240640 0.0349466 0.0170031 0.0327216 0.0182147 0.0257745 0.0195626 0.0334852 0.0327683 0.0317009 0.0340523 0.0397414 0.0228404 0.0291043 0.0279716 0.0226784 0.0267493 0.0226784 0.0228731 0.0273665 0.0165800 0.0226784 0.0242704 0.0284412 0.0333393 0.0270930 0.0271318 0.0330990 0.0284412 0.0323983 0.0253386 0.0347438 0.0318388 0.0234980 0.0302548 0.0227106 0.0303863 0.0403973 0.0209032 0.0275653 0.0245866 0.0222988 0.0282801 0.0230379 0.0366763 0.0344440 0.0332910 0.0179629 0.0225186 0.0276859 0.0242704 
pop1.indv9  0.0356796 0.0264880 0.0358355 0.0182660 0.0384897 0.0377612 0.0210205 0.0182403 0.0330038 0.0386618 0.0272486 0.0197003 0.0272096 0.0258858 0.0256276 0.0401563 0.0259606 0.0351517 0.0255547 0.0333878 0.0348449 0.0332910 0.0217842 0.0240640 0.0000000 0.0398591 0.0261875 0.0330038 0.0321652 0.0323072 0.0302548 0.0405188 0.0362499 0.0317927 0.0237278 0.0268629 0.0294042 0.0389522 0.0325949 0.0284817 0.0333393 0.0302985 0.0273665 0.0255911 0.0181638 0.0402163 0.0243749 0.0254103 0.0368388 0.0289356 0.0333393 0.0360405 0.0396245 0.0310291 0.0272096 0.0377063 0.0271318 0.0223612 0.0318388 0.0210500 0.0214414 0.0323072 0.0327216 0.0259606 0.0293610 0.0251966 0.0299951 0.0248021 0.0370028 0.0409791 0.0302985 0.0242704 0.0334852 0.0246223 0.0402764 
pop2.indv1  0.0370070 0.0327683 0.0371682 0.0316097 0.0412821 0.0412821 0.0347438 0.0272878 0.0410394 0.0420278 0.0412821 0.0353593 0.0464900 0.0302985 0.0318850 0.0368388 0.0339809 0.0410394 0.0349976 0.0398002 0.0434069 0.0316552 0.0322597 0.0349466 0.0398591 0.0000000 0.0259981 0.0379269 0.0367303 0.0334852 0.0427648 0.0384897 0.0545461 0.0417138 0.0312944 0.0336324 0.0274060 0.0370578 0.0352034 0.0321182 0.0343946 0.0368388 0.0336817 0.0347943 0.0383191 0.0371129 0.0371682 0.0378163 0.0432122 0.0492891 0.0329564 0.0477131 0.0412821 0.0389934 0.0419016 0.0380940 0.0399182 0.0314738 0.0255547 0.0329564 0.0320713 0.0387196 0.0445119 0.0383191 0.0356223 0.0410394 0.0240300 0.0263409 0.0307879 0.0343452 0.0480004 0.0374343 0.0479282 0.0291043 0.0367303 
pop2.indv10 0.0327216 0.0285224 0.0358892 0.0291893 0.0288520 0.0256276 0.0258115 0.0156516 0.0213195 0.0393064 0.0306528 0.0248021 0.0289776 0.0216583 0.0216897 0.0336817 0.0280959 0.0214722 0.0242012 0.0185000 0.0290197 0.0257008 0.0201254 0.0170031 0.0261875 0.0259981 0.0000000 0.0338306 0.0289356 0.0342854 0.0242357 0.0325949 0.0349976 0.0264962 0.0254103 0.0227753 0.0217842 0.0425401 0.0230711 0.0259232 0.0288520 0.0261114 0.0263024 0.0319314 0.0200102 0.0340818 0.0261494 0.0435376 0.0276054 0.0303424 0.0244099 0.0319779 0.0289776 0.0377612 0.0212892 0.0353593 0.0243749 0.0183175 0.0291467 0.0274457 0.0246939 0.0233748 0.0318850 0.0324984 0.0281793 0.0244803 0.0182403 0.0249478 0.0412008 0.0366763 0.0307427 0.0292749 0.0387775 0.0248021 0.0338806 
pop2.indv11 0.0279243 0.0369543 0.0383758 0.0367845 0.0299523 0.0437948 0.0251614 0.0316552 0.0439235 0.0383758 0.0410998 0.0365153 0.0412821 0.0348957 0.0346935 0.0332427 0.0351517 0.0406214 0.0326285 0.0282801 0.0328151 0.0316552 0.0323547 0.0327216 0.0330038 0.0379269 0.0338306 0.0000000 0.0364087 0.0466304 0.0359885 0.0365153 0.0438591 0.0351002 0.0357820 0.0284007 0.0304747 0.0321182 0.0306081 0.0423266 0.0343452 0.0380940 0.0396829 0.0285224 0.0252320 0.0364087 0.0241324 0.0505671 0.0398002 0.0374884 0.0361449 0.0451317 0.0314287 0.0399817 0.0361449 0.0410394 0.0364619 0.0308538 0.0427648 0.0301677 0.0414045 0.0319314 0.0554844 0.0397414 0.0472004 0.0340523 0.0377612 0.0370578 0.0464201 0.0423266 0.0507185 0.0314287 0.0252674 0.0399182 0.0333393 
pop2.indv12 0.0359885 0.0192662 0.0355694 0.0272486 0.0319779 0.0268629 0.0302985 0.0183433 0.0331468 0.0261114 0.0303424 0.0243399 0.0419016 0.0290197 0.0276054 0.0400369 0.0272878 0.0284412 0.0224239 0.0272096 0.0334364 0.0336324 0.0262640 0.0182147 0.0321652 0.0367303 0.0289356 0.0364087 0.0000000 0.0273271 0.0271318 0.0415895 0.0362499 0.0275653 0.0250911 0.0272878 0.0154320 0.0353593 0.0260735 0.0348449 0.0253030 0.0245866 0.0290197 0.0256276 0.0258115 0.0256641 0.0288937 0.0318850 0.0273271 0.0211390 0.0255547 0.0303424 0.0223612 0.0269010 0.0305190 0.0239622 0.0256641 0.0238277 0.0240640 0.0271318 0.0261114 0.0241324 0.0363556 0.0257745 0.0305635 0.0299951 0.0257376 0.0171489 0.0271318 0.0268629 0.0384327 0.0196174 0.0380381 0.0231045 0.0289356 
pop2.indv13 0.0298670 0.0298245 0.0339809 0.0274854 0.0302112 0.0432122 0.0334852 0.0305635 0.0384897 0.0354641 0.0302548 0.0339306 0.0468425 0.0291893 0.0355166 0.0469850 0.0277264 0.0305635 0.0349976 0.0305190 0.0379824 0.0302985 0.0376167 0.0257745 0.0323072 0.0334852 0.0342854 0.0466304 0.0273271 0.0000000 0.0291043 0.0405188 0.0481454 0.0322597 0.0209032 0.0352552 0.0258486 0.0342343 0.0354641 0.0353072 0.0314287 0.0304747 0.0308331 0.0227106 0.0321182 0.0230379 0.0278485 0.0399182 0.0385469 0.0318388 0.0226784 0.0317467 0.0383758 0.0389934 0.0323547 0.0419646 0.0368933 0.0270930 0.0320245 0.0225504 0.0340312 0.0419646 0.0446448 0.0374472 0.0343367 0.0336817 0.0273271 0.0261494 0.0368388 0.0257745 0.0287689 0.0320713 0.0353072 0.0357286 0.0259232 
pop2.indv14 0.0355778 0.0264880 0.0400369 0.0302548 0.0271318 0.0361449 0.0271318 0.0303424 0.0294476 0.0307427 0.0417138 0.0305635 0.0379269 0.0318850 0.0301244 0.0377612 0.0258858 0.0397414 0.0332910 0.0364619 0.0332427 0.0330990 0.0274457 0.0195626 0.0302548 0.0427648 0.0242357 0.0359885 0.0271318 0.0291043 0.0000000 0.0487342 0.0477846 0.0392205 0.0296978 0.0411604 0.0289356 0.0472004 0.0324504 0.0382626 0.0373803 0.0269775 0.0412821 0.0363027 0.0270544 0.0268629 0.0288937 0.0395082 0.0286451 0.0284412 0.0329564 0.0405624 0.0312499 0.0420190 0.0255547 0.0329564 0.0269775 0.0265621 0.0364087 0.0362499 0.0306977 0.0323072 0.0402120 0.0350489 0.0388938 0.0377063 0.0329564 0.0261114 0.0398591 0.0294890 0.0407995 0.0345434 0.0348957 0.0256276 0.0287689 
pop2.indv15 0.0392205 0.0269392 0.0336817 0.0341324 0.0338806 0.0503461 0.0320713 0.0262640 0.0483645 0.0388938 0.0338306 0.0388938 0.0420278 0.0340312 0.0360513 0.0370028 0.0324504 0.0399182 0.0369480 0.0335832 0.0368388 0.0506565 0.0347526 0.0334852 0.0405188 0.0384897 0.0325949 0.0365153 0.0415895 0.0405188 0.0487342 0.0000000 0.0386618 0.0364619 0.0477131 0.0388355 0.0246223 0.0387775 0.0409502 0.0334852 0.0395082 0.0422824 0.0422184 0.0488088 0.0419016 0.0353072 0.0368388 0.0594182 0.0542559 0.0432769 0.0352034 0.0396245 0.0466304 0.0443140 0.0387775 0.0520439 0.0436033 0.0400369 0.0305635 0.0354116 0.0329866 0.0325949 0.0495118 0.0321652 0.0396671 0.0350489 0.0243749 0.0312012 0.0442710 0.0475707 0.0379824 0.0351517 0.0414660 0.0263024 0.0438679 
pop2.indv16 0.0482049 0.0418367 0.0519640 0.0507946 0.0377612 0.0525378 0.0392777 0.0318850 0.0504165 0.0270544 0.0395082 0.0194538 0.0461428 0.0464201 0.0330513 0.0462811 0.0412821 0.0490684 0.0472885 0.0374343 0.0346433 0.0409191 0.0317927 0.0327683 0.0362499 0.0545461 0.0349976 0.0438591 0.0362499 0.0481454 0.0477846 0.0386618 0.0000000 0.0559907 0.0280419 0.0501923 0.0466304 0.0446448 0.0405188 0.0432769 0.0467340 0.0477846 0.0445782 0.0313838 0.0314738 0.0477846 0.0345933 0.0440529 0.0431477 0.0375970 0.0427017 0.0542160 0.0377063 0.0478541 0.0447785 0.0490684 0.0408592 0.0323983 0.0455980 0.0313390 0.0360405 0.0378163 0.0404449 0.0301244 0.0399182 0.0341008 0.0409191 0.0356223 0.0464900 0.0447396 0.0475707 0.0429554 0.0423886 0.0336324 0.0400369 
pop2.indv17 0.0455308 0.0299096 0.0356223 0.0431477 0.0353072 0.0411604 0.0333393 0.0321652 0.0461428 0.0435376 0.0352552 0.0338306 0.0451163 0.0348957 0.0417138 0.0432769 0.0403367 0.0415895 0.0361449 0.0318388 0.0496614 0.0380940 0.0408880 0.0317009 0.0317927 0.0417138 0.0264962 0.0351002 0.0275653 0.0322597 0.0392205 0.0364619 0.0559907 0.0000000 0.0455308 0.0378715 0.0291893 0.0511293 0.0310625 0.0368933 0.0332427 0.0303424 0.0257745 0.0396245 0.0320713 0.0272878 0.0319779 0.0447785 0.0431477 0.0331947 0.0413432 0.0389934 0.0413432 0.0328151 0.0415277 0.0361973 0.0466304 0.0364619 0.0345434 0.0288104 0.0354116 0.0391285 0.0349466 0.0368388 0.0232051 0.0408592 0.0347943 0.0232727 0.0454593 0.0327683 0.0394504 0.0241668 0.0395663 0.0293179 0.0430834 
pop2.indv18 0.0324900 0.0307243 0.0353593 0.0221443 0.0267117 0.0374884 0.0234980 0.0180127 0.0390499 0.0225823 0.0194267 0.0255911 0.0388808 0.0224870 0.0284817 0.0389934 0.0226784 0.0330990 0.0295721 0.0236288 0.0358334 0.0266367 0.0225504 0.0340523 0.0237278 0.0312944 0.0254103 0.0357820 0.0250911 0.0209032 0.0296978 0.0477131 0.0280419 0.0455308 0.0000000 0.0280813 0.0335341 0.0282401 0.0289356 0.0311612 0.0323983 0.0284817 0.0267493 0.0264511 0.0223299 0.0285224 0.0331947 0.0296139 0.0347438 0.0249519 0.0180377 0.0342470 0.0268629 0.0308972 0.0268249 0.0388248 0.0357820 0.0219317 0.0207297 0.0236288 0.0284817 0.0268629 0.0308972 0.0300381 0.0305190 0.0252320 0.0311612 0.0333878 0.0381500 0.0292015 0.0343946 0.0373265 0.0358334 0.0335832 0.0316552 
pop2.indv19 0.0340523 0.0266367 0.0303863 0.0256276 0.0269010 0.0426387 0.0254462 0.0258486 0.0364087 0.0383758 0.0284817 0.0125894 0.0378715 0.0258486 0.0335832 0.0348449 0.0321182 0.0427648 0.0343452 0.0271318 0.0284817 0.0237610 0.0199247 0.0397414 0.0268629 0.0336324 0.0227753 0.0284007 0.0272878 0.0352552 0.0411604 0.0388355 0.0501923 0.0378715 0.0280813 0.0000000 0.0197839 0.0398591 0.0388355 0.0334852 0.0357307 0.0320713 0.0285632 0.0315189 0.0240640 0.0383758 0.0335832 0.0441831 0.0289776 0.0379269 0.0299096 0.0313390 0.0297399 0.0328621 0.0255911 0.0393351 0.0313390 0.0265621 0.0460740 0.0211390 0.0333878 0.0226142 0.0375426 0.0334852 0.0355166 0.0284007 0.0376516 0.0327406 0.0354116 0.0374343 0.0313838 0.0284412 0.0362499 0.0228404 0.0402163 
pop2.indv2  0.0301244 0.0210796 0.0216897 0.0244099 0.0295784 0.0355166 0.0290619 0.0264962 0.0520439 0.0328877 0.0294476 0.0247298 0.0404580 0.0291467 0.0326433 0.0405799 0.0265745 0.0287275 0.0288937 0.0291893 0.0306528 0.0243399 0.0311086 0.0228404 0.0294042 0.0274060 0.0217842 0.0304747 0.0154320 0.0258486 0.0289356 0.0246223 0.0466304 0.0291893 0.0335341 0.0197839 0.0000000 0.0312477 0.0248747 0.0171244 0.0317009 0.0324504 0.0308786 0.0198681 0.0229387 0.0324504 0.0169310 0.0385469 0.0325466 0.0306081 0.0229058 0.0241324 0.0304304 0.0330038 0.0369480 0.0352034 0.0273665 0.0225823 0.0274457 0.0256276 0.0244803 0.0372237 0.0305190 0.0279716 0.0343881 0.0335832 0.0196450 0.0216583 0.0371129 0.0255185 0.0372793 0.0213498 0.0244099 0.0264183 0.0351002 
pop2.indv20 0.0410998 0.0347438 0.0394259 0.0336324 0.0337808 0.0555612 0.0322124 0.0184737 0.0533421 0.0439346 0.0383191 0.0323072 0.0508918 0.0261494 0.0491854 0.0423465 0.0305190 0.0486598 0.0320245 0.0319779 0.0384327 0.0485856 0.0327406 0.0291043 0.0389522 0.0370578 0.0425401 0.0321182 0.0353593 0.0342343 0.0472004 0.0387775 0.0446448 0.0511293 0.0282401 0.0398591 0.0312477 0.0000000 0.0358892 0.0439346 0.0320245 0.0388938 0.0335832 0.0338806 0.0292749 0.0456676 0.0274457 0.0370578 0.0358355 0.0418388 0.0407026 0.0433418 0.0430193 0.0480728 0.0373911 0.0450484 0.0432769 0.0347943 0.0383191 0.0373911 0.0356754 0.0279304 0.0412211 0.0323072 0.0397279 0.0380940 0.0335341 0.0366584 0.0412640 0.0348449 0.0469850 0.0323072 0.0400369 0.0445439 0.0372237 
pop2.indv21 0.0287689 0.0347943 0.0311086 0.0325949 0.0339306 0.0371682 0.0277670 0.0296223 0.0369480 0.0377876 0.0323072 0.0297547 0.0426050 0.0280129 0.0373911 0.0325949 0.0375600 0.0291893 0.0373351 0.0227753 0.0386618 0.0332427 0.0282212 0.0279716 0.0325949 0.0352034 0.0230711 0.0306081 0.0260735 0.0354641 0.0324504 0.0409502 0.0405188 0.0310625 0.0289356 0.0388355 0.0248747 0.0358892 0.0000000 0.0324025 0.0320245 0.0310166 0.0391876 0.0276456 0.0338306 0.0389522 0.0324025 0.0340818 0.0425401 0.0324504 0.0370578 0.0355694 0.0371682 0.0347438 0.0307879 0.0452529 0.0390108 0.0321182 0.0388355 0.0230711 0.0363247 0.0376167 0.0483645 0.0392469 0.0373911 0.0337808 0.0318388 0.0266929 0.0465203 0.0337808 0.0400965 0.0357286 0.0439346 0.0363799 0.0351517 
pop2.indv22 0.0375970 0.0374884 0.0340312 0.0324025 0.0336817 0.0351002 0.0225504 0.0277670 0.0398002 0.0339306 0.0336324 0.0437352 0.0386043 0.0352552 0.0306528 0.0386043 0.0257745 0.0347943 0.0284817 0.0334364 0.0301244 0.0269010 0.0266139 0.0226784 0.0284817 0.0321182 0.0259232 0.0423266 0.0348449 0.0353072 0.0382626 0.0334852 0.0432769 0.0368933 0.0311612 0.0334852 0.0171244 0.0439346 0.0324025 0.0000000 0.0331468 0.0333393 0.0321652 0.0269775 0.0243399 0.0337312 0.0276054 0.0430193 0.0405188 0.0350489 0.0334852 0.0316097 0.0445782 0.0360405 0.0421547 0.0335341 0.0302548 0.0209617 0.0286041 0.0323547 0.0307879 0.0276054 0.0330513 0.0319779 0.0356223 0.0302985 0.0273271 0.0361602 0.0375035 0.0300812 0.0384897 0.0321652 0.0414045 0.0295784 0.0337312 
pop2.indv23 0.0429150 0.0261955 0.0304304 0.0329564 0.0332910 0.0377063 0.0239284 0.0181892 0.0388808 0.0272096 0.0315642 0.0225504 0.0478563 0.0270159 0.0349976 0.0439881 0.0285632 0.0315189 0.0378163 0.0253030 0.0327216 0.0312944 0.0181638 0.0267493 0.0333393 0.0343946 0.0288520 0.0343452 0.0253030 0.0314287 0.0373803 0.0395082 0.0467340 0.0332427 0.0323983 0.0357307 0.0317009 0.0320245 0.0320245 0.0331468 0.0000000 0.0315642 0.0270159 0.0282002 0.0251614 0.0211093 0.0209910 0.0432877 0.0363556 0.0393926 0.0325361 0.0377063 0.0313390 0.0339077 0.0301677 0.0341981 0.0363027 0.0324441 0.0299096 0.0222988 0.0318388 0.0210205 0.0327216 0.0301677 0.0289776 0.0250562 0.0298245 0.0316552 0.0415277 0.0324900 0.0357307 0.0266367 0.0222988 0.0319314 0.0299096 
pop2.indv24 0.0343452 0.0237278 0.0384897 0.0230379 0.0273271 0.0351517 0.0241668 0.0275653 0.0378715 0.0352552 0.0290619 0.0258858 0.0399182 0.0227429 0.0406411 0.0337808 0.0262257 0.0420911 0.0314287 0.0271318 0.0350489 0.0270930 0.0262257 0.0226784 0.0302985 0.0368388 0.0261114 0.0380940 0.0245866 0.0304747 0.0269775 0.0422824 0.0477846 0.0303424 0.0284817 0.0320713 0.0324504 0.0388938 0.0310166 0.0333393 0.0315642 0.0000000 0.0213498 0.0336817 0.0287275 0.0259981 0.0226784 0.0254823 0.0420911 0.0317467 0.0320245 0.0332427 0.0299096 0.0327683 0.0398002 0.0413432 0.0337808 0.0166490 0.0285224 0.0257008 0.0322124 0.0338306 0.0331947 0.0353072 0.0261114 0.0287689 0.0257376 0.0293179 0.0440015 0.0375426 0.0368388 0.0256276 0.0335341 0.0230711 0.0273665 
pop2.indv25 0.0315189 0.0397414 0.0262640 0.0272878 0.0400965 0.0305190 0.0211689 0.0249112 0.0413432 0.0377305 0.0437352 0.0229717 0.0435376 0.0372237 0.0406411 0.0373911 0.0305635 0.0465601 0.0335832 0.0242357 0.0305190 0.0197003 0.0171981 0.0228731 0.0273665 0.0336817 0.0263024 0.0396829 0.0290197 0.0308331 0.0412821 0.0422184 0.0445782 0.0257745 0.0267493 0.0285632 0.0308786 0.0335832 0.0391876 0.0321652 0.0270159 0.0213498 0.0000000 0.0355166 0.0306081 0.0272486 0.0276054 0.0379824 0.0335832 0.0320245 0.0301677 0.0385469 0.0258858 0.0330513 0.0509707 0.0302112 0.0337808 0.0221443 0.0355694 0.0321182 0.0276859 0.0306528 0.0351002 0.0291893 0.0325949 0.0350489 0.0319314 0.0344397 0.0417762 0.0389370 0.0366763 0.0181892 0.0352034 0.0371129 0.0292321 
pop2.indv3  0.0339557 0.0300381 0.0410126 0.0272486 0.0240300 0.0396245 0.0284007 0.0227429 0.0429554 0.0287275 0.0287275 0.0275253 0.0369480 0.0291043 0.0385469 0.0466304 0.0275253 0.0302112 0.0239622 0.0228404 0.0318388 0.0238277 0.0277264 0.0273665 0.0255911 0.0347943 0.0319314 0.0285224 0.0256276 0.0227106 0.0363027 0.0488088 0.0313838 0.0396245 0.0264511 0.0315189 0.0198681 0.0338806 0.0276456 0.0269775 0.0282002 0.0336817 0.0355166 0.0000000 0.0243051 0.0273665 0.0274854 0.0378163 0.0384327 0.0332910 0.0383191 0.0427017 0.0349466 0.0390499 0.0354116 0.0381500 0.0225823 0.0209032 0.0238612 0.0181132 0.0229717 0.0305635 0.0393926 0.0288937 0.0353593 0.0224239 0.0273271 0.0230711 0.0340312 0.0311170 0.0464900 0.0287275 0.0288937 0.0383191 0.0270159 
pop2.indv4  0.0266741 0.0326750 0.0309241 0.0274457 0.0303424 0.0382626 0.0138918 0.0199532 0.0299523 0.0289776 0.0272486 0.0290197 0.0242357 0.0197281 0.0261494 0.0490341 0.0272486 0.0334364 0.0317009 0.0301677 0.0316552 0.0317467 0.0155630 0.0165800 0.0181638 0.0383191 0.0200102 0.0252320 0.0258115 0.0321182 0.0270544 0.0419016 0.0314738 0.0320713 0.0223299 0.0240640 0.0229387 0.0292749 0.0338306 0.0243399 0.0251614 0.0287275 0.0306081 0.0243051 0.0000000 0.0288520 0.0240982 0.0381500 0.0334364 0.0300381 0.0299523 0.0286451 0.0196726 0.0309417 0.0225186 0.0329564 0.0317009 0.0194538 0.0211093 0.0167186 0.0227106 0.0275653 0.0364087 0.0259606 0.0278485 0.0239960 0.0254823 0.0259606 0.0336324 0.0251614 0.0223612 0.0239284 0.0180377 0.0276054 0.0214108 
pop2.indv5  0.0410998 0.0254462 0.0306528 0.0292749 0.0355694 0.0349976 0.0254462 0.0214722 0.0316097 0.0355694 0.0356223 0.0293610 0.0371129 0.0198964 0.0309241 0.0337808 0.0290197 0.0273665 0.0288104 0.0290619 0.0352552 0.0347943 0.0312944 0.0226784 0.0402163 0.0371129 0.0340818 0.0364087 0.0256641 0.0230379 0.0268629 0.0353072 0.0477846 0.0272878 0.0285224 0.0383758 0.0324504 0.0456676 0.0389522 0.0337312 0.0211093 0.0259981 0.0272486 0.0273665 0.0288520 0.0000000 0.0308331 0.0365688 0.0405188 0.0415277 0.0226784 0.0351517 0.0318388 0.0313838 0.0340818 0.0415895 0.0449130 0.0330038 0.0379824 0.0354641 0.0420911 0.0310625 0.0330990 0.0404580 0.0308331 0.0365688 0.0286041 0.0266533 0.0369480 0.0345434 0.0319779 0.0288520 0.0400965 0.0293610 0.0318850 
pop2.indv6  0.0254462 0.0222059 0.0279304 0.0277264 0.0335341 0.0367303 0.0198400 0.0169310 0.0448457 0.0294476 0.0211689 0.0216271 0.0388355 0.0259606 0.0307879 0.0277264 0.0261114 0.0336324 0.0317467 0.0256641 0.0260358 0.0317927 0.0278894 0.0242704 0.0243749 0.0371682 0.0261494 0.0241324 0.0288937 0.0278485 0.0288937 0.0368388 0.0345933 0.0319779 0.0331947 0.0335832 0.0169310 0.0274457 0.0324025 0.0276054 0.0209910 0.0226784 0.0276054 0.0274854 0.0240982 0.0308331 0.0000000 0.0211689 0.0274060 0.0338306 0.0272878 0.0334852 0.0212590 0.0208741 0.0288104 0.0303424 0.0273271 0.0239284 0.0243399 0.0258115 0.0230379 0.0260358 0.0415895 0.0185000 0.0232727 0.0271706 0.0209910 0.0264572 0.0324504 0.0270159 0.0307427 0.0197281 0.0239622 0.0215030 0.0183175 
pop2.indv7  0.0468714 0.0279634 0.0455285 0.0330990 0.0383758 0.0426387 0.0344936 0.0317927 0.0405624 0.0436691 0.0332910 0.0240300 0.0552186 0.0242012 0.0382626 0.0415277 0.0338306 0.0544632 0.0429554 0.0347438 0.0494374 0.0394504 0.0356754 0.0284412 0.0254103 0.0378163 0.0435376 0.0505671 0.0318850 0.0399182 0.0395082 0.0594182 0.0440529 0.0447785 0.0296139 0.0441831 0.0385469 0.0370578 0.0340818 0.0430193 0.0432877 0.0254823 0.0379824 0.0378163 0.0381500 0.0365688 0.0211689 0.0000000 0.0462118 0.0437948 0.0378163 0.0407995 0.0361973 0.0387131 0.0413432 0.0380381 0.0407400 0.0326750 0.0443798 0.0301677 0.0316097 0.0286041 0.0346935 0.0353072 0.0401563 0.0339557 0.0269392 0.0258858 0.0502691 0.0417762 0.0445782 0.0312055 0.0362499 0.0432769 0.0364087 
pop2.indv8  0.0375970 0.0282401 0.0426050 0.0274457 0.0306081 0.0393926 0.0318850 0.0308331 0.0475707 0.0417138 0.0284817 0.0353593 0.0449806 0.0368933 0.0370028 0.0559954 0.0245156 0.0336817 0.0448457 0.0258486 0.0450484 0.0267871 0.0228731 0.0333393 0.0368388 0.0432122 0.0276054 0.0398002 0.0273271 0.0385469 0.0286451 0.0542559 0.0431477 0.0431477 0.0347438 0.0289776 0.0325466 0.0358355 0.0425401 0.0405188 0.0363556 0.0420911 0.0335832 0.0384327 0.0334364 0.0405188 0.0274060 0.0462118 0.0000000 0.0380381 0.0348957 0.0398591 0.0272486 0.0373265 0.0335341 0.0398591 0.0379824 0.0316097 0.0353072 0.0302985 0.0366225 0.0371129 0.0346935 0.0372237 0.0297104 0.0398002 0.0384327 0.0346477 0.0434721 0.0265994 0.0429554 0.0336817 0.0366225 0.0355694 0.0318388 
pop2.indv9  0.0310730 0.0249519 0.0403973 0.0270544 0.0317927 0.0392205 0.0347438 0.0259606 0.0455980 0.0289356 0.0257745 0.0257745 0.0415277 0.0337312 0.0448457 0.0393351 0.0436033 0.0361973 0.0407400 0.0298670 0.0395663 0.0364087 0.0338806 0.0270930 0.0289356 0.0492891 0.0303424 0.0374884 0.0211390 0.0318388 0.0284412 0.0432769 0.0375970 0.0331947 0.0249519 0.0379269 0.0306081 0.0418388 0.0324504 0.0350489 0.0393926 0.0317467 0.0320245 0.0332910 0.0300381 0.0415277 0.0338306 0.0437948 0.0380381 0.0000000 0.0286863 0.0390499 0.0342470 0.0389934 0.0396245 0.0312499 0.0412821 0.0238612 0.0333878 0.0209032 0.0269392 0.0317927 0.0407995 0.0417138 0.0390108 0.0330990 0.0377063 0.0261494 0.0451163 0.0325361 0.0345933 0.0284817 0.0378163 0.0257745 0.0239284 
pop3.indv1  0.0405036 0.0295721 0.0388938 0.0272096 0.0302985 0.0363556 0.0242357 0.0228731 0.0459370 0.0402163 0.0349976 0.0337312 0.0379824 0.0332910 0.0308331 0.0466304 0.0275253 0.0412821 0.0396829 0.0301244 0.0413432 0.0300812 0.0325466 0.0271318 0.0333393 0.0329564 0.0244099 0.0361449 0.0255547 0.0226784 0.0329564 0.0352034 0.0427017 0.0413432 0.0180377 0.0299096 0.0229058 0.0407026 0.0370578 0.0334852 0.0325361 0.0320245 0.0301677 0.0383191 0.0299523 0.0226784 0.0272878 0.0378163 0.0348957 0.0286863 0.0000000 0.0298670 0.0238612 0.0310291 0.0336817 0.0425133 0.0347943 0.0265250 0.0346433 0.0240640 0.0336817 0.0354641 0.0341981 0.0383758 0.0305635 0.0329564 0.0282401 0.0276859 0.0282401 0.0328151 0.0317009 0.0251614 0.0412211 0.0301244 0.0318388 
pop3.indv10 0.0513004 0.0354263 0.0336324 0.0349976 0.0381500 0.0457330 0.0428917 0.0271706 0.0437948 0.0554751 0.0318388 0.0399774 0.0481454 0.0332427 0.0518050 0.0462811 0.0302985 0.0447116 0.0438591 0.0378163 0.0477846 0.0330038 0.0420278 0.0330990 0.0360405 0.0477131 0.0319779 0.0451317 0.0303424 0.0317467 0.0405624 0.0396245 0.0542160 0.0389934 0.0342470 0.0313390 0.0241324 0.0433418 0.0355694 0.0316097 0.0377063 0.0332427 0.0385469 0.0427017 0.0286451 0.0351517 0.0334852 0.0407995 0.0398591 0.0390499 0.0298670 0.0000000 0.0407400 0.0381106 0.0363556 0.0458688 0.0329564 0.0295721 0.0423886 0.0360405 0.0255547 0.0336817 0.0422030 0.0301244 0.0333393 0.0341494 0.0297399 0.0323072 0.0445782 0.0340039 0.0374884 0.0311170 0.0342470 0.0287275 0.0361449 
