75
pop1.indv1  0.0000000 0.0244906 0.0398625 0.0320561 0.0371076 0.0247765 0.0399808 0.0339684 0.0381288 0.0243851 0.0422909 0.0370525 0.0355076 0.0381489 0.0258996 0.0275831 0.0372184 0.0420996 0.0267075 0.0388344 0.0338183 0.0374982 0.0322917 0.0319628 0.0305466 0.0383747 0.0322443 0.0467264 0.0437491 0.0275431 0.0453411 0.0417845 0.0395450 0.0442175 0.0410161 0.0366174 0.0559727 0.0327737 0.0343239 0.0267472 0.0284090 0.0494476 0.0295574 0.0343239 0.0356132 0.0347922 0.0398625 0.0354026 0.0358800 0.0449323 0.0389511 0.0410161 0.0362977 0.0367793 0.0362603 0.0313245 0.0358800 0.0285029 0.0287905 0.0305912 0.0306359 0.0360963 0.0286665 0.0383747 0.0337685 0.0426788 0.0305912 0.0384316 0.0446271 0.0401597 0.0432905 0.0343753 0.0378395 0.0405223 0.0357194 
pop1.indv10 0.0244906 0.0000000 0.0287077 0.0289575 0.0355076 0.0321499 0.0257144 0.0321499 0.0184734 0.0224307 0.0292116 0.0268798 0.0337685 0.0283814 0.0299778 0.0228149 0.0274237 0.0305022 0.0203616 0.0183690 0.0272661 0.0351945 0.0303257 0.0284218 0.0181889 0.0269946 0.0244554 0.0350914 0.0520911 0.0303257 0.0348362 0.0223367 0.0293403 0.0292116 0.0341199 0.0334243 0.0319163 0.0243502 0.0340187 0.0282399 0.0260497 0.0322917 0.0218204 0.0259744 0.0200983 0.0260875 0.0242805 0.0316404 0.0390096 0.0393384 0.0319628 0.0421632 0.0298924 0.0302382 0.0322443 0.0150690 0.0200121 0.0282210 0.0350914 0.0317319 0.0210541 0.0244202 0.0181129 0.0300638 0.0319163 0.0292116 0.0168576 0.0330395 0.0183690 0.0273053 0.0319628 0.0275431 0.0246685 0.0341199 0.0273446 
pop1.indv11 0.0398625 0.0287077 0.0000000 0.0331349 0.0285029 0.0383180 0.0222744 0.0445972 0.0372184 0.0361399 0.0392810 0.0409271 0.0380929 0.0313693 0.0329920 0.0379258 0.0427781 0.0391667 0.0290840 0.0362977 0.0318238 0.0382051 0.0490328 0.0422777 0.0344851 0.0361923 0.0347856 0.0373255 0.0523535 0.0398035 0.0406293 0.0389966 0.0386032 0.0464454 0.0453411 0.0437491 0.0512242 0.0384316 0.0400403 0.0408295 0.0439486 0.0439486 0.0349378 0.0415359 0.0258623 0.0285436 0.0497000 0.0298074 0.0594081 0.0371119 0.0382051 0.0380929 0.0354718 0.0374873 0.0399216 0.0291446 0.0336202 0.0388840 0.0424017 0.0446638 0.0375416 0.0256045 0.0324786 0.0425890 0.0442017 0.0382615 0.0364036 0.0388840 0.0364568 0.0407479 0.0444646 0.0366174 0.0449999 0.0432258 0.0348362 
pop1.indv12 0.0320561 0.0289575 0.0331349 0.0000000 0.0350914 0.0291689 0.0256411 0.0198418 0.0216003 0.0348362 0.0321499 0.0362449 0.0272661 0.0253518 0.0302819 0.0348869 0.0289575 0.0315043 0.0295137 0.0336695 0.0337189 0.0271102 0.0333273 0.0298498 0.0239046 0.0379814 0.0257882 0.0365637 0.0415359 0.0274237 0.0330871 0.0239046 0.0417845 0.0357194 0.0391865 0.0329447 0.0398625 0.0338682 0.0371076 0.0219162 0.0275831 0.0390684 0.0244554 0.0373857 0.0228475 0.0340692 0.0417221 0.0352983 0.0307708 0.0333273 0.0289155 0.0273841 0.0282609 0.0241425 0.0337685 0.0330395 0.0289995 0.0343368 0.0367252 0.0418472 0.0451358 0.0351945 0.0297229 0.0378152 0.0254956 0.0339684 0.0314141 0.0331828 0.0436829 0.0397448 0.0368881 0.0211135 0.0307257 0.0436829 0.0420362 
pop1.indv13 0.0371076 0.0355076 0.0285029 0.0350914 0.0000000 0.0294268 0.0353504 0.0354550 0.0310902 0.0211731 0.0385458 0.0318700 0.0257144 0.0303696 0.0368881 0.0321029 0.0321499 0.0338183 0.0216627 0.0258623 0.0243851 0.0355076 0.0301947 0.0316861 0.0268798 0.0398035 0.0333758 0.0211135 0.0369976 0.0341707 0.0415978 0.0286665 0.0306807 0.0324348 0.0260875 0.0210246 0.0349889 0.0294702 0.0407061 0.0250321 0.0214765 0.0390684 0.0310902 0.0212331 0.0263552 0.0355076 0.0336202 0.0338183 0.0423551 0.0327100 0.0350401 0.0422909 0.0380371 0.0301070 0.0342727 0.0209073 0.0355076 0.0335220 0.0381489 0.0434858 0.0288321 0.0371629 0.0255681 0.0298498 0.0335710 0.0288321 0.0288737 0.0349889 0.0277850 0.0316404 0.0418472 0.0227499 0.0276635 0.0257512 0.0355076 
pop1.indv14 0.0247765 0.0321499 0.0383180 0.0291689 0.0294268 0.0000000 0.0230784 0.0326276 0.0401574 0.0305912 0.0325792 0.0382615 0.0275831 0.0274633 0.0309525 0.0289995 0.0275032 0.0262398 0.0314634 0.0293403 0.0229459 0.0353504 0.0372184 0.0302819 0.0275032 0.0356132 0.0244554 0.0287077 0.0306359 0.0345305 0.0423551 0.0322443 0.0378970 0.0359338 0.0249953 0.0255318 0.0506185 0.0295137 0.0252180 0.0222414 0.0317013 0.0282399 0.0265106 0.0326276 0.0248490 0.0384818 0.0310902 0.0292973 0.0363704 0.0333273 0.0339182 0.0358263 0.0367793 0.0307708 0.0294702 0.0242459 0.0267075 0.0432258 0.0339684 0.0279076 0.0230119 0.0313693 0.0275831 0.0386032 0.0229459 0.0341199 0.0260497 0.0352463 0.0377250 0.0417845 0.0261254 0.0233140 0.0398488 0.0345305 0.0356662 
pop1.indv15 0.0399808 0.0257144 0.0222744 0.0256411 0.0353504 0.0230784 0.0000000 0.0319628 0.0278258 0.0285845 0.0354026 0.0287905 0.0256411 0.0285029 0.0449323 0.0337685 0.0339684 0.0304578 0.0312291 0.0333758 0.0274633 0.0337685 0.0316861 0.0406293 0.0317319 0.0379814 0.0168103 0.0270716 0.0321971 0.0321499 0.0305466 0.0361923 0.0339684 0.0357728 0.0229788 0.0254235 0.0436829 0.0213237 0.0338682 0.0221428 0.0359338 0.0341707 0.0308613 0.0372184 0.0231787 0.0274633 0.0352983 0.0333273 0.0340187 0.0363506 0.0289575 0.0370525 0.0311911 0.0317319 0.0279076 0.0194015 0.0246685 0.0347351 0.0256777 0.0380929 0.0241082 0.0261634 0.0239721 0.0346347 0.0303696 0.0277444 0.0256045 0.0298498 0.0279076 0.0350914 0.0285436 0.0244554 0.0292116 0.0226532 0.0355603 
pop1.indv16 0.0339684 0.0321499 0.0445972 0.0198418 0.0354550 0.0326276 0.0319628 0.0000000 0.0296452 0.0319163 0.0405834 0.0381489 0.0213846 0.0285436 0.0399216 0.0289575 0.0307257 0.0355076 0.0263552 0.0295574 0.0358800 0.0386607 0.0397448 0.0287491 0.0256411 0.0434858 0.0245260 0.0395696 0.0447306 0.0322443 0.0500786 0.0367793 0.0376681 0.0406446 0.0481843 0.0363506 0.0401597 0.0375546 0.0247404 0.0189310 0.0314634 0.0344269 0.0247044 0.0373857 0.0358800 0.0279076 0.0320094 0.0467264 0.0442175 0.0359317 0.0303696 0.0439486 0.0364036 0.0271102 0.0359338 0.0226212 0.0342216 0.0302819 0.0351429 0.0239383 0.0288321 0.0265106 0.0241425 0.0318238 0.0332308 0.0355603 0.0271490 0.0395115 0.0313224 0.0351945 0.0289575 0.0199550 0.0358800 0.0387185 0.0383180 
pop1.indv17 0.0381288 0.0184734 0.0372184 0.0216003 0.0310902 0.0401574 0.0278258 0.0296452 0.0000000 0.0292544 0.0364258 0.0358800 0.0356662 0.0291264 0.0393649 0.0293403 0.0342216 0.0356662 0.0334731 0.0310441 0.0359338 0.0430076 0.0356132 0.0304578 0.0214151 0.0387763 0.0233140 0.0354550 0.0392458 0.0251433 0.0293403 0.0339182 0.0365369 0.0431405 0.0383044 0.0371076 0.0372740 0.0377822 0.0269477 0.0273995 0.0347395 0.0383634 0.0361508 0.0346347 0.0266679 0.0311826 0.0262398 0.0324828 0.0399717 0.0256045 0.0308160 0.0349511 0.0287905 0.0292544 0.0365927 0.0212331 0.0300466 0.0305022 0.0340187 0.0456875 0.0408295 0.0315582 0.0258996 0.0339182 0.0324348 0.0344269 0.0248854 0.0338183 0.0331697 0.0295137 0.0446271 0.0314163 0.0311826 0.0281144 0.0310441 
pop1.indv18 0.0243851 0.0224307 0.0361399 0.0348362 0.0211731 0.0305912 0.0285845 0.0319163 0.0292544 0.0000000 0.0271879 0.0380929 0.0258252 0.0361399 0.0239046 0.0267661 0.0382051 0.0301070 0.0277850 0.0270330 0.0257144 0.0351429 0.0515360 0.0253518 0.0237044 0.0427149 0.0317778 0.0328504 0.0360355 0.0332790 0.0283411 0.0298498 0.0303696 0.0354026 0.0305022 0.0295971 0.0440714 0.0285436 0.0322443 0.0280313 0.0258623 0.0287491 0.0274633 0.0285436 0.0338183 0.0355076 0.0285845 0.0361923 0.0368881 0.0282210 0.0395115 0.0275032 0.0313693 0.0238710 0.0341199 0.0236384 0.0287077 0.0297229 0.0348362 0.0345847 0.0306257 0.0321499 0.0222744 0.0310588 0.0301947 0.0287077 0.0254235 0.0297229 0.0289155 0.0412292 0.0348362 0.0225255 0.0240740 0.0350914 0.0181635 
pop1.indv19 0.0422909 0.0292116 0.0392810 0.0321499 0.0385458 0.0325792 0.0354026 0.0405834 0.0364258 0.0271879 0.0000000 0.0400403 0.0385458 0.0364568 0.0308613 0.0352463 0.0438819 0.0370525 0.0265498 0.0322917 0.0337685 0.0405834 0.0365102 0.0366174 0.0284623 0.0366174 0.0288321 0.0316861 0.0420362 0.0323870 0.0418472 0.0254595 0.0309068 0.0352983 0.0360420 0.0317778 0.0365102 0.0343239 0.0292973 0.0314163 0.0201853 0.0375546 0.0231117 0.0424840 0.0249953 0.0375546 0.0384886 0.0418472 0.0500691 0.0329447 0.0354550 0.0276233 0.0424017 0.0180625 0.0292973 0.0377053 0.0293403 0.0334731 0.0454790 0.0486923 0.0434205 0.0309525 0.0196468 0.0304137 0.0304578 0.0356132 0.0400403 0.0300208 0.0309525 0.0383747 0.0271879 0.0371629 0.0342727 0.0423551 0.0307257 
pop1.indv2  0.0370525 0.0268798 0.0409271 0.0362449 0.0318700 0.0382615 0.0287905 0.0381489 0.0358800 0.0380929 0.0400403 0.0000000 0.0320094 0.0300208 0.0415359 0.0332790 0.0484702 0.0304137 0.0341707 0.0417845 0.0243153 0.0403402 0.0345348 0.0315495 0.0222435 0.0395115 0.0301503 0.0249646 0.0413514 0.0303696 0.0411684 0.0362977 0.0258623 0.0434858 0.0355603 0.0392810 0.0349378 0.0292973 0.0354026 0.0313224 0.0356662 0.0422269 0.0323870 0.0450677 0.0354550 0.0352463 0.0349378 0.0481772 0.0419730 0.0359835 0.0257144 0.0387763 0.0390532 0.0346848 0.0322443 0.0326635 0.0306359 0.0391099 0.0427781 0.0270330 0.0301503 0.0304578 0.0364036 0.0361399 0.0347351 0.0399216 0.0331828 0.0359835 0.0355076 0.0408074 0.0364568 0.0323393 0.0322443 0.0319628 0.0368337 
pop1.indv20 0.0355076 0.0337685 0.0380929 0.0272661 0.0257144 0.0275831 0.0256411 0.0213846 0.0356662 0.0258252 0.0385458 0.0320094 0.0000000 0.0319628 0.0304578 0.0287491 0.0363506 0.0272661 0.0295137 0.0384316 0.0367793 0.0371629 0.0336202 0.0283411 0.0226532 0.0300638 0.0287077 0.0283814 0.0354026 0.0339182 0.0400403 0.0254235 0.0340692 0.0371076 0.0292544 0.0316861 0.0412902 0.0216003 0.0387763 0.0217887 0.0341707 0.0374982 0.0216627 0.0368881 0.0312291 0.0292116 0.0303696 0.0332308 0.0440826 0.0344355 0.0302819 0.0352983 0.0421544 0.0417221 0.0294702 0.0298924 0.0244202 0.0254235 0.0382615 0.0400999 0.0240060 0.0273446 0.0270716 0.0395115 0.0333758 0.0420996 0.0289155 0.0280230 0.0323870 0.0321029 0.0367793 0.0199550 0.0339182 0.0325309 0.0305466 
pop1.indv21 0.0381489 0.0283814 0.0313693 0.0253518 0.0303696 0.0274633 0.0285029 0.0285436 0.0291264 0.0361399 0.0364568 0.0300208 0.0319628 0.0000000 0.0315043 0.0211432 0.0416599 0.0447306 0.0276233 0.0301503 0.0241082 0.0316404 0.0344355 0.0299351 0.0223679 0.0253518 0.0241082 0.0391099 0.0411684 0.0271879 0.0398035 0.0314591 0.0438819 0.0401597 0.0322917 0.0361399 0.0430327 0.0271879 0.0292116 0.0344786 0.0357194 0.0438819 0.0243851 0.0398625 0.0305022 0.0338682 0.0270716 0.0331828 0.0303257 0.0294309 0.0334731 0.0350914 0.0236056 0.0194015 0.0304578 0.0327567 0.0290417 0.0310588 0.0365637 0.0378704 0.0396278 0.0273841 0.0236714 0.0314591 0.0333273 0.0242459 0.0254235 0.0295137 0.0336695 0.0332790 0.0332790 0.0226212 0.0417221 0.0287905 0.0381489 
pop1.indv22 0.0258996 0.0299778 0.0329920 0.0302819 0.0368881 0.0309525 0.0449323 0.0399216 0.0393649 0.0239046 0.0308613 0.0415359 0.0304578 0.0315043 0.0000000 0.0323870 0.0368881 0.0335710 0.0327248 0.0325309 0.0245260 0.0419730 0.0350914 0.0271102 0.0255681 0.0302819 0.0336695 0.0314591 0.0419100 0.0320094 0.0520111 0.0298924 0.0388926 0.0388344 0.0313693 0.0302819 0.0416599 0.0384886 0.0338682 0.0300466 0.0356662 0.0371076 0.0324828 0.0404614 0.0357728 0.0456178 0.0362449 0.0351945 0.0440826 0.0408074 0.0365637 0.0469394 0.0331349 0.0269946 0.0356662 0.0415978 0.0291689 0.0284623 0.0396862 0.0487668 0.0317778 0.0373298 0.0331828 0.0333273 0.0415359 0.0351945 0.0316861 0.0312799 0.0370525 0.0432905 0.0351945 0.0273053 0.0404614 0.0385458 0.0287905 
pop1.indv23 0.0275831 0.0228149 0.0379258 0.0348869 0.0321029 0.0289995 0.0337685 0.0289575 0.0293403 0.0267661 0.0352463 0.0332790 0.0287491 0.0211432 0.0323870 0.0000000 0.0351429 0.0320561 0.0279487 0.0288737 0.0243502 0.0327248 0.0381489 0.0351429 0.0240060 0.0284218 0.0272661 0.0362977 0.0352463 0.0258623 0.0382051 0.0352983 0.0394248 0.0358263 0.0308613 0.0378152 0.0417221 0.0184997 0.0338183 0.0330698 0.0326761 0.0403402 0.0342216 0.0277039 0.0295137 0.0279076 0.0273053 0.0368337 0.0474441 0.0285845 0.0415978 0.0321971 0.0193747 0.0225255 0.0278258 0.0194555 0.0338682 0.0347856 0.0317778 0.0351429 0.0212331 0.0291264 0.0209658 0.0316404 0.0320094 0.0322443 0.0258996 0.0287077 0.0245615 0.0382051 0.0333758 0.0200121 0.0357194 0.0415978 0.0335710 
pop1.indv24 0.0372184 0.0274237 0.0427781 0.0289575 0.0321499 0.0275032 0.0339684 0.0307257 0.0342216 0.0382051 0.0438819 0.0484702 0.0363506 0.0416599 0.0368881 0.0351429 0.0000000 0.0335220 0.0248854 0.0387185 0.0374419 0.0340692 0.0364036 0.0332790 0.0269946 0.0463757 0.0270716 0.0321499 0.0449999 0.0259370 0.0432258 0.0347856 0.0588382 0.0393053 0.0428755 0.0345847 0.0414127 0.0309525 0.0340692 0.0299564 0.0379547 0.0408916 0.0371629 0.0402197 0.0293403 0.0393053 0.0538088 0.0402798 0.0597840 0.0388840 0.0386607 0.0406446 0.0458253 0.0321971 0.0360420 0.0396278 0.0357194 0.0316861 0.0334731 0.0404007 0.0384886 0.0387763 0.0365637 0.0364036 0.0381489 0.0454100 0.0305466 0.0395115 0.0424194 0.0381489 0.0336695 0.0275032 0.0424840 0.0498342 0.0305022 
pop1.indv25 0.0420996 0.0305022 0.0391667 0.0315043 0.0338183 0.0262398 0.0304578 0.0355076 0.0356662 0.0301070 0.0370525 0.0304137 0.0272661 0.0447306 0.0335710 0.0320561 0.0335220 0.0000000 0.0264327 0.0372184 0.0289995 0.0336695 0.0348869 0.0346347 0.0300638 0.0379814 0.0240060 0.0347856 0.0415359 0.0401597 0.0452040 0.0268798 0.0408916 0.0323870 0.0405223 0.0349378 0.0379258 0.0274237 0.0384886 0.0264327 0.0292544 0.0325309 0.0258996 0.0364568 0.0276635 0.0309525 0.0346848 0.0318700 0.0441499 0.0390532 0.0384316 0.0289575 0.0361399 0.0305022 0.0262781 0.0285029 0.0275431 0.0281415 0.0328975 0.0351945 0.0330395 0.0372184 0.0268039 0.0317319 0.0302382 0.0340692 0.0316861 0.0360876 0.0244554 0.0299778 0.0284623 0.0288737 0.0277039 0.0419100 0.0316861 
pop1.indv3  0.0267075 0.0203616 0.0290840 0.0295137 0.0216627 0.0314634 0.0312291 0.0263552 0.0334731 0.0277850 0.0265498 0.0341707 0.0295137 0.0276233 0.0327248 0.0279487 0.0248854 0.0264327 0.0000000 0.0282399 0.0187941 0.0400334 0.0244906 0.0325309 0.0140630 0.0277444 0.0186324 0.0226212 0.0412044 0.0234852 0.0390096 0.0307708 0.0237646 0.0324348 0.0332702 0.0275431 0.0394848 0.0381288 0.0218204 0.0160829 0.0330201 0.0251433 0.0174461 0.0360420 0.0235544 0.0335242 0.0294702 0.0295137 0.0347922 0.0229459 0.0265106 0.0203320 0.0183430 0.0169769 0.0175225 0.0275032 0.0267871 0.0258623 0.0290840 0.0278258 0.0292544 0.0251061 0.0228475 0.0319163 0.0360963 0.0231452 0.0230451 0.0199266 0.0364812 0.0200408 0.0345305 0.0187399 0.0346347 0.0249219 0.0264327 
pop1.indv4  0.0388344 0.0183690 0.0362977 0.0336695 0.0258623 0.0293403 0.0333758 0.0295574 0.0310441 0.0270330 0.0322917 0.0417845 0.0384316 0.0301503 0.0325309 0.0288737 0.0387185 0.0372184 0.0282399 0.0000000 0.0339684 0.0339684 0.0402197 0.0331828 0.0196192 0.0303696 0.0304137 0.0321499 0.0370525 0.0309068 0.0399808 0.0302382 0.0294702 0.0341707 0.0379547 0.0481772 0.0573708 0.0324348 0.0325792 0.0299116 0.0331197 0.0424194 0.0326761 0.0356132 0.0216315 0.0326276 0.0369428 0.0228475 0.0356662 0.0398035 0.0374982 0.0325309 0.0332308 0.0226854 0.0309982 0.0284218 0.0359338 0.0416599 0.0437491 0.0339182 0.0301947 0.0323870 0.0332790 0.0239721 0.0307257 0.0261634 0.0289575 0.0367252 0.0263939 0.0419100 0.0421632 0.0278666 0.0308160 0.0328227 0.0310441 
pop1.indv5  0.0338183 0.0272661 0.0318238 0.0337189 0.0243851 0.0229459 0.0274633 0.0358800 0.0359338 0.0257144 0.0337685 0.0243153 0.0367793 0.0241082 0.0245260 0.0243502 0.0374419 0.0289995 0.0187941 0.0339684 0.0000000 0.0357728 0.0275032 0.0299778 0.0256411 0.0362977 0.0244202 0.0334243 0.0417221 0.0307257 0.0405223 0.0334243 0.0261634 0.0379547 0.0261634 0.0257144 0.0480320 0.0292116 0.0324348 0.0266284 0.0297778 0.0390096 0.0296892 0.0323393 0.0344269 0.0296892 0.0274237 0.0290417 0.0426137 0.0360876 0.0277444 0.0323393 0.0360876 0.0211731 0.0377822 0.0270716 0.0377250 0.0351429 0.0400403 0.0319163 0.0227176 0.0340692 0.0225573 0.0284218 0.0336695 0.0276233 0.0243851 0.0285029 0.0404614 0.0402798 0.0291264 0.0278258 0.0372184 0.0291689 0.0357194 
pop1.indv6  0.0374982 0.0351945 0.0382051 0.0271102 0.0355076 0.0353504 0.0337685 0.0386607 0.0430076 0.0351429 0.0405834 0.0403402 0.0371629 0.0316404 0.0419730 0.0327248 0.0340692 0.0336695 0.0400334 0.0339684 0.0357728 0.0000000 0.0384316 0.0380371 0.0368337 0.0383747 0.0244202 0.0379814 0.0417845 0.0386607 0.0467264 0.0347351 0.0424840 0.0451358 0.0295574 0.0367793 0.0471544 0.0373857 0.0360963 0.0317975 0.0409537 0.0410787 0.0282399 0.0421632 0.0294702 0.0323870 0.0384886 0.0486181 0.0343239 0.0498507 0.0321029 0.0338183 0.0364568 0.0347351 0.0390096 0.0361399 0.0424194 0.0410474 0.0456875 0.0434858 0.0336202 0.0306359 0.0352463 0.0347856 0.0319163 0.0322917 0.0404614 0.0460988 0.0422909 0.0418472 0.0349378 0.0292544 0.0358800 0.0508535 0.0369976 
pop1.indv7  0.0322917 0.0303257 0.0490328 0.0333273 0.0301947 0.0372184 0.0316861 0.0397448 0.0356132 0.0515360 0.0365102 0.0345348 0.0336202 0.0344355 0.0350914 0.0381489 0.0364036 0.0348869 0.0244906 0.0402197 0.0275032 0.0384316 0.0000000 0.0291041 0.0252097 0.0343861 0.0268418 0.0326171 0.0449999 0.0335220 0.0428414 0.0362977 0.0356132 0.0367252 0.0453411 0.0523535 0.0299351 0.0305912 0.0337685 0.0234508 0.0376113 0.0471544 0.0338183 0.0432258 0.0325309 0.0350401 0.0414742 0.0364036 0.0421632 0.0392238 0.0350914 0.0367252 0.0342876 0.0268418 0.0487668 0.0265787 0.0371629 0.0343861 0.0270716 0.0301947 0.0365102 0.0301947 0.0424017 0.0408074 0.0480320 0.0349889 0.0271102 0.0325708 0.0304137 0.0396862 0.0494012 0.0274633 0.0417221 0.0396278 0.0332790 
pop1.indv8  0.0319628 0.0284218 0.0422777 0.0298498 0.0316861 0.0302819 0.0406293 0.0287491 0.0304578 0.0253518 0.0366174 0.0315495 0.0283411 0.0299351 0.0271102 0.0351429 0.0332790 0.0346347 0.0325309 0.0331828 0.0299778 0.0380371 0.0291041 0.0000000 0.0207051 0.0311911 0.0268798 0.0311911 0.0447977 0.0287077 0.0425264 0.0222744 0.0402798 0.0334243 0.0371076 0.0313245 0.0309712 0.0305912 0.0273053 0.0229788 0.0259370 0.0421632 0.0320094 0.0314141 0.0324348 0.0224938 0.0238375 0.0429050 0.0388344 0.0295553 0.0351945 0.0447977 0.0401618 0.0315043 0.0401597 0.0279838 0.0305022 0.0374873 0.0283411 0.0299778 0.0377602 0.0345847 0.0327100 0.0249646 0.0299351 0.0270716 0.0329920 0.0338994 0.0350914 0.0378152 0.0360355 0.0243153 0.0372184 0.0315495 0.0332308 
pop1.indv9  0.0305466 0.0181889 0.0344851 0.0239046 0.0268798 0.0275032 0.0317319 0.0256411 0.0214151 0.0237044 0.0284623 0.0222435 0.0226532 0.0223679 0.0255681 0.0240060 0.0269946 0.0300638 0.0140630 0.0196192 0.0256411 0.0368337 0.0252097 0.0207051 0.0000000 0.0194015 0.0179875 0.0196192 0.0334243 0.0271102 0.0224307 0.0223367 0.0290417 0.0271490 0.0336202 0.0268039 0.0266533 0.0243502 0.0244202 0.0187941 0.0305466 0.0228802 0.0182400 0.0270716 0.0243851 0.0257512 0.0150690 0.0366174 0.0404007 0.0293485 0.0270330 0.0273841 0.0296389 0.0178638 0.0276233 0.0205631 0.0260875 0.0329447 0.0314591 0.0237044 0.0253161 0.0271490 0.0285029 0.0238041 0.0224307 0.0255681 0.0298924 0.0312354 0.0242459 0.0316861 0.0270330 0.0200121 0.0243153 0.0302382 0.0211135 
pop2.indv1  0.0383747 0.0269946 0.0361923 0.0379814 0.0398035 0.0356132 0.0379814 0.0434858 0.0387763 0.0427149 0.0366174 0.0395115 0.0300638 0.0253518 0.0302819 0.0284218 0.0463757 0.0379814 0.0277444 0.0303696 0.0362977 0.0383747 0.0343861 0.0311911 0.0194015 0.0000000 0.0208202 0.0342876 0.0412292 0.0225255 0.0565772 0.0359317 0.0436170 0.0272661 0.0320094 0.0469706 0.0409271 0.0336202 0.0383747 0.0309982 0.0260497 0.0338682 0.0321499 0.0396278 0.0289575 0.0287905 0.0377053 0.0344851 0.0432905 0.0372719 0.0317319 0.0285029 0.0265044 0.0208202 0.0388344 0.0310149 0.0301503 0.0389966 0.0343368 0.0379258 0.0315949 0.0303257 0.0282609 0.0376506 0.0330395 0.0429050 0.0301070 0.0356747 0.0317319 0.0316404 0.0379258 0.0241425 0.0467972 0.0301947 0.0409271 
pop2.indv10 0.0322443 0.0244554 0.0347856 0.0257882 0.0333758 0.0244554 0.0168103 0.0245260 0.0233140 0.0317778 0.0288321 0.0301503 0.0287077 0.0241082 0.0336695 0.0272661 0.0270716 0.0240060 0.0186324 0.0304137 0.0244202 0.0244202 0.0268418 0.0268798 0.0179875 0.0208202 0.0000000 0.0210246 0.0321499 0.0243851 0.0332308 0.0239046 0.0275431 0.0243153 0.0245970 0.0194015 0.0206197 0.0280313 0.0303696 0.0186860 0.0278258 0.0293403 0.0184734 0.0303696 0.0183950 0.0214151 0.0198700 0.0223055 0.0290417 0.0358800 0.0285029 0.0258252 0.0236056 0.0165323 0.0215073 0.0237708 0.0184210 0.0283411 0.0271490 0.0258252 0.0179378 0.0226532 0.0253518 0.0266533 0.0151939 0.0257512 0.0240400 0.0295971 0.0273446 0.0209952 0.0180374 0.0212632 0.0275431 0.0226532 0.0209658 
pop2.indv11 0.0467264 0.0350914 0.0373255 0.0365637 0.0211135 0.0287077 0.0270716 0.0395696 0.0354550 0.0328504 0.0316861 0.0249646 0.0283814 0.0391099 0.0314591 0.0362977 0.0321499 0.0347856 0.0226212 0.0321499 0.0334243 0.0379814 0.0326171 0.0311911 0.0196192 0.0342876 0.0210246 0.0000000 0.0411684 0.0349378 0.0375416 0.0295971 0.0289575 0.0408672 0.0334243 0.0262478 0.0426518 0.0243851 0.0371629 0.0200121 0.0338183 0.0289575 0.0198700 0.0348869 0.0258996 0.0386607 0.0360876 0.0342876 0.0368337 0.0219081 0.0298924 0.0365102 0.0250342 0.0221817 0.0261254 0.0264306 0.0271879 0.0403942 0.0411684 0.0297651 0.0298074 0.0257512 0.0281019 0.0389402 0.0394536 0.0254595 0.0224307 0.0206766 0.0318238 0.0297229 0.0313245 0.0271879 0.0289995 0.0286665 0.0364568 
pop2.indv12 0.0437491 0.0520911 0.0523535 0.0415359 0.0369976 0.0306359 0.0321971 0.0447306 0.0392458 0.0360355 0.0420362 0.0413514 0.0354026 0.0411684 0.0419100 0.0352463 0.0449999 0.0415359 0.0412044 0.0370525 0.0417221 0.0417845 0.0449999 0.0447977 0.0334243 0.0412292 0.0321499 0.0411684 0.0000000 0.0384316 0.0516146 0.0511468 0.0371629 0.0487668 0.0406446 0.0443986 0.0558901 0.0354550 0.0351945 0.0281979 0.0439486 0.0404614 0.0390684 0.0398035 0.0405223 0.0442852 0.0414127 0.0414742 0.0475171 0.0361923 0.0516146 0.0435513 0.0442671 0.0377053 0.0308160 0.0344851 0.0373298 0.0582185 0.0521714 0.0468682 0.0413514 0.0407061 0.0240400 0.0382051 0.0362449 0.0369976 0.0364036 0.0380371 0.0383747 0.0498507 0.0364036 0.0406446 0.0422909 0.0457574 0.0449999 
pop2.indv13 0.0275431 0.0303257 0.0398035 0.0274237 0.0341707 0.0345305 0.0321499 0.0322443 0.0251433 0.0332790 0.0323870 0.0303696 0.0339182 0.0271879 0.0320094 0.0258623 0.0259370 0.0401597 0.0234852 0.0309068 0.0307257 0.0386607 0.0335220 0.0287077 0.0271102 0.0225255 0.0243851 0.0349378 0.0384316 0.0000000 0.0384316 0.0380929 0.0292544 0.0357728 0.0374419 0.0367252 0.0503086 0.0248127 0.0278258 0.0157828 0.0217255 0.0356662 0.0247765 0.0372184 0.0292544 0.0260875 0.0414742 0.0434858 0.0425487 0.0268039 0.0258996 0.0338682 0.0317319 0.0271490 0.0264327 0.0194826 0.0230451 0.0380371 0.0289575 0.0289155 0.0271102 0.0290840 0.0209658 0.0242459 0.0302819 0.0325309 0.0273446 0.0223367 0.0231787 0.0385458 0.0383747 0.0309068 0.0247044 0.0320094 0.0197577 
pop2.indv14 0.0453411 0.0348362 0.0406293 0.0330871 0.0415978 0.0423551 0.0305466 0.0500786 0.0293403 0.0283411 0.0418472 0.0411684 0.0400403 0.0398035 0.0520111 0.0382051 0.0432258 0.0452040 0.0390096 0.0399808 0.0405223 0.0467264 0.0428414 0.0425264 0.0224307 0.0565772 0.0332308 0.0375416 0.0516146 0.0384316 0.0000000 0.0376506 0.0432905 0.0364568 0.0387763 0.0434314 0.0538689 0.0356662 0.0305022 0.0326761 0.0391274 0.0367252 0.0324348 0.0478877 0.0339182 0.0368881 0.0351429 0.0463061 0.0399808 0.0409871 0.0315495 0.0316861 0.0311911 0.0283411 0.0390684 0.0280230 0.0430327 0.0440066 0.0463757 0.0429050 0.0426518 0.0356132 0.0281415 0.0443328 0.0298498 0.0382051 0.0408672 0.0373793 0.0366712 0.0378704 0.0463061 0.0291689 0.0357194 0.0383747 0.0432905 
pop2.indv15 0.0417845 0.0223367 0.0389966 0.0239046 0.0286665 0.0322443 0.0361923 0.0367793 0.0339182 0.0298498 0.0254595 0.0362977 0.0254235 0.0314591 0.0298924 0.0352983 0.0347856 0.0268798 0.0307708 0.0302382 0.0334243 0.0347351 0.0362977 0.0222744 0.0223367 0.0359317 0.0239046 0.0295971 0.0511468 0.0380929 0.0376506 0.0000000 0.0318700 0.0395115 0.0304578 0.0221203 0.0311468 0.0303257 0.0301503 0.0200695 0.0286665 0.0334731 0.0211135 0.0319628 0.0291689 0.0288737 0.0391667 0.0388840 0.0368881 0.0265415 0.0316861 0.0364036 0.0356238 0.0298924 0.0227176 0.0294309 0.0227176 0.0233781 0.0252097 0.0347856 0.0329447 0.0287491 0.0295137 0.0376506 0.0360355 0.0237708 0.0332790 0.0295137 0.0284623 0.0346848 0.0251392 0.0257882 0.0288737 0.0351429 0.0254956 
pop2.indv16 0.0395450 0.0293403 0.0386032 0.0417845 0.0306807 0.0378970 0.0339684 0.0376681 0.0365369 0.0303696 0.0309068 0.0258623 0.0340692 0.0438819 0.0388926 0.0394248 0.0588382 0.0408916 0.0237646 0.0294702 0.0261634 0.0424840 0.0356132 0.0402798 0.0290417 0.0436170 0.0275431 0.0289575 0.0371629 0.0292544 0.0432905 0.0318700 0.0000000 0.0357728 0.0362055 0.0257512 0.0415978 0.0409537 0.0391274 0.0203913 0.0263552 0.0377250 0.0203320 0.0340187 0.0324828 0.0362055 0.0388926 0.0354026 0.0496789 0.0415978 0.0405834 0.0439486 0.0334243 0.0242805 0.0313693 0.0349378 0.0341199 0.0337685 0.0442852 0.0325792 0.0289995 0.0377250 0.0354550 0.0348362 0.0336202 0.0341707 0.0352463 0.0301070 0.0342727 0.0384316 0.0355603 0.0357728 0.0377822 0.0310441 0.0277444 
pop2.indv17 0.0442175 0.0292116 0.0464454 0.0357194 0.0324348 0.0359338 0.0357728 0.0406446 0.0431405 0.0354026 0.0352983 0.0434858 0.0371076 0.0401597 0.0388344 0.0358263 0.0393053 0.0323870 0.0324348 0.0341707 0.0379547 0.0451358 0.0367252 0.0334243 0.0271490 0.0272661 0.0243153 0.0408672 0.0487668 0.0357728 0.0364568 0.0395115 0.0357728 0.0000000 0.0493711 0.0301503 0.0319628 0.0363704 0.0295574 0.0299564 0.0200121 0.0357194 0.0248854 0.0475171 0.0329211 0.0391274 0.0355603 0.0306807 0.0455483 0.0317778 0.0354026 0.0356662 0.0314141 0.0301947 0.0374982 0.0313693 0.0279900 0.0381489 0.0417845 0.0334243 0.0335710 0.0374419 0.0304578 0.0335710 0.0420996 0.0335220 0.0289155 0.0284218 0.0307708 0.0353504 0.0367252 0.0262015 0.0396054 0.0338682 0.0350401 
pop2.indv18 0.0410161 0.0341199 0.0453411 0.0391865 0.0260875 0.0249953 0.0229788 0.0481843 0.0383044 0.0305022 0.0360420 0.0355603 0.0292544 0.0322917 0.0313693 0.0308613 0.0428755 0.0405223 0.0332702 0.0379547 0.0261634 0.0295574 0.0453411 0.0371076 0.0336202 0.0320094 0.0245970 0.0334243 0.0406446 0.0374419 0.0387763 0.0304578 0.0362055 0.0493711 0.0000000 0.0334243 0.0417221 0.0264327 0.0413945 0.0301828 0.0282820 0.0329705 0.0299116 0.0454100 0.0347395 0.0326761 0.0324828 0.0370525 0.0462530 0.0418472 0.0277039 0.0362055 0.0304578 0.0212031 0.0383634 0.0300638 0.0332702 0.0352463 0.0417845 0.0456178 0.0242113 0.0247404 0.0304578 0.0287905 0.0292973 0.0340187 0.0309068 0.0395115 0.0360963 0.0245260 0.0402197 0.0280728 0.0363153 0.0305022 0.0359878 
pop2.indv19 0.0366174 0.0334243 0.0437491 0.0329447 0.0210246 0.0255318 0.0254235 0.0363506 0.0371076 0.0295971 0.0317778 0.0392810 0.0316861 0.0361399 0.0302819 0.0378152 0.0345847 0.0349378 0.0275431 0.0481772 0.0257144 0.0367793 0.0523535 0.0313245 0.0268039 0.0469706 0.0194015 0.0262478 0.0443986 0.0367252 0.0434314 0.0221203 0.0257512 0.0301503 0.0334243 0.0000000 0.0357258 0.0256045 0.0400403 0.0277850 0.0214458 0.0333758 0.0286665 0.0413514 0.0198700 0.0351945 0.0442017 0.0298498 0.0416599 0.0249300 0.0378704 0.0303257 0.0386607 0.0281812 0.0321029 0.0277505 0.0316861 0.0342876 0.0346347 0.0380371 0.0393384 0.0354550 0.0294309 0.0342386 0.0281415 0.0287077 0.0238375 0.0325246 0.0400403 0.0360355 0.0177177 0.0257512 0.0369428 0.0270330 0.0311911 
pop2.indv2  0.0559727 0.0319163 0.0512242 0.0398625 0.0349889 0.0506185 0.0436829 0.0401597 0.0372740 0.0440714 0.0365102 0.0349378 0.0412902 0.0430327 0.0416599 0.0417221 0.0414127 0.0379258 0.0394848 0.0573708 0.0480320 0.0471544 0.0299351 0.0309712 0.0266533 0.0409271 0.0206197 0.0426518 0.0558901 0.0503086 0.0538689 0.0311468 0.0415978 0.0319628 0.0417221 0.0357258 0.0000000 0.0384886 0.0435513 0.0357728 0.0406446 0.0442175 0.0367252 0.0396278 0.0414127 0.0320561 0.0464454 0.0415359 0.0597840 0.0403359 0.0445308 0.0412902 0.0409271 0.0311027 0.0388926 0.0325246 0.0350401 0.0471094 0.0443986 0.0378152 0.0380929 0.0400403 0.0427149 0.0311468 0.0344851 0.0366174 0.0298924 0.0440066 0.0447306 0.0329447 0.0379258 0.0369428 0.0405223 0.0380929 0.0414742 
pop2.indv20 0.0327737 0.0243502 0.0384316 0.0338682 0.0294702 0.0295137 0.0213237 0.0375546 0.0377822 0.0285436 0.0343239 0.0292973 0.0216003 0.0271879 0.0384886 0.0184997 0.0309525 0.0274237 0.0381288 0.0324348 0.0292116 0.0373857 0.0305912 0.0305912 0.0243502 0.0336202 0.0280313 0.0243851 0.0354550 0.0248127 0.0356662 0.0303257 0.0409537 0.0363704 0.0264327 0.0256045 0.0384886 0.0000000 0.0313224 0.0286665 0.0410787 0.0263939 0.0343239 0.0376113 0.0327248 0.0201272 0.0372740 0.0228802 0.0463965 0.0349889 0.0309982 0.0295574 0.0287905 0.0305466 0.0345825 0.0225255 0.0296012 0.0385458 0.0340692 0.0403402 0.0243153 0.0345305 0.0241425 0.0350401 0.0336695 0.0294702 0.0259370 0.0287491 0.0277444 0.0336695 0.0261254 0.0326761 0.0352463 0.0293403 0.0279076 
pop2.indv21 0.0343239 0.0340187 0.0400403 0.0371076 0.0407061 0.0252180 0.0338682 0.0247404 0.0269477 0.0322443 0.0292973 0.0354026 0.0387763 0.0292116 0.0338682 0.0338183 0.0340692 0.0384886 0.0218204 0.0325792 0.0324348 0.0360963 0.0337685 0.0273053 0.0244202 0.0383747 0.0303696 0.0371629 0.0351945 0.0278258 0.0305022 0.0301503 0.0391274 0.0295574 0.0413945 0.0400403 0.0435513 0.0313224 0.0000000 0.0318458 0.0344786 0.0310902 0.0280728 0.0374982 0.0293835 0.0314163 0.0352983 0.0438819 0.0325792 0.0321499 0.0390096 0.0359338 0.0302819 0.0259370 0.0325309 0.0241769 0.0342727 0.0402197 0.0423551 0.0354550 0.0309068 0.0328227 0.0242113 0.0339182 0.0244554 0.0339684 0.0404614 0.0366174 0.0394248 0.0408295 0.0354026 0.0293835 0.0363153 0.0354026 0.0356132 
pop2.indv22 0.0267472 0.0282399 0.0408295 0.0219162 0.0250321 0.0222414 0.0221428 0.0189310 0.0273995 0.0280313 0.0314163 0.0313224 0.0217887 0.0344786 0.0300466 0.0330698 0.0299564 0.0264327 0.0160829 0.0299116 0.0266284 0.0317975 0.0234508 0.0229788 0.0187941 0.0309982 0.0186860 0.0200121 0.0281979 0.0157828 0.0326761 0.0200695 0.0203913 0.0299564 0.0301828 0.0277850 0.0357728 0.0286665 0.0318458 0.0000000 0.0223076 0.0299116 0.0175482 0.0217887 0.0237646 0.0334221 0.0250321 0.0235544 0.0453981 0.0198418 0.0219162 0.0235198 0.0197857 0.0170979 0.0272334 0.0273053 0.0235198 0.0264327 0.0231452 0.0218204 0.0202145 0.0219162 0.0291689 0.0261634 0.0217571 0.0217571 0.0217887 0.0230784 0.0297778 0.0295574 0.0292544 0.0234508 0.0286233 0.0220451 0.0203913 
pop2.indv23 0.0284090 0.0260497 0.0439486 0.0275831 0.0214765 0.0317013 0.0359338 0.0314634 0.0347395 0.0258623 0.0201853 0.0356662 0.0341707 0.0357194 0.0356662 0.0326761 0.0379547 0.0292544 0.0330201 0.0331197 0.0297778 0.0409537 0.0376113 0.0259370 0.0305466 0.0260497 0.0278258 0.0338183 0.0439486 0.0217255 0.0391274 0.0286665 0.0263552 0.0200121 0.0282820 0.0214458 0.0406446 0.0410787 0.0344786 0.0223076 0.0000000 0.0279900 0.0281561 0.0294702 0.0331197 0.0235892 0.0276635 0.0292544 0.0279487 0.0321971 0.0277039 0.0265498 0.0320094 0.0274237 0.0297334 0.0272661 0.0343753 0.0383180 0.0321971 0.0320561 0.0338183 0.0264327 0.0210246 0.0302382 0.0291264 0.0231452 0.0306359 0.0287491 0.0346347 0.0335220 0.0259744 0.0292116 0.0358800 0.0233480 0.0277444 
pop2.indv24 0.0494476 0.0322917 0.0439486 0.0390684 0.0390684 0.0282399 0.0341707 0.0344269 0.0383634 0.0287491 0.0375546 0.0422269 0.0374982 0.0438819 0.0371076 0.0403402 0.0408916 0.0325309 0.0251433 0.0424194 0.0390096 0.0410787 0.0471544 0.0421632 0.0228802 0.0338682 0.0293403 0.0289575 0.0404614 0.0356662 0.0367252 0.0334731 0.0377250 0.0357194 0.0329705 0.0333758 0.0442175 0.0263939 0.0310902 0.0299116 0.0279900 0.0000000 0.0234852 0.0378970 0.0265498 0.0313224 0.0291264 0.0454790 0.0514909 0.0288737 0.0275032 0.0373298 0.0398625 0.0305022 0.0248854 0.0223055 0.0397267 0.0371076 0.0452040 0.0277444 0.0322443 0.0311363 0.0287905 0.0430969 0.0290840 0.0309982 0.0278258 0.0349378 0.0231117 0.0307708 0.0305022 0.0265498 0.0343753 0.0426137 0.0408916 
pop2.indv25 0.0295574 0.0218204 0.0349378 0.0244554 0.0310902 0.0265106 0.0308613 0.0247044 0.0361508 0.0274633 0.0231117 0.0323870 0.0216627 0.0243851 0.0324828 0.0342216 0.0371629 0.0258996 0.0174461 0.0326761 0.0296892 0.0282399 0.0338183 0.0320094 0.0182400 0.0321499 0.0184734 0.0198700 0.0390684 0.0247765 0.0324348 0.0211135 0.0203320 0.0248854 0.0299116 0.0286665 0.0367252 0.0343239 0.0280728 0.0175482 0.0281561 0.0234852 0.0000000 0.0231787 0.0218842 0.0263939 0.0292544 0.0214765 0.0415863 0.0286254 0.0279900 0.0250321 0.0349378 0.0230119 0.0295574 0.0226212 0.0279900 0.0226532 0.0168576 0.0258252 0.0246327 0.0247765 0.0182144 0.0289995 0.0244202 0.0294702 0.0323393 0.0227499 0.0247404 0.0243153 0.0323870 0.0127262 0.0360420 0.0405223 0.0156257 
pop2.indv3  0.0343239 0.0259744 0.0415359 0.0373857 0.0212331 0.0326276 0.0372184 0.0373857 0.0346347 0.0285436 0.0424840 0.0450677 0.0368881 0.0398625 0.0404614 0.0277039 0.0402197 0.0364568 0.0360420 0.0356132 0.0323393 0.0421632 0.0432258 0.0314141 0.0270716 0.0396278 0.0303696 0.0348869 0.0398035 0.0372184 0.0478877 0.0319628 0.0340187 0.0475171 0.0454100 0.0413514 0.0396278 0.0376113 0.0374982 0.0217887 0.0294702 0.0378970 0.0231787 0.0000000 0.0310902 0.0409537 0.0321029 0.0439486 0.0407061 0.0347351 0.0213237 0.0511702 0.0287077 0.0349378 0.0296892 0.0360876 0.0374982 0.0379814 0.0368881 0.0353504 0.0395696 0.0339684 0.0287491 0.0367252 0.0332790 0.0368337 0.0368881 0.0445972 0.0307257 0.0464454 0.0400999 0.0292973 0.0442852 0.0352983 0.0369976 
pop2.indv4  0.0356132 0.0200983 0.0258623 0.0228475 0.0263552 0.0248490 0.0231787 0.0358800 0.0266679 0.0338183 0.0249953 0.0354550 0.0312291 0.0305022 0.0357728 0.0295137 0.0293403 0.0276635 0.0235544 0.0216315 0.0344269 0.0294702 0.0325309 0.0324348 0.0243851 0.0289575 0.0183950 0.0258996 0.0405223 0.0292544 0.0339182 0.0291689 0.0324828 0.0329211 0.0347395 0.0198700 0.0414127 0.0327248 0.0293835 0.0237646 0.0331197 0.0265498 0.0218842 0.0310902 0.0000000 0.0315582 0.0338183 0.0341199 0.0493711 0.0319163 0.0372184 0.0328718 0.0307257 0.0228475 0.0200695 0.0195643 0.0277850 0.0333758 0.0342216 0.0371076 0.0258252 0.0278666 0.0287491 0.0354026 0.0260497 0.0309068 0.0213846 0.0421632 0.0309982 0.0273053 0.0277444 0.0232800 0.0313693 0.0344269 0.0279076 
pop2.indv5  0.0347922 0.0260875 0.0285436 0.0340692 0.0355076 0.0384818 0.0274633 0.0279076 0.0311826 0.0355076 0.0375546 0.0352463 0.0292116 0.0338682 0.0456178 0.0279076 0.0393053 0.0309525 0.0335242 0.0326276 0.0296892 0.0323870 0.0350401 0.0224938 0.0257512 0.0287905 0.0214151 0.0386607 0.0442852 0.0260875 0.0368881 0.0288737 0.0362055 0.0391274 0.0326761 0.0351945 0.0320561 0.0201272 0.0314163 0.0334221 0.0235892 0.0313224 0.0263939 0.0409537 0.0315582 0.0000000 0.0303696 0.0354026 0.0396660 0.0335710 0.0263166 0.0324828 0.0349378 0.0336202 0.0432073 0.0255318 0.0374419 0.0321029 0.0306807 0.0373298 0.0338183 0.0260497 0.0303257 0.0257512 0.0332790 0.0357728 0.0372740 0.0348869 0.0261634 0.0244906 0.0288737 0.0342216 0.0391274 0.0275032 0.0260497 
pop2.indv6  0.0398625 0.0242805 0.0497000 0.0417221 0.0336202 0.0310902 0.0352983 0.0320094 0.0262398 0.0285845 0.0384886 0.0349378 0.0303696 0.0270716 0.0362449 0.0273053 0.0538088 0.0346848 0.0294702 0.0369428 0.0274237 0.0384886 0.0414742 0.0238375 0.0150690 0.0377053 0.0198700 0.0360876 0.0414127 0.0414742 0.0351429 0.0391667 0.0388926 0.0355603 0.0324828 0.0442017 0.0464454 0.0372740 0.0352983 0.0250321 0.0276635 0.0291264 0.0292544 0.0321029 0.0338183 0.0303696 0.0000000 0.0367793 0.0453411 0.0423396 0.0290417 0.0373298 0.0284623 0.0270330 0.0327737 0.0298074 0.0404007 0.0375416 0.0382615 0.0367793 0.0335220 0.0260497 0.0270330 0.0266908 0.0365102 0.0350914 0.0418472 0.0392238 0.0228149 0.0334731 0.0412902 0.0321499 0.0376113 0.0289155 0.0335710 
pop2.indv7  0.0354026 0.0316404 0.0298074 0.0352983 0.0338183 0.0292973 0.0333273 0.0467264 0.0324828 0.0361923 0.0418472 0.0481772 0.0332308 0.0331828 0.0351945 0.0368337 0.0402798 0.0318700 0.0295137 0.0228475 0.0290417 0.0486181 0.0364036 0.0429050 0.0366174 0.0344851 0.0223055 0.0342876 0.0414742 0.0434858 0.0463061 0.0388840 0.0354026 0.0306807 0.0370525 0.0298498 0.0415359 0.0228802 0.0438819 0.0235544 0.0292544 0.0454790 0.0214765 0.0439486 0.0341199 0.0354026 0.0367793 0.0000000 0.0404007 0.0391667 0.0465855 0.0334731 0.0326635 0.0239383 0.0341707 0.0283411 0.0318700 0.0392810 0.0378152 0.0495501 0.0347856 0.0303696 0.0240400 0.0377053 0.0315949 0.0290840 0.0238710 0.0354718 0.0307257 0.0348869 0.0364036 0.0228475 0.0376113 0.0289155 0.0285845 
pop2.indv8  0.0358800 0.0390096 0.0594081 0.0307708 0.0423551 0.0363704 0.0340187 0.0442175 0.0399717 0.0368881 0.0500691 0.0419730 0.0440826 0.0303257 0.0440826 0.0474441 0.0597840 0.0441499 0.0347922 0.0356662 0.0426137 0.0343239 0.0421632 0.0388344 0.0404007 0.0432905 0.0290417 0.0368337 0.0475171 0.0425487 0.0399808 0.0368881 0.0496789 0.0455483 0.0462530 0.0416599 0.0597840 0.0463965 0.0325792 0.0453981 0.0279487 0.0514909 0.0415863 0.0407061 0.0493711 0.0396660 0.0453411 0.0404007 0.0000000 0.0506185 0.0421632 0.0323870 0.0334243 0.0400999 0.0399102 0.0367252 0.0394248 0.0468682 0.0692246 0.0372184 0.0472265 0.0497564 0.0337685 0.0452725 0.0355603 0.0323393 0.0290840 0.0481045 0.0473713 0.0404007 0.0420362 0.0376681 0.0446271 0.0322443 0.0407677 
pop2.indv9  0.0449323 0.0393384 0.0371119 0.0333273 0.0327100 0.0333273 0.0363506 0.0359317 0.0256045 0.0282210 0.0329447 0.0359835 0.0344355 0.0294309 0.0408074 0.0285845 0.0388840 0.0390532 0.0229459 0.0398035 0.0360876 0.0498507 0.0392238 0.0295553 0.0293485 0.0372719 0.0358800 0.0219081 0.0361923 0.0268039 0.0409871 0.0265415 0.0415978 0.0317778 0.0418472 0.0249300 0.0403359 0.0349889 0.0321499 0.0198418 0.0321971 0.0288737 0.0286254 0.0347351 0.0319163 0.0335710 0.0423396 0.0391667 0.0506185 0.0000000 0.0345847 0.0443986 0.0352214 0.0264675 0.0321499 0.0217887 0.0256045 0.0294309 0.0295553 0.0310149 0.0388840 0.0269180 0.0247244 0.0354718 0.0235728 0.0362977 0.0281812 0.0369007 0.0396278 0.0406885 0.0266160 0.0285845 0.0317319 0.0300208 0.0360355 
pop3.indv1  0.0389511 0.0319628 0.0382051 0.0289155 0.0350401 0.0339182 0.0289575 0.0303696 0.0308160 0.0395115 0.0354550 0.0257144 0.0302819 0.0334731 0.0365637 0.0415978 0.0386607 0.0384316 0.0265106 0.0374982 0.0277444 0.0321029 0.0350914 0.0351945 0.0270330 0.0317319 0.0285029 0.0298924 0.0516146 0.0258996 0.0315495 0.0316861 0.0405834 0.0354026 0.0277039 0.0378704 0.0445308 0.0309982 0.0390096 0.0219162 0.0277039 0.0275032 0.0279900 0.0213237 0.0372184 0.0263166 0.0290417 0.0465855 0.0421632 0.0345847 0.0000000 0.0321029 0.0252097 0.0223055 0.0321499 0.0209365 0.0275431 0.0238375 0.0350401 0.0210246 0.0223055 0.0185526 0.0194826 0.0327567 0.0225892 0.0287905 0.0223993 0.0283010 0.0303696 0.0380929 0.0316404 0.0261254 0.0340187 0.0349378 0.0285029 
pop3.indv10 0.0410161 0.0421632 0.0380929 0.0273841 0.0422909 0.0358263 0.0370525 0.0439486 0.0349511 0.0275032 0.0276233 0.0387763 0.0352983 0.0350914 0.0469394 0.0321971 0.0406446 0.0289575 0.0203320 0.0325309 0.0323393 0.0338183 0.0367252 0.0447977 0.0273841 0.0285029 0.0258252 0.0365102 0.0435513 0.0338682 0.0316861 0.0364036 0.0439486 0.0356662 0.0362055 0.0303257 0.0412902 0.0295574 0.0359338 0.0235198 0.0265498 0.0373298 0.0250321 0.0511702 0.0328718 0.0324828 0.0373298 0.0334731 0.0323870 0.0443986 0.0321029 0.0000000 0.0255318 0.0267661 0.0373857 0.0166239 0.0337189 0.0332790 0.0273053 0.0369976 0.0273053 0.0305466 0.0255681 0.0399216 0.0289155 0.0340187 0.0272661 0.0287491 0.0354026 0.0270330 0.0241082 0.0247404 0.0278258 0.0292544 0.0303696 
