75
pop1.indv1  0.0000000 0.0251265 0.0295372 0.0349004 0.0313829 0.0303728 0.0293041 0.0271856 0.0266778 0.0318222 0.0344044 0.0284580 0.0305509 0.0309790 0.0296552 0.0310950 0.0225733 0.0292362 0.0297341 0.0254148 0.0281964 0.0320046 0.0315561 0.0295266 0.0252295 0.0288306 0.0331615 0.0309741 0.0376733 0.0298935 0.0323630 0.0328393 0.0342210 0.0314618 0.0301643 0.0335150 0.0332231 0.0309465 0.0302615 0.0322429 0.0313184 0.0273565 0.0375239 0.0319324 0.0310704 0.0319442 0.0318185 0.0311363 0.0330220 0.0362748 0.0334832 0.0295364 0.0320382 0.0265018 0.0310398 0.0392371 0.0315338 0.0290147 0.0330471 0.0332653 0.0277126 0.0350454 0.0270423 0.0312433 0.0348372 0.0311407 0.0364294 0.0337933 0.0317545 0.0342067 0.0355872 0.0353756 0.0291783 0.0336571 0.0355970 
pop1.indv2  0.0251265 0.0000000 0.0231109 0.0259399 0.0276807 0.0310434 0.0256524 0.0232423 0.0240798 0.0256959 0.0292917 0.0251743 0.0275932 0.0263607 0.0278385 0.0260269 0.0222006 0.0279995 0.0196852 0.0232688 0.0228049 0.0284403 0.0292986 0.0262425 0.0231505 0.0198562 0.0259986 0.0238541 0.0282410 0.0220393 0.0262948 0.0268433 0.0286965 0.0280973 0.0265928 0.0274029 0.0287123 0.0242987 0.0265223 0.0328109 0.0244035 0.0250336 0.0298967 0.0276881 0.0274912 0.0318085 0.0232759 0.0251851 0.0297112 0.0271287 0.0285866 0.0303064 0.0196912 0.0280215 0.0254947 0.0306264 0.0314822 0.0282506 0.0271261 0.0296115 0.0250982 0.0255944 0.0247380 0.0257215 0.0287408 0.0284147 0.0244500 0.0281320 0.0226502 0.0293002 0.0304012 0.0271389 0.0230760 0.0273035 0.0251658 
pop1.indv3  0.0295372 0.0231109 0.0000000 0.0323091 0.0298895 0.0258606 0.0298456 0.0285538 0.0264352 0.0310287 0.0308845 0.0266897 0.0336472 0.0314445 0.0319714 0.0291428 0.0278230 0.0313870 0.0318591 0.0265489 0.0311896 0.0330975 0.0273975 0.0296914 0.0284724 0.0278893 0.0274525 0.0282337 0.0346825 0.0284809 0.0274883 0.0291320 0.0268959 0.0329358 0.0252586 0.0328545 0.0353730 0.0303307 0.0291725 0.0318633 0.0311005 0.0292104 0.0295569 0.0293428 0.0298940 0.0301750 0.0295484 0.0336387 0.0327903 0.0330979 0.0303635 0.0340949 0.0288500 0.0329157 0.0279603 0.0320508 0.0337201 0.0313886 0.0334875 0.0299373 0.0289076 0.0304907 0.0261567 0.0312997 0.0304561 0.0341738 0.0282684 0.0320277 0.0263264 0.0307687 0.0352929 0.0306356 0.0261068 0.0299239 0.0297133 
pop1.indv4  0.0349004 0.0259399 0.0323091 0.0000000 0.0301595 0.0327298 0.0333189 0.0294594 0.0302807 0.0298347 0.0298515 0.0298574 0.0345778 0.0327152 0.0281491 0.0325122 0.0307257 0.0351865 0.0291309 0.0297735 0.0285188 0.0302817 0.0290389 0.0314573 0.0277729 0.0332491 0.0308641 0.0337150 0.0408844 0.0284488 0.0351309 0.0334116 0.0342309 0.0309362 0.0279451 0.0362195 0.0347305 0.0317634 0.0280856 0.0323066 0.0331087 0.0308262 0.0343671 0.0386080 0.0306709 0.0290082 0.0280164 0.0355394 0.0320342 0.0336996 0.0328865 0.0382639 0.0310048 0.0322380 0.0353964 0.0361773 0.0370576 0.0336991 0.0301166 0.0398810 0.0348289 0.0318986 0.0361546 0.0315495 0.0334175 0.0340537 0.0318146 0.0324484 0.0324698 0.0336848 0.0348580 0.0358532 0.0284274 0.0323798 0.0351466 
pop1.indv5  0.0313829 0.0276807 0.0298895 0.0301595 0.0000000 0.0356640 0.0275376 0.0279506 0.0302459 0.0302031 0.0385839 0.0326127 0.0357325 0.0301606 0.0316304 0.0303310 0.0274390 0.0309023 0.0312964 0.0305179 0.0311784 0.0354506 0.0256188 0.0324525 0.0301618 0.0296317 0.0362439 0.0328435 0.0394512 0.0302505 0.0304482 0.0327438 0.0349877 0.0350061 0.0302311 0.0334825 0.0325944 0.0326656 0.0321560 0.0348373 0.0332462 0.0306378 0.0340615 0.0345210 0.0303960 0.0348990 0.0313436 0.0366009 0.0380876 0.0343149 0.0352278 0.0329026 0.0308143 0.0374907 0.0355000 0.0371387 0.0330979 0.0332994 0.0308234 0.0372438 0.0319333 0.0318677 0.0338429 0.0350781 0.0330479 0.0370950 0.0349540 0.0326343 0.0328133 0.0305666 0.0337874 0.0355868 0.0277587 0.0332199 0.0277979 
pop1.indv6  0.0303728 0.0310434 0.0258606 0.0327298 0.0356640 0.0000000 0.0287799 0.0300991 0.0286405 0.0290814 0.0301283 0.0299960 0.0333044 0.0315101 0.0348953 0.0281120 0.0249339 0.0291061 0.0275104 0.0314591 0.0284886 0.0306449 0.0330610 0.0262614 0.0319227 0.0350375 0.0288864 0.0301202 0.0331992 0.0302058 0.0320409 0.0284717 0.0312846 0.0296756 0.0322381 0.0311896 0.0357185 0.0315521 0.0311515 0.0356845 0.0335464 0.0302988 0.0344631 0.0320318 0.0274828 0.0310966 0.0330431 0.0351823 0.0340911 0.0301398 0.0309599 0.0349701 0.0278645 0.0305468 0.0341461 0.0351059 0.0324336 0.0364587 0.0338710 0.0324513 0.0303833 0.0315453 0.0294191 0.0349394 0.0359737 0.0352887 0.0326891 0.0330522 0.0293297 0.0356932 0.0328772 0.0361371 0.0287842 0.0342668 0.0324267 
pop1.indv7  0.0293041 0.0256524 0.0298456 0.0333189 0.0275376 0.0287799 0.0000000 0.0266329 0.0263708 0.0258319 0.0368251 0.0304312 0.0314423 0.0287590 0.0344177 0.0313682 0.0294705 0.0316286 0.0333929 0.0318656 0.0282879 0.0286264 0.0302189 0.0303450 0.0278487 0.0310989 0.0283883 0.0298636 0.0357393 0.0269386 0.0328423 0.0294708 0.0309516 0.0301338 0.0290973 0.0339261 0.0312789 0.0293297 0.0278338 0.0311442 0.0284572 0.0298272 0.0360427 0.0332524 0.0306071 0.0321712 0.0327362 0.0326100 0.0321710 0.0339303 0.0343447 0.0345906 0.0348470 0.0359081 0.0298942 0.0367786 0.0321294 0.0335936 0.0285303 0.0344151 0.0325790 0.0308948 0.0316733 0.0319265 0.0322483 0.0315802 0.0305716 0.0310929 0.0310665 0.0328728 0.0299335 0.0304942 0.0274180 0.0282904 0.0298244 
pop1.indv8  0.0271856 0.0232423 0.0285538 0.0294594 0.0279506 0.0300991 0.0266329 0.0000000 0.0269361 0.0298298 0.0345463 0.0302694 0.0315569 0.0282317 0.0263761 0.0277792 0.0258287 0.0253219 0.0276698 0.0256445 0.0240392 0.0269950 0.0237251 0.0275053 0.0291623 0.0287139 0.0308450 0.0261687 0.0295386 0.0281460 0.0270463 0.0324325 0.0259654 0.0315511 0.0268592 0.0288628 0.0310310 0.0247183 0.0264995 0.0354141 0.0301561 0.0303752 0.0331291 0.0288300 0.0340058 0.0301421 0.0306177 0.0299234 0.0336866 0.0313805 0.0340827 0.0285447 0.0257313 0.0307456 0.0294909 0.0328040 0.0290636 0.0310517 0.0322569 0.0311563 0.0313567 0.0301455 0.0260708 0.0325899 0.0313399 0.0298706 0.0318168 0.0317480 0.0330547 0.0287136 0.0327828 0.0372598 0.0255922 0.0309925 0.0269866 
pop1.indv9  0.0266778 0.0240798 0.0264352 0.0302807 0.0302459 0.0286405 0.0263708 0.0269361 0.0000000 0.0278602 0.0284420 0.0273762 0.0299805 0.0288142 0.0309069 0.0278376 0.0249463 0.0277138 0.0250305 0.0269277 0.0288844 0.0258556 0.0259224 0.0267213 0.0264981 0.0288687 0.0281893 0.0309832 0.0311837 0.0304899 0.0255802 0.0295438 0.0251333 0.0263106 0.0283720 0.0300289 0.0284715 0.0293185 0.0289709 0.0298679 0.0320558 0.0256293 0.0344692 0.0274233 0.0271903 0.0283757 0.0271916 0.0304020 0.0336884 0.0317685 0.0282214 0.0303635 0.0266390 0.0314932 0.0286219 0.0342639 0.0302100 0.0298639 0.0265370 0.0285427 0.0277292 0.0311116 0.0306548 0.0282047 0.0301951 0.0286172 0.0278348 0.0288477 0.0288835 0.0325412 0.0312879 0.0316692 0.0277322 0.0275437 0.0298509 
pop1.indv10 0.0318222 0.0256959 0.0310287 0.0298347 0.0302031 0.0290814 0.0258319 0.0298298 0.0278602 0.0000000 0.0293305 0.0278788 0.0313844 0.0309818 0.0276925 0.0272236 0.0241513 0.0340270 0.0268945 0.0255009 0.0292084 0.0286696 0.0251279 0.0249271 0.0264183 0.0297712 0.0310171 0.0294464 0.0331072 0.0283948 0.0236079 0.0278789 0.0288182 0.0314788 0.0283991 0.0309902 0.0311201 0.0280844 0.0298165 0.0332431 0.0280947 0.0259602 0.0337733 0.0295976 0.0306349 0.0311669 0.0274696 0.0264426 0.0321594 0.0278469 0.0322413 0.0311293 0.0297257 0.0302916 0.0312567 0.0287420 0.0318106 0.0305463 0.0311566 0.0293019 0.0278365 0.0307979 0.0288894 0.0309928 0.0296902 0.0314321 0.0288284 0.0307841 0.0320894 0.0339060 0.0313349 0.0314522 0.0253792 0.0272176 0.0283768 
pop1.indv11 0.0344044 0.0292917 0.0308845 0.0298515 0.0385839 0.0301283 0.0368251 0.0345463 0.0284420 0.0293305 0.0000000 0.0331809 0.0332128 0.0359914 0.0351509 0.0291220 0.0301426 0.0344456 0.0305953 0.0335438 0.0293527 0.0343584 0.0299059 0.0331548 0.0287488 0.0308668 0.0326025 0.0283649 0.0413926 0.0316316 0.0297801 0.0320085 0.0362846 0.0357141 0.0330247 0.0366542 0.0375439 0.0314370 0.0294057 0.0338700 0.0323737 0.0324192 0.0336831 0.0347444 0.0302129 0.0327588 0.0348271 0.0337332 0.0363061 0.0311586 0.0364192 0.0413094 0.0334494 0.0349759 0.0309601 0.0402934 0.0348017 0.0359639 0.0315959 0.0349602 0.0356502 0.0356635 0.0283560 0.0356850 0.0308228 0.0287503 0.0310072 0.0321131 0.0317927 0.0391319 0.0367524 0.0368549 0.0336057 0.0379438 0.0350962 
pop1.indv12 0.0284580 0.0251743 0.0266897 0.0298574 0.0326127 0.0299960 0.0304312 0.0302694 0.0273762 0.0278788 0.0331809 0.0000000 0.0334750 0.0300028 0.0243483 0.0304346 0.0271822 0.0332061 0.0254683 0.0268689 0.0247545 0.0292285 0.0270101 0.0262473 0.0295495 0.0304990 0.0327735 0.0318461 0.0377826 0.0300294 0.0317100 0.0319196 0.0316618 0.0300722 0.0293710 0.0328935 0.0344244 0.0333317 0.0252612 0.0327462 0.0291487 0.0289897 0.0326983 0.0323750 0.0324804 0.0329757 0.0305946 0.0322808 0.0310674 0.0319866 0.0300123 0.0339674 0.0309937 0.0306967 0.0302611 0.0390652 0.0300075 0.0306870 0.0315282 0.0334860 0.0293794 0.0337439 0.0319368 0.0323834 0.0350923 0.0310322 0.0298288 0.0247379 0.0318210 0.0309734 0.0330838 0.0325983 0.0272572 0.0334592 0.0285298 
pop1.indv13 0.0305509 0.0275932 0.0336472 0.0345778 0.0357325 0.0333044 0.0314423 0.0315569 0.0299805 0.0313844 0.0332128 0.0334750 0.0000000 0.0321212 0.0352109 0.0355127 0.0299267 0.0334572 0.0285322 0.0332466 0.0256204 0.0362338 0.0314281 0.0314356 0.0301207 0.0323172 0.0360167 0.0327640 0.0429409 0.0297879 0.0325831 0.0338150 0.0357608 0.0328358 0.0306361 0.0370956 0.0337940 0.0320646 0.0350968 0.0373748 0.0321598 0.0333455 0.0401043 0.0387192 0.0296808 0.0347182 0.0358590 0.0347872 0.0362086 0.0379165 0.0361024 0.0389056 0.0313427 0.0384427 0.0318438 0.0393260 0.0350917 0.0345749 0.0367896 0.0347494 0.0357235 0.0333762 0.0332805 0.0341597 0.0362059 0.0361764 0.0333377 0.0355271 0.0384482 0.0359771 0.0360385 0.0371813 0.0320623 0.0354222 0.0342643 
pop1.indv14 0.0309790 0.0263607 0.0314445 0.0327152 0.0301606 0.0315101 0.0287590 0.0282317 0.0288142 0.0309818 0.0359914 0.0300028 0.0321212 0.0000000 0.0330234 0.0312931 0.0298791 0.0283148 0.0304200 0.0306776 0.0303658 0.0282235 0.0283894 0.0315663 0.0282003 0.0322694 0.0317639 0.0315652 0.0361023 0.0289287 0.0293642 0.0309770 0.0295855 0.0308978 0.0325997 0.0326171 0.0325287 0.0322261 0.0320750 0.0337399 0.0294379 0.0327661 0.0344718 0.0334754 0.0299551 0.0353653 0.0350779 0.0327187 0.0343420 0.0319876 0.0355300 0.0357344 0.0285505 0.0385448 0.0291667 0.0404690 0.0349424 0.0317789 0.0324560 0.0295440 0.0325191 0.0344766 0.0311228 0.0321581 0.0338711 0.0366934 0.0330957 0.0320624 0.0325823 0.0348003 0.0342439 0.0376618 0.0289093 0.0390195 0.0352614 
pop1.indv15 0.0296552 0.0278385 0.0319714 0.0281491 0.0316304 0.0348953 0.0344177 0.0263761 0.0309069 0.0276925 0.0351509 0.0243483 0.0352109 0.0330234 0.0000000 0.0323393 0.0286475 0.0350067 0.0231256 0.0322591 0.0302245 0.0286651 0.0281368 0.0298168 0.0253310 0.0302328 0.0295532 0.0303628 0.0360046 0.0279770 0.0322888 0.0312241 0.0337512 0.0347053 0.0282092 0.0332063 0.0338853 0.0327623 0.0285204 0.0339271 0.0302880 0.0285196 0.0361527 0.0320982 0.0296737 0.0272438 0.0363492 0.0322966 0.0337635 0.0326151 0.0306738 0.0329316 0.0306725 0.0347339 0.0298994 0.0305277 0.0334136 0.0324669 0.0320922 0.0338389 0.0328687 0.0320256 0.0337781 0.0323905 0.0331721 0.0352382 0.0253543 0.0342194 0.0284650 0.0347227 0.0323245 0.0325325 0.0334116 0.0299622 0.0319836 
pop1.indv16 0.0310950 0.0260269 0.0291428 0.0325122 0.0303310 0.0281120 0.0313682 0.0277792 0.0278376 0.0272236 0.0291220 0.0304346 0.0355127 0.0312931 0.0323393 0.0000000 0.0281078 0.0314228 0.0340140 0.0295227 0.0264283 0.0304519 0.0279192 0.0310856 0.0281200 0.0279389 0.0328203 0.0304944 0.0372374 0.0312441 0.0286661 0.0299770 0.0316875 0.0354417 0.0323960 0.0328441 0.0333848 0.0318954 0.0320797 0.0374680 0.0318545 0.0283493 0.0351489 0.0287746 0.0325388 0.0327041 0.0328439 0.0349094 0.0363950 0.0340497 0.0364311 0.0381520 0.0328826 0.0324348 0.0302359 0.0348533 0.0351408 0.0326677 0.0346354 0.0375097 0.0295915 0.0344158 0.0321611 0.0331802 0.0306028 0.0358261 0.0346289 0.0296745 0.0314234 0.0359330 0.0292381 0.0366818 0.0330014 0.0331999 0.0349794 
pop1.indv17 0.0225733 0.0222006 0.0278230 0.0307257 0.0274390 0.0249339 0.0294705 0.0258287 0.0249463 0.0241513 0.0301426 0.0271822 0.0299267 0.0298791 0.0286475 0.0281078 0.0000000 0.0266305 0.0237632 0.0238233 0.0296125 0.0277824 0.0238151 0.0242512 0.0239988 0.0271504 0.0271904 0.0255805 0.0308631 0.0277609 0.0202323 0.0282091 0.0283736 0.0280600 0.0261331 0.0328002 0.0279360 0.0300709 0.0276425 0.0321474 0.0282465 0.0261721 0.0337177 0.0274016 0.0270689 0.0307964 0.0271050 0.0322811 0.0302716 0.0297316 0.0279692 0.0281470 0.0283163 0.0275866 0.0298239 0.0348421 0.0301164 0.0304102 0.0286557 0.0289658 0.0296812 0.0288985 0.0269289 0.0267267 0.0295214 0.0294030 0.0267055 0.0253590 0.0286903 0.0293862 0.0312082 0.0340129 0.0272692 0.0277506 0.0275978 
pop1.indv18 0.0292362 0.0279995 0.0313870 0.0351865 0.0309023 0.0291061 0.0316286 0.0253219 0.0277138 0.0340270 0.0344456 0.0332061 0.0334572 0.0283148 0.0350067 0.0314228 0.0266305 0.0000000 0.0317518 0.0285369 0.0295331 0.0300664 0.0280537 0.0303985 0.0276924 0.0342098 0.0350545 0.0295819 0.0317902 0.0337383 0.0283168 0.0290781 0.0297968 0.0277903 0.0317990 0.0359681 0.0359132 0.0296557 0.0316163 0.0361114 0.0318143 0.0289795 0.0334901 0.0304753 0.0311576 0.0301422 0.0305222 0.0306305 0.0304918 0.0325582 0.0326561 0.0346264 0.0313122 0.0338369 0.0308718 0.0381557 0.0297587 0.0309018 0.0302789 0.0332592 0.0290559 0.0363461 0.0327441 0.0354958 0.0331142 0.0321051 0.0338113 0.0334042 0.0328477 0.0358596 0.0289976 0.0358907 0.0298947 0.0348248 0.0286516 
pop1.indv19 0.0297341 0.0196852 0.0318591 0.0291309 0.0312964 0.0275104 0.0333929 0.0276698 0.0250305 0.0268945 0.0305953 0.0254683 0.0285322 0.0304200 0.0231256 0.0340140 0.0237632 0.0317518 0.0000000 0.0257584 0.0276627 0.0310727 0.0280217 0.0261936 0.0247223 0.0311783 0.0338629 0.0321327 0.0324740 0.0327152 0.0302916 0.0337281 0.0301386 0.0303153 0.0284530 0.0296659 0.0296516 0.0293566 0.0266831 0.0362392 0.0286384 0.0276550 0.0345917 0.0288966 0.0268633 0.0313394 0.0332964 0.0318873 0.0339018 0.0288708 0.0333193 0.0306930 0.0298092 0.0346917 0.0325153 0.0342099 0.0285520 0.0308021 0.0329965 0.0321679 0.0298775 0.0306316 0.0283794 0.0268770 0.0314265 0.0285228 0.0311293 0.0279936 0.0284999 0.0316392 0.0308067 0.0341971 0.0235706 0.0297232 0.0305186 
pop1.indv20 0.0254148 0.0232688 0.0265489 0.0297735 0.0305179 0.0314591 0.0318656 0.0256445 0.0269277 0.0255009 0.0335438 0.0268689 0.0332466 0.0306776 0.0322591 0.0295227 0.0238233 0.0285369 0.0257584 0.0000000 0.0259556 0.0286051 0.0259967 0.0325788 0.0271039 0.0280548 0.0297871 0.0317747 0.0359486 0.0308968 0.0294576 0.0298269 0.0295284 0.0319870 0.0245018 0.0364480 0.0282861 0.0287951 0.0296080 0.0314359 0.0314916 0.0265912 0.0332487 0.0334525 0.0302850 0.0300438 0.0272843 0.0306686 0.0350724 0.0328599 0.0342800 0.0313604 0.0286259 0.0281963 0.0308458 0.0351389 0.0351874 0.0291214 0.0300173 0.0310166 0.0332154 0.0309375 0.0268444 0.0295896 0.0311167 0.0296698 0.0322524 0.0328073 0.0306956 0.0336275 0.0308180 0.0347681 0.0242705 0.0350687 0.0282918 
pop1.indv21 0.0281964 0.0228049 0.0311896 0.0285188 0.0311784 0.0284886 0.0282879 0.0240392 0.0288844 0.0292084 0.0293527 0.0247545 0.0256204 0.0303658 0.0302245 0.0264283 0.0296125 0.0295331 0.0276627 0.0259556 0.0000000 0.0326931 0.0273150 0.0239481 0.0279133 0.0315317 0.0303029 0.0283447 0.0381291 0.0315681 0.0279507 0.0313699 0.0278184 0.0312359 0.0295323 0.0365649 0.0284580 0.0283570 0.0289210 0.0297959 0.0314125 0.0264216 0.0347237 0.0264310 0.0283755 0.0315868 0.0314213 0.0308801 0.0345329 0.0287543 0.0323550 0.0365483 0.0290109 0.0320748 0.0289721 0.0376919 0.0304917 0.0317373 0.0333465 0.0305872 0.0295732 0.0348163 0.0281592 0.0303806 0.0310208 0.0322674 0.0330524 0.0284800 0.0318690 0.0337287 0.0289503 0.0343854 0.0262299 0.0311576 0.0292047 
pop1.indv22 0.0320046 0.0284403 0.0330975 0.0302817 0.0354506 0.0306449 0.0286264 0.0269950 0.0258556 0.0286696 0.0343584 0.0292285 0.0362338 0.0282235 0.0286651 0.0304519 0.0277824 0.0300664 0.0310727 0.0286051 0.0326931 0.0000000 0.0273486 0.0331297 0.0286033 0.0306839 0.0302492 0.0246795 0.0321334 0.0302721 0.0248820 0.0297016 0.0306214 0.0305288 0.0276984 0.0312072 0.0284059 0.0332208 0.0299535 0.0327931 0.0255635 0.0273446 0.0354546 0.0341681 0.0290655 0.0313289 0.0277939 0.0341186 0.0319762 0.0331550 0.0347756 0.0318603 0.0285801 0.0344415 0.0330283 0.0350510 0.0320043 0.0314841 0.0261318 0.0322916 0.0295920 0.0277912 0.0336748 0.0346098 0.0355497 0.0328262 0.0305518 0.0283179 0.0301508 0.0274071 0.0306765 0.0333420 0.0269106 0.0278156 0.0266433 
pop1.indv23 0.0315561 0.0292986 0.0273975 0.0290389 0.0256188 0.0330610 0.0302189 0.0237251 0.0259224 0.0251279 0.0299059 0.0270101 0.0314281 0.0283894 0.0281368 0.0279192 0.0238151 0.0280537 0.0280217 0.0259967 0.0273150 0.0273486 0.0000000 0.0320158 0.0283319 0.0225598 0.0277249 0.0274748 0.0336669 0.0289039 0.0249932 0.0300285 0.0272693 0.0269963 0.0280458 0.0324198 0.0305005 0.0309291 0.0286154 0.0297399 0.0312992 0.0239852 0.0348312 0.0263000 0.0279352 0.0300676 0.0260645 0.0296548 0.0281163 0.0302001 0.0304369 0.0301016 0.0247561 0.0355850 0.0295023 0.0396673 0.0270903 0.0280459 0.0253879 0.0315178 0.0322470 0.0286681 0.0314765 0.0311333 0.0280049 0.0288316 0.0298095 0.0323570 0.0313643 0.0283976 0.0298844 0.0343094 0.0267047 0.0305873 0.0267321 
pop1.indv24 0.0295266 0.0262425 0.0296914 0.0314573 0.0324525 0.0262614 0.0303450 0.0275053 0.0267213 0.0249271 0.0331548 0.0262473 0.0314356 0.0315663 0.0298168 0.0310856 0.0242512 0.0303985 0.0261936 0.0325788 0.0239481 0.0331297 0.0320158 0.0000000 0.0270476 0.0285172 0.0330048 0.0309977 0.0345567 0.0257718 0.0272718 0.0306159 0.0294467 0.0307200 0.0313038 0.0329709 0.0283178 0.0318037 0.0252730 0.0331540 0.0310126 0.0285973 0.0306537 0.0275860 0.0300250 0.0291292 0.0340086 0.0283879 0.0296501 0.0347758 0.0292326 0.0311720 0.0301059 0.0282134 0.0289121 0.0368140 0.0323221 0.0310740 0.0322698 0.0339132 0.0302389 0.0323064 0.0321893 0.0308567 0.0292723 0.0341129 0.0272008 0.0314223 0.0308150 0.0323565 0.0303143 0.0359594 0.0322994 0.0320129 0.0370857 
pop1.indv25 0.0252295 0.0231505 0.0284724 0.0277729 0.0301618 0.0319227 0.0278487 0.0291623 0.0264981 0.0264183 0.0287488 0.0295495 0.0301207 0.0282003 0.0253310 0.0281200 0.0239988 0.0276924 0.0247223 0.0271039 0.0279133 0.0286033 0.0283319 0.0270476 0.0000000 0.0316412 0.0282082 0.0233081 0.0345862 0.0275082 0.0238330 0.0250902 0.0266127 0.0295911 0.0266198 0.0326320 0.0258486 0.0288565 0.0302167 0.0289259 0.0269002 0.0268820 0.0334211 0.0247802 0.0261698 0.0311084 0.0283176 0.0297365 0.0282025 0.0276836 0.0280920 0.0309750 0.0256746 0.0308134 0.0297150 0.0295226 0.0311764 0.0293565 0.0276425 0.0299474 0.0282352 0.0280699 0.0269544 0.0305944 0.0290476 0.0316732 0.0299640 0.0282536 0.0271666 0.0344158 0.0309214 0.0311804 0.0268644 0.0291343 0.0294831 
pop2.indv1  0.0288306 0.0198562 0.0278893 0.0332491 0.0296317 0.0350375 0.0310989 0.0287139 0.0288687 0.0297712 0.0308668 0.0304990 0.0323172 0.0322694 0.0302328 0.0279389 0.0271504 0.0342098 0.0311783 0.0280548 0.0315317 0.0306839 0.0225598 0.0285172 0.0316412 0.0000000 0.0298441 0.0236885 0.0313609 0.0266430 0.0281538 0.0272039 0.0269164 0.0296702 0.0263259 0.0262786 0.0330840 0.0267266 0.0286920 0.0294270 0.0273719 0.0256739 0.0397460 0.0281149 0.0270303 0.0296981 0.0279372 0.0292372 0.0293498 0.0327199 0.0318085 0.0298376 0.0273911 0.0316647 0.0233991 0.0304449 0.0263886 0.0273941 0.0278273 0.0295997 0.0288201 0.0302482 0.0299826 0.0299237 0.0288307 0.0300401 0.0315732 0.0319350 0.0276379 0.0296897 0.0326665 0.0327840 0.0290053 0.0287390 0.0299227 
pop2.indv2  0.0331615 0.0259986 0.0274525 0.0308641 0.0362439 0.0288864 0.0283883 0.0308450 0.0281893 0.0310171 0.0326025 0.0327735 0.0360167 0.0317639 0.0295532 0.0328203 0.0271904 0.0350545 0.0338629 0.0297871 0.0303029 0.0302492 0.0277249 0.0330048 0.0282082 0.0298441 0.0000000 0.0309074 0.0300742 0.0282338 0.0315216 0.0266339 0.0298135 0.0298603 0.0273017 0.0318593 0.0331067 0.0316181 0.0314424 0.0341740 0.0271897 0.0240137 0.0325943 0.0278742 0.0297001 0.0361260 0.0258104 0.0352641 0.0321493 0.0269512 0.0325953 0.0351669 0.0291477 0.0360142 0.0292192 0.0338362 0.0276604 0.0290265 0.0303917 0.0318450 0.0319933 0.0297590 0.0288122 0.0331082 0.0333883 0.0320786 0.0299406 0.0295565 0.0296123 0.0371453 0.0347892 0.0356101 0.0260422 0.0327162 0.0312567 
pop2.indv3  0.0309741 0.0238541 0.0282337 0.0337150 0.0328435 0.0301202 0.0298636 0.0261687 0.0309832 0.0294464 0.0283649 0.0318461 0.0327640 0.0315652 0.0303628 0.0304944 0.0255805 0.0295819 0.0321327 0.0317747 0.0283447 0.0246795 0.0274748 0.0309977 0.0233081 0.0236885 0.0309074 0.0000000 0.0301873 0.0297828 0.0232632 0.0258732 0.0286784 0.0239617 0.0269018 0.0341346 0.0319813 0.0273539 0.0271109 0.0330748 0.0272596 0.0270389 0.0293120 0.0273403 0.0285455 0.0310029 0.0302961 0.0329931 0.0272188 0.0294606 0.0303491 0.0315372 0.0302458 0.0265871 0.0240693 0.0337268 0.0271459 0.0280889 0.0298369 0.0315427 0.0264617 0.0298003 0.0308738 0.0316363 0.0253330 0.0289670 0.0260586 0.0322560 0.0259349 0.0333164 0.0303444 0.0318203 0.0290121 0.0330637 0.0279400 
pop2.indv4  0.0376733 0.0282410 0.0346825 0.0408844 0.0394512 0.0331992 0.0357393 0.0295386 0.0311837 0.0331072 0.0413926 0.0377826 0.0429409 0.0361023 0.0360046 0.0372374 0.0308631 0.0317902 0.0324740 0.0359486 0.0381291 0.0321334 0.0336669 0.0345567 0.0345862 0.0313609 0.0300742 0.0301873 0.0000000 0.0302995 0.0268427 0.0296070 0.0377652 0.0330800 0.0327447 0.0385788 0.0327879 0.0353099 0.0366145 0.0347514 0.0321808 0.0281781 0.0365062 0.0341812 0.0325915 0.0323832 0.0326998 0.0341444 0.0338482 0.0362342 0.0342760 0.0342251 0.0312562 0.0367300 0.0314888 0.0339397 0.0361785 0.0321173 0.0318151 0.0353589 0.0360590 0.0334241 0.0319678 0.0328599 0.0302653 0.0290807 0.0319489 0.0362936 0.0333991 0.0393601 0.0318080 0.0368540 0.0313085 0.0326871 0.0350795 
pop2.indv5  0.0298935 0.0220393 0.0284809 0.0284488 0.0302505 0.0302058 0.0269386 0.0281460 0.0304899 0.0283948 0.0316316 0.0300294 0.0297879 0.0289287 0.0279770 0.0312441 0.0277609 0.0337383 0.0327152 0.0308968 0.0315681 0.0302721 0.0289039 0.0257718 0.0275082 0.0266430 0.0282338 0.0297828 0.0302995 0.0000000 0.0303648 0.0303495 0.0288447 0.0290961 0.0256442 0.0336709 0.0332481 0.0255145 0.0272654 0.0302678 0.0264600 0.0256600 0.0319763 0.0316614 0.0279130 0.0293469 0.0262750 0.0299065 0.0270476 0.0287164 0.0331547 0.0305970 0.0251943 0.0266370 0.0263328 0.0326730 0.0306190 0.0307048 0.0277787 0.0281873 0.0279852 0.0311716 0.0297070 0.0306151 0.0339447 0.0314543 0.0287138 0.0305943 0.0316366 0.0330458 0.0334636 0.0331996 0.0221243 0.0314766 0.0276682 
pop2.indv6  0.0323630 0.0262948 0.0274883 0.0351309 0.0304482 0.0320409 0.0328423 0.0270463 0.0255802 0.0236079 0.0297801 0.0317100 0.0325831 0.0293642 0.0322888 0.0286661 0.0202323 0.0283168 0.0302916 0.0294576 0.0279507 0.0248820 0.0249932 0.0272718 0.0238330 0.0281538 0.0315216 0.0232632 0.0268427 0.0303648 0.0000000 0.0292232 0.0212300 0.0280974 0.0270177 0.0295356 0.0304855 0.0296363 0.0256178 0.0284809 0.0294493 0.0264962 0.0303281 0.0288519 0.0264282 0.0264759 0.0277055 0.0294863 0.0350662 0.0274156 0.0272451 0.0292013 0.0288943 0.0290622 0.0293350 0.0352508 0.0289669 0.0281083 0.0258233 0.0301098 0.0239897 0.0328378 0.0265793 0.0292445 0.0287979 0.0291294 0.0246663 0.0289687 0.0320123 0.0285246 0.0263268 0.0315546 0.0260582 0.0290385 0.0284753 
pop2.indv7  0.0328393 0.0268433 0.0291320 0.0334116 0.0327438 0.0284717 0.0294708 0.0324325 0.0295438 0.0278789 0.0320085 0.0319196 0.0338150 0.0309770 0.0312241 0.0299770 0.0282091 0.0290781 0.0337281 0.0298269 0.0313699 0.0297016 0.0300285 0.0306159 0.0250902 0.0272039 0.0266339 0.0258732 0.0296070 0.0303495 0.0292232 0.0000000 0.0326155 0.0317818 0.0287311 0.0366498 0.0352510 0.0297580 0.0292206 0.0276874 0.0302989 0.0234035 0.0310785 0.0302815 0.0306368 0.0323931 0.0298505 0.0307847 0.0296836 0.0324624 0.0306699 0.0338036 0.0294969 0.0316738 0.0295164 0.0343283 0.0320787 0.0283332 0.0288047 0.0314780 0.0325954 0.0307878 0.0292812 0.0330021 0.0282942 0.0313819 0.0298330 0.0335532 0.0302326 0.0310682 0.0352977 0.0328713 0.0270141 0.0312375 0.0302453 
pop2.indv8  0.0342210 0.0286965 0.0268959 0.0342309 0.0349877 0.0312846 0.0309516 0.0259654 0.0251333 0.0288182 0.0362846 0.0316618 0.0357608 0.0295855 0.0337512 0.0316875 0.0283736 0.0297968 0.0301386 0.0295284 0.0278184 0.0306214 0.0272693 0.0294467 0.0266127 0.0269164 0.0298135 0.0286784 0.0377652 0.0288447 0.0212300 0.0326155 0.0000000 0.0293500 0.0326886 0.0286179 0.0328973 0.0317803 0.0307068 0.0390555 0.0299015 0.0273595 0.0325995 0.0327747 0.0274828 0.0335169 0.0306576 0.0302901 0.0299851 0.0311307 0.0334238 0.0311452 0.0279194 0.0322918 0.0293039 0.0329589 0.0269568 0.0335661 0.0315151 0.0276501 0.0274305 0.0291162 0.0279205 0.0310230 0.0326988 0.0267378 0.0293415 0.0297331 0.0287990 0.0334116 0.0287818 0.0327183 0.0268258 0.0307077 0.0322146 
pop2.indv9  0.0314618 0.0280973 0.0329358 0.0309362 0.0350061 0.0296756 0.0301338 0.0315511 0.0263106 0.0314788 0.0357141 0.0300722 0.0328358 0.0308978 0.0347053 0.0354417 0.0280600 0.0277903 0.0303153 0.0319870 0.0312359 0.0305288 0.0269963 0.0307200 0.0295911 0.0296702 0.0298603 0.0239617 0.0330800 0.0290961 0.0280974 0.0317818 0.0293500 0.0000000 0.0267717 0.0337706 0.0339109 0.0305006 0.0282677 0.0347804 0.0286402 0.0283862 0.0338795 0.0315963 0.0263555 0.0311100 0.0298999 0.0301022 0.0307410 0.0276851 0.0303869 0.0319330 0.0274853 0.0323962 0.0241005 0.0353664 0.0339251 0.0314987 0.0314510 0.0327586 0.0305966 0.0308998 0.0257976 0.0285276 0.0318023 0.0315112 0.0314727 0.0268643 0.0294132 0.0321977 0.0334917 0.0324629 0.0270300 0.0283060 0.0337728 
pop2.indv10 0.0301643 0.0265928 0.0252586 0.0279451 0.0302311 0.0322381 0.0290973 0.0268592 0.0283720 0.0283991 0.0330247 0.0293710 0.0306361 0.0325997 0.0282092 0.0323960 0.0261331 0.0317990 0.0284530 0.0245018 0.0295323 0.0276984 0.0280458 0.0313038 0.0266198 0.0263259 0.0273017 0.0269018 0.0327447 0.0256442 0.0270177 0.0287311 0.0326886 0.0267717 0.0000000 0.0294502 0.0304079 0.0277111 0.0259999 0.0315718 0.0301606 0.0223698 0.0284159 0.0261542 0.0251265 0.0299345 0.0273088 0.0308110 0.0288736 0.0320273 0.0321705 0.0276997 0.0296060 0.0329566 0.0262041 0.0315020 0.0323670 0.0302786 0.0304728 0.0305439 0.0264631 0.0287300 0.0241718 0.0274384 0.0280478 0.0326662 0.0264299 0.0260201 0.0308757 0.0261399 0.0304181 0.0297763 0.0276978 0.0278724 0.0302610 
pop2.indv11 0.0335150 0.0274029 0.0328545 0.0362195 0.0334825 0.0311896 0.0339261 0.0288628 0.0300289 0.0309902 0.0366542 0.0328935 0.0370956 0.0326171 0.0332063 0.0328441 0.0328002 0.0359681 0.0296659 0.0364480 0.0365649 0.0312072 0.0324198 0.0329709 0.0326320 0.0262786 0.0318593 0.0341346 0.0385788 0.0336709 0.0295356 0.0366498 0.0286179 0.0337706 0.0294502 0.0000000 0.0291012 0.0323981 0.0294521 0.0375114 0.0317068 0.0299214 0.0358603 0.0314226 0.0302484 0.0355305 0.0303017 0.0298289 0.0366611 0.0314140 0.0336571 0.0313440 0.0286173 0.0358268 0.0283788 0.0342033 0.0327284 0.0312290 0.0299611 0.0341243 0.0339227 0.0294018 0.0304357 0.0356293 0.0328954 0.0315964 0.0331039 0.0322072 0.0320973 0.0330437 0.0346582 0.0365371 0.0271481 0.0276269 0.0333222 
pop2.indv12 0.0332231 0.0287123 0.0353730 0.0347305 0.0325944 0.0357185 0.0312789 0.0310310 0.0284715 0.0311201 0.0375439 0.0344244 0.0337940 0.0325287 0.0338853 0.0333848 0.0279360 0.0359132 0.0296516 0.0282861 0.0284580 0.0284059 0.0305005 0.0283178 0.0258486 0.0330840 0.0331067 0.0319813 0.0327879 0.0332481 0.0304855 0.0352510 0.0328973 0.0339109 0.0304079 0.0291012 0.0000000 0.0295714 0.0277753 0.0373942 0.0349246 0.0312469 0.0335769 0.0300235 0.0314663 0.0273937 0.0277570 0.0306065 0.0318276 0.0319557 0.0338299 0.0327353 0.0312265 0.0330835 0.0336522 0.0403112 0.0321003 0.0336822 0.0312540 0.0343413 0.0333005 0.0309272 0.0281191 0.0316035 0.0315413 0.0323417 0.0309052 0.0278521 0.0349407 0.0331336 0.0359354 0.0370660 0.0249679 0.0317297 0.0333750 
pop2.indv13 0.0309465 0.0242987 0.0303307 0.0317634 0.0326656 0.0315521 0.0293297 0.0247183 0.0293185 0.0280844 0.0314370 0.0333317 0.0320646 0.0322261 0.0327623 0.0318954 0.0300709 0.0296557 0.0293566 0.0287951 0.0283570 0.0332208 0.0309291 0.0318037 0.0288565 0.0267266 0.0316181 0.0273539 0.0353099 0.0255145 0.0296363 0.0297580 0.0317803 0.0305006 0.0277111 0.0323981 0.0295714 0.0000000 0.0260677 0.0364371 0.0300491 0.0259087 0.0300252 0.0266418 0.0288494 0.0299293 0.0301229 0.0289508 0.0338509 0.0305304 0.0288685 0.0340535 0.0293170 0.0303564 0.0276509 0.0337119 0.0326867 0.0294858 0.0322596 0.0310481 0.0288474 0.0283074 0.0321873 0.0269601 0.0328558 0.0252291 0.0302557 0.0319357 0.0279304 0.0303389 0.0312771 0.0327352 0.0294326 0.0330224 0.0282711 
pop2.indv14 0.0302615 0.0265223 0.0291725 0.0280856 0.0321560 0.0311515 0.0278338 0.0264995 0.0289709 0.0298165 0.0294057 0.0252612 0.0350968 0.0320750 0.0285204 0.0320797 0.0276425 0.0316163 0.0266831 0.0296080 0.0289210 0.0299535 0.0286154 0.0252730 0.0302167 0.0286920 0.0314424 0.0271109 0.0366145 0.0272654 0.0256178 0.0292206 0.0307068 0.0282677 0.0259999 0.0294521 0.0277753 0.0260677 0.0000000 0.0306104 0.0291639 0.0261359 0.0325298 0.0250852 0.0235924 0.0330196 0.0301875 0.0248964 0.0292769 0.0256373 0.0264989 0.0297322 0.0263701 0.0285180 0.0228717 0.0327596 0.0286195 0.0294856 0.0261684 0.0294551 0.0268304 0.0275077 0.0309564 0.0244371 0.0295096 0.0277648 0.0268236 0.0263356 0.0278034 0.0293491 0.0325724 0.0304495 0.0243984 0.0311487 0.0296969 
pop2.indv15 0.0322429 0.0328109 0.0318633 0.0323066 0.0348373 0.0356845 0.0311442 0.0354141 0.0298679 0.0332431 0.0338700 0.0327462 0.0373748 0.0337399 0.0339271 0.0374680 0.0321474 0.0361114 0.0362392 0.0314359 0.0297959 0.0327931 0.0297399 0.0331540 0.0289259 0.0294270 0.0341740 0.0330748 0.0347514 0.0302678 0.0284809 0.0276874 0.0390555 0.0347804 0.0315718 0.0375114 0.0373942 0.0364371 0.0306104 0.0000000 0.0336877 0.0278379 0.0355423 0.0323689 0.0358427 0.0294103 0.0284876 0.0323298 0.0299176 0.0336523 0.0319087 0.0317048 0.0292323 0.0321518 0.0289436 0.0362910 0.0321374 0.0362461 0.0333885 0.0347878 0.0317828 0.0316597 0.0319266 0.0290414 0.0362135 0.0335023 0.0303686 0.0283338 0.0299923 0.0339291 0.0333807 0.0343883 0.0284293 0.0312566 0.0291548 
pop2.indv16 0.0313184 0.0244035 0.0311005 0.0331087 0.0332462 0.0335464 0.0284572 0.0301561 0.0320558 0.0280947 0.0323737 0.0291487 0.0321598 0.0294379 0.0302880 0.0318545 0.0282465 0.0318143 0.0286384 0.0314916 0.0314125 0.0255635 0.0312992 0.0310126 0.0269002 0.0273719 0.0271897 0.0272596 0.0321808 0.0264600 0.0294493 0.0302989 0.0299015 0.0286402 0.0301606 0.0317068 0.0349246 0.0300491 0.0291639 0.0336877 0.0000000 0.0295318 0.0353674 0.0317824 0.0248290 0.0337297 0.0295338 0.0321604 0.0318700 0.0297750 0.0299601 0.0340431 0.0262808 0.0329398 0.0286234 0.0358278 0.0330569 0.0299165 0.0332466 0.0309621 0.0276561 0.0344995 0.0300171 0.0288365 0.0316684 0.0283061 0.0308366 0.0310909 0.0317106 0.0291627 0.0317538 0.0317199 0.0266786 0.0320744 0.0321869 
pop2.indv17 0.0273565 0.0250336 0.0292104 0.0308262 0.0306378 0.0302988 0.0298272 0.0303752 0.0256293 0.0259602 0.0324192 0.0289897 0.0333455 0.0327661 0.0285196 0.0283493 0.0261721 0.0289795 0.0276550 0.0265912 0.0264216 0.0273446 0.0239852 0.0285973 0.0268820 0.0256739 0.0240137 0.0270389 0.0281781 0.0256600 0.0264962 0.0234035 0.0273595 0.0283862 0.0223698 0.0299214 0.0312469 0.0259087 0.0261359 0.0278379 0.0295318 0.0000000 0.0277469 0.0288675 0.0244294 0.0300939 0.0257326 0.0244279 0.0301209 0.0290460 0.0272514 0.0298042 0.0258610 0.0283564 0.0262167 0.0356564 0.0307009 0.0302672 0.0263798 0.0296302 0.0280409 0.0267140 0.0268630 0.0243726 0.0297340 0.0249711 0.0257985 0.0282245 0.0232903 0.0318170 0.0293210 0.0274241 0.0245679 0.0239066 0.0254143 
pop2.indv18 0.0375239 0.0298967 0.0295569 0.0343671 0.0340615 0.0344631 0.0360427 0.0331291 0.0344692 0.0337733 0.0336831 0.0326983 0.0401043 0.0344718 0.0361527 0.0351489 0.0337177 0.0334901 0.0345917 0.0332487 0.0347237 0.0354546 0.0348312 0.0306537 0.0334211 0.0397460 0.0325943 0.0293120 0.0365062 0.0319763 0.0303281 0.0310785 0.0325995 0.0338795 0.0284159 0.0358603 0.0335769 0.0300252 0.0325298 0.0355423 0.0353674 0.0277469 0.0000000 0.0346336 0.0318385 0.0328506 0.0319223 0.0352149 0.0373026 0.0313374 0.0362632 0.0364471 0.0318204 0.0338008 0.0334033 0.0399800 0.0319064 0.0344463 0.0366335 0.0357621 0.0322800 0.0342964 0.0284203 0.0311774 0.0332484 0.0352844 0.0325232 0.0333233 0.0353148 0.0357705 0.0345925 0.0365854 0.0284429 0.0345399 0.0318453 
pop2.indv19 0.0319324 0.0276881 0.0293428 0.0386080 0.0345210 0.0320318 0.0332524 0.0288300 0.0274233 0.0295976 0.0347444 0.0323750 0.0387192 0.0334754 0.0320982 0.0287746 0.0274016 0.0304753 0.0288966 0.0334525 0.0264310 0.0341681 0.0263000 0.0275860 0.0247802 0.0281149 0.0278742 0.0273403 0.0341812 0.0316614 0.0288519 0.0302815 0.0327747 0.0315963 0.0261542 0.0314226 0.0300235 0.0266418 0.0250852 0.0323689 0.0317824 0.0288675 0.0346336 0.0000000 0.0271077 0.0315551 0.0316639 0.0340189 0.0293061 0.0296946 0.0260149 0.0330503 0.0264885 0.0302234 0.0278835 0.0355098 0.0295146 0.0346957 0.0301454 0.0335351 0.0278124 0.0331205 0.0292652 0.0312049 0.0316386 0.0318949 0.0319286 0.0296830 0.0333988 0.0323459 0.0306049 0.0347187 0.0287926 0.0266702 0.0287086 
pop2.indv20 0.0310704 0.0274912 0.0298940 0.0306709 0.0303960 0.0274828 0.0306071 0.0340058 0.0271903 0.0306349 0.0302129 0.0324804 0.0296808 0.0299551 0.0296737 0.0325388 0.0270689 0.0311576 0.0268633 0.0302850 0.0283755 0.0290655 0.0279352 0.0300250 0.0261698 0.0270303 0.0297001 0.0285455 0.0325915 0.0279130 0.0264282 0.0306368 0.0274828 0.0263555 0.0251265 0.0302484 0.0314663 0.0288494 0.0235924 0.0358427 0.0248290 0.0244294 0.0318385 0.0271077 0.0000000 0.0251524 0.0263170 0.0278853 0.0290589 0.0317250 0.0312528 0.0357043 0.0255756 0.0297066 0.0259087 0.0334468 0.0295287 0.0274169 0.0281934 0.0273689 0.0277664 0.0301994 0.0270498 0.0290690 0.0269068 0.0277558 0.0303427 0.0260814 0.0266711 0.0295022 0.0272367 0.0308028 0.0232457 0.0287902 0.0256085 
pop2.indv21 0.0319442 0.0318085 0.0301750 0.0290082 0.0348990 0.0310966 0.0321712 0.0301421 0.0283757 0.0311669 0.0327588 0.0329757 0.0347182 0.0353653 0.0272438 0.0327041 0.0307964 0.0301422 0.0313394 0.0300438 0.0315868 0.0313289 0.0300676 0.0291292 0.0311084 0.0296981 0.0361260 0.0310029 0.0323832 0.0293469 0.0264759 0.0323931 0.0335169 0.0311100 0.0299345 0.0355305 0.0273937 0.0299293 0.0330196 0.0294103 0.0337297 0.0300939 0.0328506 0.0315551 0.0251524 0.0000000 0.0289569 0.0288611 0.0326132 0.0310037 0.0324348 0.0299030 0.0326059 0.0306572 0.0292004 0.0384277 0.0315458 0.0286749 0.0286846 0.0324172 0.0309523 0.0286919 0.0235621 0.0320833 0.0328671 0.0334502 0.0300121 0.0318522 0.0298155 0.0289510 0.0300872 0.0327852 0.0260409 0.0279124 0.0291929 
pop2.indv22 0.0318185 0.0232759 0.0295484 0.0280164 0.0313436 0.0330431 0.0327362 0.0306177 0.0271916 0.0274696 0.0348271 0.0305946 0.0358590 0.0350779 0.0363492 0.0328439 0.0271050 0.0305222 0.0332964 0.0272843 0.0314213 0.0277939 0.0260645 0.0340086 0.0283176 0.0279372 0.0258104 0.0302961 0.0326998 0.0262750 0.0277055 0.0298505 0.0306576 0.0298999 0.0273088 0.0303017 0.0277570 0.0301229 0.0301875 0.0284876 0.0295338 0.0257326 0.0319223 0.0316639 0.0263170 0.0289569 0.0000000 0.0296939 0.0317119 0.0288214 0.0301791 0.0336149 0.0232709 0.0299177 0.0277749 0.0343367 0.0289692 0.0303437 0.0264737 0.0309082 0.0252785 0.0302336 0.0251908 0.0293894 0.0323449 0.0302779 0.0254052 0.0275700 0.0257547 0.0348043 0.0307419 0.0322197 0.0223057 0.0302041 0.0275556 
pop2.indv23 0.0311363 0.0251851 0.0336387 0.0355394 0.0366009 0.0351823 0.0326100 0.0299234 0.0304020 0.0264426 0.0337332 0.0322808 0.0347872 0.0327187 0.0322966 0.0349094 0.0322811 0.0306305 0.0318873 0.0306686 0.0308801 0.0341186 0.0296548 0.0283879 0.0297365 0.0292372 0.0352641 0.0329931 0.0341444 0.0299065 0.0294863 0.0307847 0.0302901 0.0301022 0.0308110 0.0298289 0.0306065 0.0289508 0.0248964 0.0323298 0.0321604 0.0244279 0.0352149 0.0340189 0.0278853 0.0288611 0.0296939 0.0000000 0.0322936 0.0330971 0.0327225 0.0319986 0.0277482 0.0303297 0.0313172 0.0335713 0.0309969 0.0278596 0.0285465 0.0311999 0.0272261 0.0335313 0.0297180 0.0292752 0.0305958 0.0296335 0.0275559 0.0284670 0.0306445 0.0299466 0.0323742 0.0333902 0.0232968 0.0303793 0.0308161 
pop2.indv24 0.0330220 0.0297112 0.0327903 0.0320342 0.0380876 0.0340911 0.0321710 0.0336866 0.0336884 0.0321594 0.0363061 0.0310674 0.0362086 0.0343420 0.0337635 0.0363950 0.0302716 0.0304918 0.0339018 0.0350724 0.0345329 0.0319762 0.0281163 0.0296501 0.0282025 0.0293498 0.0321493 0.0272188 0.0338482 0.0270476 0.0350662 0.0296836 0.0299851 0.0307410 0.0288736 0.0366611 0.0318276 0.0338509 0.0292769 0.0299176 0.0318700 0.0301209 0.0373026 0.0293061 0.0290589 0.0326132 0.0317119 0.0322936 0.0000000 0.0370981 0.0293350 0.0304064 0.0279185 0.0349513 0.0335959 0.0352017 0.0334221 0.0302618 0.0299560 0.0353382 0.0308621 0.0331647 0.0307443 0.0321734 0.0324187 0.0337174 0.0283391 0.0301072 0.0345937 0.0315580 0.0387694 0.0304285 0.0286981 0.0336034 0.0311499 
pop2.indv25 0.0362748 0.0271287 0.0330979 0.0336996 0.0343149 0.0301398 0.0339303 0.0313805 0.0317685 0.0278469 0.0311586 0.0319866 0.0379165 0.0319876 0.0326151 0.0340497 0.0297316 0.0325582 0.0288708 0.0328599 0.0287543 0.0331550 0.0302001 0.0347758 0.0276836 0.0327199 0.0269512 0.0294606 0.0362342 0.0287164 0.0274156 0.0324624 0.0311307 0.0276851 0.0320273 0.0314140 0.0319557 0.0305304 0.0256373 0.0336523 0.0297750 0.0290460 0.0313374 0.0296946 0.0317250 0.0310037 0.0288214 0.0330971 0.0370981 0.0000000 0.0335604 0.0341983 0.0265187 0.0338017 0.0288959 0.0387689 0.0298745 0.0349873 0.0319641 0.0319822 0.0280437 0.0330104 0.0280463 0.0306206 0.0304978 0.0304447 0.0292300 0.0320002 0.0309645 0.0342193 0.0348375 0.0332733 0.0268938 0.0373660 0.0294079 
pop3.indv1  0.0334832 0.0285866 0.0303635 0.0328865 0.0352278 0.0309599 0.0343447 0.0340827 0.0282214 0.0322413 0.0364192 0.0300123 0.0361024 0.0355300 0.0306738 0.0364311 0.0279692 0.0326561 0.0333193 0.0342800 0.0323550 0.0347756 0.0304369 0.0292326 0.0280920 0.0318085 0.0325953 0.0303491 0.0342760 0.0331547 0.0272451 0.0306699 0.0334238 0.0303869 0.0321705 0.0336571 0.0338299 0.0288685 0.0264989 0.0319087 0.0299601 0.0272514 0.0362632 0.0260149 0.0312528 0.0324348 0.0301791 0.0327225 0.0293350 0.0335604 0.0000000 0.0313527 0.0254636 0.0306442 0.0278543 0.0308749 0.0330367 0.0291043 0.0286444 0.0310717 0.0306129 0.0264131 0.0333016 0.0256448 0.0299798 0.0297360 0.0296790 0.0316177 0.0299876 0.0347246 0.0315983 0.0294352 0.0248294 0.0288160 0.0286126 
pop3.indv2  0.0295364 0.0303064 0.0340949 0.0382639 0.0329026 0.0349701 0.0345906 0.0285447 0.0303635 0.0311293 0.0413094 0.0339674 0.0389056 0.0357344 0.0329316 0.0381520 0.0281470 0.0346264 0.0306930 0.0313604 0.0365483 0.0318603 0.0301016 0.0311720 0.0309750 0.0298376 0.0351669 0.0315372 0.0342251 0.0305970 0.0292013 0.0338036 0.0311452 0.0319330 0.0276997 0.0313440 0.0327353 0.0340535 0.0297322 0.0317048 0.0340431 0.0298042 0.0364471 0.0330503 0.0357043 0.0299030 0.0336149 0.0319986 0.0304064 0.0341983 0.0313527 0.0000000 0.0299063 0.0298905 0.0274118 0.0365316 0.0356398 0.0295613 0.0312048 0.0299838 0.0311609 0.0259379 0.0270685 0.0322870 0.0320061 0.0282179 0.0305531 0.0325320 0.0303674 0.0265442 0.0356574 0.0369227 0.0264850 0.0274842 0.0253880 
