75
pop1.indv1  0.0000000 0.0287260 0.0260268 0.0280882 0.0340424 0.0332224 0.0232127 0.0269048 0.0335624 0.0290697 0.0291581 0.0308960 0.0346882 0.0305834 0.0284144 0.0284999 0.0325851 0.0335726 0.0299151 0.0360612 0.0306448 0.0285084 0.0281438 0.0311687 0.0288537 0.0300782 0.0280138 0.0364383 0.0290896 0.0344160 0.0301056 0.0301428 0.0330483 0.0300088 0.0297769 0.0321488 0.0309033 0.0303838 0.0319122 0.0320670 0.0342195 0.0337794 0.0317963 0.0357106 0.0286180 0.0321705 0.0299331 0.0312282 0.0327751 0.0271163 0.0339987 0.0308067 0.0323347 0.0342924 0.0368036 0.0327812 0.0371912 0.0303992 0.0334904 0.0380912 0.0300250 0.0315810 0.0312129 0.0346757 0.0253448 0.0267295 0.0373898 0.0288444 0.0278055 0.0317832 0.0326038 0.0313626 0.0267762 0.0312097 0.0278902 
pop1.indv2  0.0287260 0.0000000 0.0295687 0.0258574 0.0279623 0.0286464 0.0233675 0.0263473 0.0287954 0.0289824 0.0289295 0.0282962 0.0286081 0.0300847 0.0278505 0.0279463 0.0326466 0.0249274 0.0278957 0.0299304 0.0271736 0.0260419 0.0265258 0.0280552 0.0261068 0.0278331 0.0272590 0.0307377 0.0292938 0.0325770 0.0294403 0.0289657 0.0332058 0.0336853 0.0258549 0.0366335 0.0294863 0.0316399 0.0314442 0.0354037 0.0277708 0.0290048 0.0304775 0.0237787 0.0272547 0.0330404 0.0302423 0.0276494 0.0292201 0.0238463 0.0303016 0.0332749 0.0271219 0.0301872 0.0349923 0.0306997 0.0289004 0.0294783 0.0324585 0.0351527 0.0334598 0.0313296 0.0309014 0.0329921 0.0251314 0.0294192 0.0372473 0.0305230 0.0274949 0.0336576 0.0305008 0.0289325 0.0279043 0.0271142 0.0338814 
pop1.indv3  0.0260268 0.0295687 0.0000000 0.0304185 0.0286150 0.0257178 0.0249724 0.0265785 0.0306526 0.0270725 0.0328687 0.0281697 0.0270170 0.0294869 0.0316630 0.0286696 0.0283906 0.0330226 0.0307106 0.0275071 0.0310594 0.0258515 0.0262594 0.0291326 0.0317859 0.0300271 0.0268350 0.0313978 0.0330342 0.0305915 0.0334025 0.0311095 0.0338769 0.0300270 0.0289262 0.0284572 0.0280395 0.0305351 0.0309088 0.0366716 0.0379626 0.0305007 0.0328703 0.0291429 0.0276235 0.0290941 0.0282037 0.0301102 0.0335047 0.0301097 0.0348187 0.0351983 0.0321980 0.0347451 0.0357758 0.0324469 0.0341557 0.0328485 0.0368170 0.0340610 0.0362760 0.0322074 0.0323993 0.0312564 0.0304409 0.0290339 0.0370314 0.0280443 0.0287912 0.0325401 0.0287604 0.0331514 0.0320769 0.0302512 0.0302389 
pop1.indv4  0.0280882 0.0258574 0.0304185 0.0000000 0.0252335 0.0277870 0.0215539 0.0302568 0.0281888 0.0249754 0.0278192 0.0290658 0.0283607 0.0275293 0.0265733 0.0263923 0.0312119 0.0253819 0.0266908 0.0317674 0.0266581 0.0252122 0.0280039 0.0247960 0.0253823 0.0286896 0.0245174 0.0309875 0.0284885 0.0301410 0.0265102 0.0276997 0.0288703 0.0279162 0.0270044 0.0321932 0.0274365 0.0289307 0.0276762 0.0327296 0.0301789 0.0296079 0.0297126 0.0291876 0.0269218 0.0290896 0.0296854 0.0273674 0.0270115 0.0266973 0.0276879 0.0306357 0.0252828 0.0344696 0.0337090 0.0306173 0.0284446 0.0334005 0.0300093 0.0299503 0.0293439 0.0280343 0.0303178 0.0354873 0.0260503 0.0258892 0.0349615 0.0315376 0.0252161 0.0306298 0.0284306 0.0247525 0.0298745 0.0281310 0.0302917 
pop1.indv5  0.0340424 0.0279623 0.0286150 0.0252335 0.0000000 0.0291759 0.0264517 0.0251774 0.0311671 0.0333796 0.0293683 0.0331179 0.0308217 0.0307865 0.0324058 0.0301601 0.0372542 0.0310912 0.0310578 0.0320708 0.0328782 0.0266261 0.0308311 0.0357750 0.0289736 0.0297336 0.0297129 0.0322848 0.0332550 0.0276946 0.0309720 0.0327212 0.0369877 0.0354161 0.0310882 0.0329689 0.0307065 0.0333011 0.0264897 0.0301719 0.0318399 0.0353491 0.0348372 0.0335704 0.0303434 0.0344532 0.0312340 0.0321287 0.0296368 0.0292063 0.0326916 0.0336593 0.0322206 0.0356414 0.0376209 0.0301974 0.0351122 0.0354722 0.0356083 0.0397392 0.0347366 0.0319229 0.0330833 0.0389593 0.0320752 0.0262608 0.0370523 0.0287059 0.0267877 0.0318864 0.0342581 0.0340998 0.0327548 0.0292428 0.0370129 
pop1.indv6  0.0332224 0.0286464 0.0257178 0.0277870 0.0291759 0.0000000 0.0247553 0.0274029 0.0257417 0.0267318 0.0306303 0.0306138 0.0289887 0.0325551 0.0327123 0.0284054 0.0314544 0.0337174 0.0290798 0.0341807 0.0301658 0.0244182 0.0302400 0.0282256 0.0281376 0.0319093 0.0270825 0.0310228 0.0315416 0.0299840 0.0325667 0.0274191 0.0305253 0.0366928 0.0314282 0.0321569 0.0294923 0.0288079 0.0284782 0.0367624 0.0309586 0.0332213 0.0318173 0.0306448 0.0308353 0.0318396 0.0286401 0.0291028 0.0309566 0.0258759 0.0294646 0.0323928 0.0283249 0.0333842 0.0358802 0.0286741 0.0342730 0.0333289 0.0314348 0.0338131 0.0340737 0.0329656 0.0325833 0.0351148 0.0274366 0.0260772 0.0390729 0.0287607 0.0291170 0.0355141 0.0323260 0.0276382 0.0304332 0.0286885 0.0344951 
pop1.indv7  0.0232127 0.0233675 0.0249724 0.0215539 0.0264517 0.0247553 0.0000000 0.0268056 0.0266780 0.0255852 0.0252427 0.0293606 0.0260171 0.0275215 0.0279939 0.0239494 0.0272350 0.0297493 0.0226940 0.0321983 0.0266612 0.0220420 0.0263392 0.0258478 0.0272878 0.0245814 0.0263895 0.0279999 0.0242376 0.0305240 0.0288620 0.0263929 0.0259623 0.0275456 0.0259387 0.0262600 0.0272946 0.0270676 0.0236526 0.0284419 0.0251994 0.0262037 0.0268802 0.0251486 0.0228712 0.0267870 0.0254809 0.0244500 0.0217950 0.0259240 0.0292953 0.0290209 0.0261304 0.0274509 0.0304574 0.0244241 0.0294056 0.0274016 0.0239580 0.0279924 0.0236881 0.0264308 0.0239129 0.0327850 0.0274423 0.0215535 0.0316394 0.0260785 0.0236939 0.0271444 0.0280581 0.0237191 0.0266897 0.0270870 0.0224159 
pop1.indv8  0.0269048 0.0263473 0.0265785 0.0302568 0.0251774 0.0274029 0.0268056 0.0000000 0.0263273 0.0275579 0.0277840 0.0297132 0.0261675 0.0277357 0.0253821 0.0279238 0.0313456 0.0264556 0.0264960 0.0316598 0.0259214 0.0249621 0.0294129 0.0279336 0.0287034 0.0287313 0.0251884 0.0296583 0.0295763 0.0312361 0.0319853 0.0278863 0.0327990 0.0297413 0.0274320 0.0324583 0.0252004 0.0271121 0.0254183 0.0307325 0.0304593 0.0291481 0.0314629 0.0287347 0.0280926 0.0362470 0.0280849 0.0282926 0.0309216 0.0267816 0.0297057 0.0317235 0.0282972 0.0290798 0.0312863 0.0246260 0.0282936 0.0292864 0.0304157 0.0342052 0.0322196 0.0291625 0.0271831 0.0336761 0.0311990 0.0250992 0.0337164 0.0303674 0.0310026 0.0307549 0.0333963 0.0269354 0.0315288 0.0256088 0.0324246 
pop1.indv9  0.0335624 0.0287954 0.0306526 0.0281888 0.0311671 0.0257417 0.0266780 0.0263273 0.0000000 0.0289920 0.0305292 0.0278034 0.0287921 0.0329257 0.0283163 0.0291911 0.0283488 0.0315931 0.0274400 0.0325258 0.0266853 0.0287902 0.0304188 0.0292394 0.0290764 0.0308599 0.0291793 0.0278095 0.0295773 0.0328195 0.0322666 0.0276124 0.0340478 0.0318895 0.0283661 0.0330076 0.0290647 0.0292653 0.0254396 0.0297599 0.0320571 0.0279621 0.0311508 0.0288655 0.0283522 0.0314827 0.0276602 0.0302693 0.0262580 0.0289727 0.0297313 0.0290647 0.0278682 0.0364234 0.0354770 0.0272868 0.0334527 0.0332192 0.0316563 0.0331452 0.0336156 0.0274509 0.0306738 0.0337309 0.0267999 0.0273299 0.0375187 0.0299790 0.0275606 0.0306946 0.0312144 0.0279525 0.0272167 0.0274623 0.0316378 
pop1.indv10 0.0290697 0.0289824 0.0270725 0.0249754 0.0333796 0.0267318 0.0255852 0.0275579 0.0289920 0.0000000 0.0261906 0.0303483 0.0282174 0.0296903 0.0252547 0.0275557 0.0301304 0.0305683 0.0278818 0.0343331 0.0269790 0.0291263 0.0289094 0.0259840 0.0270892 0.0317883 0.0275838 0.0301708 0.0282475 0.0296399 0.0317674 0.0263681 0.0329429 0.0264390 0.0309618 0.0361002 0.0243181 0.0302135 0.0271247 0.0315139 0.0318743 0.0302759 0.0298015 0.0306989 0.0266508 0.0325104 0.0339246 0.0266946 0.0286013 0.0328713 0.0290510 0.0320107 0.0315661 0.0301102 0.0330344 0.0299648 0.0309538 0.0300442 0.0273401 0.0347674 0.0311671 0.0303147 0.0310109 0.0356508 0.0285007 0.0260007 0.0327813 0.0286463 0.0265062 0.0345093 0.0294775 0.0280451 0.0304777 0.0294702 0.0289872 
pop1.indv11 0.0291581 0.0289295 0.0328687 0.0278192 0.0293683 0.0306303 0.0252427 0.0277840 0.0305292 0.0261906 0.0000000 0.0326883 0.0303741 0.0291145 0.0296379 0.0271512 0.0312377 0.0321330 0.0295497 0.0356597 0.0272914 0.0256617 0.0252920 0.0256557 0.0312586 0.0284381 0.0250747 0.0352788 0.0336738 0.0301530 0.0281631 0.0291029 0.0350248 0.0350181 0.0291816 0.0319441 0.0268016 0.0303648 0.0320398 0.0342445 0.0329264 0.0306510 0.0288231 0.0311423 0.0294954 0.0332512 0.0303459 0.0273800 0.0312746 0.0242952 0.0374355 0.0353091 0.0284423 0.0349786 0.0321130 0.0308342 0.0312910 0.0341655 0.0350974 0.0325491 0.0344070 0.0310276 0.0296479 0.0379884 0.0273612 0.0283588 0.0344550 0.0323640 0.0280245 0.0341561 0.0323168 0.0291410 0.0292512 0.0283186 0.0316325 
pop1.indv12 0.0308960 0.0282962 0.0281697 0.0290658 0.0331179 0.0306138 0.0293606 0.0297132 0.0278034 0.0303483 0.0326883 0.0000000 0.0333056 0.0296126 0.0290413 0.0300442 0.0295927 0.0343081 0.0289640 0.0326916 0.0300391 0.0278170 0.0310021 0.0296328 0.0281989 0.0263885 0.0304254 0.0308482 0.0291797 0.0345553 0.0277628 0.0287834 0.0331691 0.0277887 0.0277003 0.0328497 0.0322530 0.0301324 0.0285774 0.0314079 0.0361568 0.0357081 0.0304905 0.0332324 0.0293052 0.0315273 0.0288527 0.0291341 0.0291081 0.0323415 0.0329874 0.0315234 0.0282260 0.0364322 0.0396027 0.0277816 0.0350247 0.0337877 0.0315469 0.0298905 0.0359283 0.0326150 0.0301199 0.0393604 0.0335526 0.0304141 0.0367058 0.0293478 0.0299025 0.0336128 0.0350368 0.0357921 0.0312551 0.0311892 0.0339332 
pop1.indv13 0.0346882 0.0286081 0.0270170 0.0283607 0.0308217 0.0289887 0.0260171 0.0261675 0.0287921 0.0282174 0.0303741 0.0333056 0.0000000 0.0324181 0.0328240 0.0286793 0.0321347 0.0272844 0.0278048 0.0360059 0.0281511 0.0299533 0.0310562 0.0306878 0.0297298 0.0295377 0.0296118 0.0311682 0.0337187 0.0323095 0.0276978 0.0314384 0.0331298 0.0297724 0.0296193 0.0292691 0.0315586 0.0306747 0.0319361 0.0320104 0.0283247 0.0324104 0.0314428 0.0286952 0.0322135 0.0302405 0.0320409 0.0272755 0.0324132 0.0323230 0.0289536 0.0350307 0.0288531 0.0364616 0.0355961 0.0277630 0.0331460 0.0318364 0.0322722 0.0327512 0.0343710 0.0301729 0.0314202 0.0367461 0.0334003 0.0254209 0.0397084 0.0328972 0.0282582 0.0336323 0.0342798 0.0301570 0.0314106 0.0291027 0.0308799 
pop1.indv14 0.0305834 0.0300847 0.0294869 0.0275293 0.0307865 0.0325551 0.0275215 0.0277357 0.0329257 0.0296903 0.0291145 0.0296126 0.0324181 0.0000000 0.0310953 0.0283949 0.0312957 0.0319822 0.0305176 0.0376540 0.0315666 0.0286463 0.0307070 0.0293285 0.0276730 0.0280048 0.0303977 0.0326093 0.0337985 0.0327545 0.0329723 0.0288609 0.0365938 0.0355033 0.0335852 0.0377023 0.0297598 0.0316585 0.0326269 0.0351573 0.0380920 0.0325265 0.0345217 0.0317347 0.0359117 0.0353133 0.0295887 0.0308716 0.0296523 0.0292286 0.0315288 0.0352095 0.0332075 0.0341670 0.0409453 0.0278480 0.0343646 0.0348735 0.0368117 0.0391916 0.0369561 0.0340117 0.0320130 0.0375904 0.0274145 0.0291562 0.0365582 0.0338083 0.0296713 0.0387406 0.0345210 0.0323359 0.0328943 0.0300002 0.0360453 
pop1.indv15 0.0284144 0.0278505 0.0316630 0.0265733 0.0324058 0.0327123 0.0279939 0.0253821 0.0283163 0.0252547 0.0296379 0.0290413 0.0328240 0.0310953 0.0000000 0.0280081 0.0331708 0.0308872 0.0294358 0.0330528 0.0289291 0.0295372 0.0273359 0.0306834 0.0302917 0.0299700 0.0338248 0.0328809 0.0310599 0.0314699 0.0299899 0.0292903 0.0312482 0.0350528 0.0291257 0.0324290 0.0325779 0.0315234 0.0313903 0.0318635 0.0356637 0.0337117 0.0338441 0.0260389 0.0301199 0.0323462 0.0281518 0.0330095 0.0292009 0.0264654 0.0300287 0.0307773 0.0314699 0.0338394 0.0395576 0.0320907 0.0341319 0.0287123 0.0342386 0.0380463 0.0399091 0.0297809 0.0310741 0.0348946 0.0294387 0.0271635 0.0347111 0.0336151 0.0310436 0.0305313 0.0327883 0.0336968 0.0315042 0.0301703 0.0342998 
pop1.indv16 0.0284999 0.0279463 0.0286696 0.0263923 0.0301601 0.0284054 0.0239494 0.0279238 0.0291911 0.0275557 0.0271512 0.0300442 0.0286793 0.0283949 0.0280081 0.0000000 0.0266474 0.0307896 0.0260325 0.0296218 0.0255216 0.0257835 0.0207829 0.0269471 0.0310752 0.0249617 0.0275923 0.0265443 0.0279187 0.0287148 0.0299970 0.0311857 0.0318195 0.0292726 0.0270031 0.0328413 0.0305173 0.0303885 0.0298136 0.0306828 0.0290598 0.0333378 0.0343729 0.0316356 0.0226419 0.0276447 0.0288260 0.0269886 0.0291694 0.0298732 0.0286590 0.0364627 0.0268333 0.0310920 0.0385425 0.0293621 0.0282850 0.0275606 0.0328446 0.0322536 0.0318646 0.0317821 0.0290502 0.0351386 0.0331435 0.0265148 0.0351640 0.0319191 0.0295198 0.0277840 0.0313029 0.0312399 0.0313680 0.0246359 0.0305474 
pop1.indv17 0.0325851 0.0326466 0.0283906 0.0312119 0.0372542 0.0314544 0.0272350 0.0313456 0.0283488 0.0301304 0.0312377 0.0295927 0.0321347 0.0312957 0.0331708 0.0266474 0.0000000 0.0330278 0.0314115 0.0375818 0.0292917 0.0279942 0.0319636 0.0312160 0.0339422 0.0298373 0.0346276 0.0335335 0.0323732 0.0347799 0.0293986 0.0328402 0.0350009 0.0346450 0.0310757 0.0357768 0.0299296 0.0354919 0.0303152 0.0400455 0.0292388 0.0355404 0.0341896 0.0333967 0.0336761 0.0342136 0.0316590 0.0291113 0.0307421 0.0303620 0.0345748 0.0347177 0.0341605 0.0362725 0.0394602 0.0305186 0.0364930 0.0378610 0.0342168 0.0357657 0.0321809 0.0327391 0.0318954 0.0356101 0.0338712 0.0295590 0.0384117 0.0327951 0.0350409 0.0333050 0.0335435 0.0372985 0.0318237 0.0262542 0.0344292 
pop1.indv18 0.0335726 0.0249274 0.0330226 0.0253819 0.0310912 0.0337174 0.0297493 0.0264556 0.0315931 0.0305683 0.0321330 0.0343081 0.0272844 0.0319822 0.0308872 0.0307896 0.0330278 0.0000000 0.0313914 0.0363016 0.0310854 0.0249299 0.0350781 0.0346858 0.0320625 0.0312387 0.0312672 0.0311775 0.0304854 0.0327584 0.0309822 0.0359413 0.0335896 0.0349168 0.0317130 0.0328641 0.0301992 0.0318770 0.0309018 0.0361814 0.0281765 0.0315286 0.0303584 0.0331927 0.0323491 0.0317141 0.0297915 0.0306901 0.0332331 0.0300509 0.0349925 0.0332134 0.0269017 0.0332286 0.0348695 0.0336233 0.0376890 0.0380733 0.0295200 0.0382454 0.0362227 0.0318846 0.0336956 0.0433138 0.0340017 0.0301987 0.0375161 0.0322539 0.0303004 0.0366534 0.0356759 0.0350254 0.0315517 0.0345223 0.0350121 
pop1.indv19 0.0299151 0.0278957 0.0307106 0.0266908 0.0310578 0.0290798 0.0226940 0.0264960 0.0274400 0.0278818 0.0295497 0.0289640 0.0278048 0.0305176 0.0294358 0.0260325 0.0314115 0.0313914 0.0000000 0.0315506 0.0259274 0.0272628 0.0317093 0.0261419 0.0236750 0.0266017 0.0226236 0.0280429 0.0247740 0.0297824 0.0280402 0.0270860 0.0293651 0.0254030 0.0286677 0.0304220 0.0276221 0.0285968 0.0315821 0.0323292 0.0286622 0.0282380 0.0286785 0.0316590 0.0249685 0.0288857 0.0295788 0.0259157 0.0282326 0.0268408 0.0311280 0.0278729 0.0306914 0.0313814 0.0312482 0.0305638 0.0299166 0.0285626 0.0272910 0.0286382 0.0335035 0.0301652 0.0236377 0.0321513 0.0271727 0.0278631 0.0343735 0.0323320 0.0251998 0.0297890 0.0296188 0.0261497 0.0269461 0.0233230 0.0308316 
pop1.indv20 0.0360612 0.0299304 0.0275071 0.0317674 0.0320708 0.0341807 0.0321983 0.0316598 0.0325258 0.0343331 0.0356597 0.0326916 0.0360059 0.0376540 0.0330528 0.0296218 0.0375818 0.0363016 0.0315506 0.0000000 0.0357497 0.0313525 0.0379577 0.0344105 0.0338688 0.0366500 0.0342138 0.0357662 0.0332284 0.0341121 0.0367051 0.0386137 0.0391291 0.0355592 0.0334546 0.0364065 0.0359730 0.0366508 0.0307820 0.0367356 0.0329678 0.0369498 0.0366453 0.0342287 0.0329342 0.0361099 0.0343163 0.0369117 0.0359334 0.0337439 0.0368766 0.0378740 0.0305277 0.0367747 0.0393098 0.0342599 0.0331308 0.0335127 0.0349466 0.0391893 0.0354080 0.0328766 0.0315284 0.0422677 0.0316497 0.0348837 0.0331529 0.0359905 0.0373696 0.0378517 0.0325118 0.0352557 0.0320730 0.0314958 0.0369731 
pop1.indv21 0.0306448 0.0271736 0.0310594 0.0266581 0.0328782 0.0301658 0.0266612 0.0259214 0.0266853 0.0269790 0.0272914 0.0300391 0.0281511 0.0315666 0.0289291 0.0255216 0.0292917 0.0310854 0.0259274 0.0357497 0.0000000 0.0282906 0.0278869 0.0279365 0.0291243 0.0285900 0.0262499 0.0314507 0.0286841 0.0304254 0.0290608 0.0295337 0.0341418 0.0290661 0.0281068 0.0360033 0.0294060 0.0274889 0.0278156 0.0327782 0.0311314 0.0306378 0.0318243 0.0332755 0.0285258 0.0342103 0.0314820 0.0281569 0.0269263 0.0314799 0.0298777 0.0303572 0.0286943 0.0344857 0.0341342 0.0283218 0.0333806 0.0317546 0.0295257 0.0330299 0.0336081 0.0286087 0.0323644 0.0364078 0.0296464 0.0290462 0.0340309 0.0282165 0.0282340 0.0355452 0.0276802 0.0324230 0.0348043 0.0253230 0.0328832 
pop1.indv22 0.0285084 0.0260419 0.0258515 0.0252122 0.0266261 0.0244182 0.0220420 0.0249621 0.0287902 0.0291263 0.0256617 0.0278170 0.0299533 0.0286463 0.0295372 0.0257835 0.0279942 0.0249299 0.0272628 0.0313525 0.0282906 0.0000000 0.0282384 0.0287299 0.0274421 0.0264952 0.0266015 0.0330931 0.0295068 0.0276314 0.0298676 0.0308117 0.0312646 0.0291205 0.0297716 0.0363315 0.0288595 0.0315426 0.0252085 0.0315687 0.0289921 0.0317803 0.0328664 0.0310773 0.0298838 0.0318744 0.0294056 0.0313000 0.0321096 0.0293237 0.0266032 0.0280921 0.0259518 0.0328815 0.0304971 0.0253704 0.0303572 0.0304810 0.0335681 0.0343413 0.0333083 0.0302805 0.0280019 0.0319749 0.0233463 0.0264561 0.0328960 0.0273221 0.0330280 0.0315397 0.0299451 0.0320060 0.0249325 0.0263286 0.0317217 
pop1.indv23 0.0281438 0.0265258 0.0262594 0.0280039 0.0308311 0.0302400 0.0263392 0.0294129 0.0304188 0.0289094 0.0252920 0.0310021 0.0310562 0.0307070 0.0273359 0.0207829 0.0319636 0.0350781 0.0317093 0.0379577 0.0278869 0.0282384 0.0000000 0.0298509 0.0310510 0.0291579 0.0317552 0.0331134 0.0379959 0.0299649 0.0302579 0.0290507 0.0340209 0.0297669 0.0312649 0.0300655 0.0289472 0.0325556 0.0275971 0.0349976 0.0333318 0.0352467 0.0343653 0.0304878 0.0303029 0.0294980 0.0316705 0.0335681 0.0257885 0.0307637 0.0328018 0.0346269 0.0306692 0.0356291 0.0370875 0.0311306 0.0338994 0.0366779 0.0327939 0.0344875 0.0383482 0.0339304 0.0332620 0.0342020 0.0309852 0.0303771 0.0369260 0.0315139 0.0290743 0.0364526 0.0320259 0.0308437 0.0324252 0.0313286 0.0373370 
pop1.indv24 0.0311687 0.0280552 0.0291326 0.0247960 0.0357750 0.0282256 0.0258478 0.0279336 0.0292394 0.0259840 0.0256557 0.0296328 0.0306878 0.0293285 0.0306834 0.0269471 0.0312160 0.0346858 0.0261419 0.0344105 0.0279365 0.0287299 0.0298509 0.0000000 0.0289698 0.0296867 0.0314668 0.0326699 0.0282398 0.0312847 0.0316801 0.0301235 0.0280416 0.0318032 0.0330648 0.0319658 0.0305054 0.0329683 0.0282199 0.0360755 0.0306805 0.0354321 0.0302826 0.0305910 0.0266094 0.0307080 0.0263212 0.0280325 0.0262577 0.0279253 0.0283223 0.0293505 0.0264114 0.0316530 0.0354194 0.0299152 0.0344355 0.0320132 0.0309124 0.0356389 0.0347037 0.0294748 0.0263446 0.0346044 0.0311281 0.0289751 0.0347194 0.0326970 0.0277722 0.0335957 0.0311207 0.0317345 0.0309567 0.0295387 0.0319437 
pop1.indv25 0.0288537 0.0261068 0.0317859 0.0253823 0.0289736 0.0281376 0.0272878 0.0287034 0.0290764 0.0270892 0.0312586 0.0281989 0.0297298 0.0276730 0.0302917 0.0310752 0.0339422 0.0320625 0.0236750 0.0338688 0.0291243 0.0274421 0.0310510 0.0289698 0.0000000 0.0305386 0.0268577 0.0316131 0.0301061 0.0292098 0.0280412 0.0330568 0.0319284 0.0286064 0.0278878 0.0359929 0.0264086 0.0328625 0.0321458 0.0337147 0.0338059 0.0327224 0.0328703 0.0347688 0.0332141 0.0326581 0.0280133 0.0298448 0.0314202 0.0308960 0.0292379 0.0344509 0.0287721 0.0333108 0.0363407 0.0319349 0.0355316 0.0332266 0.0319468 0.0361663 0.0388712 0.0351027 0.0312128 0.0365179 0.0288317 0.0330128 0.0380332 0.0308091 0.0322576 0.0351809 0.0318489 0.0303787 0.0322617 0.0280603 0.0350315 
pop2.indv1  0.0300782 0.0278331 0.0300271 0.0286896 0.0297336 0.0319093 0.0245814 0.0287313 0.0308599 0.0317883 0.0284381 0.0263885 0.0295377 0.0280048 0.0299700 0.0249617 0.0298373 0.0312387 0.0266017 0.0366500 0.0285900 0.0264952 0.0291579 0.0296867 0.0305386 0.0000000 0.0223262 0.0257629 0.0285036 0.0280435 0.0290852 0.0256032 0.0314181 0.0275881 0.0264262 0.0290681 0.0276615 0.0281514 0.0267326 0.0305541 0.0303874 0.0268861 0.0297774 0.0292364 0.0263828 0.0294809 0.0285285 0.0254389 0.0284486 0.0288081 0.0304997 0.0285737 0.0273501 0.0291577 0.0339691 0.0266282 0.0309403 0.0243215 0.0292276 0.0299871 0.0311269 0.0294252 0.0271303 0.0310302 0.0257835 0.0262094 0.0291410 0.0270702 0.0270362 0.0287104 0.0253188 0.0298661 0.0308484 0.0255302 0.0274223 
pop2.indv2  0.0280138 0.0272590 0.0268350 0.0245174 0.0297129 0.0270825 0.0263895 0.0251884 0.0291793 0.0275838 0.0250747 0.0304254 0.0296118 0.0303977 0.0338248 0.0275923 0.0346276 0.0312672 0.0226236 0.0342138 0.0262499 0.0266015 0.0317552 0.0314668 0.0268577 0.0223262 0.0000000 0.0269639 0.0234240 0.0292429 0.0277689 0.0277787 0.0292562 0.0291190 0.0242812 0.0316356 0.0237732 0.0276690 0.0234761 0.0263055 0.0290481 0.0266367 0.0301392 0.0258001 0.0280083 0.0303238 0.0258796 0.0284420 0.0271307 0.0241722 0.0268134 0.0285232 0.0294473 0.0258826 0.0300062 0.0273974 0.0245574 0.0288612 0.0259990 0.0274347 0.0277816 0.0257452 0.0277848 0.0276292 0.0266723 0.0210833 0.0287805 0.0266612 0.0252167 0.0328833 0.0265845 0.0280340 0.0250076 0.0234149 0.0293037 
pop2.indv3  0.0364383 0.0307377 0.0313978 0.0309875 0.0322848 0.0310228 0.0279999 0.0296583 0.0278095 0.0301708 0.0352788 0.0308482 0.0311682 0.0326093 0.0328809 0.0265443 0.0335335 0.0311775 0.0280429 0.0357662 0.0314507 0.0330931 0.0331134 0.0326699 0.0316131 0.0257629 0.0269639 0.0000000 0.0303956 0.0299840 0.0262421 0.0305983 0.0329201 0.0320285 0.0313053 0.0307478 0.0271831 0.0306445 0.0286770 0.0377750 0.0299878 0.0349792 0.0323947 0.0304588 0.0286319 0.0291744 0.0305872 0.0273769 0.0295333 0.0331195 0.0302810 0.0296021 0.0294541 0.0328207 0.0355863 0.0294987 0.0325604 0.0343564 0.0289027 0.0356361 0.0306397 0.0291645 0.0331285 0.0351898 0.0286199 0.0238032 0.0356294 0.0286024 0.0277933 0.0325495 0.0302882 0.0306650 0.0309592 0.0278631 0.0286963 
pop2.indv4  0.0290896 0.0292938 0.0330342 0.0284885 0.0332550 0.0315416 0.0242376 0.0295763 0.0295773 0.0282475 0.0336738 0.0291797 0.0337187 0.0337985 0.0310599 0.0279187 0.0323732 0.0304854 0.0247740 0.0332284 0.0286841 0.0295068 0.0379959 0.0282398 0.0301061 0.0285036 0.0234240 0.0303956 0.0000000 0.0367080 0.0287782 0.0273523 0.0274156 0.0277854 0.0259057 0.0335703 0.0263936 0.0307339 0.0256591 0.0323105 0.0274230 0.0324495 0.0298950 0.0289756 0.0261680 0.0342287 0.0283517 0.0288814 0.0259817 0.0304134 0.0322957 0.0291755 0.0322469 0.0317856 0.0300391 0.0244725 0.0275226 0.0288737 0.0265181 0.0310021 0.0261142 0.0281023 0.0281259 0.0361787 0.0281985 0.0287428 0.0323781 0.0287607 0.0256223 0.0312836 0.0301857 0.0282014 0.0287357 0.0284049 0.0302734 
pop2.indv5  0.0344160 0.0325770 0.0305915 0.0301410 0.0276946 0.0299840 0.0305240 0.0312361 0.0328195 0.0296399 0.0301530 0.0345553 0.0323095 0.0327545 0.0314699 0.0287148 0.0347799 0.0327584 0.0297824 0.0341121 0.0304254 0.0276314 0.0299649 0.0312847 0.0292098 0.0280435 0.0292429 0.0299840 0.0367080 0.0000000 0.0283126 0.0273625 0.0349275 0.0342205 0.0318358 0.0342726 0.0248722 0.0333196 0.0296494 0.0340056 0.0327097 0.0323617 0.0299598 0.0330528 0.0329217 0.0350326 0.0306686 0.0282649 0.0251272 0.0274079 0.0302015 0.0326365 0.0313055 0.0352178 0.0355832 0.0275864 0.0321967 0.0305168 0.0328854 0.0339328 0.0291724 0.0281520 0.0309995 0.0318103 0.0289276 0.0294576 0.0368342 0.0323623 0.0307549 0.0283455 0.0294849 0.0279267 0.0306495 0.0258181 0.0321266 
pop2.indv6  0.0301056 0.0294403 0.0334025 0.0265102 0.0309720 0.0325667 0.0288620 0.0319853 0.0322666 0.0317674 0.0281631 0.0277628 0.0276978 0.0329723 0.0299899 0.0299970 0.0293986 0.0309822 0.0280402 0.0367051 0.0290608 0.0298676 0.0302579 0.0316801 0.0280412 0.0290852 0.0277689 0.0262421 0.0287782 0.0283126 0.0000000 0.0249966 0.0338682 0.0326983 0.0280903 0.0281787 0.0302241 0.0287999 0.0295337 0.0320185 0.0289868 0.0294397 0.0300381 0.0336289 0.0276090 0.0303838 0.0265614 0.0260624 0.0241712 0.0287950 0.0283455 0.0284984 0.0259801 0.0340641 0.0347822 0.0282146 0.0289549 0.0311963 0.0270239 0.0295887 0.0289634 0.0284408 0.0312101 0.0322952 0.0242123 0.0254347 0.0305474 0.0301657 0.0268058 0.0322140 0.0293693 0.0267950 0.0301285 0.0248680 0.0311708 
pop2.indv7  0.0301428 0.0289657 0.0311095 0.0276997 0.0327212 0.0274191 0.0263929 0.0278863 0.0276124 0.0263681 0.0291029 0.0287834 0.0314384 0.0288609 0.0292903 0.0311857 0.0328402 0.0359413 0.0270860 0.0386137 0.0295337 0.0308117 0.0290507 0.0301235 0.0330568 0.0256032 0.0277787 0.0305983 0.0273523 0.0273625 0.0249966 0.0000000 0.0328844 0.0306236 0.0285719 0.0308539 0.0272914 0.0309028 0.0285586 0.0302456 0.0289223 0.0295962 0.0281507 0.0300280 0.0245680 0.0283135 0.0306914 0.0263263 0.0223845 0.0281672 0.0308332 0.0296329 0.0267926 0.0317724 0.0315219 0.0250651 0.0303208 0.0316608 0.0317276 0.0360033 0.0305013 0.0278124 0.0285094 0.0307521 0.0269337 0.0276354 0.0347225 0.0299634 0.0270306 0.0269341 0.0329355 0.0280005 0.0276235 0.0240353 0.0316619 
pop2.indv8  0.0330483 0.0332058 0.0338769 0.0288703 0.0369877 0.0305253 0.0259623 0.0327990 0.0340478 0.0329429 0.0350248 0.0331691 0.0331298 0.0365938 0.0312482 0.0318195 0.0350009 0.0335896 0.0293651 0.0391291 0.0341418 0.0312646 0.0340209 0.0280416 0.0319284 0.0314181 0.0292562 0.0329201 0.0274156 0.0349275 0.0338682 0.0328844 0.0000000 0.0321357 0.0261619 0.0357397 0.0326416 0.0326876 0.0286582 0.0360910 0.0344616 0.0354262 0.0329752 0.0273055 0.0293683 0.0336870 0.0305058 0.0287078 0.0318949 0.0288228 0.0285659 0.0330943 0.0294224 0.0327291 0.0362892 0.0315352 0.0325983 0.0328129 0.0333842 0.0378618 0.0314015 0.0304244 0.0260164 0.0345269 0.0310805 0.0266646 0.0352186 0.0294293 0.0302606 0.0265768 0.0307601 0.0290847 0.0342580 0.0299639 0.0338193 
pop2.indv9  0.0300088 0.0336853 0.0300270 0.0279162 0.0354161 0.0366928 0.0275456 0.0297413 0.0318895 0.0264390 0.0350181 0.0277887 0.0297724 0.0355033 0.0350528 0.0292726 0.0346450 0.0349168 0.0254030 0.0355592 0.0290661 0.0291205 0.0297669 0.0318032 0.0286064 0.0275881 0.0291190 0.0320285 0.0277854 0.0342205 0.0326983 0.0306236 0.0321357 0.0000000 0.0305515 0.0294014 0.0259800 0.0272084 0.0288018 0.0400949 0.0308924 0.0302699 0.0325199 0.0315864 0.0270190 0.0285785 0.0335068 0.0301911 0.0281820 0.0240638 0.0358123 0.0327002 0.0341486 0.0299493 0.0327800 0.0291608 0.0340353 0.0279855 0.0299478 0.0298474 0.0321064 0.0311258 0.0313504 0.0346650 0.0299330 0.0256993 0.0358842 0.0274619 0.0287026 0.0292781 0.0356529 0.0296818 0.0328100 0.0331269 0.0307283 
pop2.indv10 0.0297769 0.0258549 0.0289262 0.0270044 0.0310882 0.0314282 0.0259387 0.0274320 0.0283661 0.0309618 0.0291816 0.0277003 0.0296193 0.0335852 0.0291257 0.0270031 0.0310757 0.0317130 0.0286677 0.0334546 0.0281068 0.0297716 0.0312649 0.0330648 0.0278878 0.0264262 0.0242812 0.0313053 0.0259057 0.0318358 0.0280903 0.0285719 0.0261619 0.0305515 0.0000000 0.0310294 0.0283818 0.0316030 0.0266417 0.0293469 0.0279163 0.0317125 0.0315650 0.0274006 0.0269989 0.0290590 0.0266660 0.0311295 0.0286072 0.0285659 0.0307552 0.0301811 0.0294818 0.0360663 0.0285476 0.0293290 0.0333790 0.0308037 0.0276751 0.0281971 0.0296514 0.0306891 0.0237139 0.0330711 0.0273089 0.0241076 0.0333011 0.0313146 0.0307621 0.0303084 0.0291391 0.0247850 0.0286020 0.0278851 0.0298550 
pop2.indv11 0.0321488 0.0366335 0.0284572 0.0321932 0.0329689 0.0321569 0.0262600 0.0324583 0.0330076 0.0361002 0.0319441 0.0328497 0.0292691 0.0377023 0.0324290 0.0328413 0.0357768 0.0328641 0.0304220 0.0364065 0.0360033 0.0363315 0.0300655 0.0319658 0.0359929 0.0290681 0.0316356 0.0307478 0.0335703 0.0342726 0.0281787 0.0308539 0.0357397 0.0294014 0.0310294 0.0000000 0.0346304 0.0325320 0.0298879 0.0353466 0.0338325 0.0328597 0.0344405 0.0316558 0.0326521 0.0291194 0.0337880 0.0298190 0.0352812 0.0319343 0.0329639 0.0311803 0.0315160 0.0379255 0.0380617 0.0316123 0.0329462 0.0372767 0.0311834 0.0317106 0.0359222 0.0296967 0.0321733 0.0374407 0.0303096 0.0261662 0.0378375 0.0329987 0.0339456 0.0366265 0.0320512 0.0331793 0.0323426 0.0292922 0.0342290 
pop2.indv12 0.0309033 0.0294863 0.0280395 0.0274365 0.0307065 0.0294923 0.0272946 0.0252004 0.0290647 0.0243181 0.0268016 0.0322530 0.0315586 0.0297598 0.0325779 0.0305173 0.0299296 0.0301992 0.0276221 0.0359730 0.0294060 0.0288595 0.0289472 0.0305054 0.0264086 0.0276615 0.0237732 0.0271831 0.0263936 0.0248722 0.0302241 0.0272914 0.0326416 0.0259800 0.0283818 0.0346304 0.0000000 0.0298514 0.0254671 0.0348515 0.0287351 0.0261997 0.0334793 0.0275265 0.0278703 0.0271544 0.0267895 0.0280058 0.0263773 0.0273973 0.0261325 0.0283338 0.0260883 0.0268806 0.0320441 0.0268550 0.0314337 0.0279812 0.0263738 0.0308295 0.0289985 0.0272676 0.0280118 0.0265887 0.0291866 0.0250298 0.0349366 0.0265905 0.0285433 0.0337194 0.0285697 0.0268726 0.0301830 0.0281540 0.0285730 
pop2.indv13 0.0303838 0.0316399 0.0305351 0.0289307 0.0333011 0.0288079 0.0270676 0.0271121 0.0292653 0.0302135 0.0303648 0.0301324 0.0306747 0.0316585 0.0315234 0.0303885 0.0354919 0.0318770 0.0285968 0.0366508 0.0274889 0.0315426 0.0325556 0.0329683 0.0328625 0.0281514 0.0276690 0.0306445 0.0307339 0.0333196 0.0287999 0.0309028 0.0326876 0.0272084 0.0316030 0.0325320 0.0298514 0.0000000 0.0273998 0.0327939 0.0343434 0.0287219 0.0316064 0.0304705 0.0273016 0.0314783 0.0285134 0.0282446 0.0264732 0.0302729 0.0290417 0.0325401 0.0278109 0.0306878 0.0293404 0.0273092 0.0351317 0.0306645 0.0277054 0.0337117 0.0324356 0.0319268 0.0282212 0.0387425 0.0310184 0.0229007 0.0350723 0.0296210 0.0280663 0.0297243 0.0302471 0.0299005 0.0304700 0.0249299 0.0282319 
pop2.indv14 0.0319122 0.0314442 0.0309088 0.0276762 0.0264897 0.0284782 0.0236526 0.0254183 0.0254396 0.0271247 0.0320398 0.0285774 0.0319361 0.0326269 0.0313903 0.0298136 0.0303152 0.0309018 0.0315821 0.0307820 0.0278156 0.0252085 0.0275971 0.0282199 0.0321458 0.0267326 0.0234761 0.0286770 0.0256591 0.0296494 0.0295337 0.0285586 0.0286582 0.0288018 0.0266417 0.0298879 0.0254671 0.0273998 0.0000000 0.0343150 0.0299739 0.0279345 0.0305741 0.0311797 0.0256764 0.0275042 0.0270833 0.0272013 0.0274128 0.0292325 0.0283924 0.0241126 0.0291502 0.0325646 0.0341291 0.0267521 0.0322273 0.0267447 0.0276842 0.0325451 0.0283906 0.0313696 0.0243149 0.0301173 0.0243842 0.0230062 0.0336443 0.0316239 0.0273775 0.0319490 0.0277711 0.0316507 0.0294273 0.0284501 0.0303689 
pop2.indv15 0.0320670 0.0354037 0.0366716 0.0327296 0.0301719 0.0367624 0.0284419 0.0307325 0.0297599 0.0315139 0.0342445 0.0314079 0.0320104 0.0351573 0.0318635 0.0306828 0.0400455 0.0361814 0.0323292 0.0367356 0.0327782 0.0315687 0.0349976 0.0360755 0.0337147 0.0305541 0.0263055 0.0377750 0.0323105 0.0340056 0.0320185 0.0302456 0.0360910 0.0400949 0.0293469 0.0353466 0.0348515 0.0327939 0.0343150 0.0000000 0.0355080 0.0368449 0.0362401 0.0304873 0.0318635 0.0367367 0.0300909 0.0307564 0.0306738 0.0309885 0.0322749 0.0341930 0.0319082 0.0399305 0.0387824 0.0302836 0.0356580 0.0300476 0.0364947 0.0362798 0.0348956 0.0348043 0.0282593 0.0386061 0.0306499 0.0318282 0.0372279 0.0337483 0.0325496 0.0336071 0.0370750 0.0249811 0.0341616 0.0283178 0.0289399 
pop2.indv16 0.0342195 0.0277708 0.0379626 0.0301789 0.0318399 0.0309586 0.0251994 0.0304593 0.0320571 0.0318743 0.0329264 0.0361568 0.0283247 0.0380920 0.0356637 0.0290598 0.0292388 0.0281765 0.0286622 0.0329678 0.0311314 0.0289921 0.0333318 0.0306805 0.0338059 0.0303874 0.0290481 0.0299878 0.0274230 0.0327097 0.0289868 0.0289223 0.0344616 0.0308924 0.0279163 0.0338325 0.0287351 0.0343434 0.0299739 0.0355080 0.0000000 0.0360688 0.0264569 0.0312365 0.0310805 0.0283035 0.0289281 0.0281967 0.0308757 0.0281906 0.0324955 0.0310088 0.0296548 0.0350629 0.0340750 0.0324104 0.0348807 0.0310525 0.0299367 0.0341168 0.0329936 0.0283635 0.0318695 0.0380676 0.0276932 0.0243693 0.0365226 0.0267610 0.0311482 0.0305335 0.0230503 0.0290797 0.0266554 0.0259244 0.0343642 
pop2.indv17 0.0337794 0.0290048 0.0305007 0.0296079 0.0353491 0.0332213 0.0262037 0.0291481 0.0279621 0.0302759 0.0306510 0.0357081 0.0324104 0.0325265 0.0337117 0.0333378 0.0355404 0.0315286 0.0282380 0.0369498 0.0306378 0.0317803 0.0352467 0.0354321 0.0327224 0.0268861 0.0266367 0.0349792 0.0324495 0.0323617 0.0294397 0.0295962 0.0354262 0.0302699 0.0317125 0.0328597 0.0261997 0.0287219 0.0279345 0.0368449 0.0360688 0.0000000 0.0352973 0.0332713 0.0342235 0.0332676 0.0294687 0.0291210 0.0319408 0.0288588 0.0343238 0.0306184 0.0303142 0.0354082 0.0335880 0.0300599 0.0330400 0.0341400 0.0330939 0.0303803 0.0352527 0.0305212 0.0289985 0.0300305 0.0306826 0.0298990 0.0346055 0.0306798 0.0276414 0.0303556 0.0312424 0.0264939 0.0312569 0.0288693 0.0300098 
pop2.indv18 0.0317963 0.0304775 0.0328703 0.0297126 0.0348372 0.0318173 0.0268802 0.0314629 0.0311508 0.0298015 0.0288231 0.0304905 0.0314428 0.0345217 0.0338441 0.0343729 0.0341896 0.0303584 0.0286785 0.0366453 0.0318243 0.0328664 0.0343653 0.0302826 0.0328703 0.0297774 0.0301392 0.0323947 0.0298950 0.0299598 0.0300381 0.0281507 0.0329752 0.0325199 0.0315650 0.0344405 0.0334793 0.0316064 0.0305741 0.0362401 0.0264569 0.0352973 0.0000000 0.0285524 0.0305161 0.0301188 0.0268081 0.0297970 0.0289427 0.0260893 0.0316598 0.0317022 0.0302963 0.0295338 0.0320198 0.0331458 0.0342853 0.0347936 0.0329902 0.0340597 0.0325595 0.0278225 0.0293887 0.0325617 0.0315677 0.0283327 0.0365568 0.0318523 0.0311032 0.0284457 0.0306536 0.0327269 0.0291939 0.0305623 0.0305618 
pop2.indv19 0.0357106 0.0237787 0.0291429 0.0291876 0.0335704 0.0306448 0.0251486 0.0287347 0.0288655 0.0306989 0.0311423 0.0332324 0.0286952 0.0317347 0.0260389 0.0316356 0.0333967 0.0331927 0.0316590 0.0342287 0.0332755 0.0310773 0.0304878 0.0305910 0.0347688 0.0292364 0.0258001 0.0304588 0.0289756 0.0330528 0.0336289 0.0300280 0.0273055 0.0315864 0.0274006 0.0316558 0.0275265 0.0304705 0.0311797 0.0304873 0.0312365 0.0332713 0.0285524 0.0000000 0.0276425 0.0313866 0.0279471 0.0291876 0.0295813 0.0304118 0.0326138 0.0274262 0.0285529 0.0353431 0.0319766 0.0268595 0.0320015 0.0324779 0.0328168 0.0320242 0.0313069 0.0298863 0.0275685 0.0339366 0.0282483 0.0296997 0.0380598 0.0304069 0.0257122 0.0348634 0.0321086 0.0275828 0.0315272 0.0271967 0.0308060 
pop2.indv20 0.0286180 0.0272547 0.0276235 0.0269218 0.0303434 0.0308353 0.0228712 0.0280926 0.0283522 0.0266508 0.0294954 0.0293052 0.0322135 0.0359117 0.0301199 0.0226419 0.0336761 0.0323491 0.0249685 0.0329342 0.0285258 0.0298838 0.0303029 0.0266094 0.0332141 0.0263828 0.0280083 0.0286319 0.0261680 0.0329217 0.0276090 0.0245680 0.0293683 0.0270190 0.0269989 0.0326521 0.0278703 0.0273016 0.0256764 0.0318635 0.0310805 0.0342235 0.0305161 0.0276425 0.0000000 0.0269597 0.0307767 0.0261058 0.0259997 0.0263933 0.0317203 0.0261528 0.0274960 0.0309514 0.0322129 0.0261045 0.0336617 0.0327906 0.0280779 0.0323960 0.0314602 0.0307678 0.0275754 0.0385725 0.0288582 0.0270409 0.0345796 0.0281867 0.0285138 0.0306144 0.0254086 0.0281616 0.0304486 0.0262233 0.0297863 
pop2.indv21 0.0321705 0.0330404 0.0290941 0.0290896 0.0344532 0.0318396 0.0267870 0.0362470 0.0314827 0.0325104 0.0332512 0.0315273 0.0302405 0.0353133 0.0323462 0.0276447 0.0342136 0.0317141 0.0288857 0.0361099 0.0342103 0.0318744 0.0294980 0.0307080 0.0326581 0.0294809 0.0303238 0.0291744 0.0342287 0.0350326 0.0303838 0.0283135 0.0336870 0.0285785 0.0290590 0.0291194 0.0271544 0.0314783 0.0275042 0.0367367 0.0283035 0.0332676 0.0301188 0.0313866 0.0269597 0.0000000 0.0301341 0.0313361 0.0261413 0.0306821 0.0296153 0.0327625 0.0294113 0.0324302 0.0357899 0.0342482 0.0366162 0.0352986 0.0295557 0.0320621 0.0311745 0.0287819 0.0337690 0.0355496 0.0319006 0.0271993 0.0373458 0.0260400 0.0316032 0.0347994 0.0310897 0.0301270 0.0314442 0.0308259 0.0350750 
pop2.indv22 0.0299331 0.0302423 0.0282037 0.0296854 0.0312340 0.0286401 0.0254809 0.0280849 0.0276602 0.0339246 0.0303459 0.0288527 0.0320409 0.0295887 0.0281518 0.0288260 0.0316590 0.0297915 0.0295788 0.0343163 0.0314820 0.0294056 0.0316705 0.0263212 0.0280133 0.0285285 0.0258796 0.0305872 0.0283517 0.0306686 0.0265614 0.0306914 0.0305058 0.0335068 0.0266660 0.0337880 0.0267895 0.0285134 0.0270833 0.0300909 0.0289281 0.0294687 0.0268081 0.0279471 0.0307767 0.0301341 0.0000000 0.0305161 0.0286923 0.0272771 0.0323441 0.0283844 0.0260937 0.0283247 0.0355956 0.0280007 0.0305474 0.0323838 0.0314735 0.0331805 0.0347420 0.0270260 0.0272027 0.0333689 0.0279355 0.0268056 0.0313335 0.0287068 0.0279000 0.0327640 0.0299634 0.0290184 0.0247880 0.0232170 0.0291164 
pop2.indv23 0.0312282 0.0276494 0.0301102 0.0273674 0.0321287 0.0291028 0.0244500 0.0282926 0.0302693 0.0266946 0.0273800 0.0291341 0.0272755 0.0308716 0.0330095 0.0269886 0.0291113 0.0306901 0.0259157 0.0369117 0.0281569 0.0313000 0.0335681 0.0280325 0.0298448 0.0254389 0.0284420 0.0273769 0.0288814 0.0282649 0.0260624 0.0263263 0.0287078 0.0301911 0.0311295 0.0298190 0.0280058 0.0282446 0.0272013 0.0307564 0.0281967 0.0291210 0.0297970 0.0291876 0.0261058 0.0313361 0.0305161 0.0000000 0.0290534 0.0279435 0.0289688 0.0266969 0.0301259 0.0333136 0.0310620 0.0320453 0.0271114 0.0322213 0.0273601 0.0330394 0.0308638 0.0295088 0.0266670 0.0296499 0.0294412 0.0266086 0.0322669 0.0272213 0.0260711 0.0299860 0.0246906 0.0254651 0.0286982 0.0277747 0.0297052 
pop2.indv24 0.0327751 0.0292201 0.0335047 0.0270115 0.0296368 0.0309566 0.0217950 0.0309216 0.0262580 0.0286013 0.0312746 0.0291081 0.0324132 0.0296523 0.0292009 0.0291694 0.0307421 0.0332331 0.0282326 0.0359334 0.0269263 0.0321096 0.0257885 0.0262577 0.0314202 0.0284486 0.0271307 0.0295333 0.0259817 0.0251272 0.0241712 0.0223845 0.0318949 0.0281820 0.0286072 0.0352812 0.0263773 0.0264732 0.0274128 0.0306738 0.0308757 0.0319408 0.0289427 0.0295813 0.0259997 0.0261413 0.0286923 0.0290534 0.0000000 0.0257937 0.0314079 0.0275828 0.0282667 0.0280835 0.0319680 0.0243699 0.0247211 0.0314357 0.0290417 0.0304001 0.0260832 0.0295551 0.0278826 0.0320944 0.0299945 0.0227557 0.0359377 0.0266134 0.0280070 0.0304085 0.0323552 0.0260775 0.0274984 0.0244491 0.0283448 
pop2.indv25 0.0271163 0.0238463 0.0301097 0.0266973 0.0292063 0.0258759 0.0259240 0.0267816 0.0289727 0.0328713 0.0242952 0.0323415 0.0323230 0.0292286 0.0264654 0.0298732 0.0303620 0.0300509 0.0268408 0.0337439 0.0314799 0.0293237 0.0307637 0.0279253 0.0308960 0.0288081 0.0241722 0.0331195 0.0304134 0.0274079 0.0287950 0.0281672 0.0288228 0.0240638 0.0285659 0.0319343 0.0273973 0.0302729 0.0292325 0.0309885 0.0281906 0.0288588 0.0260893 0.0304118 0.0263933 0.0306821 0.0272771 0.0279435 0.0257937 0.0000000 0.0297057 0.0295180 0.0298629 0.0330828 0.0282264 0.0252055 0.0300951 0.0300184 0.0293468 0.0341849 0.0312757 0.0294719 0.0297528 0.0294224 0.0285582 0.0249271 0.0320296 0.0338204 0.0291057 0.0281839 0.0279000 0.0274984 0.0267093 0.0252780 0.0304038 
pop3.indv1  0.0339987 0.0303016 0.0348187 0.0276879 0.0326916 0.0294646 0.0292953 0.0297057 0.0297313 0.0290510 0.0374355 0.0329874 0.0289536 0.0315288 0.0300287 0.0286590 0.0345748 0.0349925 0.0311280 0.0368766 0.0298777 0.0266032 0.0328018 0.0283223 0.0292379 0.0304997 0.0268134 0.0302810 0.0322957 0.0302015 0.0283455 0.0308332 0.0285659 0.0358123 0.0307552 0.0329639 0.0261325 0.0290417 0.0283924 0.0322749 0.0324955 0.0343238 0.0316598 0.0326138 0.0317203 0.0296153 0.0323441 0.0289688 0.0314079 0.0297057 0.0000000 0.0303086 0.0263933 0.0307039 0.0337448 0.0289936 0.0345943 0.0317692 0.0297804 0.0289326 0.0281641 0.0274584 0.0302749 0.0332942 0.0293385 0.0253987 0.0373861 0.0304734 0.0290350 0.0279619 0.0308102 0.0301066 0.0319230 0.0278747 0.0320785 
pop3.indv2  0.0308067 0.0332749 0.0351983 0.0306357 0.0336593 0.0323928 0.0290209 0.0317235 0.0290647 0.0320107 0.0353091 0.0315234 0.0350307 0.0352095 0.0307773 0.0364627 0.0347177 0.0332134 0.0278729 0.0378740 0.0303572 0.0280921 0.0346269 0.0293505 0.0344509 0.0285737 0.0285232 0.0296021 0.0291755 0.0326365 0.0284984 0.0296329 0.0330943 0.0327002 0.0301811 0.0311803 0.0283338 0.0325401 0.0241126 0.0341930 0.0310088 0.0306184 0.0317022 0.0274262 0.0261528 0.0327625 0.0283844 0.0266969 0.0275828 0.0295180 0.0303086 0.0000000 0.0286149 0.0313994 0.0305402 0.0272830 0.0294260 0.0273373 0.0249704 0.0307066 0.0287093 0.0264472 0.0265764 0.0278444 0.0254664 0.0240789 0.0308944 0.0275464 0.0238379 0.0262769 0.0224723 0.0258089 0.0249548 0.0271303 0.0271886 
