75
pop1.indv1  0.0000000 0.0246786 0.0294581 0.0341612 0.0357468 0.0246904 0.0290438 0.0301978 0.0217530 0.0245598 0.0199701 0.0371746 0.0338256 0.0295745 0.0290438 0.0265885 0.0232663 0.0292424 0.0276776 0.0293567 0.0403164 0.0227262 0.0258863 0.0276235 0.0228011 0.0272144 0.0277992 0.0275438 0.0322657 0.0358180 0.0301834 0.0140304 0.0248717 0.0437265 0.0215963 0.0298396 0.0262518 0.0232220 0.0256401 0.0293567 0.0311554 0.0265101 0.0251911 0.0266673 0.0322338 0.0322657 0.0259991 0.0226934 0.0277858 0.0261379 0.0430051 0.0231310 0.0327628 0.0260994 0.0269057 0.0306544 0.0326331 0.0346948 0.0262645 0.0339089 0.0386170 0.0258619 0.0307592 0.0309868 0.0307894 0.0292001 0.0371193 0.0320462 0.0306537 0.0357823 0.0389068 0.0326655 0.0292566 0.0293567 0.0259863 
pop1.indv10 0.0246786 0.0000000 0.0404983 0.0291146 0.0356228 0.0355698 0.0372300 0.0333670 0.0313575 0.0276914 0.0339761 0.0370274 0.0368270 0.0441722 0.0450467 0.0461351 0.0313413 0.0421396 0.0390825 0.0274380 0.0437922 0.0335784 0.0356050 0.0277858 0.0323132 0.0380878 0.0265234 0.0370641 0.0421606 0.0403763 0.0482308 0.0215969 0.0391020 0.0418241 0.0372671 0.0265363 0.0341107 0.0279229 0.0335456 0.0325526 0.0358717 0.0296329 0.0333266 0.0381798 0.0275039 0.0334156 0.0408670 0.0276909 0.0305942 0.0435065 0.0384148 0.0424383 0.0463262 0.0421823 0.0376821 0.0425682 0.0409702 0.0461584 0.0292999 0.0349643 0.0365930 0.0338425 0.0336933 0.0320928 0.0311241 0.0388482 0.0508611 0.0402355 0.0430747 0.0386170 0.0420128 0.0378323 0.0373415 0.0310472 0.0350153 
pop1.indv11 0.0294581 0.0404983 0.0000000 0.0230763 0.0320462 0.0293857 0.0352384 0.0254596 0.0233683 0.0340598 0.0292570 0.0370825 0.0323129 0.0311404 0.0291715 0.0361788 0.0267211 0.0247748 0.0294724 0.0261754 0.0308197 0.0275175 0.0245006 0.0309411 0.0258369 0.0431183 0.0171331 0.0230425 0.0292283 0.0406815 0.0433334 0.0276643 0.0360336 0.0433979 0.0339757 0.0329927 0.0250062 0.0277190 0.0242098 0.0420340 0.0279089 0.0293287 0.0282832 0.0248354 0.0307135 0.0323924 0.0322184 0.0198378 0.0245482 0.0351523 0.0363251 0.0426984 0.0378323 0.0372115 0.0317526 0.0292283 0.0339425 0.0392996 0.0246316 0.0324405 0.0270988 0.0259745 0.0372486 0.0258619 0.0335621 0.0334805 0.0440822 0.0286416 0.0354469 0.0334967 0.0323132 0.0438145 0.0230758 0.0187894 0.0257634 
pop1.indv12 0.0341612 0.0291146 0.0230763 0.0000000 0.0421606 0.0407433 0.0306537 0.0316916 0.0282268 0.0275175 0.0213812 0.0305346 0.0322184 0.0375664 0.0387517 0.0380633 0.0157018 0.0247387 0.0324723 0.0212593 0.0340934 0.0346438 0.0262136 0.0292279 0.0384264 0.0287926 0.0263546 0.0227151 0.0243492 0.0321556 0.0348962 0.0289878 0.0245715 0.0436821 0.0322814 0.0348175 0.0373601 0.0261634 0.0259616 0.0278131 0.0342801 0.0143533 0.0365468 0.0365654 0.0276776 0.0436605 0.0547827 0.0291146 0.0260244 0.0272153 0.0410326 0.0408255 0.0378706 0.0419705 0.0344777 0.0343316 0.0294290 0.0294437 0.0244653 0.0351351 0.0415335 0.0243606 0.0352903 0.0341273 0.0291150 0.0292283 0.0353424 0.0367547 0.0338257 0.0368815 0.0291997 0.0410120 0.0322500 0.0295016 0.0272802 
pop1.indv13 0.0357468 0.0356228 0.0320462 0.0421606 0.0000000 0.0433116 0.0353599 0.0410655 0.0363067 0.0337762 0.0374348 0.0454568 0.0454807 0.0409494 0.0256537 0.0455267 0.0465166 0.0338427 0.0324723 0.0321712 0.0464251 0.0365929 0.0274249 0.0307443 0.0379762 0.0412879 0.0371930 0.0456650 0.0340263 0.0435500 0.0528954 0.0420765 0.0442608 0.0502122 0.0400562 0.0476419 0.0293866 0.0408457 0.0283973 0.0424167 0.0426109 0.0313882 0.0393988 0.0413899 0.0467057 0.0352385 0.0421819 0.0403968 0.0337927 0.0403963 0.0496829 0.0487217 0.0392600 0.0287658 0.0378654 0.0455493 0.0472530 0.0562203 0.0353078 0.0402156 0.0384262 0.0322346 0.0397608 0.0353251 0.0419079 0.0380691 0.0371745 0.0395078 0.0350836 0.0467526 0.0259375 0.0513894 0.0353600 0.0309865 0.0513898 
pop1.indv14 0.0246904 0.0355698 0.0293857 0.0407433 0.0433116 0.0000000 0.0368996 0.0425885 0.0342462 0.0321239 0.0336767 0.0368633 0.0433334 0.0546384 0.0364681 0.0551277 0.0295745 0.0323447 0.0322341 0.0335456 0.0417409 0.0397610 0.0303868 0.0229427 0.0352383 0.0466131 0.0326007 0.0384454 0.0356227 0.0484268 0.0412480 0.0212292 0.0359435 0.0589040 0.0404374 0.0394790 0.0443298 0.0406199 0.0353076 0.0371377 0.0458056 0.0359255 0.0312640 0.0357645 0.0468961 0.0449341 0.0402964 0.0453204 0.0369543 0.0364859 0.0460163 0.0442398 0.0325847 0.0334479 0.0331259 0.0437270 0.0419501 0.0542979 0.0262393 0.0445110 0.0352384 0.0321866 0.0415961 0.0387903 0.0371009 0.0321712 0.0484029 0.0397218 0.0385980 0.0556720 0.0433765 0.0512576 0.0387710 0.0310939 0.0532199 
pop1.indv15 0.0290438 0.0372300 0.0352384 0.0306537 0.0353599 0.0368996 0.0000000 0.0283168 0.0325047 0.0307135 0.0261379 0.0339592 0.0257386 0.0323927 0.0273324 0.0327794 0.0263039 0.0276108 0.0356227 0.0321868 0.0337595 0.0288621 0.0211900 0.0292420 0.0258374 0.0285323 0.0327632 0.0213408 0.0321244 0.0400959 0.0334317 0.0310631 0.0217118 0.0379577 0.0289739 0.0281711 0.0373601 0.0372856 0.0320304 0.0390237 0.0230976 0.0169079 0.0329927 0.0280457 0.0244186 0.0348624 0.0340936 0.0305493 0.0229439 0.0337927 0.0310013 0.0419075 0.0294004 0.0321244 0.0269187 0.0389651 0.0307888 0.0375664 0.0184945 0.0334644 0.0321088 0.0258624 0.0301830 0.0183644 0.0351695 0.0370457 0.0321400 0.0467534 0.0303582 0.0432468 0.0387902 0.0327794 0.0323134 0.0230540 0.0413494 
pop1.indv16 0.0301978 0.0333670 0.0254596 0.0316916 0.0410655 0.0425885 0.0283168 0.0000000 0.0387903 0.0314945 0.0314948 0.0298114 0.0403928 0.0333992 0.0254478 0.0415135 0.0334319 0.0209435 0.0415546 0.0346772 0.0442464 0.0283973 0.0315400 0.0362913 0.0267039 0.0437930 0.0319219 0.0344612 0.0409450 0.0496812 0.0419501 0.0380320 0.0401557 0.0456256 0.0411462 0.0471098 0.0385787 0.0317681 0.0325165 0.0396631 0.0400169 0.0271248 0.0473499 0.0338924 0.0284916 0.0444664 0.0459433 0.0266664 0.0283442 0.0474884 0.0429682 0.0397802 0.0435290 0.0430326 0.0308458 0.0427355 0.0378102 0.0417200 0.0331106 0.0408054 0.0381065 0.0393730 0.0453584 0.0316611 0.0424840 0.0362913 0.0420319 0.0441592 0.0440510 0.0406870 0.0331583 0.0470139 0.0329678 0.0304313 0.0406669 
pop1.indv17 0.0217530 0.0313575 0.0233683 0.0282268 0.0363067 0.0342462 0.0325047 0.0387903 0.0000000 0.0217330 0.0295452 0.0278814 0.0377560 0.0217433 0.0293425 0.0249694 0.0158074 0.0248110 0.0342121 0.0309106 0.0214118 0.0306242 0.0231535 0.0296769 0.0328610 0.0384833 0.0174237 0.0357290 0.0231426 0.0409291 0.0354820 0.0187258 0.0218065 0.0243835 0.0245832 0.0285379 0.0247387 0.0296184 0.0290861 0.0311711 0.0298691 0.0233907 0.0175512 0.0283673 0.0291286 0.0325849 0.0343657 0.0245360 0.0278265 0.0294437 0.0347473 0.0277858 0.0348880 0.0262010 0.0302994 0.0296329 0.0327468 0.0360879 0.0219874 0.0230425 0.0321714 0.0296773 0.0260740 0.0184512 0.0199794 0.0326173 0.0371192 0.0371930 0.0343145 0.0389652 0.0292570 0.0395998 0.0249077 0.0264193 0.0276510 
pop1.indv18 0.0245598 0.0276914 0.0340598 0.0275175 0.0337762 0.0321239 0.0307135 0.0314945 0.0217330 0.0000000 0.0259616 0.0318909 0.0337096 0.0257629 0.0287517 0.0407021 0.0203278 0.0246781 0.0243480 0.0289596 0.0306238 0.0193709 0.0213806 0.0243715 0.0244417 0.0208845 0.0261124 0.0305048 0.0307135 0.0258624 0.0271892 0.0340934 0.0263293 0.0435726 0.0304459 0.0281289 0.0264588 0.0310320 0.0302117 0.0291571 0.0246428 0.0295164 0.0329103 0.0276505 0.0305352 0.0289735 0.0388484 0.0197441 0.0243950 0.0243143 0.0323132 0.0338923 0.0449978 0.0275844 0.0238360 0.0349981 0.0307585 0.0421823 0.0259493 0.0243486 0.0333346 0.0258869 0.0386555 0.0257755 0.0260621 0.0304163 0.0337264 0.0319684 0.0256657 0.0370825 0.0323447 0.0423740 0.0243835 0.0262393 0.0362211 
pop1.indv19 0.0199701 0.0339761 0.0292570 0.0213812 0.0374348 0.0336767 0.0261379 0.0314948 0.0295452 0.0259616 0.0000000 0.0354122 0.0275307 0.0339257 0.0255921 0.0359614 0.0236804 0.0295016 0.0303872 0.0354121 0.0451369 0.0258131 0.0276914 0.0244769 0.0304756 0.0317833 0.0186807 0.0213099 0.0351523 0.0356228 0.0379948 0.0244538 0.0361605 0.0417193 0.0356404 0.0313265 0.0294151 0.0309404 0.0286827 0.0321714 0.0371930 0.0277997 0.0346077 0.0373229 0.0335292 0.0349981 0.0275039 0.0199035 0.0304317 0.0336935 0.0280462 0.0388677 0.0338755 0.0338092 0.0299678 0.0291006 0.0339257 0.0276108 0.0185215 0.0272149 0.0316309 0.0242909 0.0287931 0.0303582 0.0293866 0.0228889 0.0384833 0.0351008 0.0452742 0.0290866 0.0336769 0.0516591 0.0351867 0.0260745 0.0289601 
pop1.indv2  0.0371746 0.0370274 0.0370825 0.0305346 0.0454568 0.0368633 0.0339592 0.0298114 0.0278814 0.0318909 0.0354122 0.0000000 0.0429258 0.0368633 0.0336933 0.0388291 0.0324405 0.0335784 0.0370274 0.0402763 0.0287517 0.0271370 0.0304756 0.0307135 0.0303578 0.0376638 0.0246188 0.0349811 0.0321873 0.0453878 0.0392583 0.0323450 0.0322027 0.0433116 0.0368451 0.0410746 0.0402758 0.0340601 0.0273065 0.0323766 0.0351351 0.0246557 0.0344174 0.0357824 0.0300821 0.0432251 0.0519955 0.0289878 0.0336769 0.0380691 0.0463255 0.0383128 0.0438815 0.0395274 0.0346272 0.0465650 0.0321086 0.0558141 0.0275443 0.0241640 0.0328267 0.0302557 0.0366646 0.0242904 0.0348624 0.0399377 0.0396242 0.0414310 0.0305795 0.0379578 0.0351008 0.0401359 0.0330312 0.0369543 0.0299682 
pop1.indv20 0.0338256 0.0368270 0.0323129 0.0322184 0.0454807 0.0433334 0.0257386 0.0403928 0.0377560 0.0337096 0.0275307 0.0429258 0.0000000 0.0260994 0.0400565 0.0373602 0.0292429 0.0290861 0.0368633 0.0365929 0.0463094 0.0287790 0.0335619 0.0286547 0.0363618 0.0330781 0.0323766 0.0287099 0.0287931 0.0480121 0.0415339 0.0289177 0.0404980 0.0494089 0.0386746 0.0358717 0.0277318 0.0404977 0.0348284 0.0422037 0.0337591 0.0259997 0.0426988 0.0497113 0.0167421 0.0350835 0.0504468 0.0286822 0.0255677 0.0443783 0.0404372 0.0320617 0.0407844 0.0398588 0.0311816 0.0451828 0.0416786 0.0387709 0.0291006 0.0381439 0.0301830 0.0243600 0.0314644 0.0368451 0.0258496 0.0335129 0.0381439 0.0335784 0.0366826 0.0383884 0.0304902 0.0566076 0.0348792 0.0260994 0.0317068 
pop1.indv21 0.0295745 0.0441722 0.0311404 0.0375664 0.0409494 0.0546384 0.0323927 0.0333992 0.0217433 0.0257629 0.0339257 0.0368633 0.0260994 0.0000000 0.0302701 0.0341445 0.0331758 0.0312175 0.0425900 0.0388872 0.0352905 0.0339757 0.0310013 0.0440828 0.0340094 0.0320304 0.0358896 0.0452058 0.0357824 0.0582646 0.0468474 0.0461599 0.0327147 0.0441938 0.0407018 0.0512035 0.0326497 0.0378706 0.0383506 0.0481881 0.0474963 0.0343831 0.0382383 0.0413055 0.0358002 0.0335129 0.0423744 0.0214118 0.0323134 0.0387516 0.0461112 0.0405999 0.0396399 0.0391218 0.0331901 0.0475448 0.0487973 0.0494280 0.0314045 0.0354996 0.0352557 0.0291575 0.0489979 0.0418237 0.0386938 0.0404171 0.0356404 0.0404372 0.0424171 0.0325364 0.0356404 0.0553290 0.0245960 0.0359255 0.0420553 
pop1.indv22 0.0290438 0.0450467 0.0291715 0.0387517 0.0256537 0.0364681 0.0273324 0.0254478 0.0293425 0.0287517 0.0255921 0.0336933 0.0400565 0.0302701 0.0000000 0.0418034 0.0264193 0.0305497 0.0319838 0.0336603 0.0363618 0.0224392 0.0289458 0.0270591 0.0363265 0.0254231 0.0304163 0.0413696 0.0395078 0.0400757 0.0298254 0.0305199 0.0367547 0.0269832 0.0333507 0.0373043 0.0335458 0.0320620 0.0207307 0.0349131 0.0324244 0.0277997 0.0295745 0.0321400 0.0380879 0.0348117 0.0398391 0.0349639 0.0301257 0.0283707 0.0387709 0.0254113 0.0401960 0.0254591 0.0327017 0.0334643 0.0415543 0.0385978 0.0244538 0.0392393 0.0330946 0.0319376 0.0285592 0.0300679 0.0300679 0.0361686 0.0361685 0.0300106 0.0351178 0.0352038 0.0303139 0.0370457 0.0321871 0.0324885 0.0285055 
pop1.indv23 0.0265885 0.0461351 0.0361788 0.0380633 0.0455267 0.0551277 0.0327794 0.0415135 0.0249694 0.0407021 0.0359614 0.0388291 0.0373602 0.0341445 0.0418034 0.0000000 0.0284528 0.0359075 0.0377180 0.0408465 0.0370641 0.0342462 0.0378515 0.0410749 0.0393197 0.0464721 0.0249689 0.0403161 0.0394188 0.0496579 0.0385214 0.0312486 0.0359256 0.0419497 0.0569985 0.0416675 0.0360517 0.0376989 0.0289739 0.0380827 0.0360336 0.0281019 0.0451838 0.0367712 0.0325042 0.0421610 0.0423744 0.0232429 0.0294581 0.0423951 0.0448569 0.0391218 0.0283673 0.0407227 0.0373229 0.0357291 0.0425247 0.0497879 0.0345037 0.0358180 0.0367908 0.0295601 0.0441949 0.0338757 0.0377559 0.0437922 0.0294294 0.0408048 0.0387129 0.0439482 0.0329761 0.0571784 0.0373601 0.0312643 0.0370091 
pop1.indv24 0.0232663 0.0313413 0.0267211 0.0157018 0.0465166 0.0295745 0.0263039 0.0334319 0.0158074 0.0203278 0.0236804 0.0324405 0.0292429 0.0331758 0.0264193 0.0284528 0.0000000 0.0249574 0.0313420 0.0231871 0.0275443 0.0310780 0.0248235 0.0217330 0.0295452 0.0259868 0.0202300 0.0261634 0.0186190 0.0412627 0.0382752 0.0187176 0.0219986 0.0341782 0.0311404 0.0300194 0.0283254 0.0203381 0.0258629 0.0281849 0.0235865 0.0203677 0.0255836 0.0369604 0.0233113 0.0344174 0.0347122 0.0249088 0.0294733 0.0339596 0.0267870 0.0345382 0.0318663 0.0344347 0.0308494 0.0330424 0.0292999 0.0365282 0.0220740 0.0261890 0.0356936 0.0298401 0.0328284 0.0279229 0.0295317 0.0345210 0.0406401 0.0342124 0.0293719 0.0297211 0.0266019 0.0415819 0.0265106 0.0264326 0.0325369 
pop1.indv25 0.0292424 0.0421396 0.0247748 0.0247387 0.0338427 0.0323447 0.0276108 0.0209435 0.0248110 0.0246781 0.0295016 0.0335784 0.0290861 0.0312175 0.0305497 0.0359075 0.0249574 0.0000000 0.0295452 0.0390435 0.0291430 0.0303872 0.0277452 0.0216172 0.0241985 0.0271238 0.0173481 0.0384263 0.0307440 0.0356759 0.0397022 0.0291571 0.0392006 0.0467049 0.0370825 0.0464224 0.0354470 0.0412627 0.0302557 0.0245006 0.0339592 0.0308955 0.0300041 0.0380439 0.0304605 0.0304609 0.0405592 0.0321083 0.0292999 0.0302701 0.0393592 0.0339759 0.0394991 0.0391612 0.0319216 0.0389845 0.0386554 0.0475933 0.0217221 0.0368633 0.0385214 0.0310787 0.0368996 0.0292857 0.0229655 0.0353598 0.0436389 0.0382563 0.0290582 0.0454117 0.0245954 0.0555371 0.0309713 0.0262398 0.0414313 
pop1.indv3  0.0276776 0.0390825 0.0294724 0.0324723 0.0324723 0.0322341 0.0356227 0.0415546 0.0342121 0.0243480 0.0303872 0.0370274 0.0368633 0.0425900 0.0319838 0.0377180 0.0313420 0.0295452 0.0000000 0.0271238 0.0321083 0.0226501 0.0336931 0.0352038 0.0351178 0.0461035 0.0391415 0.0276914 0.0400365 0.0470139 0.0396436 0.0275044 0.0312952 0.0402763 0.0420553 0.0485917 0.0424596 0.0393990 0.0348623 0.0363250 0.0439707 0.0393992 0.0380246 0.0398839 0.0432473 0.0471826 0.0474243 0.0241747 0.0287235 0.0351179 0.0464946 0.0579023 0.0362700 0.0420761 0.0319216 0.0471106 0.0472547 0.0545255 0.0310631 0.0356757 0.0447100 0.0229871 0.0339089 0.0339589 0.0336769 0.0401559 0.0482081 0.0350324 0.0367006 0.0453660 0.0399179 0.0535582 0.0407227 0.0477413 0.0368270 
pop1.indv4  0.0293567 0.0274380 0.0261754 0.0212593 0.0321712 0.0335456 0.0321868 0.0346772 0.0309106 0.0289596 0.0354121 0.0402763 0.0365929 0.0388872 0.0336603 0.0408465 0.0231871 0.0390435 0.0271238 0.0000000 0.0334641 0.0333184 0.0274375 0.0276776 0.0288342 0.0511581 0.0359434 0.0258869 0.0319838 0.0417825 0.0398785 0.0259365 0.0295016 0.0418661 0.0370274 0.0327304 0.0373975 0.0199894 0.0300675 0.0368996 0.0402362 0.0155607 0.0377180 0.0266934 0.0317983 0.0317523 0.0511804 0.0306544 0.0244653 0.0367186 0.0345729 0.0456429 0.0328445 0.0414310 0.0265423 0.0423748 0.0323608 0.0402159 0.0294433 0.0334967 0.0319063 0.0351694 0.0384454 0.0421404 0.0306838 0.0200454 0.0416995 0.0349811 0.0356757 0.0392403 0.0419920 0.0490224 0.0306992 0.0295890 0.0369178 
pop1.indv5  0.0403164 0.0437922 0.0308197 0.0340934 0.0464251 0.0417409 0.0337595 0.0442464 0.0214118 0.0306238 0.0451369 0.0287517 0.0463094 0.0352905 0.0363618 0.0370641 0.0275443 0.0291430 0.0321083 0.0334641 0.0000000 0.0318907 0.0196333 0.0319838 0.0331422 0.0495084 0.0291286 0.0319376 0.0224811 0.0522621 0.0378838 0.0259863 0.0291715 0.0383316 0.0365750 0.0425247 0.0316919 0.0274380 0.0379024 0.0414719 0.0436168 0.0392203 0.0344174 0.0340264 0.0400365 0.0364681 0.0303284 0.0353598 0.0241185 0.0399372 0.0437487 0.0437922 0.0387709 0.0399968 0.0359600 0.0305493 0.0333668 0.0423097 0.0276510 0.0286276 0.0299823 0.0352904 0.0365215 0.0225127 0.0286280 0.0382000 0.0395658 0.0351178 0.0318294 0.0288901 0.0352040 0.0491490 0.0270211 0.0290443 0.0348793 
pop1.indv6  0.0227262 0.0335784 0.0275175 0.0346438 0.0365929 0.0397610 0.0288621 0.0283973 0.0306242 0.0193709 0.0258131 0.0271370 0.0287790 0.0339757 0.0224392 0.0342462 0.0310780 0.0303872 0.0226501 0.0333184 0.0318907 0.0000000 0.0274641 0.0272406 0.0257507 0.0283840 0.0320462 0.0318450 0.0319219 0.0351179 0.0327174 0.0287649 0.0261254 0.0413696 0.0319373 0.0423955 0.0323295 0.0260497 0.0270211 0.0404575 0.0306986 0.0354996 0.0327632 0.0379667 0.0332861 0.0351694 0.0370091 0.0286276 0.0319063 0.0379206 0.0409288 0.0331742 0.0423959 0.0299673 0.0314196 0.0351179 0.0366826 0.0366288 0.0228782 0.0298824 0.0363089 0.0287794 0.0316762 0.0286963 0.0240384 0.0304313 0.0332703 0.0255081 0.0300532 0.0429263 0.0274908 0.0389845 0.0432903 0.0308340 0.0376821 
pop1.indv7  0.0258863 0.0356050 0.0245006 0.0262136 0.0274249 0.0303868 0.0211900 0.0315400 0.0231535 0.0213806 0.0276914 0.0304756 0.0335619 0.0310013 0.0289458 0.0378515 0.0248235 0.0277452 0.0336931 0.0274375 0.0196333 0.0274641 0.0000000 0.0259611 0.0258369 0.0237470 0.0244653 0.0258491 0.0227151 0.0492238 0.0300244 0.0212895 0.0231432 0.0290443 0.0243600 0.0311248 0.0183898 0.0216280 0.0270718 0.0421187 0.0355345 0.0215759 0.0283958 0.0233107 0.0258369 0.0288479 0.0321551 0.0242904 0.0288479 0.0213613 0.0342972 0.0403363 0.0309256 0.0351867 0.0209232 0.0402964 0.0243023 0.0489228 0.0185123 0.0241067 0.0318753 0.0126367 0.0288200 0.0199225 0.0211998 0.0275170 0.0338589 0.0212096 0.0389066 0.0273449 0.0226507 0.0377179 0.0182779 0.0228343 0.0384454 
pop1.indv8  0.0276235 0.0277858 0.0309411 0.0292279 0.0307443 0.0229427 0.0292420 0.0362913 0.0296769 0.0243715 0.0244769 0.0307135 0.0286547 0.0440828 0.0270591 0.0410749 0.0217330 0.0216172 0.0352038 0.0276776 0.0319838 0.0272406 0.0259611 0.0000000 0.0271110 0.0271105 0.0275971 0.0353771 0.0307744 0.0290587 0.0317068 0.0125429 0.0264193 0.0536559 0.0277047 0.0358537 0.0247630 0.0294008 0.0271882 0.0322657 0.0326978 0.0246910 0.0397211 0.0329597 0.0365929 0.0368996 0.0352038 0.0290295 0.0274908 0.0258374 0.0356581 0.0290578 0.0477911 0.0228011 0.0268171 0.0356404 0.0370091 0.0374162 0.0262518 0.0336439 0.0335947 0.0262393 0.0243018 0.0320928 0.0257507 0.0274114 0.0334965 0.0275839 0.0339089 0.0436832 0.0278944 0.0480878 0.0245954 0.0261374 0.0272797 
pop1.indv9  0.0228011 0.0323132 0.0258369 0.0384264 0.0379762 0.0352383 0.0258374 0.0267039 0.0328610 0.0244417 0.0304756 0.0303578 0.0363618 0.0340094 0.0363265 0.0393197 0.0295452 0.0241985 0.0351178 0.0288342 0.0331422 0.0257507 0.0258369 0.0271110 0.0000000 0.0238360 0.0306986 0.0379948 0.0404169 0.0369908 0.0346940 0.0323447 0.0406204 0.0366467 0.0368089 0.0370641 0.0306389 0.0336112 0.0300528 0.0404169 0.0366287 0.0292711 0.0428510 0.0279219 0.0211497 0.0427567 0.0354644 0.0242557 0.0318909 0.0243486 0.0324085 0.0350323 0.0494539 0.0257882 0.0296144 0.0306385 0.0225121 0.0471583 0.0243606 0.0333346 0.0365215 0.0352039 0.0317371 0.0365750 0.0289320 0.0380134 0.0400764 0.0331424 0.0366108 0.0401960 0.0302850 0.0436826 0.0284644 0.0275707 0.0381813 
pop2.indv1  0.0272144 0.0380878 0.0431183 0.0287926 0.0412879 0.0466131 0.0285323 0.0437930 0.0384833 0.0208845 0.0317833 0.0376638 0.0330781 0.0320304 0.0254231 0.0464721 0.0259868 0.0271238 0.0461035 0.0511581 0.0495084 0.0283840 0.0237470 0.0271105 0.0238360 0.0000000 0.0318603 0.0377552 0.0281044 0.0376820 0.0278687 0.0299105 0.0270470 0.0377553 0.0310933 0.0305938 0.0239484 0.0243606 0.0294899 0.0329993 0.0317833 0.0289739 0.0261249 0.0383129 0.0223241 0.0315701 0.0362035 0.0315248 0.0359773 0.0206642 0.0338257 0.0298679 0.0435511 0.0392393 0.0277526 0.0328260 0.0282367 0.0411866 0.0286416 0.0296433 0.0295731 0.0284510 0.0344280 0.0254354 0.0280650 0.0409652 0.0296987 0.0360466 0.0312112 0.0281040 0.0254231 0.0344943 0.0345938 0.0256526 0.0359946 
pop2.indv10 0.0277992 0.0265234 0.0171331 0.0263546 0.0371930 0.0326007 0.0327632 0.0319219 0.0174237 0.0261124 0.0186807 0.0246188 0.0323766 0.0358896 0.0304163 0.0249689 0.0202300 0.0173481 0.0391415 0.0359434 0.0291286 0.0320462 0.0244653 0.0275971 0.0306986 0.0318603 0.0000000 0.0338256 0.0275044 0.0341106 0.0396633 0.0214731 0.0294728 0.0350324 0.0357824 0.0313889 0.0264066 0.0216388 0.0242324 0.0230310 0.0326007 0.0295457 0.0203677 0.0462787 0.0226718 0.0354121 0.0401960 0.0228123 0.0305052 0.0256777 0.0294004 0.0370641 0.0328445 0.0341273 0.0284244 0.0352212 0.0305648 0.0438810 0.0140704 0.0273979 0.0354470 0.0155322 0.0229104 0.0260492 0.0197817 0.0242676 0.0275839 0.0324088 0.0319222 0.0290299 0.0292283 0.0310175 0.0355523 0.0262398 0.0287380 
pop2.indv11 0.0275438 0.0370641 0.0230425 0.0227151 0.0456650 0.0384454 0.0213408 0.0344612 0.0357290 0.0305048 0.0213099 0.0349811 0.0287099 0.0452058 0.0413696 0.0403161 0.0261634 0.0384263 0.0276914 0.0258869 0.0319376 0.0318450 0.0258491 0.0353771 0.0379948 0.0377552 0.0338256 0.0000000 0.0301982 0.0400363 0.0327017 0.0272149 0.0349472 0.0462626 0.0350152 0.0271626 0.0257882 0.0325852 0.0301834 0.0373415 0.0274505 0.0275707 0.0391219 0.0245244 0.0239706 0.0362737 0.0351866 0.0257145 0.0211497 0.0376638 0.0368996 0.0289601 0.0387324 0.0384833 0.0295593 0.0364504 0.0256652 0.0336276 0.0169318 0.0210016 0.0375729 0.0226187 0.0416373 0.0382375 0.0302273 0.0334479 0.0350664 0.0379763 0.0316158 0.0365215 0.0371193 0.0437922 0.0255921 0.0370641 0.0284382 
pop2.indv12 0.0322657 0.0421606 0.0292283 0.0243492 0.0340263 0.0356227 0.0321244 0.0409450 0.0231426 0.0307135 0.0351523 0.0321873 0.0287931 0.0357824 0.0395078 0.0394188 0.0186190 0.0307440 0.0400365 0.0319838 0.0224811 0.0319219 0.0227151 0.0307744 0.0404169 0.0281044 0.0275044 0.0301982 0.0000000 0.0367366 0.0328890 0.0315851 0.0228455 0.0419286 0.0256898 0.0472547 0.0289324 0.0243841 0.0181079 0.0370091 0.0338259 0.0214430 0.0230982 0.0327632 0.0302269 0.0302705 0.0368633 0.0271375 0.0226193 0.0286425 0.0355876 0.0368451 0.0319684 0.0413289 0.0313599 0.0257882 0.0318915 0.0323134 0.0198384 0.0366467 0.0273854 0.0227374 0.0272539 0.0258502 0.0225237 0.0386551 0.0359774 0.0345441 0.0316916 0.0305346 0.0273594 0.0339928 0.0318603 0.0230763 0.0240619 
pop2.indv13 0.0358180 0.0403763 0.0406815 0.0321556 0.0435500 0.0484268 0.0400959 0.0496812 0.0409291 0.0258624 0.0356228 0.0453878 0.0480121 0.0582646 0.0400757 0.0496579 0.0412627 0.0356759 0.0470139 0.0417825 0.0522621 0.0351179 0.0492238 0.0290587 0.0369908 0.0376820 0.0341106 0.0400363 0.0367366 0.0000000 0.0447094 0.0289324 0.0355874 0.0620883 0.0320150 0.0473010 0.0421392 0.0339761 0.0240279 0.0371193 0.0458981 0.0376989 0.0396196 0.0407431 0.0349132 0.0383316 0.0506261 0.0288484 0.0399374 0.0299540 0.0426537 0.0353773 0.0426984 0.0426932 0.0328420 0.0386938 0.0399568 0.0526393 0.0306689 0.0532984 0.0412270 0.0399968 0.0363618 0.0417197 0.0367366 0.0257887 0.0445985 0.0448202 0.0383694 0.0402556 0.0432039 0.0430532 0.0334967 0.0336935 0.0346774 
pop2.indv14 0.0301834 0.0482308 0.0433334 0.0348962 0.0528954 0.0412480 0.0334317 0.0419501 0.0354820 0.0271892 0.0379948 0.0392583 0.0415339 0.0468474 0.0298254 0.0385214 0.0382752 0.0397022 0.0396436 0.0398785 0.0378838 0.0327174 0.0300244 0.0317068 0.0346940 0.0278687 0.0396633 0.0327017 0.0328890 0.0447094 0.0000000 0.0282762 0.0317529 0.0544011 0.0377186 0.0435511 0.0331583 0.0352732 0.0252446 0.0349471 0.0349301 0.0368633 0.0419501 0.0273324 0.0361336 0.0390875 0.0458064 0.0282635 0.0348286 0.0265179 0.0339257 0.0395853 0.0519158 0.0377736 0.0357539 0.0440079 0.0476543 0.0464713 0.0286551 0.0389931 0.0423392 0.0347107 0.0282100 0.0285055 0.0376821 0.0428831 0.0389556 0.0359773 0.0364327 0.0444887 0.0301543 0.0435726 0.0416988 0.0399573 0.0425050 
pop2.indv15 0.0140304 0.0215969 0.0276643 0.0289878 0.0420765 0.0212292 0.0310631 0.0380320 0.0187258 0.0340934 0.0244538 0.0323450 0.0289177 0.0461599 0.0305199 0.0312486 0.0187176 0.0291571 0.0275044 0.0259365 0.0259863 0.0287649 0.0212895 0.0125429 0.0323447 0.0299105 0.0214731 0.0272149 0.0315851 0.0289324 0.0282762 0.0000000 0.0291856 0.0333992 0.0278534 0.0376799 0.0324244 0.0200854 0.0210208 0.0306838 0.0374536 0.0215557 0.0356935 0.0263673 0.0350492 0.0304459 0.0306096 0.0258991 0.0289320 0.0241303 0.0340432 0.0388484 0.0244653 0.0286958 0.0225018 0.0256646 0.0288068 0.0506790 0.0213402 0.0301110 0.0239822 0.0274510 0.0256526 0.0274908 0.0303872 0.0290866 0.0415132 0.0287099 0.0274244 0.0275302 0.0274244 0.0277052 0.0277452 0.0262010 0.0351695 
pop2.indv16 0.0248717 0.0391020 0.0360336 0.0245715 0.0442608 0.0359435 0.0217118 0.0401557 0.0218065 0.0263293 0.0361605 0.0322027 0.0404980 0.0327147 0.0367547 0.0359256 0.0219986 0.0392006 0.0312952 0.0295016 0.0291715 0.0261254 0.0231432 0.0264193 0.0406204 0.0270470 0.0294728 0.0349472 0.0228455 0.0355874 0.0317529 0.0291856 0.0000000 0.0351867 0.0275438 0.0343316 0.0324088 0.0308949 0.0319841 0.0280740 0.0374724 0.0231541 0.0315465 0.0363986 0.0243835 0.0307589 0.0373043 0.0275976 0.0288205 0.0211205 0.0396196 0.0262141 0.0314204 0.0323769 0.0299678 0.0356758 0.0357824 0.0362884 0.0261379 0.0289882 0.0384643 0.0276383 0.0292424 0.0307738 0.0215354 0.0271243 0.0244896 0.0309710 0.0369543 0.0292424 0.0291430 0.0308949 0.0184426 0.0246434 0.0289882 
pop2.indv17 0.0437265 0.0418241 0.0433979 0.0436821 0.0502122 0.0589040 0.0379577 0.0456256 0.0243835 0.0435726 0.0417193 0.0433116 0.0494089 0.0441938 0.0269832 0.0419497 0.0341782 0.0467049 0.0402763 0.0418661 0.0383316 0.0413696 0.0290443 0.0536559 0.0366467 0.0377553 0.0350324 0.0462626 0.0419286 0.0620883 0.0544011 0.0333992 0.0351867 0.0000000 0.0288764 0.0388870 0.0405590 0.0373228 0.0362211 0.0470139 0.0468474 0.0307589 0.0292001 0.0373415 0.0375187 0.0411259 0.0482318 0.0366826 0.0254113 0.0542349 0.0368814 0.0416992 0.0525314 0.0413084 0.0429258 0.0481835 0.0446875 0.0433979 0.0386361 0.0394691 0.0351695 0.0348287 0.0360814 0.0347948 0.0400166 0.0466352 0.0512068 0.0414310 0.0429044 0.0460349 0.0495074 0.0386170 0.0399176 0.0257386 0.0462401 
pop2.indv18 0.0215963 0.0372671 0.0339757 0.0322814 0.0400562 0.0404374 0.0289739 0.0411462 0.0245832 0.0304459 0.0356404 0.0368451 0.0386746 0.0407018 0.0333507 0.0569985 0.0311404 0.0370825 0.0420553 0.0370274 0.0365750 0.0319373 0.0243600 0.0277047 0.0368089 0.0310933 0.0357824 0.0350152 0.0256898 0.0320150 0.0377186 0.0278534 0.0275438 0.0288764 0.0000000 0.0357290 0.0259365 0.0356759 0.0315248 0.0325849 0.0392600 0.0198660 0.0281293 0.0279355 0.0273195 0.0366826 0.0486745 0.0258619 0.0319530 0.0271243 0.0356404 0.0304313 0.0306685 0.0379949 0.0179169 0.0258242 0.0334315 0.0356759 0.0305791 0.0385213 0.0396242 0.0274646 0.0285727 0.0242557 0.0285059 0.0415954 0.0335295 0.0362562 0.0334805 0.0429477 0.0350152 0.0405184 0.0255921 0.0289044 0.0363972 
pop2.indv19 0.0298396 0.0265363 0.0329927 0.0348175 0.0476419 0.0394790 0.0281711 0.0471098 0.0285379 0.0281289 0.0313265 0.0410746 0.0358717 0.0512035 0.0373043 0.0416675 0.0300194 0.0464224 0.0485917 0.0327304 0.0425247 0.0423955 0.0311248 0.0358537 0.0370641 0.0305938 0.0313889 0.0271626 0.0472547 0.0473010 0.0435511 0.0376799 0.0343316 0.0388870 0.0357290 0.0000000 0.0341613 0.0312332 0.0291430 0.0412634 0.0328774 0.0235290 0.0282827 0.0314045 0.0370274 0.0310327 0.0357646 0.0360879 0.0325366 0.0309103 0.0362884 0.0359435 0.0481374 0.0322974 0.0361336 0.0374162 0.0390040 0.0491480 0.0282130 0.0304467 0.0385405 0.0357468 0.0341950 0.0405385 0.0369543 0.0338259 0.0435070 0.0356581 0.0433329 0.0409291 0.0456885 0.0409285 0.0323289 0.0232214 0.0336276 
pop2.indv2  0.0262518 0.0341107 0.0250062 0.0373601 0.0293866 0.0443298 0.0373601 0.0385787 0.0247387 0.0264588 0.0294151 0.0402758 0.0277318 0.0326497 0.0335458 0.0360517 0.0283254 0.0354470 0.0424596 0.0373975 0.0316919 0.0323295 0.0183898 0.0247630 0.0306389 0.0239484 0.0264066 0.0257882 0.0289324 0.0421392 0.0331583 0.0324244 0.0324088 0.0405590 0.0259365 0.0341613 0.0000000 0.0279912 0.0228884 0.0358359 0.0262660 0.0265234 0.0411581 0.0313575 0.0258496 0.0306389 0.0286141 0.0290726 0.0274114 0.0335949 0.0392994 0.0321871 0.0426984 0.0259493 0.0284377 0.0351522 0.0274119 0.0454103 0.0246316 0.0289744 0.0365215 0.0184951 0.0388291 0.0244549 0.0242909 0.0401755 0.0349811 0.0414512 0.0272420 0.0353423 0.0319065 0.0424596 0.0289458 0.0340600 0.0243726 
pop2.indv20 0.0232220 0.0279229 0.0277190 0.0261634 0.0408457 0.0406199 0.0372856 0.0317681 0.0296184 0.0310320 0.0309404 0.0340601 0.0404977 0.0378706 0.0320620 0.0376989 0.0203381 0.0412627 0.0393990 0.0199894 0.0274380 0.0260497 0.0216280 0.0294008 0.0336112 0.0243606 0.0216388 0.0325852 0.0243841 0.0339761 0.0352732 0.0200854 0.0308949 0.0373228 0.0356759 0.0312332 0.0279912 0.0000000 0.0273195 0.0362884 0.0423740 0.0326660 0.0313110 0.0376609 0.0339259 0.0272411 0.0340600 0.0199894 0.0306541 0.0354123 0.0394588 0.0405792 0.0344864 0.0325047 0.0284110 0.0245128 0.0229218 0.0359795 0.0310780 0.0335133 0.0287521 0.0278824 0.0339425 0.0260875 0.0370457 0.0305648 0.0401357 0.0322979 0.0355172 0.0229212 0.0277997 0.0294876 0.0244307 0.0310780 0.0304613 
pop2.indv21 0.0256401 0.0335456 0.0242098 0.0259616 0.0283973 0.0353076 0.0320304 0.0325165 0.0290861 0.0302117 0.0286827 0.0273065 0.0348284 0.0383506 0.0207307 0.0289739 0.0258629 0.0302557 0.0348623 0.0300675 0.0379024 0.0270211 0.0270718 0.0271882 0.0300528 0.0294899 0.0242324 0.0301834 0.0181079 0.0240279 0.0252446 0.0210208 0.0319841 0.0362211 0.0315248 0.0291430 0.0228884 0.0273195 0.0000000 0.0318909 0.0210310 0.0212200 0.0262398 0.0258869 0.0252918 0.0360988 0.0317371 0.0224071 0.0209926 0.0315101 0.0306537 0.0331102 0.0257998 0.0300817 0.0237247 0.0364503 0.0315854 0.0351867 0.0241409 0.0269958 0.0252098 0.0209728 0.0209232 0.0254833 0.0253872 0.0315548 0.0316457 0.0207882 0.0315400 0.0318753 0.0334154 0.0418872 0.0239479 0.0242443 0.0207500 
pop2.indv22 0.0293567 0.0325526 0.0420340 0.0278131 0.0424167 0.0371377 0.0390237 0.0396631 0.0311711 0.0291571 0.0321714 0.0323766 0.0422037 0.0481881 0.0349131 0.0380827 0.0281849 0.0245006 0.0363250 0.0368996 0.0414719 0.0404575 0.0421187 0.0322657 0.0404169 0.0329993 0.0230310 0.0373415 0.0370091 0.0371193 0.0349471 0.0306838 0.0280740 0.0470139 0.0325849 0.0412634 0.0358359 0.0362884 0.0318909 0.0000000 0.0359434 0.0230982 0.0266809 0.0330259 0.0337262 0.0367547 0.0337099 0.0338421 0.0242790 0.0226829 0.0376419 0.0358538 0.0409497 0.0404575 0.0360293 0.0441716 0.0391609 0.0337597 0.0292999 0.0332703 0.0270343 0.0351178 0.0319681 0.0273719 0.0321556 0.0322819 0.0414310 0.0317831 0.0371561 0.0317986 0.0227474 0.0385595 0.0385595 0.0230873 0.0335294 
pop2.indv23 0.0311554 0.0358717 0.0279089 0.0342801 0.0426109 0.0458056 0.0230976 0.0400169 0.0298691 0.0246428 0.0371930 0.0351351 0.0337591 0.0474963 0.0324244 0.0360336 0.0235865 0.0339592 0.0439707 0.0402362 0.0436168 0.0306986 0.0355345 0.0326978 0.0366287 0.0317833 0.0326007 0.0274505 0.0338259 0.0458981 0.0349301 0.0374536 0.0374724 0.0468474 0.0392600 0.0328774 0.0262660 0.0423740 0.0210310 0.0359434 0.0000000 0.0281987 0.0233336 0.0250056 0.0321239 0.0320930 0.0387324 0.0356580 0.0246669 0.0385595 0.0339257 0.0424171 0.0467609 0.0371193 0.0398001 0.0469425 0.0372115 0.0373788 0.0229871 0.0332863 0.0301257 0.0312640 0.0243835 0.0289882 0.0324885 0.0351521 0.0388289 0.0371746 0.0417612 0.0307585 0.0400365 0.0477902 0.0306844 0.0262524 0.0384833 
pop2.indv24 0.0265101 0.0296329 0.0293287 0.0143533 0.0313882 0.0359255 0.0169079 0.0271248 0.0233907 0.0295164 0.0277997 0.0246557 0.0259997 0.0343831 0.0277997 0.0281019 0.0203677 0.0308955 0.0393992 0.0155607 0.0392203 0.0354996 0.0215759 0.0246910 0.0292711 0.0289739 0.0295457 0.0275707 0.0214430 0.0376989 0.0368633 0.0215557 0.0231541 0.0307589 0.0198660 0.0235290 0.0265234 0.0326660 0.0212200 0.0230982 0.0281987 0.0000000 0.0298695 0.0250922 0.0261885 0.0277318 0.0308500 0.0230982 0.0256652 0.0259370 0.0281436 0.0279364 0.0280048 0.0231207 0.0152173 0.0342463 0.0273464 0.0344864 0.0200080 0.0260497 0.0275307 0.0155103 0.0244186 0.0230982 0.0231322 0.0310780 0.0368270 0.0262267 0.0340432 0.0305199 0.0326333 0.0359795 0.0245012 0.0216912 0.0243726 
pop2.indv25 0.0251911 0.0333266 0.0282832 0.0365468 0.0393988 0.0312640 0.0329927 0.0473499 0.0175512 0.0329103 0.0346077 0.0344174 0.0426988 0.0382383 0.0295745 0.0451838 0.0255836 0.0300041 0.0380246 0.0377180 0.0344174 0.0327632 0.0283958 0.0397211 0.0428510 0.0261249 0.0203677 0.0391219 0.0230982 0.0396196 0.0419501 0.0356935 0.0315465 0.0292001 0.0281293 0.0282827 0.0411581 0.0313110 0.0262398 0.0266809 0.0233336 0.0298695 0.0000000 0.0382578 0.0293141 0.0293430 0.0391809 0.0310327 0.0276245 0.0373974 0.0397003 0.0410536 0.0302312 0.0327632 0.0321712 0.0458292 0.0262141 0.0480130 0.0232104 0.0324888 0.0262908 0.0216178 0.0313107 0.0283818 0.0392203 0.0294299 0.0371192 0.0359795 0.0309106 0.0277318 0.0251543 0.0395590 0.0277323 0.0205268 0.0376799 
pop2.indv3  0.0266673 0.0381798 0.0248354 0.0365654 0.0413899 0.0357645 0.0280457 0.0338924 0.0283673 0.0276505 0.0373229 0.0357824 0.0497113 0.0413055 0.0321400 0.0367712 0.0369604 0.0380439 0.0398839 0.0266934 0.0340264 0.0379667 0.0233107 0.0329597 0.0279219 0.0383129 0.0462787 0.0245244 0.0327632 0.0407431 0.0273324 0.0263673 0.0363986 0.0373415 0.0279355 0.0314045 0.0313575 0.0376609 0.0258869 0.0330259 0.0250056 0.0250922 0.0382578 0.0000000 0.0309411 0.0259739 0.0308191 0.0324883 0.0259493 0.0321558 0.0364725 0.0375476 0.0329597 0.0340938 0.0271493 0.0386172 0.0341782 0.0376799 0.0329597 0.0323292 0.0320459 0.0309256 0.0410749 0.0280735 0.0321871 0.0356404 0.0292142 0.0342121 0.0409083 0.0264449 0.0324883 0.0343657 0.0324085 0.0281289 0.0374536 
pop2.indv4  0.0322338 0.0275039 0.0307135 0.0276776 0.0467057 0.0468961 0.0244186 0.0284916 0.0291286 0.0305352 0.0335292 0.0300821 0.0167421 0.0358002 0.0380879 0.0325042 0.0233113 0.0304605 0.0432473 0.0317983 0.0400365 0.0332861 0.0258369 0.0365929 0.0211497 0.0223241 0.0226718 0.0239706 0.0302269 0.0349132 0.0361336 0.0350492 0.0243835 0.0375187 0.0273195 0.0370274 0.0258496 0.0339259 0.0252918 0.0337262 0.0321239 0.0261885 0.0293141 0.0309411 0.0000000 0.0316762 0.0379578 0.0151465 0.0211698 0.0366108 0.0304022 0.0303139 0.0340766 0.0362386 0.0326706 0.0334154 0.0301687 0.0319995 0.0229433 0.0286141 0.0394308 0.0226292 0.0255433 0.0318294 0.0300390 0.0241067 0.0330150 0.0344777 0.0349301 0.0286827 0.0285866 0.0404372 0.0301539 0.0183037 0.0362737 
pop2.indv5  0.0322657 0.0334156 0.0323924 0.0436605 0.0352385 0.0449341 0.0348624 0.0444664 0.0325849 0.0289735 0.0349981 0.0432251 0.0350835 0.0335129 0.0348117 0.0421610 0.0344174 0.0304609 0.0471826 0.0317523 0.0364681 0.0351694 0.0288479 0.0368996 0.0427567 0.0315701 0.0354121 0.0362737 0.0302705 0.0383316 0.0390875 0.0304459 0.0307589 0.0411259 0.0366826 0.0310327 0.0306389 0.0272411 0.0360988 0.0367547 0.0320930 0.0277318 0.0293430 0.0259739 0.0316762 0.0000000 0.0413087 0.0306838 0.0303139 0.0300536 0.0437043 0.0302705 0.0438821 0.0350836 0.0327638 0.0319992 0.0446208 0.0417615 0.0245482 0.0267798 0.0284244 0.0367006 0.0300817 0.0272673 0.0302850 0.0302413 0.0395080 0.0428196 0.0399573 0.0286006 0.0398981 0.0336443 0.0365393 0.0273329 0.0285055 
pop2.indv6  0.0259991 0.0408670 0.0322184 0.0547827 0.0421819 0.0402964 0.0340936 0.0459433 0.0343657 0.0388484 0.0275039 0.0519955 0.0504468 0.0423744 0.0398391 0.0423744 0.0347122 0.0405592 0.0474243 0.0511804 0.0303284 0.0370091 0.0321551 0.0352038 0.0354644 0.0362035 0.0401960 0.0351866 0.0368633 0.0506261 0.0458064 0.0306096 0.0373043 0.0482318 0.0486745 0.0357646 0.0286141 0.0340600 0.0317371 0.0337099 0.0387324 0.0308500 0.0391809 0.0308191 0.0379578 0.0413087 0.0000000 0.0321397 0.0302553 0.0414719 0.0374162 0.0364681 0.0374536 0.0400964 0.0379764 0.0417204 0.0431399 0.0405590 0.0339257 0.0284778 0.0334967 0.0337428 0.0368815 0.0320617 0.0287239 0.0316152 0.0286963 0.0272149 0.0398588 0.0398985 0.0369178 0.0422668 0.0368996 0.0229649 0.0347948 
pop2.indv7  0.0226934 0.0276909 0.0198378 0.0291146 0.0403968 0.0453204 0.0305493 0.0266664 0.0245360 0.0197441 0.0199035 0.0289878 0.0286822 0.0214118 0.0349639 0.0232429 0.0249088 0.0321083 0.0241747 0.0306544 0.0353598 0.0286276 0.0242904 0.0290295 0.0242557 0.0315248 0.0228123 0.0257145 0.0271375 0.0288484 0.0282635 0.0258991 0.0275976 0.0366826 0.0258619 0.0360879 0.0290726 0.0199894 0.0224071 0.0338421 0.0356580 0.0230982 0.0310327 0.0324883 0.0151465 0.0306838 0.0321397 0.0000000 0.0243480 0.0287103 0.0325849 0.0368451 0.0391810 0.0271887 0.0252685 0.0335619 0.0273854 0.0341273 0.0302125 0.0302121 0.0284778 0.0197169 0.0284778 0.0197350 0.0286556 0.0256286 0.0272015 0.0253637 0.0286141 0.0212495 0.0288342 0.0370825 0.0212599 0.0274114 0.0332703 
pop2.indv8  0.0277858 0.0305942 0.0245482 0.0260244 0.0337927 0.0369543 0.0229439 0.0283442 0.0278265 0.0243950 0.0304317 0.0336769 0.0255677 0.0323134 0.0301257 0.0294581 0.0294733 0.0292999 0.0287235 0.0244653 0.0241185 0.0319063 0.0288479 0.0274908 0.0318909 0.0359773 0.0305052 0.0211497 0.0226193 0.0399374 0.0348286 0.0289320 0.0288205 0.0254113 0.0319530 0.0325366 0.0274114 0.0306541 0.0209926 0.0242790 0.0246669 0.0256652 0.0276245 0.0259493 0.0211698 0.0303139 0.0302553 0.0243480 0.0000000 0.0298968 0.0355346 0.0320462 0.0291430 0.0367366 0.0252685 0.0398981 0.0416366 0.0351008 0.0340600 0.0253754 0.0283835 0.0272931 0.0195694 0.0241640 0.0302125 0.0301543 0.0365393 0.0272149 0.0433552 0.0331901 0.0258374 0.0436384 0.0197169 0.0277997 0.0272673 
pop2.indv9  0.0261379 0.0435065 0.0351523 0.0272153 0.0403963 0.0364859 0.0337927 0.0474884 0.0294437 0.0243143 0.0336935 0.0380691 0.0443783 0.0387516 0.0283707 0.0423951 0.0339596 0.0302701 0.0351179 0.0367186 0.0399372 0.0379206 0.0213613 0.0258374 0.0243486 0.0206642 0.0256777 0.0376638 0.0286425 0.0299540 0.0265179 0.0241303 0.0211205 0.0542349 0.0271243 0.0309103 0.0335949 0.0354123 0.0315101 0.0226829 0.0385595 0.0259370 0.0373974 0.0321558 0.0366108 0.0300536 0.0414719 0.0287103 0.0298968 0.0000000 0.0409494 0.0349132 0.0290866 0.0425671 0.0251278 0.0317222 0.0383882 0.0539301 0.0288489 0.0429677 0.0345775 0.0273329 0.0282767 0.0286285 0.0330788 0.0349304 0.0363089 0.0395076 0.0442894 0.0445761 0.0365394 0.0387706 0.0286832 0.0309257 0.0332865 
pop3.indv1  0.0430051 0.0384148 0.0363251 0.0410326 0.0496829 0.0460163 0.0310013 0.0429682 0.0347473 0.0323132 0.0280462 0.0463255 0.0404372 0.0461112 0.0387709 0.0448569 0.0267870 0.0393592 0.0464946 0.0345729 0.0437487 0.0409288 0.0342972 0.0356581 0.0324085 0.0338257 0.0294004 0.0368996 0.0355876 0.0426537 0.0339257 0.0340432 0.0396196 0.0368814 0.0356404 0.0362884 0.0392994 0.0394588 0.0306537 0.0376419 0.0339257 0.0281436 0.0397003 0.0364725 0.0304022 0.0437043 0.0374162 0.0325849 0.0355346 0.0409494 0.0000000 0.0459219 0.0357824 0.0373043 0.0286691 0.0371745 0.0517023 0.0374162 0.0280877 0.0369361 0.0243371 0.0278544 0.0353598 0.0357469 0.0369361 0.0321556 0.0509654 0.0354996 0.0337927 0.0408051 0.0377750 0.0357468 0.0400961 0.0201137 0.0418447 
pop3.indv10 0.0231310 0.0424383 0.0426984 0.0408255 0.0487217 0.0442398 0.0419075 0.0397802 0.0277858 0.0338923 0.0388677 0.0383128 0.0320617 0.0405999 0.0254113 0.0391218 0.0345382 0.0339759 0.0579023 0.0456429 0.0437922 0.0331742 0.0403363 0.0290578 0.0350323 0.0298679 0.0370641 0.0289601 0.0368451 0.0353773 0.0395853 0.0388484 0.0262141 0.0416992 0.0304313 0.0359435 0.0321871 0.0405792 0.0331102 0.0358538 0.0424171 0.0279364 0.0410536 0.0375476 0.0303139 0.0302705 0.0364681 0.0368451 0.0320462 0.0349132 0.0459219 0.0000000 0.0403766 0.0330944 0.0270601 0.0332861 0.0349471 0.0368814 0.0258746 0.0267803 0.0415539 0.0415954 0.0364681 0.0286832 0.0303727 0.0396436 0.0267798 0.0416162 0.0347276 0.0497342 0.0289458 0.0354295 0.0210214 0.0323292 0.0312854 
