75
pop1.indv1  0.0000000 0.0326733 0.0321098 0.0284778 0.0255312 0.0283390 0.0298469 0.0276368 0.0279153 0.0261905 0.0297955 0.0272494 0.0327587 0.0302496 0.0305571 0.0315458 0.0352433 0.0303196 0.0291487 0.0333216 0.0315353 0.0304165 0.0319523 0.0283960 0.0291774 0.0342449 0.0328977 0.0345408 0.0323260 0.0283879 0.0308432 0.0350678 0.0334885 0.0351193 0.0308828 0.0352281 0.0320602 0.0285107 0.0340254 0.0271494 0.0299674 0.0324477 0.0308421 0.0329644 0.0324198 0.0300465 0.0313363 0.0292332 0.0291487 0.0290730 0.0352122 0.0271727 0.0335176 0.0288155 0.0337890 0.0305747 0.0343985 0.0339068 0.0323167 0.0274366 0.0267093 0.0319431 0.0267017 0.0295497 0.0297894 0.0276053 0.0292781 0.0276684 0.0307583 0.0331528 0.0362166 0.0319155 0.0327112 0.0295413 0.0300118 
pop1.indv2  0.0326733 0.0000000 0.0307760 0.0320321 0.0309993 0.0309634 0.0328217 0.0309851 0.0278517 0.0260864 0.0288733 0.0278042 0.0275311 0.0312918 0.0293202 0.0322607 0.0337916 0.0315184 0.0332534 0.0313363 0.0323634 0.0344306 0.0347120 0.0337325 0.0275347 0.0302060 0.0319616 0.0345307 0.0297722 0.0335178 0.0319616 0.0394027 0.0357628 0.0331662 0.0317634 0.0342683 0.0315366 0.0301950 0.0362885 0.0323260 0.0312274 0.0363489 0.0330467 0.0320077 0.0267779 0.0308204 0.0333716 0.0297894 0.0282946 0.0291993 0.0387642 0.0301886 0.0335273 0.0353257 0.0324850 0.0332340 0.0343884 0.0304948 0.0396176 0.0254123 0.0362960 0.0361929 0.0322142 0.0337890 0.0327426 0.0347523 0.0362247 0.0332074 0.0339068 0.0351117 0.0345195 0.0362643 0.0346213 0.0315001 0.0346113 
pop1.indv3  0.0321098 0.0307760 0.0000000 0.0272039 0.0278915 0.0303021 0.0308786 0.0294989 0.0300243 0.0267855 0.0265808 0.0284555 0.0287991 0.0307849 0.0322594 0.0325413 0.0348961 0.0334591 0.0258543 0.0304517 0.0321586 0.0298812 0.0324104 0.0305659 0.0301019 0.0278114 0.0330506 0.0320633 0.0259193 0.0273056 0.0302583 0.0350371 0.0365620 0.0361526 0.0318278 0.0306260 0.0367777 0.0308961 0.0318648 0.0327017 0.0298812 0.0329974 0.0316559 0.0342883 0.0334104 0.0322031 0.0310744 0.0309185 0.0279076 0.0269547 0.0388102 0.0295667 0.0392061 0.0324104 0.0346618 0.0335857 0.0333522 0.0303467 0.0370540 0.0278194 0.0307494 0.0315988 0.0304866 0.0314183 0.0299990 0.0349933 0.0313820 0.0356255 0.0312738 0.0318835 0.0357931 0.0360768 0.0315824 0.0320633 0.0297549 
pop1.indv4  0.0284778 0.0320321 0.0272039 0.0000000 0.0248742 0.0288418 0.0359830 0.0288485 0.0281614 0.0244890 0.0252678 0.0280513 0.0270951 0.0292277 0.0262054 0.0290982 0.0356127 0.0263558 0.0313174 0.0340200 0.0303903 0.0274995 0.0282661 0.0300204 0.0274995 0.0276184 0.0356255 0.0312818 0.0263936 0.0297120 0.0256039 0.0291487 0.0314001 0.0359199 0.0280835 0.0325425 0.0330273 0.0292926 0.0330273 0.0298898 0.0308241 0.0322887 0.0306655 0.0291150 0.0281886 0.0303021 0.0310173 0.0295928 0.0304606 0.0263633 0.0325819 0.0303108 0.0302496 0.0357523 0.0381151 0.0279076 0.0299588 0.0290563 0.0334396 0.0260008 0.0289895 0.0311192 0.0341148 0.0304429 0.0299727 0.0390829 0.0332146 0.0311372 0.0308026 0.0279861 0.0342550 0.0274680 0.0282375 0.0292277 0.0282782 
pop1.indv5  0.0255312 0.0309993 0.0278915 0.0248742 0.0000000 0.0298673 0.0306367 0.0281214 0.0288320 0.0247679 0.0228254 0.0277080 0.0271727 0.0237950 0.0271961 0.0277238 0.0311076 0.0293794 0.0289337 0.0296187 0.0247924 0.0273896 0.0285859 0.0318926 0.0273739 0.0274444 0.0322887 0.0321098 0.0281724 0.0285354 0.0246415 0.0329597 0.0348028 0.0290228 0.0285025 0.0321937 0.0310624 0.0255731 0.0339601 0.0287009 0.0316744 0.0344906 0.0292756 0.0250467 0.0305482 0.0284942 0.0328733 0.0286097 0.0292416 0.0276343 0.0298067 0.0277318 0.0342584 0.0322980 0.0329167 0.0281319 0.0321470 0.0270487 0.0330794 0.0311552 0.0279551 0.0312908 0.0325789 0.0291740 0.0284592 0.0342584 0.0324574 0.0289811 0.0268008 0.0281666 0.0323441 0.0339857 0.0291318 0.0284450 0.0325330 
pop1.indv6  0.0283390 0.0309634 0.0303021 0.0288418 0.0298673 0.0000000 0.0333038 0.0273038 0.0297272 0.0293371 0.0283309 0.0237761 0.0286926 0.0264917 0.0256405 0.0313911 0.0315732 0.0294474 0.0308601 0.0296618 0.0239302 0.0285613 0.0299674 0.0288002 0.0252606 0.0300988 0.0290730 0.0345006 0.0273135 0.0283797 0.0304691 0.0360676 0.0336442 0.0324386 0.0303723 0.0321750 0.0294986 0.0323914 0.0353623 0.0329167 0.0315184 0.0328217 0.0272899 0.0323541 0.0268391 0.0332437 0.0326470 0.0260754 0.0315011 0.0261655 0.0309544 0.0311102 0.0346213 0.0306260 0.0294825 0.0297463 0.0290647 0.0316353 0.0330410 0.0268008 0.0319431 0.0287580 0.0326733 0.0308115 0.0334883 0.0344406 0.0313090 0.0302234 0.0301625 0.0307640 0.0334884 0.0300760 0.0304866 0.0312455 0.0293710 
pop1.indv7  0.0298469 0.0328217 0.0308786 0.0359830 0.0306367 0.0333038 0.0000000 0.0341337 0.0300879 0.0288567 0.0330639 0.0312918 0.0298040 0.0351973 0.0330122 0.0324663 0.0365727 0.0337718 0.0341647 0.0307256 0.0361592 0.0299547 0.0326803 0.0285450 0.0313458 0.0329167 0.0329689 0.0380369 0.0286022 0.0325038 0.0346819 0.0380816 0.0359406 0.0351257 0.0345006 0.0368245 0.0371620 0.0331275 0.0361506 0.0337521 0.0345911 0.0351421 0.0312274 0.0337013 0.0326166 0.0322980 0.0307317 0.0350063 0.0303196 0.0309903 0.0361100 0.0324477 0.0359301 0.0320756 0.0379755 0.0361823 0.0394551 0.0367637 0.0347120 0.0342185 0.0381418 0.0340405 0.0364126 0.0339561 0.0319204 0.0358988 0.0341987 0.0348738 0.0315716 0.0348903 0.0372830 0.0384018 0.0350950 0.0353770 0.0326449 
pop1.indv8  0.0276368 0.0309851 0.0294989 0.0288485 0.0281214 0.0273038 0.0341337 0.0000000 0.0263791 0.0254229 0.0289535 0.0294240 0.0272108 0.0271491 0.0283827 0.0253298 0.0272960 0.0274567 0.0281400 0.0278280 0.0273250 0.0278280 0.0317236 0.0308432 0.0273868 0.0275975 0.0313552 0.0301737 0.0282097 0.0265357 0.0335560 0.0370649 0.0345717 0.0318330 0.0347221 0.0321864 0.0299588 0.0278434 0.0354594 0.0278042 0.0342716 0.0311306 0.0312093 0.0296593 0.0312110 0.0284070 0.0281134 0.0255167 0.0268315 0.0288485 0.0350371 0.0320296 0.0304948 0.0319655 0.0334215 0.0298383 0.0324197 0.0306329 0.0333630 0.0321771 0.0349303 0.0299290 0.0309887 0.0275504 0.0299415 0.0328839 0.0340898 0.0306084 0.0295412 0.0289590 0.0355008 0.0310861 0.0331307 0.0330449 0.0309317 
pop1.indv9  0.0279153 0.0278517 0.0300243 0.0281614 0.0288320 0.0297272 0.0300879 0.0263791 0.0000000 0.0302513 0.0263041 0.0281586 0.0283023 0.0306612 0.0331307 0.0279861 0.0277318 0.0256342 0.0283716 0.0293371 0.0300026 0.0292805 0.0335367 0.0305384 0.0280337 0.0288981 0.0283505 0.0322251 0.0273271 0.0303816 0.0291230 0.0347120 0.0333246 0.0306260 0.0299985 0.0279232 0.0310833 0.0302321 0.0310029 0.0265732 0.0329167 0.0323082 0.0286844 0.0324010 0.0259611 0.0280031 0.0287089 0.0281855 0.0274366 0.0260790 0.0339166 0.0333150 0.0335463 0.0354528 0.0321976 0.0279551 0.0355555 0.0294657 0.0333919 0.0272262 0.0317055 0.0278517 0.0339522 0.0278200 0.0344287 0.0316602 0.0313278 0.0262224 0.0285787 0.0308220 0.0310923 0.0310595 0.0317964 0.0332481 0.0310297 
pop1.indv10 0.0261905 0.0260864 0.0267855 0.0244890 0.0247679 0.0293371 0.0288567 0.0254229 0.0302513 0.0000000 0.0251962 0.0251037 0.0310744 0.0282580 0.0270796 0.0278596 0.0252822 0.0274995 0.0280287 0.0272821 0.0277648 0.0263339 0.0296339 0.0285859 0.0260790 0.0252750 0.0291190 0.0293725 0.0222722 0.0301712 0.0281695 0.0311282 0.0307229 0.0300329 0.0302671 0.0326166 0.0312364 0.0278434 0.0301712 0.0224539 0.0312546 0.0274722 0.0297377 0.0306964 0.0260347 0.0320540 0.0323916 0.0253182 0.0253326 0.0260754 0.0337718 0.0294482 0.0277098 0.0284150 0.0274956 0.0289811 0.0285368 0.0284799 0.0313008 0.0280111 0.0298523 0.0260642 0.0320113 0.0281454 0.0285766 0.0331021 0.0313639 0.0301279 0.0241042 0.0252515 0.0292949 0.0286681 0.0308115 0.0273817 0.0315366 
pop1.indv11 0.0297955 0.0288733 0.0265808 0.0252678 0.0228254 0.0283309 0.0330639 0.0289535 0.0263041 0.0251962 0.0000000 0.0235413 0.0230368 0.0254878 0.0227740 0.0264539 0.0288085 0.0255894 0.0275866 0.0265750 0.0275191 0.0272649 0.0303380 0.0291357 0.0256125 0.0264690 0.0287662 0.0296847 0.0228641 0.0270719 0.0278835 0.0276053 0.0371634 0.0285368 0.0355526 0.0292025 0.0304253 0.0254268 0.0275739 0.0272572 0.0270179 0.0290526 0.0262954 0.0339522 0.0319155 0.0297291 0.0279871 0.0256185 0.0297120 0.0261980 0.0320134 0.0252105 0.0268269 0.0298523 0.0318330 0.0300588 0.0344606 0.0250754 0.0343112 0.0294820 0.0296255 0.0281294 0.0280655 0.0253584 0.0234973 0.0301823 0.0300588 0.0339363 0.0273791 0.0257357 0.0309185 0.0311841 0.0274366 0.0282016 0.0261830 
pop1.indv12 0.0272494 0.0278042 0.0284555 0.0280513 0.0277080 0.0237761 0.0312918 0.0294240 0.0281586 0.0251037 0.0235413 0.0000000 0.0271953 0.0268269 0.0229786 0.0256270 0.0283553 0.0288155 0.0235976 0.0234375 0.0255693 0.0287007 0.0295496 0.0261087 0.0243788 0.0270951 0.0304774 0.0285287 0.0282419 0.0282985 0.0292223 0.0313730 0.0267664 0.0290692 0.0266790 0.0275975 0.0292193 0.0263105 0.0312378 0.0292555 0.0303120 0.0281134 0.0256991 0.0284070 0.0263563 0.0285695 0.0280111 0.0240114 0.0254705 0.0255530 0.0305659 0.0268649 0.0291726 0.0289864 0.0301565 0.0247505 0.0262892 0.0288714 0.0318696 0.0269489 0.0258734 0.0218905 0.0289042 0.0257577 0.0261384 0.0286112 0.0266941 0.0313098 0.0307904 0.0265047 0.0288567 0.0298353 0.0270487 0.0262521 0.0322514 
pop1.indv13 0.0327587 0.0275311 0.0287991 0.0270951 0.0271727 0.0286926 0.0298040 0.0272108 0.0283023 0.0310744 0.0230368 0.0271953 0.0000000 0.0320077 0.0237613 0.0279312 0.0293879 0.0280513 0.0273214 0.0274680 0.0260568 0.0273271 0.0320819 0.0277238 0.0261087 0.0318555 0.0323354 0.0260568 0.0287587 0.0315001 0.0305130 0.0345094 0.0360033 0.0336052 0.0348433 0.0290360 0.0303723 0.0283028 0.0376012 0.0289230 0.0292361 0.0349123 0.0266742 0.0291942 0.0293625 0.0299674 0.0288402 0.0261607 0.0285107 0.0318648 0.0396364 0.0345107 0.0325507 0.0317782 0.0355761 0.0292361 0.0344806 0.0267815 0.0328977 0.0336638 0.0325789 0.0312648 0.0331212 0.0298984 0.0287422 0.0334016 0.0327587 0.0340353 0.0313098 0.0269356 0.0356568 0.0340898 0.0269949 0.0332459 0.0316008 
pop1.indv14 0.0302496 0.0312918 0.0307849 0.0292277 0.0237950 0.0264917 0.0351973 0.0271491 0.0306612 0.0282580 0.0254878 0.0268269 0.0320077 0.0000000 0.0271805 0.0285777 0.0325804 0.0287091 0.0336554 0.0271883 0.0272494 0.0263563 0.0334982 0.0334885 0.0254806 0.0302409 0.0367599 0.0302859 0.0298640 0.0291487 0.0316535 0.0362672 0.0322887 0.0292697 0.0305306 0.0324010 0.0313272 0.0297137 0.0305571 0.0312828 0.0305747 0.0320480 0.0313454 0.0290061 0.0326449 0.0303459 0.0283390 0.0280916 0.0282946 0.0299502 0.0306989 0.0286268 0.0357732 0.0385029 0.0299461 0.0302321 0.0352590 0.0291942 0.0353873 0.0332941 0.0343907 0.0324010 0.0322421 0.0273427 0.0276263 0.0340799 0.0311282 0.0296093 0.0276132 0.0282383 0.0343985 0.0321586 0.0334299 0.0305042 0.0335374 
pop1.indv15 0.0305571 0.0293202 0.0322594 0.0262054 0.0271961 0.0256405 0.0330122 0.0283827 0.0331307 0.0270796 0.0227740 0.0229786 0.0237613 0.0271805 0.0000000 0.0279631 0.0329309 0.0283797 0.0273766 0.0252554 0.0275582 0.0319800 0.0332845 0.0248103 0.0294904 0.0303371 0.0320448 0.0321005 0.0273450 0.0264917 0.0307938 0.0347531 0.0303555 0.0331372 0.0298984 0.0303723 0.0330757 0.0248144 0.0298759 0.0282338 0.0287091 0.0266941 0.0298326 0.0286762 0.0264917 0.0292781 0.0288252 0.0263860 0.0276582 0.0288252 0.0336653 0.0298211 0.0304340 0.0360138 0.0317873 0.0315092 0.0330794 0.0250683 0.0359935 0.0288085 0.0303120 0.0289064 0.0306788 0.0309454 0.0299020 0.0330830 0.0331469 0.0288815 0.0309851 0.0266911 0.0284450 0.0295413 0.0298413 0.0307494 0.0274838 
pop1.indv16 0.0315458 0.0322607 0.0325413 0.0290982 0.0277238 0.0313911 0.0324663 0.0253298 0.0279861 0.0278596 0.0264539 0.0256270 0.0279312 0.0285777 0.0279631 0.0000000 0.0293625 0.0307849 0.0290814 0.0285601 0.0286274 0.0308963 0.0308609 0.0286762 0.0254517 0.0347226 0.0316261 0.0347422 0.0317818 0.0321284 0.0303729 0.0364445 0.0362117 0.0334689 0.0286433 0.0318788 0.0356986 0.0297205 0.0325046 0.0351052 0.0333328 0.0317691 0.0327968 0.0324383 0.0320633 0.0304691 0.0270026 0.0306190 0.0287587 0.0295837 0.0321284 0.0305130 0.0325883 0.0324010 0.0299461 0.0285613 0.0294061 0.0339717 0.0378702 0.0314092 0.0293474 0.0284961 0.0324663 0.0321937 0.0282130 0.0330639 0.0322607 0.0300846 0.0293809 0.0278363 0.0334007 0.0320296 0.0330122 0.0292613 0.0307317 
pop1.indv17 0.0352433 0.0337916 0.0348961 0.0356127 0.0311076 0.0315732 0.0365727 0.0272960 0.0277318 0.0252822 0.0288085 0.0283553 0.0293879 0.0325804 0.0329309 0.0293625 0.0000000 0.0336455 0.0341001 0.0377159 0.0308382 0.0347836 0.0308204 0.0345600 0.0317726 0.0346516 0.0367452 0.0348244 0.0314368 0.0352953 0.0342048 0.0379589 0.0371730 0.0335472 0.0372943 0.0394081 0.0354730 0.0280548 0.0347641 0.0366695 0.0397543 0.0378751 0.0352902 0.0388564 0.0353727 0.0356969 0.0336357 0.0308151 0.0316213 0.0364489 0.0366541 0.0350987 0.0367127 0.0357301 0.0420761 0.0333509 0.0360147 0.0346618 0.0384087 0.0330660 0.0317083 0.0358669 0.0393263 0.0316008 0.0351544 0.0398404 0.0352019 0.0371291 0.0327872 0.0308609 0.0370840 0.0314728 0.0346210 0.0340000 0.0346618 
pop1.indv18 0.0303196 0.0315184 0.0334591 0.0263558 0.0293794 0.0294474 0.0337718 0.0274567 0.0256342 0.0274995 0.0255894 0.0288155 0.0280513 0.0287091 0.0283797 0.0307849 0.0336455 0.0000000 0.0319066 0.0309142 0.0279551 0.0272039 0.0310654 0.0330410 0.0307494 0.0345499 0.0336932 0.0331275 0.0306367 0.0368538 0.0311462 0.0352019 0.0333522 0.0328924 0.0357931 0.0321750 0.0323914 0.0307793 0.0321284 0.0321005 0.0314364 0.0295582 0.0326375 0.0302321 0.0340850 0.0332826 0.0319668 0.0307167 0.0336455 0.0297635 0.0361419 0.0306190 0.0327112 0.0389110 0.0357628 0.0353209 0.0385924 0.0373045 0.0321191 0.0239035 0.0333231 0.0308649 0.0333910 0.0303547 0.0307346 0.0325038 0.0377011 0.0331469 0.0310207 0.0288714 0.0310263 0.0313639 0.0297549 0.0263558 0.0324952 
pop1.indv19 0.0291487 0.0332534 0.0258543 0.0313174 0.0289337 0.0308601 0.0341647 0.0281400 0.0283716 0.0280287 0.0275866 0.0235976 0.0273214 0.0336554 0.0273766 0.0290814 0.0341001 0.0319066 0.0000000 0.0329356 0.0302933 0.0266284 0.0310083 0.0293608 0.0248742 0.0292756 0.0311372 0.0369083 0.0271496 0.0273292 0.0327043 0.0402093 0.0374816 0.0327618 0.0320977 0.0330563 0.0314743 0.0295761 0.0318226 0.0314185 0.0258766 0.0314273 0.0313542 0.0298933 0.0333216 0.0290347 0.0308781 0.0281509 0.0284261 0.0234590 0.0327360 0.0327907 0.0296948 0.0316744 0.0334787 0.0301512 0.0310263 0.0319575 0.0367994 0.0293523 0.0318926 0.0303284 0.0314001 0.0354038 0.0353427 0.0337718 0.0384543 0.0318505 0.0341647 0.0272882 0.0349188 0.0313454 0.0324198 0.0337544 0.0309957 
pop1.indv20 0.0333216 0.0313363 0.0304517 0.0340200 0.0296187 0.0296618 0.0307256 0.0278280 0.0293371 0.0272821 0.0265750 0.0234375 0.0274680 0.0271883 0.0252554 0.0285601 0.0377159 0.0309142 0.0329356 0.0000000 0.0283716 0.0265674 0.0299070 0.0316191 0.0259934 0.0291740 0.0341248 0.0354349 0.0283356 0.0289086 0.0311822 0.0336751 0.0356151 0.0335374 0.0346108 0.0326184 0.0286927 0.0295328 0.0359942 0.0287339 0.0310805 0.0345709 0.0274082 0.0341948 0.0266360 0.0374483 0.0297894 0.0311985 0.0285505 0.0307104 0.0324769 0.0302758 0.0334494 0.0343183 0.0306633 0.0273214 0.0348653 0.0313272 0.0321098 0.0319668 0.0329644 0.0335766 0.0299588 0.0273687 0.0293267 0.0320912 0.0345600 0.0294730 0.0326184 0.0284718 0.0331535 0.0338311 0.0343356 0.0329309 0.0306456 
pop1.indv21 0.0315353 0.0323634 0.0321586 0.0303903 0.0247924 0.0239302 0.0361592 0.0273250 0.0300026 0.0277648 0.0275191 0.0255693 0.0260568 0.0272494 0.0275582 0.0286274 0.0308382 0.0279551 0.0302933 0.0283716 0.0000000 0.0301909 0.0274489 0.0306788 0.0292140 0.0276605 0.0336052 0.0354285 0.0335370 0.0304779 0.0305472 0.0334691 0.0310684 0.0326991 0.0334885 0.0347826 0.0343083 0.0262954 0.0295158 0.0306436 0.0332363 0.0307377 0.0303108 0.0345917 0.0280496 0.0287587 0.0297528 0.0281077 0.0328159 0.0270719 0.0363098 0.0315444 0.0356071 0.0353052 0.0329689 0.0291107 0.0369460 0.0305559 0.0323082 0.0310207 0.0316421 0.0293139 0.0304774 0.0316809 0.0330890 0.0374452 0.0328028 0.0303555 0.0329500 0.0302188 0.0346314 0.0340012 0.0297784 0.0328786 0.0275661 
pop1.indv22 0.0304165 0.0344306 0.0298812 0.0274995 0.0273896 0.0285613 0.0299547 0.0278280 0.0292805 0.0263339 0.0272649 0.0287007 0.0273271 0.0263563 0.0319800 0.0308963 0.0347836 0.0272039 0.0266284 0.0265674 0.0301909 0.0000000 0.0310744 0.0285450 0.0272649 0.0277556 0.0319892 0.0343808 0.0297443 0.0295752 0.0314180 0.0361718 0.0321494 0.0332748 0.0300933 0.0288733 0.0339900 0.0279398 0.0336834 0.0313188 0.0332267 0.0359719 0.0266513 0.0282419 0.0299900 0.0308293 0.0330410 0.0261087 0.0307703 0.0269084 0.0302234 0.0320077 0.0339717 0.0339815 0.0289864 0.0338871 0.0327462 0.0332194 0.0321124 0.0294482 0.0271568 0.0284231 0.0321957 0.0338674 0.0288002 0.0340503 0.0297528 0.0357940 0.0299205 0.0318381 0.0343283 0.0365249 0.0349145 0.0306260 0.0283390 
pop1.indv23 0.0319523 0.0347120 0.0324104 0.0282661 0.0285859 0.0299674 0.0326803 0.0317236 0.0335367 0.0296339 0.0303380 0.0295496 0.0320819 0.0334982 0.0332845 0.0308609 0.0308204 0.0310654 0.0310083 0.0299070 0.0274489 0.0310744 0.0000000 0.0319800 0.0325038 0.0349450 0.0352847 0.0328597 0.0290061 0.0336052 0.0339914 0.0325695 0.0367957 0.0348028 0.0331595 0.0348738 0.0326565 0.0272664 0.0357836 0.0349859 0.0327587 0.0371850 0.0290647 0.0357315 0.0351461 0.0352281 0.0342683 0.0317634 0.0354558 0.0305571 0.0381937 0.0376645 0.0341293 0.0361801 0.0337865 0.0307760 0.0362749 0.0377709 0.0358053 0.0295158 0.0299547 0.0298812 0.0315444 0.0264464 0.0283716 0.0391258 0.0315807 0.0346314 0.0286022 0.0320785 0.0342384 0.0339914 0.0355319 0.0302409 0.0326827 
pop1.indv24 0.0283960 0.0337325 0.0305659 0.0300204 0.0318926 0.0288002 0.0285450 0.0308432 0.0305384 0.0285859 0.0291357 0.0261087 0.0277238 0.0334885 0.0248103 0.0286762 0.0345600 0.0330410 0.0293608 0.0316191 0.0306788 0.0285450 0.0319800 0.0000000 0.0288650 0.0330794 0.0322607 0.0364445 0.0299588 0.0293879 0.0342285 0.0355393 0.0364126 0.0336834 0.0326071 0.0316375 0.0323158 0.0246365 0.0363098 0.0290395 0.0357931 0.0319063 0.0275787 0.0295413 0.0300291 0.0333716 0.0319204 0.0297549 0.0328099 0.0338014 0.0328733 0.0311372 0.0313098 0.0343311 0.0300846 0.0315641 0.0354698 0.0330122 0.0367491 0.0313820 0.0332459 0.0277556 0.0307583 0.0312364 0.0306633 0.0335759 0.0330218 0.0305218 0.0312020 0.0323824 0.0301337 0.0336052 0.0366911 0.0315092 0.0348756 
pop1.indv25 0.0291774 0.0275347 0.0301019 0.0274995 0.0273739 0.0252606 0.0313458 0.0273868 0.0280337 0.0260790 0.0256125 0.0243788 0.0261087 0.0254806 0.0294904 0.0254517 0.0317726 0.0307494 0.0248742 0.0259934 0.0292140 0.0272649 0.0325038 0.0288650 0.0000000 0.0295837 0.0289700 0.0319155 0.0286350 0.0291942 0.0295833 0.0315366 0.0374468 0.0316170 0.0294145 0.0289064 0.0309634 0.0314277 0.0325235 0.0297357 0.0302845 0.0289617 0.0303021 0.0331595 0.0297784 0.0302147 0.0282097 0.0262204 0.0296605 0.0256258 0.0305836 0.0306084 0.0286762 0.0310950 0.0298438 0.0240250 0.0303903 0.0318056 0.0323917 0.0292445 0.0315625 0.0285287 0.0254733 0.0303380 0.0277556 0.0323639 0.0274722 0.0310565 0.0311306 0.0269129 0.0306633 0.0327273 0.0285695 0.0272649 0.0307494 
pop2.indv1  0.0342449 0.0302060 0.0278114 0.0276184 0.0274444 0.0300988 0.0329167 0.0275975 0.0288981 0.0252750 0.0264690 0.0270951 0.0318555 0.0302409 0.0303371 0.0347226 0.0346516 0.0345499 0.0292756 0.0291740 0.0276605 0.0277556 0.0349450 0.0330794 0.0295837 0.0000000 0.0269642 0.0308874 0.0232065 0.0265598 0.0305559 0.0299771 0.0307052 0.0317450 0.0268238 0.0335565 0.0296777 0.0236312 0.0334007 0.0301452 0.0337817 0.0328123 0.0271494 0.0307317 0.0297613 0.0302496 0.0294820 0.0250396 0.0301775 0.0298640 0.0305138 0.0311192 0.0315534 0.0311217 0.0328597 0.0289313 0.0328977 0.0290360 0.0347523 0.0255821 0.0294398 0.0251179 0.0339166 0.0301625 0.0284614 0.0303294 0.0302409 0.0296264 0.0307760 0.0319381 0.0347734 0.0296847 0.0332652 0.0283634 0.0309185 
pop2.indv2  0.0328977 0.0319616 0.0330506 0.0356255 0.0322887 0.0290730 0.0329689 0.0313552 0.0283505 0.0291190 0.0287662 0.0304774 0.0323354 0.0367599 0.0320448 0.0316261 0.0367452 0.0336932 0.0311372 0.0341248 0.0336052 0.0319892 0.0352847 0.0322607 0.0289700 0.0269642 0.0000000 0.0322620 0.0305036 0.0303729 0.0341435 0.0321957 0.0387631 0.0299728 0.0308609 0.0334982 0.0355630 0.0331758 0.0339619 0.0270878 0.0321217 0.0317145 0.0297443 0.0295833 0.0305909 0.0339914 0.0296847 0.0325413 0.0299502 0.0282661 0.0330698 0.0333342 0.0334215 0.0298184 0.0285302 0.0334016 0.0305210 0.0340945 0.0315444 0.0309317 0.0301565 0.0279623 0.0329689 0.0316626 0.0295074 0.0365516 0.0340405 0.0324850 0.0304167 0.0305375 0.0306700 0.0387518 0.0358468 0.0295664 0.0338086 
pop2.indv3  0.0345408 0.0345307 0.0320633 0.0312818 0.0321098 0.0345006 0.0380369 0.0301737 0.0322251 0.0293725 0.0296847 0.0285287 0.0260568 0.0302859 0.0321005 0.0347422 0.0348244 0.0331275 0.0369083 0.0354349 0.0354285 0.0343808 0.0328597 0.0364445 0.0319155 0.0308874 0.0322620 0.0000000 0.0260864 0.0331595 0.0280019 0.0327934 0.0352795 0.0311841 0.0306084 0.0318788 0.0333522 0.0299415 0.0294145 0.0284799 0.0285859 0.0386502 0.0300415 0.0321217 0.0280575 0.0347020 0.0278835 0.0269489 0.0293710 0.0282985 0.0318740 0.0283505 0.0277255 0.0341632 0.0320113 0.0326354 0.0323824 0.0354733 0.0311573 0.0294904 0.0321217 0.0331307 0.0324663 0.0284150 0.0295497 0.0306940 0.0314090 0.0291190 0.0332481 0.0324937 0.0308204 0.0316330 0.0328312 0.0315444 0.0321679 
pop2.indv4  0.0323260 0.0297722 0.0259193 0.0263936 0.0281724 0.0273135 0.0286022 0.0282097 0.0273271 0.0222722 0.0228641 0.0282419 0.0287587 0.0298640 0.0273450 0.0317818 0.0314368 0.0306367 0.0271496 0.0283356 0.0335370 0.0297443 0.0290061 0.0299588 0.0286350 0.0232065 0.0305036 0.0260864 0.0000000 0.0289562 0.0265582 0.0302234 0.0305210 0.0267398 0.0249543 0.0280192 0.0294134 0.0257359 0.0265371 0.0258456 0.0317083 0.0299814 0.0251975 0.0237143 0.0276921 0.0291318 0.0264539 0.0238220 0.0259637 0.0256771 0.0303284 0.0282661 0.0285450 0.0259611 0.0265958 0.0272821 0.0270796 0.0272727 0.0299461 0.0250753 0.0280192 0.0275975 0.0298523 0.0264464 0.0250681 0.0278280 0.0300031 0.0294482 0.0250824 0.0273791 0.0303547 0.0293223 0.0299858 0.0260938 0.0324763 
pop2.indv5  0.0283879 0.0335178 0.0273056 0.0297120 0.0285354 0.0283797 0.0325038 0.0265357 0.0303816 0.0301712 0.0270719 0.0282985 0.0315001 0.0291487 0.0264917 0.0321284 0.0352953 0.0368538 0.0273292 0.0289086 0.0304779 0.0295752 0.0336052 0.0293879 0.0291942 0.0265598 0.0303729 0.0331595 0.0289562 0.0000000 0.0284636 0.0307938 0.0353976 0.0309454 0.0272273 0.0355942 0.0345600 0.0257506 0.0298984 0.0276368 0.0309454 0.0315353 0.0280192 0.0307141 0.0225362 0.0287009 0.0293625 0.0263709 0.0245801 0.0296178 0.0311076 0.0294482 0.0309940 0.0260716 0.0292389 0.0336736 0.0326166 0.0308786 0.0324104 0.0270874 0.0317327 0.0290609 0.0310654 0.0289064 0.0285107 0.0312199 0.0293456 0.0300846 0.0285205 0.0321792 0.0310534 0.0315444 0.0307406 0.0310923 0.0322887 
pop2.indv6  0.0308432 0.0319616 0.0302583 0.0256039 0.0246415 0.0304691 0.0346819 0.0335560 0.0291230 0.0281695 0.0278835 0.0292223 0.0305130 0.0316535 0.0307938 0.0303729 0.0342048 0.0311462 0.0327043 0.0311822 0.0305472 0.0314180 0.0339914 0.0342285 0.0295833 0.0305559 0.0341435 0.0280019 0.0265582 0.0284636 0.0000000 0.0301279 0.0344920 0.0302427 0.0313368 0.0284880 0.0340353 0.0274366 0.0301019 0.0287252 0.0322514 0.0306940 0.0283879 0.0348821 0.0296170 0.0337013 0.0297357 0.0260864 0.0281643 0.0261384 0.0346517 0.0284961 0.0282463 0.0304427 0.0300367 0.0283827 0.0315807 0.0271568 0.0332004 0.0278994 0.0320021 0.0310950 0.0305559 0.0309762 0.0305306 0.0314811 0.0339130 0.0327556 0.0289370 0.0293824 0.0289396 0.0295496 0.0330449 0.0325225 0.0315444 
pop2.indv7  0.0350678 0.0394027 0.0350371 0.0291487 0.0329597 0.0360676 0.0380816 0.0370649 0.0347120 0.0311282 0.0276053 0.0313730 0.0345094 0.0362672 0.0347531 0.0364445 0.0379589 0.0352019 0.0402093 0.0336751 0.0334691 0.0361718 0.0325695 0.0355393 0.0315366 0.0299771 0.0321957 0.0327934 0.0302234 0.0307938 0.0301279 0.0000000 0.0335273 0.0334104 0.0315716 0.0346618 0.0350987 0.0349886 0.0336149 0.0304515 0.0330986 0.0313549 0.0326470 0.0316626 0.0346314 0.0367344 0.0309813 0.0322688 0.0313454 0.0271961 0.0403773 0.0338674 0.0342484 0.0309584 0.0375655 0.0318833 0.0358883 0.0350034 0.0343311 0.0320912 0.0341435 0.0303816 0.0335565 0.0315275 0.0286433 0.0330449 0.0344906 0.0380257 0.0285205 0.0297676 0.0327872 0.0318880 0.0352076 0.0297955 0.0352281 
pop2.indv8  0.0334885 0.0357628 0.0365620 0.0314001 0.0348028 0.0336442 0.0359406 0.0345717 0.0333246 0.0307229 0.0371634 0.0267664 0.0360033 0.0322887 0.0303555 0.0362117 0.0371730 0.0333522 0.0374816 0.0356151 0.0310684 0.0321494 0.0367957 0.0364126 0.0374468 0.0307052 0.0387631 0.0352795 0.0305210 0.0353976 0.0344920 0.0335273 0.0000000 0.0337597 0.0313368 0.0359093 0.0365406 0.0340949 0.0365461 0.0313911 0.0381039 0.0340359 0.0330506 0.0338838 0.0322235 0.0361487 0.0392176 0.0312738 0.0336638 0.0320262 0.0398051 0.0342518 0.0338254 0.0337381 0.0366255 0.0306612 0.0346017 0.0318926 0.0390572 0.0312468 0.0319290 0.0326241 0.0385142 0.0357211 0.0342584 0.0416061 0.0390230 0.0308080 0.0342420 0.0309836 0.0367491 0.0332194 0.0337013 0.0360964 0.0337207 
pop2.indv9  0.0351193 0.0331662 0.0361526 0.0359199 0.0290228 0.0324386 0.0351257 0.0318330 0.0306260 0.0300329 0.0285368 0.0290692 0.0336052 0.0292697 0.0331372 0.0334689 0.0335472 0.0328924 0.0327618 0.0335374 0.0326991 0.0332748 0.0348028 0.0336834 0.0316170 0.0317450 0.0299728 0.0311841 0.0267398 0.0309454 0.0302427 0.0334104 0.0337597 0.0000000 0.0325789 0.0297784 0.0309275 0.0270012 0.0314273 0.0312378 0.0350268 0.0287089 0.0305394 0.0313639 0.0342086 0.0305394 0.0259637 0.0300204 0.0289421 0.0285695 0.0363204 0.0291440 0.0337597 0.0330449 0.0314630 0.0298211 0.0300501 0.0283344 0.0296847 0.0303459 0.0310595 0.0285205 0.0315082 0.0304691 0.0288501 0.0348821 0.0315988 0.0317175 0.0318421 0.0303045 0.0318555 0.0296847 0.0336442 0.0344906 0.0333813 
pop2.indv10 0.0308828 0.0317634 0.0318278 0.0280835 0.0285025 0.0303723 0.0345006 0.0347221 0.0299985 0.0302671 0.0355526 0.0266790 0.0348433 0.0305306 0.0298984 0.0286433 0.0372943 0.0357931 0.0320977 0.0346108 0.0334885 0.0300933 0.0331595 0.0326071 0.0294145 0.0268238 0.0308609 0.0306084 0.0249543 0.0272273 0.0313368 0.0315716 0.0313368 0.0325789 0.0000000 0.0274131 0.0270246 0.0265078 0.0323541 0.0279232 0.0315001 0.0314270 0.0283960 0.0269872 0.0273505 0.0322887 0.0301106 0.0265979 0.0276902 0.0283228 0.0337916 0.0344406 0.0363489 0.0308432 0.0324383 0.0294989 0.0301019 0.0293641 0.0320848 0.0355942 0.0305297 0.0262967 0.0290941 0.0294398 0.0291066 0.0349224 0.0311642 0.0292781 0.0302859 0.0274533 0.0353003 0.0335079 0.0333425 0.0319708 0.0325883 
pop2.indv11 0.0352281 0.0342683 0.0306260 0.0325425 0.0321937 0.0321750 0.0368245 0.0321864 0.0279232 0.0326166 0.0292025 0.0275975 0.0290360 0.0324010 0.0303723 0.0318788 0.0394081 0.0321750 0.0330563 0.0326184 0.0347826 0.0288733 0.0348738 0.0316375 0.0289064 0.0335565 0.0334982 0.0318788 0.0280192 0.0355942 0.0284880 0.0346618 0.0359093 0.0297784 0.0274131 0.0000000 0.0344488 0.0295071 0.0335176 0.0293893 0.0306101 0.0356403 0.0261532 0.0298693 0.0291942 0.0308739 0.0322700 0.0286104 0.0316099 0.0284287 0.0332243 0.0300501 0.0295833 0.0311039 0.0348117 0.0300760 0.0317083 0.0312199 0.0340405 0.0274287 0.0340996 0.0272572 0.0310118 0.0331690 0.0281481 0.0341533 0.0308026 0.0291774 0.0309051 0.0340507 0.0362778 0.0352031 0.0261532 0.0285695 0.0338674 
pop2.indv12 0.0320602 0.0315366 0.0367777 0.0330273 0.0310624 0.0294986 0.0371620 0.0299588 0.0310833 0.0312364 0.0304253 0.0292193 0.0303723 0.0313272 0.0330757 0.0356986 0.0354730 0.0323914 0.0314743 0.0286927 0.0343083 0.0339900 0.0326565 0.0323158 0.0309634 0.0296777 0.0355630 0.0333522 0.0294134 0.0345600 0.0340353 0.0350987 0.0365406 0.0309275 0.0270246 0.0344488 0.0000000 0.0309684 0.0374594 0.0363418 0.0309903 0.0331499 0.0302038 0.0327492 0.0315092 0.0311913 0.0309903 0.0315196 0.0310895 0.0362487 0.0405221 0.0348040 0.0349933 0.0342983 0.0361084 0.0335963 0.0369762 0.0326449 0.0363311 0.0351399 0.0373482 0.0325235 0.0329548 0.0290395 0.0312167 0.0397698 0.0361952 0.0342148 0.0317542 0.0305472 0.0355257 0.0364978 0.0345398 0.0350884 0.0373276 
pop2.indv13 0.0285107 0.0301950 0.0308961 0.0292926 0.0255731 0.0323914 0.0331275 0.0278434 0.0302321 0.0278434 0.0254268 0.0263105 0.0283028 0.0297137 0.0248144 0.0297205 0.0280548 0.0307793 0.0295761 0.0295328 0.0262954 0.0279398 0.0272664 0.0246365 0.0314277 0.0236312 0.0331758 0.0299415 0.0257359 0.0257506 0.0274366 0.0349886 0.0340949 0.0270012 0.0265078 0.0295071 0.0309684 0.0000000 0.0299194 0.0280433 0.0307524 0.0306278 0.0286511 0.0291993 0.0316467 0.0276423 0.0266360 0.0212304 0.0287177 0.0265231 0.0312899 0.0301250 0.0293879 0.0262354 0.0301365 0.0286511 0.0288002 0.0271338 0.0260530 0.0278594 0.0274209 0.0294389 0.0297291 0.0276582 0.0275515 0.0293118 0.0333411 0.0294219 0.0277159 0.0302946 0.0283520 0.0320912 0.0296014 0.0283356 0.0260530 
pop2.indv14 0.0340254 0.0362885 0.0318648 0.0330273 0.0339601 0.0353623 0.0361506 0.0354594 0.0310029 0.0301712 0.0275739 0.0312378 0.0376012 0.0305571 0.0298759 0.0325046 0.0347641 0.0321284 0.0318226 0.0359942 0.0295158 0.0336834 0.0357836 0.0363098 0.0325235 0.0334007 0.0339619 0.0294145 0.0265371 0.0298984 0.0301019 0.0336149 0.0365461 0.0314273 0.0323541 0.0335176 0.0374594 0.0299194 0.0000000 0.0316535 0.0338380 0.0273946 0.0275549 0.0318880 0.0302060 0.0303196 0.0327302 0.0266207 0.0322594 0.0284532 0.0331372 0.0317175 0.0309051 0.0339522 0.0321494 0.0311552 0.0316444 0.0321864 0.0364765 0.0276290 0.0274800 0.0271183 0.0363489 0.0288650 0.0321844 0.0327745 0.0323634 0.0338576 0.0322142 0.0286844 0.0346415 0.0328028 0.0307849 0.0322700 0.0322328 
pop2.indv15 0.0271494 0.0323260 0.0327017 0.0298898 0.0287009 0.0329167 0.0337521 0.0278042 0.0265732 0.0224539 0.0272572 0.0292555 0.0289230 0.0312828 0.0282338 0.0351052 0.0366695 0.0321005 0.0314185 0.0287339 0.0306436 0.0313188 0.0349859 0.0290395 0.0297357 0.0301452 0.0270878 0.0284799 0.0258456 0.0276368 0.0287252 0.0304515 0.0313911 0.0312378 0.0279232 0.0293893 0.0363418 0.0280433 0.0316535 0.0000000 0.0291774 0.0307816 0.0302060 0.0281374 0.0257723 0.0272417 0.0263788 0.0268622 0.0250610 0.0252033 0.0337620 0.0286274 0.0293306 0.0294992 0.0292306 0.0289064 0.0315988 0.0304514 0.0289782 0.0278676 0.0295917 0.0283989 0.0305297 0.0287252 0.0244541 0.0355144 0.0266638 0.0313549 0.0281454 0.0283219 0.0334104 0.0362538 0.0275661 0.0310386 0.0278835 
pop2.indv16 0.0299674 0.0312274 0.0298812 0.0308241 0.0316744 0.0315184 0.0345911 0.0342716 0.0329167 0.0312546 0.0270179 0.0303120 0.0292361 0.0305747 0.0287091 0.0333328 0.0397543 0.0314364 0.0258766 0.0310805 0.0332363 0.0332267 0.0327587 0.0357931 0.0302845 0.0337817 0.0321217 0.0285859 0.0317083 0.0309454 0.0322514 0.0330986 0.0381039 0.0350268 0.0315001 0.0306101 0.0309903 0.0307524 0.0338380 0.0291774 0.0000000 0.0342914 0.0328828 0.0318696 0.0321098 0.0334299 0.0273974 0.0271571 0.0300552 0.0262804 0.0374816 0.0293893 0.0309140 0.0305647 0.0362960 0.0303991 0.0365835 0.0338282 0.0332267 0.0346113 0.0334885 0.0313008 0.0302946 0.0307671 0.0300031 0.0336638 0.0325977 0.0340651 0.0322514 0.0294073 0.0327777 0.0349933 0.0312093 0.0323822 0.0302147 
pop2.indv17 0.0324477 0.0363489 0.0329974 0.0322887 0.0344906 0.0328217 0.0351421 0.0311306 0.0323082 0.0274722 0.0290526 0.0281134 0.0349123 0.0320480 0.0266941 0.0317691 0.0378751 0.0295582 0.0314273 0.0345709 0.0307377 0.0359719 0.0371850 0.0319063 0.0289617 0.0328123 0.0317145 0.0386502 0.0299814 0.0315353 0.0306940 0.0313549 0.0340359 0.0287089 0.0314270 0.0356403 0.0331499 0.0306278 0.0273946 0.0307816 0.0342914 0.0000000 0.0331882 0.0301136 0.0328123 0.0317782 0.0305472 0.0248064 0.0282177 0.0297613 0.0342584 0.0304687 0.0309711 0.0334598 0.0325681 0.0324570 0.0334112 0.0298353 0.0343240 0.0322700 0.0303303 0.0275150 0.0344226 0.0332481 0.0264464 0.0300452 0.0351725 0.0295412 0.0300452 0.0304083 0.0316353 0.0338059 0.0299376 0.0311217 0.0275113 
pop2.indv18 0.0308421 0.0330467 0.0316559 0.0306655 0.0292756 0.0272899 0.0312274 0.0312093 0.0286844 0.0297377 0.0262954 0.0256991 0.0266742 0.0313454 0.0298326 0.0327968 0.0352902 0.0326375 0.0313542 0.0274082 0.0303108 0.0266513 0.0290647 0.0275787 0.0303021 0.0271494 0.0297443 0.0300415 0.0251975 0.0280192 0.0283879 0.0326470 0.0330506 0.0305394 0.0283960 0.0261532 0.0302038 0.0286511 0.0275549 0.0302060 0.0328828 0.0331882 0.0000000 0.0298211 0.0271805 0.0309544 0.0279478 0.0267049 0.0252845 0.0285107 0.0332826 0.0253905 0.0310207 0.0288898 0.0335857 0.0341848 0.0299858 0.0290526 0.0303284 0.0288585 0.0292277 0.0304428 0.0345810 0.0297291 0.0264849 0.0282742 0.0322688 0.0305747 0.0305306 0.0291726 0.0270168 0.0330698 0.0266284 0.0291318 0.0293964 
pop2.indv19 0.0329644 0.0320077 0.0342883 0.0291150 0.0250467 0.0323541 0.0337013 0.0296593 0.0324010 0.0306964 0.0339522 0.0284070 0.0291942 0.0290061 0.0286762 0.0324383 0.0388564 0.0302321 0.0298933 0.0341948 0.0345917 0.0282419 0.0357315 0.0295413 0.0331595 0.0307317 0.0295833 0.0321217 0.0237143 0.0307141 0.0348821 0.0316626 0.0338838 0.0313639 0.0269872 0.0298693 0.0327492 0.0291993 0.0318880 0.0281374 0.0318696 0.0301136 0.0298211 0.0000000 0.0260199 0.0311282 0.0257577 0.0253110 0.0305571 0.0277556 0.0352179 0.0313008 0.0340012 0.0326616 0.0273559 0.0336149 0.0304340 0.0286030 0.0377709 0.0289147 0.0314811 0.0284799 0.0311217 0.0306260 0.0283797 0.0309976 0.0292529 0.0338282 0.0321679 0.0307175 0.0304340 0.0289124 0.0313278 0.0278200 0.0317175 
pop2.indv20 0.0324198 0.0267779 0.0334104 0.0281886 0.0305482 0.0268391 0.0326166 0.0312110 0.0259611 0.0260347 0.0319155 0.0263563 0.0293625 0.0326449 0.0264917 0.0320633 0.0353727 0.0340850 0.0333216 0.0266360 0.0280496 0.0299900 0.0351461 0.0300291 0.0297784 0.0297613 0.0305909 0.0280575 0.0276921 0.0225362 0.0296170 0.0346314 0.0322235 0.0342086 0.0273505 0.0291942 0.0315092 0.0316467 0.0302060 0.0257723 0.0321098 0.0328123 0.0271805 0.0260199 0.0000000 0.0315458 0.0307406 0.0258309 0.0259563 0.0283797 0.0340750 0.0312468 0.0299814 0.0317691 0.0280815 0.0293725 0.0317782 0.0311841 0.0355008 0.0282742 0.0309495 0.0290775 0.0327934 0.0272960 0.0315184 0.0352132 0.0341788 0.0306788 0.0304774 0.0262097 0.0286597 0.0320480 0.0274052 0.0320448 0.0320077 
pop2.indv21 0.0300465 0.0308204 0.0322031 0.0303021 0.0284942 0.0332437 0.0322980 0.0284070 0.0280031 0.0320540 0.0297291 0.0285695 0.0299674 0.0303459 0.0292781 0.0304691 0.0356969 0.0332826 0.0290347 0.0374483 0.0287587 0.0308293 0.0352281 0.0333716 0.0302147 0.0302496 0.0339914 0.0347020 0.0291318 0.0287009 0.0337013 0.0367344 0.0361487 0.0305394 0.0322887 0.0308739 0.0311913 0.0276423 0.0303196 0.0272417 0.0334299 0.0317782 0.0309544 0.0311282 0.0315458 0.0000000 0.0321657 0.0292613 0.0300988 0.0268238 0.0361207 0.0355423 0.0317873 0.0326260 0.0362854 0.0317634 0.0308204 0.0298693 0.0371192 0.0305394 0.0315716 0.0319985 0.0299376 0.0308382 0.0291993 0.0334208 0.0329931 0.0303816 0.0276132 0.0300965 0.0351605 0.0312648 0.0346113 0.0345107 0.0339265 
pop2.indv22 0.0313363 0.0333716 0.0310744 0.0310173 0.0328733 0.0326470 0.0307317 0.0281134 0.0287089 0.0323916 0.0279871 0.0280111 0.0288402 0.0283390 0.0288252 0.0270026 0.0336357 0.0319668 0.0308781 0.0297894 0.0297528 0.0330410 0.0342683 0.0319204 0.0282097 0.0294820 0.0296847 0.0278835 0.0264539 0.0293625 0.0297357 0.0309813 0.0392176 0.0259637 0.0301106 0.0322700 0.0309903 0.0266360 0.0327302 0.0263788 0.0273974 0.0305472 0.0279478 0.0257577 0.0307406 0.0321657 0.0000000 0.0249755 0.0278514 0.0270090 0.0339956 0.0290526 0.0323360 0.0302686 0.0329879 0.0292529 0.0305909 0.0287171 0.0337013 0.0320540 0.0303207 0.0300588 0.0344906 0.0306084 0.0262279 0.0321309 0.0276526 0.0282419 0.0290112 0.0318926 0.0347836 0.0296678 0.0270951 0.0268161 0.0276842 
pop2.indv23 0.0292332 0.0297894 0.0309185 0.0295928 0.0286097 0.0260754 0.0350063 0.0255167 0.0281855 0.0253182 0.0256185 0.0240114 0.0261607 0.0280916 0.0263860 0.0306190 0.0308151 0.0307167 0.0281509 0.0311985 0.0281077 0.0261087 0.0317634 0.0297549 0.0262204 0.0250396 0.0325413 0.0269489 0.0238220 0.0263709 0.0260864 0.0322688 0.0312738 0.0300204 0.0265979 0.0286104 0.0315196 0.0212304 0.0266207 0.0268622 0.0271571 0.0248064 0.0267049 0.0253110 0.0258309 0.0292613 0.0249755 0.0000000 0.0286180 0.0254341 0.0254486 0.0308115 0.0309940 0.0278438 0.0293558 0.0304515 0.0312828 0.0288898 0.0292529 0.0247538 0.0266487 0.0246415 0.0282580 0.0242539 0.0280125 0.0341194 0.0295752 0.0270874 0.0287171 0.0253978 0.0322782 0.0281855 0.0283390 0.0279711 0.0277477 
pop2.indv24 0.0291487 0.0282946 0.0279076 0.0304606 0.0292416 0.0315011 0.0303196 0.0268315 0.0274366 0.0253326 0.0297120 0.0254705 0.0285107 0.0282946 0.0276582 0.0287587 0.0316213 0.0336455 0.0284261 0.0285505 0.0328159 0.0307703 0.0354558 0.0328099 0.0296605 0.0301775 0.0299502 0.0293710 0.0259637 0.0245801 0.0281643 0.0313454 0.0336638 0.0289421 0.0276902 0.0316099 0.0310895 0.0287177 0.0322594 0.0250610 0.0300552 0.0282177 0.0252845 0.0305571 0.0259563 0.0300988 0.0278514 0.0286180 0.0000000 0.0227932 0.0366215 0.0274209 0.0282985 0.0301019 0.0282580 0.0289086 0.0312908 0.0321098 0.0335668 0.0284778 0.0325046 0.0296008 0.0286433 0.0296178 0.0311894 0.0330218 0.0344892 0.0275153 0.0277159 0.0296678 0.0338607 0.0264464 0.0295242 0.0281724 0.0303635 
pop2.indv25 0.0290730 0.0291993 0.0269547 0.0263633 0.0276343 0.0261655 0.0309903 0.0288485 0.0260790 0.0260754 0.0261980 0.0255530 0.0318648 0.0299502 0.0288252 0.0295837 0.0364489 0.0297635 0.0234590 0.0307104 0.0270719 0.0269084 0.0305571 0.0338014 0.0256258 0.0298640 0.0282661 0.0282985 0.0256771 0.0296178 0.0261384 0.0271961 0.0320262 0.0285695 0.0283228 0.0284287 0.0362487 0.0265231 0.0284532 0.0252033 0.0262804 0.0297613 0.0285107 0.0277556 0.0283797 0.0268238 0.0270090 0.0254341 0.0227932 0.0000000 0.0324009 0.0292697 0.0301712 0.0297528 0.0315898 0.0243226 0.0328597 0.0322700 0.0282580 0.0250753 0.0319985 0.0280192 0.0269795 0.0302933 0.0266513 0.0289947 0.0243157 0.0261905 0.0291524 0.0273250 0.0307972 0.0261087 0.0294049 0.0293710 0.0263105 
pop3.indv1  0.0352122 0.0387642 0.0388102 0.0325819 0.0298067 0.0309544 0.0361100 0.0350371 0.0339166 0.0337718 0.0320134 0.0305659 0.0396364 0.0306989 0.0336653 0.0321284 0.0366541 0.0361419 0.0327360 0.0324769 0.0363098 0.0302234 0.0381937 0.0328733 0.0305836 0.0305138 0.0330698 0.0318740 0.0303284 0.0311076 0.0346517 0.0403773 0.0398051 0.0363204 0.0337916 0.0332243 0.0405221 0.0312899 0.0331372 0.0337620 0.0374816 0.0342584 0.0332826 0.0352179 0.0340750 0.0361207 0.0339956 0.0254486 0.0366215 0.0324009 0.0000000 0.0273817 0.0312020 0.0354079 0.0347916 0.0294049 0.0324944 0.0318605 0.0297955 0.0271961 0.0271645 0.0288402 0.0299814 0.0267245 0.0298499 0.0296508 0.0293118 0.0273271 0.0308344 0.0306503 0.0306456 0.0335954 0.0307406 0.0313368 0.0286597 
pop3.indv2  0.0271727 0.0301886 0.0295667 0.0303108 0.0277318 0.0311102 0.0324477 0.0320296 0.0333150 0.0294482 0.0252105 0.0268649 0.0345107 0.0286268 0.0298211 0.0305130 0.0350987 0.0306190 0.0327907 0.0302758 0.0315444 0.0320077 0.0376645 0.0311372 0.0306084 0.0311192 0.0333342 0.0283505 0.0282661 0.0294482 0.0284961 0.0338674 0.0342518 0.0291440 0.0344406 0.0300501 0.0348040 0.0301250 0.0317175 0.0286274 0.0293893 0.0304687 0.0253905 0.0313008 0.0312468 0.0355423 0.0290526 0.0308115 0.0274209 0.0292697 0.0273817 0.0000000 0.0263495 0.0302873 0.0310241 0.0278359 0.0312110 0.0302168 0.0314901 0.0280894 0.0256997 0.0295917 0.0300196 0.0247296 0.0255385 0.0272788 0.0274101 0.0283827 0.0298438 0.0321267 0.0242539 0.0321700 0.0284312 0.0229336 0.0247784 
