75
pop1.indv1  0.0000000 0.0346969 0.0243324 0.0341035 0.0348977 0.0289151 0.0390908 0.0304480 0.0348476 0.0293407 0.0295038 0.0248372 0.0332032 0.0270387 0.0319900 0.0390335 0.0212577 0.0378061 0.0191613 0.0302716 0.0299273 0.0208147 0.0265464 0.0239541 0.0298418 0.0412556 0.0397237 0.0317592 0.0444661 0.0273894 0.0361427 0.0300115 0.0299700 0.0334438 0.0434977 0.0297157 0.0392038 0.0336893 0.0279036 0.0378069 0.0373712 0.0343967 0.0462928 0.0361416 0.0270378 0.0402576 0.0345965 0.0297147 0.0426043 0.0460176 0.0385352 0.0277082 0.0280611 0.0301408 0.0265839 0.0442037 0.0222944 0.0333467 0.0357301 0.0378620 0.0297126 0.0446651 0.0465715 0.0352579 0.0333959 0.0423543 0.0360891 0.0393179 0.0309876 0.0300545 0.0226412 0.0307605 0.0425414 0.0425411 0.0338874 
pop1.indv10 0.0346969 0.0000000 0.0369433 0.0293818 0.0313509 0.0380831 0.0308237 0.0346948 0.0433696 0.0335781 0.0268837 0.0249405 0.0398407 0.0335424 0.0240218 0.0279435 0.0195910 0.0389197 0.0205014 0.0300559 0.0271153 0.0317134 0.0287070 0.0333474 0.0284625 0.0408935 0.0350508 0.0382514 0.0415007 0.0363517 0.0250452 0.0392602 0.0206425 0.0352566 0.0446242 0.0385316 0.0372642 0.0353095 0.0294623 0.0327306 0.0380843 0.0378618 0.0329650 0.0420468 0.0344951 0.0345451 0.0345956 0.0361937 0.0456780 0.0318516 0.0331055 0.0229013 0.0265845 0.0351536 0.0373709 0.0298415 0.0334448 0.0283793 0.0319432 0.0254344 0.0329158 0.0333952 0.0397821 0.0436970 0.0297565 0.0253633 0.0376966 0.0474324 0.0358912 0.0298836 0.0301388 0.0369436 0.0328224 0.0376969 0.0401368 
pop1.indv11 0.0243324 0.0369433 0.0000000 0.0209008 0.0274671 0.0275474 0.0268841 0.0340869 0.0243311 0.0209303 0.0209303 0.0273097 0.0245775 0.0200392 0.0229991 0.0301415 0.0233010 0.0256514 0.0274677 0.0259477 0.0261742 0.0137083 0.0211365 0.0185291 0.0243314 0.0308506 0.0279122 0.0246121 0.0411792 0.0170799 0.0257247 0.0290810 0.0258730 0.0313563 0.0394902 0.0317596 0.0368887 0.0361601 0.0272698 0.0227049 0.0225455 0.0287051 0.0229003 0.0304912 0.0276276 0.0290384 0.0245062 0.0273097 0.0305804 0.0307144 0.0248295 0.0267174 0.0272314 0.0340377 0.0180401 0.0357298 0.0260989 0.0230322 0.0298642 0.0199826 0.0292076 0.0305794 0.0354126 0.0184243 0.0246491 0.0339873 0.0273882 0.0338375 0.0284980 0.0198676 0.0294245 0.0277893 0.0258730 0.0439620 0.0313566 
pop1.indv12 0.0341035 0.0293818 0.0209008 0.0000000 0.0313059 0.0301419 0.0249069 0.0389764 0.0311296 0.0277113 0.0251506 0.0218381 0.0313967 0.0297565 0.0252199 0.0322700 0.0228030 0.0220482 0.0309100 0.0179658 0.0394912 0.0279820 0.0206992 0.0331065 0.0299273 0.0357791 0.0350511 0.0328218 0.0349501 0.0396060 0.0308237 0.0343973 0.0207580 0.0346951 0.0415046 0.0338639 0.0436245 0.0291683 0.0323602 0.0279432 0.0264730 0.0341035 0.0329644 0.0552653 0.0254341 0.0314859 0.0234581 0.0369977 0.0356266 0.0458132 0.0329158 0.0303592 0.0265461 0.0327289 0.0232969 0.0359338 0.0266966 0.0249751 0.0333467 0.0206425 0.0322687 0.0265839 0.0413164 0.0313957 0.0222321 0.0269613 0.0310842 0.0405970 0.0257988 0.0207856 0.0256152 0.0364582 0.0311289 0.0392606 0.0367260 
pop1.indv13 0.0348977 0.0313509 0.0274671 0.0313059 0.0000000 0.0410732 0.0391464 0.0414384 0.0284196 0.0254701 0.0253614 0.0330585 0.0301404 0.0333461 0.0302276 0.0359330 0.0195904 0.0330579 0.0297124 0.0267707 0.0335418 0.0333461 0.0222624 0.0225767 0.0240896 0.0428557 0.0334919 0.0239531 0.0399583 0.0273487 0.0296287 0.0310845 0.0265091 0.0355181 0.0374242 0.0355749 0.0313069 0.0355172 0.0220175 0.0393744 0.0344963 0.0310838 0.0394318 0.0406549 0.0315761 0.0349477 0.0240209 0.0330576 0.0461548 0.0352049 0.0352046 0.0228672 0.0224188 0.0239535 0.0390324 0.0394897 0.0267327 0.0253621 0.0385922 0.0345953 0.0268454 0.0378056 0.0371072 0.0317120 0.0272304 0.0268844 0.0297140 0.0411940 0.0262506 0.0287868 0.0321293 0.0321296 0.0379710 0.0394897 0.0372734 
pop1.indv14 0.0289151 0.0380831 0.0275474 0.0301419 0.0410732 0.0000000 0.0458811 0.0324142 0.0286639 0.0326356 0.0285822 0.0362465 0.0336400 0.0272320 0.0257985 0.0348476 0.0259848 0.0347970 0.0315761 0.0319897 0.0212882 0.0321310 0.0226730 0.0337381 0.0272314 0.0418111 0.0471388 0.0339876 0.0444345 0.0440291 0.0268085 0.0448658 0.0376964 0.0461090 0.0470137 0.0445987 0.0401378 0.0508797 0.0379168 0.0396068 0.0488090 0.0484391 0.0484394 0.0551717 0.0385357 0.0419989 0.0389404 0.0396066 0.0451362 0.0472109 0.0365098 0.0342920 0.0298843 0.0454789 0.0333952 0.0454099 0.0379168 0.0227378 0.0327036 0.0365652 0.0348470 0.0431110 0.0421254 0.0340399 0.0404985 0.0464317 0.0416859 0.0345956 0.0359444 0.0288309 0.0371632 0.0494129 0.0448657 0.0369433 0.0344462 
pop1.indv15 0.0390908 0.0308237 0.0268841 0.0249069 0.0391464 0.0458811 0.0000000 0.0330585 0.0301422 0.0368408 0.0236211 0.0248032 0.0266215 0.0268859 0.0268856 0.0338155 0.0318506 0.0329650 0.0359856 0.0221401 0.0287078 0.0329640 0.0266202 0.0300983 0.0299283 0.0347475 0.0365123 0.0416241 0.0450684 0.0315764 0.0266212 0.0359853 0.0342011 0.0335418 0.0518830 0.0352743 0.0404796 0.0419998 0.0264727 0.0340563 0.0407155 0.0376425 0.0347973 0.0489160 0.0359848 0.0380831 0.0459492 0.0343983 0.0408943 0.0495041 0.0286245 0.0212567 0.0327773 0.0399589 0.0324526 0.0298847 0.0282612 0.0301856 0.0337887 0.0313526 0.0249751 0.0361419 0.0447318 0.0385367 0.0318513 0.0331075 0.0265845 0.0358828 0.0371651 0.0252553 0.0319900 0.0322255 0.0313516 0.0444664 0.0303161 
pop1.indv16 0.0304480 0.0346948 0.0340869 0.0389764 0.0414384 0.0324142 0.0330585 0.0000000 0.0334435 0.0362462 0.0380266 0.0284598 0.0416240 0.0338368 0.0354132 0.0311734 0.0292941 0.0365100 0.0380828 0.0338884 0.0304923 0.0318499 0.0286222 0.0370527 0.0354665 0.0533107 0.0458970 0.0434994 0.0505683 0.0403162 0.0477876 0.0465017 0.0268457 0.0493379 0.0355229 0.0454766 0.0444661 0.0427045 0.0297964 0.0477161 0.0478587 0.0395481 0.0468537 0.0411944 0.0415615 0.0424449 0.0412550 0.0418104 0.0482927 0.0470674 0.0475010 0.0373293 0.0332987 0.0401370 0.0329168 0.0382514 0.0368346 0.0383637 0.0427700 0.0307151 0.0334428 0.0466417 0.0425099 0.0357841 0.0419991 0.0416241 0.0448657 0.0367262 0.0342415 0.0323179 0.0325094 0.0435651 0.0349993 0.0456174 0.0388809 
pop1.indv17 0.0348476 0.0433696 0.0243311 0.0311296 0.0284196 0.0286639 0.0301422 0.0334435 0.0000000 0.0378061 0.0255418 0.0365112 0.0401374 0.0397229 0.0320366 0.0410132 0.0229997 0.0286662 0.0332977 0.0225138 0.0225455 0.0316660 0.0211071 0.0289979 0.0389409 0.0366185 0.0406829 0.0389989 0.0508009 0.0305804 0.0345956 0.0366191 0.0299262 0.0391154 0.0489887 0.0477156 0.0448659 0.0340390 0.0330114 0.0500299 0.0400781 0.0344960 0.0451362 0.0498039 0.0320366 0.0288706 0.0485128 0.0333949 0.0381961 0.0438290 0.0275480 0.0310324 0.0365117 0.0331549 0.0237868 0.0451362 0.0241242 0.0387080 0.0407431 0.0368898 0.0429830 0.0335418 0.0426401 0.0404996 0.0421262 0.0352064 0.0381954 0.0365655 0.0325593 0.0273490 0.0274680 0.0442308 0.0480750 0.0433047 0.0292962 
pop1.indv18 0.0293407 0.0335781 0.0209303 0.0277113 0.0254701 0.0326356 0.0368408 0.0362462 0.0378061 0.0000000 0.0262525 0.0355246 0.0298422 0.0164032 0.0345956 0.0382039 0.0305356 0.0489887 0.0278644 0.0300115 0.0363000 0.0263615 0.0234574 0.0360888 0.0298836 0.0389769 0.0316232 0.0396064 0.0377519 0.0300548 0.0323609 0.0342989 0.0264352 0.0466419 0.0565876 0.0355758 0.0372642 0.0439620 0.0352735 0.0388088 0.0373717 0.0327299 0.0425414 0.0541732 0.0313066 0.0346954 0.0343484 0.0311292 0.0404213 0.0359333 0.0318965 0.0241235 0.0309539 0.0365112 0.0278653 0.0372631 0.0374793 0.0282580 0.0368884 0.0316681 0.0264718 0.0360370 0.0480029 0.0397237 0.0315771 0.0388643 0.0453434 0.0310849 0.0337391 0.0323589 0.0300976 0.0381393 0.0327303 0.0358307 0.0333454 
pop1.indv19 0.0295038 0.0268837 0.0209303 0.0251506 0.0253614 0.0285822 0.0236211 0.0380266 0.0255418 0.0262525 0.0000000 0.0219872 0.0265091 0.0196733 0.0208724 0.0191619 0.0211068 0.0236202 0.0239204 0.0241581 0.0301842 0.0252556 0.0180652 0.0239194 0.0270760 0.0271535 0.0353606 0.0318509 0.0272705 0.0227378 0.0280606 0.0253618 0.0311727 0.0274668 0.0385863 0.0279820 0.0329161 0.0321763 0.0218963 0.0312180 0.0363526 0.0299262 0.0375867 0.0421692 0.0238188 0.0332018 0.0267710 0.0376961 0.0409540 0.0361413 0.0273888 0.0242267 0.0177690 0.0302705 0.0203904 0.0293798 0.0222630 0.0152031 0.0276269 0.0283793 0.0267324 0.0362462 0.0257244 0.0255791 0.0302716 0.0222015 0.0297991 0.0238868 0.0290810 0.0195354 0.0285813 0.0283407 0.0315761 0.0318975 0.0321289 
pop1.indv2  0.0248372 0.0249405 0.0273097 0.0218381 0.0330585 0.0362465 0.0248032 0.0284598 0.0365112 0.0355246 0.0219872 0.0000000 0.0209911 0.0271936 0.0255427 0.0265842 0.0229335 0.0299693 0.0266212 0.0270375 0.0269622 0.0267339 0.0207275 0.0254338 0.0270793 0.0395489 0.0383651 0.0365646 0.0449331 0.0337884 0.0296727 0.0393755 0.0299280 0.0384783 0.0553442 0.0487704 0.0426667 0.0458268 0.0307375 0.0315318 0.0364059 0.0282210 0.0412560 0.0536865 0.0327756 0.0413164 0.0314870 0.0392608 0.0474322 0.0415624 0.0336886 0.0153089 0.0237868 0.0349486 0.0251149 0.0349486 0.0237868 0.0254704 0.0259477 0.0313967 0.0236211 0.0410139 0.0450683 0.0366723 0.0398996 0.0284618 0.0342986 0.0376966 0.0245429 0.0136514 0.0320827 0.0387663 0.0359853 0.0300552 0.0367801 
pop1.indv20 0.0332032 0.0398407 0.0245775 0.0313967 0.0301404 0.0336400 0.0266215 0.0416240 0.0401374 0.0298422 0.0265091 0.0209911 0.0000000 0.0226102 0.0226743 0.0282609 0.0229006 0.0311289 0.0333477 0.0337890 0.0287897 0.0287067 0.0165846 0.0307154 0.0181925 0.0379170 0.0469958 0.0353609 0.0417484 0.0329165 0.0270767 0.0302723 0.0297998 0.0387075 0.0468756 0.0403624 0.0377512 0.0358367 0.0222944 0.0360893 0.0379175 0.0364587 0.0342983 0.0526660 0.0268081 0.0385347 0.0345962 0.0396649 0.0428566 0.0481475 0.0369441 0.0139758 0.0299269 0.0290408 0.0344963 0.0394322 0.0253627 0.0196733 0.0328019 0.0380831 0.0411949 0.0482201 0.0424461 0.0385932 0.0371091 0.0350002 0.0396651 0.0362468 0.0275897 0.0274283 0.0403774 0.0326080 0.0347970 0.0436312 0.0435651 
pop1.indv21 0.0270387 0.0335424 0.0200392 0.0297565 0.0333461 0.0272320 0.0268859 0.0338368 0.0397229 0.0164032 0.0196733 0.0271936 0.0226102 0.0000000 0.0226416 0.0235236 0.0261745 0.0305819 0.0226419 0.0321310 0.0212269 0.0287048 0.0225767 0.0270763 0.0290834 0.0333949 0.0321780 0.0303146 0.0400182 0.0241242 0.0256523 0.0365644 0.0300979 0.0338874 0.0359330 0.0313960 0.0492815 0.0374418 0.0252202 0.0346462 0.0332028 0.0346449 0.0334916 0.0362983 0.0319893 0.0269222 0.0318968 0.0224194 0.0286248 0.0354135 0.0244364 0.0216249 0.0312173 0.0321766 0.0347460 0.0447317 0.0304930 0.0241245 0.0387651 0.0304926 0.0298407 0.0428556 0.0360525 0.0273910 0.0292962 0.0226096 0.0369436 0.0283391 0.0292533 0.0242619 0.0260227 0.0402566 0.0348974 0.0453412 0.0373852 
pop1.indv22 0.0319900 0.0240218 0.0229991 0.0252199 0.0302276 0.0257985 0.0268856 0.0354132 0.0320366 0.0345956 0.0208724 0.0255427 0.0226743 0.0226416 0.0000000 0.0297579 0.0170808 0.0257625 0.0300541 0.0301849 0.0303157 0.0288729 0.0212866 0.0255787 0.0337384 0.0319435 0.0354650 0.0276273 0.0389987 0.0355181 0.0253614 0.0366177 0.0333952 0.0422528 0.0426666 0.0314859 0.0314413 0.0359978 0.0362983 0.0332502 0.0381395 0.0304477 0.0413161 0.0413161 0.0319890 0.0354650 0.0368884 0.0298832 0.0479308 0.0467122 0.0322231 0.0260976 0.0284595 0.0292102 0.0285007 0.0304473 0.0212574 0.0227375 0.0374981 0.0304477 0.0331539 0.0349996 0.0292526 0.0323672 0.0324618 0.0255791 0.0285411 0.0314406 0.0232678 0.0183207 0.0356225 0.0389406 0.0335901 0.0320834 0.0328994 
pop1.indv23 0.0390335 0.0279435 0.0301415 0.0322700 0.0359330 0.0348476 0.0338155 0.0311734 0.0410132 0.0382039 0.0191619 0.0265842 0.0282609 0.0235236 0.0297579 0.0000000 0.0319900 0.0341530 0.0219574 0.0330120 0.0348989 0.0206428 0.0250452 0.0358299 0.0296308 0.0390335 0.0430474 0.0440088 0.0441385 0.0313512 0.0372637 0.0359336 0.0249751 0.0425408 0.0395073 0.0320901 0.0447534 0.0400773 0.0333907 0.0357791 0.0423550 0.0369456 0.0444002 0.0403042 0.0360375 0.0250440 0.0375329 0.0297143 0.0418045 0.0407150 0.0416240 0.0299690 0.0249066 0.0362456 0.0247011 0.0389204 0.0357794 0.0267713 0.0467121 0.0342989 0.0356763 0.0471525 0.0377509 0.0332997 0.0332028 0.0282187 0.0435609 0.0338152 0.0275087 0.0342496 0.0365112 0.0366185 0.0406558 0.0410139 0.0431752 
pop1.indv24 0.0212577 0.0195910 0.0233010 0.0228030 0.0195904 0.0259848 0.0318506 0.0292941 0.0229997 0.0305356 0.0211068 0.0229335 0.0229006 0.0261745 0.0170808 0.0319900 0.0000000 0.0286225 0.0181408 0.0168884 0.0244361 0.0201838 0.0215634 0.0246852 0.0273885 0.0356770 0.0381284 0.0187165 0.0326547 0.0245416 0.0304028 0.0212574 0.0211966 0.0265603 0.0413163 0.0241248 0.0322722 0.0187702 0.0182686 0.0372192 0.0260604 0.0274280 0.0324139 0.0366712 0.0245781 0.0326052 0.0293816 0.0291247 0.0338880 0.0343436 0.0378390 0.0172518 0.0241928 0.0246839 0.0227055 0.0340383 0.0184767 0.0167930 0.0312636 0.0247205 0.0258356 0.0262120 0.0202428 0.0297752 0.0277082 0.0228679 0.0213481 0.0213178 0.0297752 0.0185297 0.0219093 0.0357301 0.0276672 0.0427047 0.0295975 
pop1.indv25 0.0378061 0.0389197 0.0256514 0.0220482 0.0330579 0.0347970 0.0329650 0.0365100 0.0286662 0.0489887 0.0236202 0.0299693 0.0311289 0.0305819 0.0257625 0.0341530 0.0286225 0.0000000 0.0236866 0.0343970 0.0271927 0.0367260 0.0348473 0.0319439 0.0397233 0.0328234 0.0303157 0.0333454 0.0331543 0.0333467 0.0372097 0.0422922 0.0282989 0.0472832 0.0381491 0.0403624 0.0392608 0.0334916 0.0355235 0.0344468 0.0282193 0.0375327 0.0425410 0.0442034 0.0267333 0.0365644 0.0390888 0.0329637 0.0494294 0.0482203 0.0383644 0.0320820 0.0280606 0.0348467 0.0295893 0.0380833 0.0297987 0.0303153 0.0423168 0.0269613 0.0298391 0.0378061 0.0449330 0.0240555 0.0348467 0.0300552 0.0330582 0.0461548 0.0318968 0.0282187 0.0284592 0.0404379 0.0444000 0.0332984 0.0351536 
pop1.indv3  0.0191613 0.0205014 0.0274677 0.0309100 0.0297124 0.0315761 0.0359856 0.0380828 0.0332977 0.0278644 0.0239204 0.0266212 0.0333477 0.0226419 0.0300541 0.0219574 0.0181408 0.0236866 0.0000000 0.0194822 0.0283793 0.0193197 0.0208144 0.0222937 0.0164259 0.0316667 0.0287894 0.0330582 0.0285001 0.0285819 0.0192668 0.0267700 0.0235217 0.0413771 0.0356248 0.0321796 0.0311296 0.0320824 0.0245649 0.0360373 0.0327759 0.0330101 0.0379715 0.0452770 0.0256155 0.0397222 0.0283790 0.0268457 0.0357282 0.0364579 0.0368335 0.0198123 0.0309969 0.0364576 0.0266208 0.0365649 0.0221397 0.0328224 0.0350505 0.0284199 0.0292157 0.0477875 0.0397227 0.0256523 0.0345946 0.0268841 0.0358299 0.0309969 0.0352049 0.0251845 0.0211966 0.0270754 0.0314853 0.0326353 0.0370521 
pop1.indv4  0.0302716 0.0300559 0.0259477 0.0179658 0.0267707 0.0319897 0.0221401 0.0338884 0.0225138 0.0300115 0.0241581 0.0270375 0.0337890 0.0321310 0.0301849 0.0330120 0.0168884 0.0343970 0.0194822 0.0000000 0.0323675 0.0241925 0.0195357 0.0230004 0.0227708 0.0384793 0.0387082 0.0322718 0.0422535 0.0304032 0.0346456 0.0415621 0.0330117 0.0353609 0.0551688 0.0347475 0.0328704 0.0355708 0.0265458 0.0348485 0.0378064 0.0226099 0.0400777 0.0447986 0.0414391 0.0433045 0.0414391 0.0366180 0.0414392 0.0336893 0.0288709 0.0259100 0.0344468 0.0272698 0.0359848 0.0400775 0.0271930 0.0242277 0.0325108 0.0303168 0.0333471 0.0364573 0.0274283 0.0308971 0.0272711 0.0318982 0.0318045 0.0329644 0.0310790 0.0226409 0.0307605 0.0278735 0.0318045 0.0318975 0.0391161 
pop1.indv5  0.0299273 0.0271153 0.0261742 0.0394912 0.0335418 0.0212882 0.0287078 0.0304923 0.0225455 0.0363000 0.0301842 0.0269622 0.0287897 0.0212269 0.0303157 0.0348989 0.0244361 0.0271927 0.0283793 0.0323675 0.0000000 0.0351536 0.0258362 0.0259480 0.0302287 0.0418736 0.0470673 0.0404981 0.0436968 0.0335411 0.0268844 0.0255791 0.0271933 0.0439622 0.0389204 0.0375335 0.0412560 0.0357295 0.0360364 0.0413777 0.0383649 0.0413777 0.0315767 0.0429831 0.0241928 0.0401372 0.0338385 0.0384786 0.0451363 0.0423171 0.0355705 0.0262889 0.0222015 0.0338871 0.0384788 0.0366191 0.0304480 0.0275874 0.0289534 0.0413174 0.0432401 0.0467827 0.0354656 0.0441635 0.0372742 0.0335901 0.0367260 0.0393759 0.0276675 0.0272705 0.0388226 0.0394733 0.0317114 0.0435000 0.0279115 
pop1.indv6  0.0208147 0.0317134 0.0137083 0.0279820 0.0333461 0.0321310 0.0329640 0.0318499 0.0316660 0.0263615 0.0252556 0.0267339 0.0287067 0.0287048 0.0288729 0.0206428 0.0201838 0.0367260 0.0193197 0.0241925 0.0351536 0.0000000 0.0150363 0.0303146 0.0227381 0.0254704 0.0406205 0.0256145 0.0397229 0.0196176 0.0237197 0.0296287 0.0238195 0.0353076 0.0422926 0.0282193 0.0327763 0.0321763 0.0324045 0.0359853 0.0376964 0.0281789 0.0330107 0.0410136 0.0227378 0.0303588 0.0284196 0.0282184 0.0374250 0.0429833 0.0375542 0.0211966 0.0328700 0.0332981 0.0221704 0.0287466 0.0270381 0.0181411 0.0262883 0.0242629 0.0317124 0.0336393 0.0338874 0.0306265 0.0357301 0.0334925 0.0333467 0.0315304 0.0325105 0.0193729 0.0272702 0.0276681 0.0268085 0.0398403 0.0200965 
pop1.indv7  0.0265464 0.0287070 0.0211365 0.0206992 0.0222624 0.0226730 0.0266202 0.0286222 0.0211071 0.0234574 0.0180652 0.0207275 0.0165846 0.0225767 0.0212866 0.0250452 0.0215634 0.0348473 0.0208144 0.0195357 0.0258362 0.0150363 0.0000000 0.0151609 0.0211976 0.0300545 0.0308498 0.0211359 0.0437628 0.0257616 0.0266208 0.0268470 0.0208440 0.0354647 0.0325439 0.0329647 0.0309969 0.0339876 0.0234892 0.0318513 0.0347970 0.0301842 0.0366180 0.0444002 0.0211969 0.0258730 0.0285816 0.0269598 0.0223570 0.0351021 0.0229003 0.0197843 0.0240562 0.0242270 0.0194546 0.0302716 0.0210196 0.0255784 0.0309858 0.0212564 0.0363512 0.0362980 0.0273094 0.0228036 0.0243321 0.0227385 0.0301842 0.0270754 0.0214707 0.0254695 0.0277487 0.0154816 0.0300111 0.0286655 0.0260224 
pop1.indv8  0.0239541 0.0333474 0.0185291 0.0331065 0.0225767 0.0337381 0.0300983 0.0370527 0.0289979 0.0360888 0.0239194 0.0254338 0.0307154 0.0270763 0.0255787 0.0358299 0.0246852 0.0319439 0.0222937 0.0230004 0.0259480 0.0303146 0.0151609 0.0000000 0.0213485 0.0353092 0.0292526 0.0289960 0.0372194 0.0245778 0.0284598 0.0320827 0.0287067 0.0341896 0.0421692 0.0360381 0.0317134 0.0456174 0.0298391 0.0318968 0.0366726 0.0254338 0.0334431 0.0375322 0.0289140 0.0405594 0.0333461 0.0302280 0.0379722 0.0387655 0.0214088 0.0215009 0.0282986 0.0274274 0.0362983 0.0289559 0.0239201 0.0238864 0.0356755 0.0228685 0.0350501 0.0271532 0.0290804 0.0229013 0.0292105 0.0209602 0.0380273 0.0345946 0.0326554 0.0196185 0.0214085 0.0244367 0.0330576 0.0302723 0.0245059 
pop1.indv9  0.0298418 0.0284625 0.0243314 0.0299273 0.0240896 0.0272314 0.0299283 0.0354665 0.0389409 0.0298836 0.0270760 0.0270793 0.0181925 0.0290834 0.0337384 0.0296308 0.0273885 0.0397233 0.0164259 0.0227708 0.0302287 0.0227381 0.0211976 0.0213485 0.0000000 0.0417486 0.0339889 0.0321303 0.0451363 0.0212872 0.0298840 0.0271933 0.0284621 0.0372744 0.0468070 0.0330605 0.0348986 0.0325583 0.0237861 0.0300986 0.0365117 0.0347460 0.0300555 0.0378613 0.0353622 0.0355714 0.0333962 0.0365649 0.0241251 0.0321299 0.0323665 0.0229335 0.0223255 0.0338871 0.0283809 0.0273100 0.0211080 0.0181662 0.0362707 0.0257625 0.0347964 0.0319900 0.0289124 0.0291254 0.0245075 0.0285430 0.0353092 0.0267707 0.0294256 0.0197285 0.0294245 0.0290830 0.0257619 0.0338884 0.0338871 
pop2.indv1  0.0412556 0.0408935 0.0308506 0.0357791 0.0428557 0.0418111 0.0347475 0.0533107 0.0366185 0.0389769 0.0271535 0.0395489 0.0379170 0.0333949 0.0319435 0.0390335 0.0356770 0.0328234 0.0316667 0.0384793 0.0418736 0.0254704 0.0300545 0.0353092 0.0417486 0.0000000 0.0342989 0.0253618 0.0220786 0.0267713 0.0232650 0.0204457 0.0176011 0.0361931 0.0408025 0.0293825 0.0353737 0.0332981 0.0276712 0.0278281 0.0358304 0.0319990 0.0310410 0.0399577 0.0218378 0.0256158 0.0236211 0.0120731 0.0337673 0.0392606 0.0320363 0.0352566 0.0395487 0.0368884 0.0375329 0.0461549 0.0364050 0.0346957 0.0438954 0.0332502 0.0348971 0.0394326 0.0448658 0.0454100 0.0364576 0.0366720 0.0445987 0.0429833 0.0310794 0.0351024 0.0334919 0.0354662 0.0357785 0.0465715 0.0400769 
pop2.indv10 0.0397237 0.0350508 0.0279122 0.0350511 0.0334919 0.0471388 0.0365123 0.0458970 0.0406829 0.0316232 0.0353606 0.0383651 0.0469958 0.0321780 0.0354650 0.0430474 0.0381284 0.0303157 0.0287894 0.0387082 0.0470673 0.0406205 0.0308498 0.0292526 0.0339889 0.0342989 0.0000000 0.0305804 0.0269622 0.0239551 0.0206144 0.0223252 0.0204457 0.0355184 0.0320443 0.0221410 0.0250443 0.0333467 0.0107037 0.0296720 0.0285427 0.0252205 0.0374785 0.0236205 0.0179166 0.0317131 0.0253621 0.0342986 0.0250107 0.0330114 0.0391749 0.0377820 0.0433050 0.0403774 0.0347967 0.0504908 0.0385934 0.0352569 0.0378964 0.0350008 0.0464319 0.0419362 0.0493374 0.0436311 0.0354135 0.0383649 0.0415007 0.0431758 0.0300005 0.0309869 0.0421254 0.0376116 0.0399583 0.0438291 0.0375545 
pop2.indv11 0.0317592 0.0382514 0.0246121 0.0328218 0.0239531 0.0339876 0.0416241 0.0434994 0.0389989 0.0396064 0.0318509 0.0365646 0.0353609 0.0303146 0.0276273 0.0440088 0.0187165 0.0333454 0.0330582 0.0322718 0.0404981 0.0256145 0.0211359 0.0289960 0.0321303 0.0253618 0.0305804 0.0000000 0.0330114 0.0332489 0.0236863 0.0266573 0.0208144 0.0334919 0.0324509 0.0341032 0.0265094 0.0275477 0.0263976 0.0282983 0.0270384 0.0329634 0.0309945 0.0424783 0.0255411 0.0267700 0.0221695 0.0208132 0.0358819 0.0414386 0.0388223 0.0295117 0.0334929 0.0308502 0.0332987 0.0521028 0.0332987 0.0226096 0.0326540 0.0429194 0.0465717 0.0400773 0.0354650 0.0438954 0.0244010 0.0372189 0.0381951 0.0417486 0.0379538 0.0273481 0.0372731 0.0403774 0.0366706 0.0435651 0.0342913 
pop2.indv12 0.0444661 0.0415007 0.0411792 0.0349501 0.0399583 0.0444345 0.0450684 0.0505683 0.0508009 0.0377519 0.0272705 0.0449331 0.0417484 0.0400182 0.0389987 0.0441385 0.0326547 0.0331543 0.0285001 0.0422535 0.0436968 0.0397229 0.0437628 0.0372194 0.0451363 0.0220786 0.0269622 0.0330114 0.0000000 0.0303157 0.0328231 0.0295450 0.0250107 0.0413774 0.0384209 0.0388650 0.0308673 0.0286636 0.0278644 0.0325445 0.0326366 0.0358304 0.0422311 0.0329171 0.0280606 0.0426666 0.0326830 0.0238204 0.0358825 0.0411947 0.0424453 0.0278300 0.0477872 0.0440290 0.0376417 0.0483662 0.0367806 0.0302276 0.0426396 0.0348476 0.0482202 0.0398403 0.0458268 0.0504900 0.0452043 0.0400182 0.0466417 0.0485126 0.0328516 0.0387658 0.0400172 0.0547280 0.0416859 0.0453412 0.0404983 
pop2.indv13 0.0273894 0.0363517 0.0170799 0.0396060 0.0273487 0.0440291 0.0315764 0.0403162 0.0305804 0.0300548 0.0227378 0.0337884 0.0329165 0.0241242 0.0355181 0.0313512 0.0245416 0.0333467 0.0285819 0.0304032 0.0335411 0.0196176 0.0257616 0.0245778 0.0212872 0.0267713 0.0239551 0.0332489 0.0303157 0.0000000 0.0252914 0.0207856 0.0178178 0.0180151 0.0322241 0.0248041 0.0294640 0.0321303 0.0163803 0.0309975 0.0252208 0.0219876 0.0236870 0.0283793 0.0208440 0.0252202 0.0252202 0.0266196 0.0232976 0.0251852 0.0371632 0.0293368 0.0270000 0.0289963 0.0347460 0.0366174 0.0228043 0.0317579 0.0374418 0.0227715 0.0431109 0.0352569 0.0390568 0.0325119 0.0384219 0.0243311 0.0318048 0.0411945 0.0214695 0.0244357 0.0339371 0.0342415 0.0285408 0.0504908 0.0322231 
pop2.indv14 0.0361427 0.0250452 0.0257247 0.0308237 0.0296287 0.0268085 0.0266212 0.0477876 0.0345956 0.0323609 0.0280606 0.0296727 0.0270767 0.0256523 0.0253614 0.0372637 0.0304028 0.0372097 0.0192668 0.0346456 0.0268844 0.0237197 0.0266208 0.0284598 0.0298840 0.0232650 0.0206144 0.0236863 0.0328231 0.0252914 0.0000000 0.0188259 0.0161168 0.0284188 0.0272564 0.0202521 0.0274065 0.0313957 0.0147346 0.0217191 0.0249754 0.0277486 0.0294227 0.0292572 0.0220175 0.0191351 0.0207001 0.0189028 0.0276724 0.0266954 0.0318965 0.0256145 0.0269622 0.0271147 0.0294647 0.0329644 0.0252211 0.0209014 0.0289963 0.0333480 0.0422308 0.0358816 0.0318972 0.0335428 0.0256152 0.0299700 0.0424166 0.0332025 0.0372192 0.0269990 0.0318502 0.0354141 0.0326821 0.0332032 0.0318965 
pop2.indv15 0.0300115 0.0392602 0.0290810 0.0343973 0.0310845 0.0448658 0.0359853 0.0465017 0.0366191 0.0342989 0.0253618 0.0393755 0.0302723 0.0365644 0.0366177 0.0359336 0.0212574 0.0422922 0.0267700 0.0415621 0.0255791 0.0296287 0.0268470 0.0320827 0.0271933 0.0204457 0.0223252 0.0266573 0.0295450 0.0207856 0.0188259 0.0000000 0.0133776 0.0315304 0.0272558 0.0201704 0.0306511 0.0178662 0.0202792 0.0367363 0.0263253 0.0233610 0.0263247 0.0338136 0.0119605 0.0280600 0.0235227 0.0324055 0.0246331 0.0235550 0.0335895 0.0356231 0.0313960 0.0399585 0.0268085 0.0347961 0.0224824 0.0223874 0.0305356 0.0300122 0.0332009 0.0378064 0.0398396 0.0450006 0.0315301 0.0331062 0.0331543 0.0361940 0.0261368 0.0302280 0.0301825 0.0336396 0.0280206 0.0446650 0.0242963 
pop2.indv16 0.0299700 0.0206425 0.0258730 0.0207580 0.0265091 0.0376964 0.0342011 0.0268457 0.0299262 0.0264352 0.0311727 0.0299280 0.0297998 0.0300979 0.0333952 0.0249751 0.0211966 0.0282989 0.0235217 0.0330117 0.0271933 0.0238195 0.0208440 0.0287067 0.0284621 0.0176011 0.0204457 0.0208144 0.0250107 0.0178178 0.0161168 0.0133776 0.0000000 0.0193994 0.0227657 0.0158818 0.0202527 0.0207568 0.0091940 0.0217786 0.0205303 0.0146758 0.0245327 0.0303544 0.0190060 0.0277480 0.0218077 0.0162255 0.0231392 0.0282206 0.0303596 0.0154378 0.0208159 0.0269994 0.0280608 0.0331072 0.0266963 0.0223255 0.0326066 0.0268091 0.0324962 0.0267719 0.0415621 0.0353619 0.0209024 0.0283793 0.0327763 0.0267333 0.0292116 0.0256152 0.0333457 0.0271538 0.0311289 0.0394902 0.0212266 
pop2.indv17 0.0334438 0.0352566 0.0313563 0.0346951 0.0355181 0.0461090 0.0335418 0.0493379 0.0391154 0.0466419 0.0274668 0.0384783 0.0387075 0.0338874 0.0422528 0.0425408 0.0265603 0.0472832 0.0413771 0.0353609 0.0439622 0.0353076 0.0354647 0.0341896 0.0372744 0.0361931 0.0355184 0.0334919 0.0413774 0.0180151 0.0284188 0.0315304 0.0193994 0.0000000 0.0431838 0.0296301 0.0373172 0.0321296 0.0279027 0.0358299 0.0282986 0.0270757 0.0378607 0.0361928 0.0334431 0.0268464 0.0313505 0.0225134 0.0329158 0.0331055 0.0475741 0.0344979 0.0285411 0.0327026 0.0396060 0.0391154 0.0340898 0.0403768 0.0414952 0.0336886 0.0413154 0.0469248 0.0438287 0.0454099 0.0406201 0.0273094 0.0304449 0.0429195 0.0332475 0.0324618 0.0361598 0.0376110 0.0336883 0.0462514 0.0343937 
pop2.indv18 0.0434977 0.0446242 0.0394902 0.0415046 0.0374242 0.0470137 0.0518830 0.0355229 0.0489887 0.0565876 0.0385863 0.0553442 0.0468756 0.0359330 0.0426666 0.0395073 0.0413163 0.0381491 0.0356248 0.0551688 0.0389204 0.0422926 0.0325439 0.0421692 0.0468070 0.0408025 0.0320443 0.0324509 0.0384209 0.0322241 0.0272564 0.0272558 0.0227657 0.0431838 0.0000000 0.0360232 0.0393955 0.0464668 0.0361729 0.0317349 0.0318666 0.0346363 0.0443047 0.0255797 0.0393401 0.0319552 0.0230123 0.0334837 0.0316039 0.0352735 0.0475032 0.0442035 0.0385318 0.0408336 0.0461978 0.0471526 0.0389206 0.0325439 0.0533094 0.0487708 0.0433712 0.0628457 0.0456107 0.0521152 0.0425410 0.0399015 0.0484126 0.0468757 0.0432401 0.0440734 0.0455435 0.0456780 0.0466023 0.0443346 0.0491357 
pop2.indv19 0.0297157 0.0385316 0.0317596 0.0338639 0.0355749 0.0445987 0.0352743 0.0454766 0.0477156 0.0355758 0.0279820 0.0487704 0.0403624 0.0313960 0.0314859 0.0320901 0.0241248 0.0403624 0.0321796 0.0347475 0.0375335 0.0282193 0.0329647 0.0360381 0.0330605 0.0293825 0.0221410 0.0341032 0.0388650 0.0248041 0.0202521 0.0201704 0.0158818 0.0296301 0.0360232 0.0000000 0.0215738 0.0208730 0.0187004 0.0173433 0.0232979 0.0290162 0.0318669 0.0410924 0.0160092 0.0292178 0.0303974 0.0275200 0.0290172 0.0340560 0.0445986 0.0284601 0.0309553 0.0361419 0.0306101 0.0392608 0.0373719 0.0297568 0.0379720 0.0393185 0.0372103 0.0455436 0.0423546 0.0460175 0.0264727 0.0371039 0.0436880 0.0430602 0.0338398 0.0267713 0.0299690 0.0331549 0.0341035 0.0425414 0.0359848 
pop2.indv2  0.0392038 0.0372642 0.0368887 0.0436245 0.0313069 0.0401378 0.0404796 0.0444661 0.0448659 0.0372642 0.0329161 0.0426667 0.0377512 0.0492815 0.0314413 0.0447534 0.0322722 0.0392608 0.0311296 0.0328704 0.0412560 0.0327763 0.0309969 0.0317134 0.0348986 0.0353737 0.0250443 0.0265094 0.0308673 0.0294640 0.0274065 0.0306511 0.0202527 0.0373172 0.0393955 0.0215738 0.0000000 0.0361937 0.0318659 0.0274450 0.0371583 0.0290970 0.0324523 0.0402460 0.0206712 0.0356772 0.0295893 0.0246672 0.0380424 0.0309107 0.0398986 0.0351030 0.0358316 0.0333959 0.0369985 0.0371039 0.0374798 0.0264721 0.0468536 0.0328704 0.0491347 0.0374250 0.0415007 0.0397827 0.0331072 0.0366732 0.0404791 0.0392611 0.0323682 0.0361419 0.0367257 0.0449332 0.0340550 0.0424169 0.0415007 
pop2.indv20 0.0336893 0.0353095 0.0361601 0.0291683 0.0355172 0.0508797 0.0419998 0.0427045 0.0340390 0.0439620 0.0321763 0.0458268 0.0358367 0.0374418 0.0359978 0.0400773 0.0187702 0.0334916 0.0320824 0.0355708 0.0357295 0.0321763 0.0339876 0.0456174 0.0325583 0.0332981 0.0333467 0.0275477 0.0286636 0.0321303 0.0313957 0.0178662 0.0207568 0.0321296 0.0464668 0.0208730 0.0361937 0.0000000 0.0206700 0.0315767 0.0285816 0.0221397 0.0366183 0.0343955 0.0167006 0.0305363 0.0317579 0.0268847 0.0236543 0.0334919 0.0414959 0.0344970 0.0349996 0.0342917 0.0269225 0.0324139 0.0322718 0.0425744 0.0362153 0.0348974 0.0420620 0.0353609 0.0360522 0.0456174 0.0355178 0.0341388 0.0490344 0.0386506 0.0351847 0.0358358 0.0292503 0.0497216 0.0433043 0.0494901 0.0231660 
pop2.indv21 0.0279036 0.0294623 0.0272698 0.0323602 0.0220175 0.0379168 0.0264727 0.0297964 0.0330114 0.0352735 0.0218963 0.0307375 0.0222944 0.0252202 0.0362983 0.0333907 0.0182686 0.0355235 0.0245649 0.0265458 0.0360364 0.0324045 0.0234892 0.0298391 0.0237861 0.0276712 0.0107037 0.0263976 0.0278644 0.0163803 0.0147346 0.0202792 0.0091940 0.0279027 0.0361729 0.0187004 0.0318659 0.0206700 0.0000000 0.0291367 0.0278262 0.0245655 0.0293801 0.0304382 0.0217774 0.0391460 0.0218074 0.0216594 0.0245997 0.0339102 0.0269219 0.0284188 0.0219577 0.0326350 0.0248369 0.0437514 0.0251497 0.0163800 0.0271911 0.0251493 0.0356751 0.0390326 0.0284998 0.0300548 0.0298404 0.0265455 0.0325439 0.0277872 0.0257988 0.0280991 0.0283781 0.0301842 0.0354227 0.0377504 0.0225760 
pop2.indv22 0.0378069 0.0327306 0.0227049 0.0279432 0.0393744 0.0396068 0.0340563 0.0477161 0.0500299 0.0388088 0.0312180 0.0315318 0.0360893 0.0346462 0.0332502 0.0357791 0.0372192 0.0344468 0.0360373 0.0348485 0.0413777 0.0359853 0.0318513 0.0318968 0.0300986 0.0278281 0.0296720 0.0282983 0.0325445 0.0309975 0.0217191 0.0367363 0.0217786 0.0358299 0.0317349 0.0173433 0.0274450 0.0315767 0.0291367 0.0000000 0.0248715 0.0289348 0.0339576 0.0305230 0.0280606 0.0309969 0.0220188 0.0277492 0.0381503 0.0383667 0.0348971 0.0228359 0.0295897 0.0401372 0.0339109 0.0359856 0.0314863 0.0269225 0.0387655 0.0358307 0.0426665 0.0374790 0.0349993 0.0350520 0.0313963 0.0427298 0.0408339 0.0407152 0.0404991 0.0302284 0.0368340 0.0401376 0.0322244 0.0491350 0.0334925 
pop2.indv23 0.0373712 0.0380843 0.0225455 0.0264730 0.0344963 0.0488090 0.0407155 0.0478587 0.0400781 0.0373717 0.0363526 0.0364059 0.0379175 0.0332028 0.0381395 0.0423550 0.0260604 0.0282193 0.0327759 0.0378064 0.0383649 0.0376964 0.0347970 0.0366726 0.0365117 0.0358304 0.0285427 0.0270384 0.0326366 0.0252208 0.0249754 0.0263253 0.0205303 0.0282986 0.0318666 0.0232979 0.0371583 0.0285816 0.0278262 0.0248715 0.0000000 0.0234260 0.0249066 0.0385307 0.0238204 0.0376417 0.0279044 0.0344465 0.0371576 0.0296727 0.0450683 0.0307147 0.0404798 0.0413168 0.0424792 0.0481474 0.0286662 0.0378613 0.0489591 0.0362997 0.0394324 0.0379727 0.0477875 0.0412555 0.0331072 0.0460175 0.0373701 0.0460861 0.0404385 0.0410737 0.0301412 0.0417481 0.0329175 0.0562726 0.0304025 
pop2.indv24 0.0343967 0.0378618 0.0287051 0.0341035 0.0310838 0.0484391 0.0376425 0.0395481 0.0344960 0.0327299 0.0299262 0.0282210 0.0364587 0.0346449 0.0304477 0.0369456 0.0274280 0.0375327 0.0330101 0.0226099 0.0413777 0.0281789 0.0301842 0.0254338 0.0347460 0.0319990 0.0252205 0.0329634 0.0358304 0.0219876 0.0277486 0.0233610 0.0146758 0.0270757 0.0346363 0.0290162 0.0290970 0.0221397 0.0245655 0.0289348 0.0234260 0.0000000 0.0265464 0.0304791 0.0250443 0.0236214 0.0176965 0.0188764 0.0276729 0.0283005 0.0353086 0.0290381 0.0315315 0.0346443 0.0323605 0.0421081 0.0235880 0.0362462 0.0352563 0.0268094 0.0238861 0.0329640 0.0400773 0.0398409 0.0332984 0.0285414 0.0407744 0.0393751 0.0275477 0.0301412 0.0318502 0.0433693 0.0326363 0.0378613 0.0257244 
pop2.indv25 0.0462928 0.0329650 0.0229003 0.0329644 0.0394318 0.0484394 0.0347973 0.0468537 0.0451362 0.0425414 0.0375867 0.0412560 0.0342983 0.0334916 0.0413161 0.0444002 0.0324139 0.0425410 0.0379715 0.0400777 0.0315767 0.0330107 0.0366180 0.0334431 0.0300555 0.0310410 0.0374785 0.0309945 0.0422311 0.0236870 0.0294227 0.0263247 0.0245327 0.0378607 0.0443047 0.0318669 0.0324523 0.0366183 0.0293801 0.0339576 0.0249066 0.0265464 0.0000000 0.0387524 0.0265833 0.0293801 0.0247347 0.0353725 0.0403628 0.0235893 0.0508810 0.0321763 0.0326827 0.0383071 0.0391460 0.0411947 0.0331549 0.0238526 0.0307144 0.0446652 0.0459493 0.0445323 0.0446650 0.0485869 0.0396644 0.0442036 0.0442689 0.0494298 0.0391157 0.0352049 0.0433043 0.0469246 0.0359324 0.0513916 0.0351523 
pop2.indv3  0.0361416 0.0420468 0.0304912 0.0552653 0.0406549 0.0551717 0.0489160 0.0411944 0.0498039 0.0541732 0.0421692 0.0536865 0.0526660 0.0362983 0.0413161 0.0403042 0.0366712 0.0442034 0.0452770 0.0447986 0.0429831 0.0410136 0.0444002 0.0375322 0.0378613 0.0399577 0.0236205 0.0424783 0.0329171 0.0283793 0.0292572 0.0338136 0.0303544 0.0361928 0.0255797 0.0410924 0.0402460 0.0343955 0.0304382 0.0305230 0.0385307 0.0304791 0.0387524 0.0000000 0.0339096 0.0359850 0.0321326 0.0338136 0.0352735 0.0422309 0.0514711 0.0488104 0.0404200 0.0498801 0.0390335 0.0461549 0.0378059 0.0377509 0.0490346 0.0406553 0.0521176 0.0561048 0.0511607 0.0396644 0.0426033 0.0475743 0.0557651 0.0558495 0.0389980 0.0399579 0.0361399 0.0534740 0.0454766 0.0617903 0.0480032 
pop2.indv4  0.0270378 0.0344951 0.0276276 0.0254341 0.0315761 0.0385357 0.0359848 0.0415615 0.0320366 0.0313066 0.0238188 0.0327756 0.0268081 0.0319893 0.0319890 0.0360375 0.0245781 0.0267333 0.0256155 0.0414391 0.0241928 0.0227378 0.0211969 0.0289140 0.0353622 0.0218378 0.0179166 0.0255411 0.0280606 0.0208440 0.0220175 0.0119605 0.0190060 0.0334431 0.0393401 0.0160092 0.0206712 0.0167006 0.0217774 0.0280606 0.0238204 0.0250443 0.0265833 0.0339096 0.0000000 0.0297126 0.0265087 0.0222321 0.0293411 0.0266576 0.0368890 0.0245416 0.0332028 0.0260611 0.0342989 0.0335898 0.0210190 0.0269610 0.0336873 0.0303157 0.0332012 0.0378613 0.0435652 0.0369989 0.0256880 0.0430469 0.0285819 0.0401380 0.0264442 0.0227055 0.0242619 0.0388816 0.0330579 0.0389397 0.0259852 
pop2.indv5  0.0402576 0.0345451 0.0290384 0.0314859 0.0349477 0.0419989 0.0380831 0.0424449 0.0288706 0.0346954 0.0332018 0.0413164 0.0385347 0.0269222 0.0354650 0.0250440 0.0326052 0.0365644 0.0397222 0.0433045 0.0401372 0.0303588 0.0258730 0.0405594 0.0355714 0.0256158 0.0317131 0.0267700 0.0426666 0.0252202 0.0191351 0.0280600 0.0277480 0.0268464 0.0319552 0.0292178 0.0356772 0.0305363 0.0391460 0.0309969 0.0376417 0.0236214 0.0293801 0.0359850 0.0297126 0.0000000 0.0252556 0.0206428 0.0250798 0.0192933 0.0476473 0.0306674 0.0396651 0.0390571 0.0330592 0.0483662 0.0321784 0.0349987 0.0409286 0.0349489 0.0427921 0.0464318 0.0434998 0.0418108 0.0402564 0.0308053 0.0467122 0.0417486 0.0398974 0.0335405 0.0452726 0.0457568 0.0381383 0.0482934 0.0395926 
pop2.indv6  0.0345965 0.0345956 0.0245062 0.0234581 0.0240209 0.0389404 0.0459492 0.0412550 0.0485128 0.0343484 0.0267710 0.0314870 0.0345962 0.0318968 0.0368884 0.0375329 0.0293816 0.0390888 0.0283790 0.0414391 0.0338385 0.0284196 0.0285816 0.0333461 0.0333962 0.0236211 0.0253621 0.0221695 0.0326830 0.0252202 0.0207001 0.0235227 0.0218077 0.0313505 0.0230123 0.0303974 0.0295893 0.0317579 0.0218074 0.0220188 0.0279044 0.0176965 0.0247347 0.0321326 0.0265087 0.0252556 0.0000000 0.0264715 0.0323609 0.0297572 0.0354653 0.0310327 0.0283809 0.0383073 0.0325439 0.0504135 0.0300125 0.0285819 0.0325098 0.0284196 0.0298829 0.0380276 0.0449330 0.0385925 0.0348461 0.0410737 0.0396646 0.0512365 0.0324628 0.0256511 0.0335892 0.0275480 0.0192668 0.0447986 0.0386494 
pop2.indv7  0.0297147 0.0361937 0.0273097 0.0369977 0.0330576 0.0396066 0.0343983 0.0418104 0.0333949 0.0311292 0.0376961 0.0392608 0.0396649 0.0224194 0.0298832 0.0297143 0.0291247 0.0329637 0.0268457 0.0366180 0.0384786 0.0282184 0.0269598 0.0302280 0.0365649 0.0120731 0.0342986 0.0208132 0.0238204 0.0266196 0.0189028 0.0324055 0.0162255 0.0225134 0.0334837 0.0275200 0.0246672 0.0268847 0.0216594 0.0277492 0.0344465 0.0188764 0.0353725 0.0338136 0.0222321 0.0206428 0.0264715 0.0000000 0.0292178 0.0343474 0.0352569 0.0257619 0.0392035 0.0300976 0.0309975 0.0447987 0.0285020 0.0360888 0.0321759 0.0313516 0.0282983 0.0328700 0.0398994 0.0416865 0.0319893 0.0348980 0.0426038 0.0378615 0.0261368 0.0287894 0.0268837 0.0437628 0.0393748 0.0427292 0.0369430 
pop2.indv8  0.0426043 0.0456780 0.0305804 0.0356266 0.0461548 0.0451362 0.0408943 0.0482927 0.0381961 0.0404213 0.0409540 0.0474322 0.0428566 0.0286248 0.0479308 0.0418045 0.0338880 0.0494294 0.0357282 0.0414392 0.0451363 0.0374250 0.0223570 0.0379722 0.0241251 0.0337673 0.0250107 0.0358819 0.0358825 0.0232976 0.0276724 0.0246331 0.0231392 0.0329158 0.0316039 0.0290172 0.0380424 0.0236543 0.0245997 0.0381503 0.0371576 0.0276729 0.0403628 0.0352735 0.0293411 0.0250798 0.0323609 0.0292178 0.0000000 0.0417442 0.0415619 0.0359987 0.0441387 0.0400182 0.0353746 0.0530660 0.0347478 0.0379720 0.0422534 0.0423546 0.0389769 0.0436241 0.0449330 0.0399002 0.0364061 0.0342499 0.0670524 0.0411952 0.0342419 0.0333952 0.0381954 0.0519412 0.0421082 0.0461548 0.0418734 
pop2.indv9  0.0460176 0.0318516 0.0307144 0.0458132 0.0352049 0.0472109 0.0495041 0.0470674 0.0438290 0.0359333 0.0361413 0.0415624 0.0481475 0.0354135 0.0467122 0.0407150 0.0343436 0.0482203 0.0364579 0.0336893 0.0423171 0.0429833 0.0351021 0.0387655 0.0321299 0.0392606 0.0330114 0.0414386 0.0411947 0.0251852 0.0266954 0.0235550 0.0282206 0.0331055 0.0352735 0.0340560 0.0309107 0.0334919 0.0339102 0.0383667 0.0296727 0.0283005 0.0235893 0.0422309 0.0266576 0.0192933 0.0297572 0.0343474 0.0417442 0.0000000 0.0436306 0.0295121 0.0330599 0.0504905 0.0442689 0.0465716 0.0417489 0.0228682 0.0392341 0.0349996 0.0413774 0.0383081 0.0336886 0.0371083 0.0433045 0.0436969 0.0415622 0.0445985 0.0395330 0.0339378 0.0508028 0.0438955 0.0467827 0.0424454 0.0476473 
pop3.indv1  0.0385352 0.0331055 0.0248295 0.0329158 0.0352046 0.0365098 0.0286245 0.0475010 0.0275480 0.0318965 0.0273888 0.0336886 0.0369441 0.0244364 0.0322231 0.0416240 0.0378390 0.0383644 0.0368335 0.0288709 0.0355705 0.0375542 0.0229003 0.0214088 0.0323665 0.0320363 0.0391749 0.0388223 0.0424453 0.0371632 0.0318965 0.0335895 0.0303596 0.0475741 0.0475032 0.0445986 0.0398986 0.0414959 0.0269219 0.0348971 0.0450683 0.0353086 0.0508810 0.0514711 0.0368890 0.0476473 0.0354653 0.0352569 0.0415619 0.0436306 0.0000000 0.0328994 0.0329161 0.0323669 0.0316218 0.0320830 0.0356240 0.0229991 0.0411155 0.0254335 0.0401366 0.0366171 0.0374973 0.0276672 0.0227695 0.0418108 0.0303153 0.0413161 0.0359444 0.0261355 0.0292079 0.0215019 0.0258359 0.0389977 0.0312643 
pop3.indv10 0.0277082 0.0229013 0.0267174 0.0303592 0.0228672 0.0342920 0.0212567 0.0373293 0.0310324 0.0241235 0.0242267 0.0153089 0.0139758 0.0216249 0.0260976 0.0299690 0.0172518 0.0320820 0.0198123 0.0259100 0.0262889 0.0211966 0.0197843 0.0215009 0.0229335 0.0352566 0.0377820 0.0295117 0.0278300 0.0293368 0.0256145 0.0356231 0.0154378 0.0344979 0.0442035 0.0284601 0.0351030 0.0344970 0.0284188 0.0228359 0.0307147 0.0290381 0.0321763 0.0488104 0.0245416 0.0306674 0.0310327 0.0257619 0.0359987 0.0295121 0.0328994 0.0000000 0.0181919 0.0198682 0.0273097 0.0274671 0.0228346 0.0227049 0.0402680 0.0293819 0.0320824 0.0307154 0.0343436 0.0294252 0.0264432 0.0214704 0.0276285 0.0273888 0.0236106 0.0196445 0.0346009 0.0327530 0.0276672 0.0307605 0.0265597 
