75
pop1.indv1  0.0000000 0.0252155 0.0309970 0.0293220 0.0268371 0.0275896 0.0323272 0.0235274 0.0284588 0.0265302 0.0280739 0.0289249 0.0319500 0.0253007 0.0343640 0.0292223 0.0280345 0.0318623 0.0313420 0.0330196 0.0294544 0.0314227 0.0340177 0.0290638 0.0279264 0.0349003 0.0358591 0.0402083 0.0324862 0.0350071 0.0346013 0.0397184 0.0358179 0.0386800 0.0380513 0.0378231 0.0321151 0.0433985 0.0409977 0.0354167 0.0338186 0.0337025 0.0385917 0.0338089 0.0344223 0.0344026 0.0393911 0.0379108 0.0306966 0.0368471 0.0305736 0.0335123 0.0280031 0.0342746 0.0278870 0.0301849 0.0265500 0.0319957 0.0305474 0.0322540 0.0324636 0.0292124 0.0313509 0.0312795 0.0240742 0.0245998 0.0351429 0.0267069 0.0287711 0.0297041 0.0291131 0.0299788 0.0350071 0.0322264 0.0334441 
pop1.indv2  0.0252155 0.0000000 0.0307063 0.0241915 0.0258123 0.0282966 0.0291792 0.0289655 0.0252155 0.0278566 0.0284012 0.0294293 0.0283931 0.0264480 0.0315551 0.0283150 0.0309068 0.0287570 0.0282052 0.0284187 0.0271487 0.0269343 0.0295046 0.0244226 0.0264571 0.0359141 0.0306578 0.0356537 0.0310909 0.0312619 0.0361643 0.0341817 0.0347897 0.0352540 0.0334863 0.0343522 0.0254295 0.0410580 0.0359124 0.0323094 0.0324582 0.0371378 0.0391559 0.0351485 0.0357774 0.0372027 0.0344319 0.0361711 0.0339705 0.0347217 0.0300963 0.0347117 0.0245380 0.0259508 0.0285147 0.0296562 0.0297970 0.0329258 0.0304795 0.0319957 0.0324009 0.0311278 0.0321706 0.0291021 0.0298904 0.0323465 0.0348902 0.0316463 0.0263959 0.0323187 0.0310656 0.0265152 0.0314316 0.0353321 0.0330926 
pop1.indv3  0.0309970 0.0307063 0.0000000 0.0307844 0.0299026 0.0304083 0.0311818 0.0287345 0.0279422 0.0288001 0.0328299 0.0313765 0.0307015 0.0317865 0.0327834 0.0309620 0.0292388 0.0346978 0.0305969 0.0308403 0.0331779 0.0300213 0.0292635 0.0275121 0.0294711 0.0361711 0.0366792 0.0413785 0.0356326 0.0328821 0.0348024 0.0410743 0.0346287 0.0382689 0.0366309 0.0387360 0.0339551 0.0395366 0.0361777 0.0376099 0.0349568 0.0373500 0.0369124 0.0367531 0.0345216 0.0394298 0.0352438 0.0406398 0.0316957 0.0363555 0.0312081 0.0337701 0.0295534 0.0344125 0.0317096 0.0346300 0.0296929 0.0312081 0.0319135 0.0331494 0.0343738 0.0330171 0.0333973 0.0347318 0.0294377 0.0332831 0.0328256 0.0302191 0.0305597 0.0339594 0.0302447 0.0287652 0.0334069 0.0373851 0.0332452 
pop1.indv4  0.0293220 0.0241915 0.0307844 0.0000000 0.0240510 0.0266245 0.0298267 0.0280373 0.0257616 0.0222385 0.0280109 0.0292635 0.0273696 0.0282406 0.0336515 0.0285155 0.0312879 0.0267026 0.0270950 0.0299732 0.0293545 0.0283528 0.0327788 0.0296537 0.0263663 0.0326519 0.0320251 0.0372749 0.0320415 0.0288548 0.0323558 0.0348298 0.0315978 0.0360946 0.0326519 0.0329983 0.0291049 0.0353583 0.0325212 0.0355615 0.0332926 0.0344817 0.0323640 0.0324193 0.0312439 0.0356743 0.0354698 0.0302020 0.0289203 0.0347696 0.0301496 0.0284428 0.0286909 0.0316694 0.0306927 0.0334164 0.0276918 0.0309156 0.0253220 0.0329387 0.0319910 0.0334452 0.0263367 0.0265227 0.0288140 0.0294544 0.0239001 0.0293711 0.0279248 0.0295119 0.0280109 0.0281610 0.0305017 0.0298224 0.0300999 
pop1.indv5  0.0268371 0.0258123 0.0299026 0.0240510 0.0000000 0.0280897 0.0306056 0.0230252 0.0265798 0.0222695 0.0231893 0.0314299 0.0282486 0.0283046 0.0312438 0.0279170 0.0283947 0.0282754 0.0316372 0.0266433 0.0283127 0.0285474 0.0278399 0.0301496 0.0256396 0.0324302 0.0289901 0.0389806 0.0340139 0.0340567 0.0328498 0.0367616 0.0357768 0.0329983 0.0317187 0.0348468 0.0289367 0.0399647 0.0357258 0.0357563 0.0349468 0.0309156 0.0358797 0.0333592 0.0313151 0.0308805 0.0350373 0.0350927 0.0313867 0.0337992 0.0268353 0.0289086 0.0297932 0.0269730 0.0289450 0.0276598 0.0274503 0.0296055 0.0306753 0.0336281 0.0334821 0.0335027 0.0331399 0.0302703 0.0263959 0.0315831 0.0288466 0.0312795 0.0280660 0.0305796 0.0294627 0.0269806 0.0306665 0.0350171 0.0315462 
pop1.indv6  0.0275896 0.0282966 0.0304083 0.0266245 0.0280897 0.0000000 0.0300469 0.0292273 0.0252084 0.0242030 0.0285313 0.0287895 0.0295718 0.0318098 0.0305796 0.0284268 0.0302876 0.0266320 0.0302963 0.0311553 0.0293625 0.0251042 0.0300639 0.0290523 0.0321706 0.0338327 0.0340275 0.0336543 0.0350674 0.0323094 0.0329831 0.0352605 0.0350979 0.0344620 0.0342414 0.0317551 0.0306349 0.0353453 0.0351080 0.0333307 0.0347997 0.0333595 0.0342039 0.0315954 0.0291021 0.0329860 0.0379289 0.0351080 0.0341817 0.0328214 0.0308331 0.0289614 0.0285474 0.0301839 0.0291270 0.0301753 0.0282406 0.0342016 0.0291354 0.0284012 0.0323180 0.0362446 0.0264629 0.0308773 0.0302098 0.0282167 0.0317642 0.0304603 0.0287977 0.0295971 0.0276833 0.0294795 0.0333307 0.0321984 0.0273387 
pop1.indv7  0.0323272 0.0291792 0.0311818 0.0298267 0.0306056 0.0300469 0.0000000 0.0293792 0.0234354 0.0290192 0.0305276 0.0342137 0.0306578 0.0277618 0.0323732 0.0337314 0.0348268 0.0313499 0.0307891 0.0328020 0.0298394 0.0304777 0.0327694 0.0295550 0.0250971 0.0411185 0.0327321 0.0385462 0.0298523 0.0310125 0.0369653 0.0355810 0.0362298 0.0327507 0.0357676 0.0345904 0.0311724 0.0385133 0.0360665 0.0385805 0.0349267 0.0346400 0.0372660 0.0349869 0.0317096 0.0352844 0.0391848 0.0372444 0.0324862 0.0322356 0.0281811 0.0345017 0.0310847 0.0314227 0.0314677 0.0333307 0.0284348 0.0303745 0.0292956 0.0324209 0.0336351 0.0347196 0.0293960 0.0369438 0.0295382 0.0271256 0.0321346 0.0315462 0.0286358 0.0331779 0.0316734 0.0337508 0.0350676 0.0350373 0.0345409 
pop1.indv8  0.0235274 0.0289655 0.0287345 0.0280373 0.0230252 0.0292273 0.0293792 0.0000000 0.0225458 0.0228988 0.0267823 0.0328878 0.0249488 0.0310194 0.0311456 0.0262034 0.0302357 0.0274939 0.0314153 0.0290109 0.0228535 0.0254055 0.0288166 0.0294972 0.0255887 0.0334084 0.0349103 0.0396488 0.0333016 0.0332439 0.0301382 0.0340795 0.0331862 0.0396372 0.0345427 0.0304007 0.0299470 0.0378245 0.0333889 0.0348632 0.0325989 0.0289862 0.0346226 0.0345320 0.0271501 0.0331671 0.0356112 0.0366951 0.0320659 0.0365205 0.0285308 0.0310283 0.0263515 0.0323287 0.0299383 0.0346833 0.0256613 0.0272437 0.0265327 0.0280000 0.0288058 0.0317232 0.0332825 0.0269335 0.0229572 0.0295056 0.0311448 0.0304007 0.0256831 0.0325801 0.0264195 0.0285882 0.0295480 0.0353291 0.0293541 
pop1.indv9  0.0284588 0.0252155 0.0279422 0.0257616 0.0265798 0.0252084 0.0234354 0.0225458 0.0000000 0.0223817 0.0251239 0.0285555 0.0257121 0.0256035 0.0281134 0.0238142 0.0241848 0.0266619 0.0330525 0.0247547 0.0265302 0.0294972 0.0294210 0.0281892 0.0221081 0.0313791 0.0343532 0.0355513 0.0310551 0.0311902 0.0314880 0.0334752 0.0366340 0.0346499 0.0319289 0.0326238 0.0338575 0.0376427 0.0336669 0.0326238 0.0311635 0.0311189 0.0364293 0.0357258 0.0297667 0.0307452 0.0336475 0.0363661 0.0354041 0.0336572 0.0285964 0.0280532 0.0299279 0.0301581 0.0264405 0.0295046 0.0232858 0.0266961 0.0307628 0.0289862 0.0347473 0.0365601 0.0273696 0.0321613 0.0304777 0.0307277 0.0299245 0.0223629 0.0284428 0.0255531 0.0280612 0.0304863 0.0313867 0.0312884 0.0284910 
pop1.indv10 0.0265302 0.0278566 0.0288001 0.0222385 0.0222695 0.0242030 0.0290192 0.0228988 0.0223817 0.0000000 0.0259948 0.0265152 0.0293283 0.0294128 0.0297041 0.0269958 0.0222943 0.0231887 0.0313791 0.0288548 0.0251255 0.0223269 0.0253363 0.0249205 0.0228988 0.0309455 0.0334931 0.0336088 0.0293791 0.0285882 0.0333695 0.0365848 0.0314767 0.0333595 0.0324319 0.0318922 0.0308116 0.0343026 0.0350624 0.0361537 0.0337545 0.0327647 0.0335334 0.0341817 0.0336699 0.0313339 0.0357572 0.0343125 0.0297532 0.0300446 0.0266316 0.0308861 0.0303564 0.0283770 0.0258364 0.0284822 0.0259508 0.0250555 0.0264195 0.0270572 0.0306840 0.0307673 0.0291521 0.0284078 0.0268028 0.0269038 0.0291270 0.0285147 0.0252297 0.0280691 0.0297582 0.0293960 0.0278963 0.0354556 0.0339453 
pop1.indv11 0.0280739 0.0284012 0.0328299 0.0280109 0.0231893 0.0285313 0.0305276 0.0267823 0.0251239 0.0259948 0.0000000 0.0305190 0.0307540 0.0307452 0.0316694 0.0282992 0.0280109 0.0319164 0.0318771 0.0324820 0.0304083 0.0311278 0.0308980 0.0284990 0.0314587 0.0350726 0.0378278 0.0324841 0.0349406 0.0335123 0.0312081 0.0354065 0.0330359 0.0361985 0.0350828 0.0344125 0.0310922 0.0391734 0.0348700 0.0328821 0.0344125 0.0367954 0.0370194 0.0357567 0.0327364 0.0332255 0.0367296 0.0337701 0.0356119 0.0348902 0.0327647 0.0326051 0.0294787 0.0324193 0.0286447 0.0321529 0.0305276 0.0305212 0.0305648 0.0299075 0.0318623 0.0318408 0.0331779 0.0343225 0.0261223 0.0325026 0.0299873 0.0290556 0.0314210 0.0285717 0.0343828 0.0279264 0.0334547 0.0361187 0.0290474 
pop1.indv12 0.0289249 0.0294293 0.0313765 0.0292635 0.0314299 0.0287895 0.0342137 0.0328878 0.0285555 0.0265152 0.0305190 0.0000000 0.0319408 0.0324022 0.0332547 0.0321071 0.0295784 0.0357461 0.0326331 0.0307844 0.0309684 0.0321798 0.0325491 0.0309860 0.0277303 0.0381543 0.0343237 0.0349367 0.0373223 0.0325398 0.0393750 0.0405138 0.0348767 0.0390145 0.0364352 0.0339453 0.0353014 0.0411464 0.0373742 0.0381898 0.0387043 0.0329103 0.0398130 0.0379880 0.0324116 0.0368379 0.0385805 0.0382786 0.0345320 0.0356533 0.0291104 0.0337798 0.0318084 0.0324193 0.0314947 0.0333687 0.0352742 0.0330525 0.0320323 0.0353046 0.0347771 0.0344917 0.0354986 0.0339062 0.0312350 0.0288221 0.0356743 0.0319774 0.0351329 0.0343729 0.0351181 0.0303823 0.0362446 0.0348902 0.0354494 
pop1.indv13 0.0319500 0.0283931 0.0307015 0.0273696 0.0282486 0.0295718 0.0306578 0.0249488 0.0257121 0.0293283 0.0307540 0.0319408 0.0000000 0.0259875 0.0354371 0.0300554 0.0296119 0.0306056 0.0302703 0.0302276 0.0293792 0.0282617 0.0315128 0.0287919 0.0251824 0.0388890 0.0354781 0.0335123 0.0377579 0.0307230 0.0340696 0.0403063 0.0367722 0.0367722 0.0370952 0.0363079 0.0317415 0.0399171 0.0320027 0.0362552 0.0360484 0.0309659 0.0397767 0.0343721 0.0273266 0.0344219 0.0380765 0.0358093 0.0328075 0.0364992 0.0286538 0.0291688 0.0315192 0.0300532 0.0306525 0.0376365 0.0283448 0.0295141 0.0294044 0.0273188 0.0327134 0.0335140 0.0292872 0.0292273 0.0268181 0.0308950 0.0314587 0.0324395 0.0318408 0.0296732 0.0284012 0.0274627 0.0355706 0.0317232 0.0303392 
pop1.indv14 0.0253007 0.0264480 0.0317865 0.0282406 0.0283046 0.0318098 0.0277618 0.0310194 0.0256035 0.0294128 0.0307452 0.0324022 0.0259875 0.0000000 0.0321071 0.0319135 0.0286599 0.0300213 0.0333787 0.0302362 0.0298094 0.0310283 0.0321706 0.0290689 0.0250335 0.0323474 0.0340665 0.0346698 0.0352055 0.0340631 0.0382420 0.0361537 0.0362821 0.0316553 0.0358198 0.0383902 0.0320027 0.0385701 0.0340041 0.0384799 0.0349913 0.0372027 0.0381989 0.0386930 0.0337447 0.0355295 0.0362868 0.0377962 0.0360195 0.0321613 0.0296588 0.0311635 0.0281530 0.0270264 0.0297582 0.0341917 0.0329009 0.0252468 0.0315128 0.0325895 0.0292041 0.0375925 0.0327082 0.0303919 0.0313972 0.0333211 0.0287755 0.0296986 0.0278008 0.0340041 0.0308243 0.0318372 0.0323651 0.0352605 0.0317733 
pop1.indv15 0.0343640 0.0315551 0.0327834 0.0336515 0.0312438 0.0305796 0.0323732 0.0311456 0.0281134 0.0297041 0.0316694 0.0332547 0.0354371 0.0321071 0.0000000 0.0330851 0.0309446 0.0383802 0.0300469 0.0322086 0.0284990 0.0313241 0.0348169 0.0294127 0.0311729 0.0342039 0.0391567 0.0418163 0.0366552 0.0336832 0.0345914 0.0372876 0.0381698 0.0334251 0.0371702 0.0364444 0.0328632 0.0398605 0.0375120 0.0385244 0.0378012 0.0398952 0.0357258 0.0361154 0.0359107 0.0403370 0.0374039 0.0354393 0.0388857 0.0371799 0.0310833 0.0339109 0.0325372 0.0366129 0.0272388 0.0348567 0.0304759 0.0342433 0.0313151 0.0310479 0.0366581 0.0360248 0.0353583 0.0372336 0.0300810 0.0337314 0.0347596 0.0315551 0.0316336 0.0332831 0.0303220 0.0370728 0.0346997 0.0336088 0.0364759 
pop1.indv16 0.0292223 0.0283150 0.0309620 0.0285155 0.0279170 0.0284268 0.0337314 0.0262034 0.0238142 0.0269958 0.0282992 0.0321071 0.0300554 0.0319135 0.0330851 0.0000000 0.0288276 0.0287003 0.0335412 0.0300745 0.0331874 0.0298224 0.0305190 0.0316915 0.0265077 0.0302357 0.0392473 0.0405218 0.0356740 0.0319226 0.0368043 0.0409256 0.0387697 0.0382138 0.0341421 0.0342746 0.0310037 0.0394069 0.0362821 0.0362507 0.0386018 0.0345113 0.0370942 0.0350373 0.0347696 0.0358282 0.0391392 0.0391051 0.0338229 0.0369979 0.0301324 0.0324470 0.0278858 0.0303220 0.0320415 0.0300213 0.0289330 0.0336960 0.0306840 0.0303564 0.0326356 0.0319682 0.0324286 0.0317460 0.0265452 0.0314031 0.0300896 0.0288058 0.0330757 0.0335680 0.0291792 0.0299958 0.0325026 0.0360352 0.0341184 
pop1.indv17 0.0280345 0.0309068 0.0292388 0.0312879 0.0283947 0.0302876 0.0348268 0.0302357 0.0241848 0.0222943 0.0280109 0.0295784 0.0296119 0.0286599 0.0309446 0.0288276 0.0000000 0.0336229 0.0306230 0.0287069 0.0276911 0.0295971 0.0287084 0.0278870 0.0234550 0.0352401 0.0351731 0.0341184 0.0316734 0.0331115 0.0343125 0.0421601 0.0339691 0.0350226 0.0343821 0.0372660 0.0358292 0.0413302 0.0325212 0.0396974 0.0338529 0.0337951 0.0351027 0.0336255 0.0344421 0.0372768 0.0375663 0.0344719 0.0323465 0.0328163 0.0352236 0.0302876 0.0263436 0.0300639 0.0313151 0.0302362 0.0270487 0.0302789 0.0338186 0.0297126 0.0308490 0.0367637 0.0303392 0.0326519 0.0316734 0.0293213 0.0332926 0.0297210 0.0330477 0.0330548 0.0260930 0.0256609 0.0317414 0.0338283 0.0304415 
pop1.indv18 0.0318623 0.0287570 0.0346978 0.0267026 0.0282754 0.0266320 0.0313499 0.0274939 0.0266619 0.0231887 0.0319164 0.0357461 0.0306056 0.0300213 0.0383802 0.0287003 0.0336229 0.0000000 0.0344125 0.0339925 0.0340665 0.0279343 0.0339497 0.0350777 0.0295046 0.0358188 0.0341476 0.0375730 0.0346614 0.0325771 0.0385250 0.0425162 0.0379805 0.0389355 0.0376974 0.0375120 0.0329009 0.0422676 0.0368379 0.0360636 0.0361985 0.0354901 0.0406043 0.0370942 0.0318953 0.0336447 0.0375229 0.0384686 0.0349508 0.0359004 0.0323836 0.0302020 0.0270487 0.0279107 0.0326144 0.0374362 0.0331603 0.0321336 0.0321988 0.0334931 0.0321446 0.0385462 0.0340080 0.0338089 0.0287652 0.0341154 0.0330831 0.0345508 0.0329451 0.0318045 0.0306230 0.0334631 0.0352236 0.0340177 0.0354494 
pop1.indv19 0.0313420 0.0282052 0.0305969 0.0270950 0.0316372 0.0302963 0.0307891 0.0314153 0.0330525 0.0313791 0.0318771 0.0326331 0.0302703 0.0333787 0.0300469 0.0335412 0.0306230 0.0344125 0.0000000 0.0311464 0.0315038 0.0296986 0.0326706 0.0291104 0.0278804 0.0404016 0.0444380 0.0412550 0.0397497 0.0332247 0.0408664 0.0403539 0.0403958 0.0386479 0.0361960 0.0394835 0.0370518 0.0448217 0.0357051 0.0416830 0.0380211 0.0420516 0.0420516 0.0404224 0.0335237 0.0376035 0.0421635 0.0374503 0.0428138 0.0399642 0.0307673 0.0355192 0.0293296 0.0283609 0.0286374 0.0365883 0.0297801 0.0352055 0.0346314 0.0347419 0.0361673 0.0356016 0.0314137 0.0300877 0.0341718 0.0341026 0.0361396 0.0350014 0.0340470 0.0388516 0.0342039 0.0296308 0.0369007 0.0337545 0.0332637 
pop1.indv20 0.0330196 0.0284187 0.0308403 0.0299732 0.0266433 0.0311553 0.0328020 0.0290109 0.0247547 0.0288548 0.0324820 0.0307844 0.0302276 0.0302362 0.0322086 0.0300745 0.0287069 0.0339925 0.0311464 0.0000000 0.0303478 0.0298734 0.0340505 0.0283309 0.0298015 0.0358292 0.0380494 0.0382689 0.0344520 0.0354901 0.0367403 0.0444118 0.0400342 0.0404280 0.0383343 0.0376596 0.0364187 0.0431322 0.0388373 0.0382358 0.0417434 0.0351128 0.0415493 0.0373823 0.0348967 0.0385133 0.0383796 0.0404397 0.0351688 0.0371691 0.0297041 0.0305969 0.0320270 0.0346499 0.0286438 0.0320433 0.0332169 0.0352809 0.0335412 0.0323272 0.0330757 0.0376488 0.0304845 0.0342631 0.0294460 0.0376813 0.0321163 0.0347473 0.0334346 0.0308980 0.0338433 0.0317414 0.0373178 0.0340567 0.0328858 
pop1.indv21 0.0294544 0.0271487 0.0331779 0.0293545 0.0283127 0.0293625 0.0298394 0.0228535 0.0265302 0.0251255 0.0304083 0.0309684 0.0293792 0.0298094 0.0284990 0.0331874 0.0276911 0.0340665 0.0315038 0.0303478 0.0000000 0.0263296 0.0302703 0.0272490 0.0303571 0.0346630 0.0319408 0.0367616 0.0339705 0.0285229 0.0349039 0.0365312 0.0400112 0.0335798 0.0357051 0.0327270 0.0319197 0.0373525 0.0338327 0.0345914 0.0321521 0.0344719 0.0385250 0.0315400 0.0344819 0.0323651 0.0334173 0.0350217 0.0323007 0.0350116 0.0301743 0.0315954 0.0322264 0.0327552 0.0285066 0.0345814 0.0300810 0.0273110 0.0283931 0.0266734 0.0340177 0.0369545 0.0315581 0.0285718 0.0291855 0.0325143 0.0278566 0.0301410 0.0307540 0.0318098 0.0272877 0.0289779 0.0325143 0.0318738 0.0357567 
pop1.indv22 0.0314227 0.0269343 0.0300213 0.0283528 0.0285474 0.0251042 0.0304777 0.0254055 0.0294972 0.0223269 0.0311278 0.0321798 0.0282617 0.0310283 0.0313241 0.0298224 0.0295971 0.0279343 0.0296986 0.0298734 0.0263296 0.0000000 0.0290855 0.0307407 0.0296161 0.0342394 0.0334269 0.0343324 0.0353394 0.0315154 0.0318612 0.0367595 0.0337642 0.0345614 0.0351394 0.0350929 0.0293452 0.0338818 0.0317507 0.0333501 0.0313520 0.0312709 0.0350319 0.0350217 0.0287280 0.0372678 0.0326177 0.0373114 0.0321419 0.0336210 0.0308740 0.0332921 0.0258631 0.0287263 0.0298523 0.0328498 0.0307452 0.0318151 0.0265024 0.0316683 0.0291792 0.0373660 0.0251113 0.0292609 0.0301917 0.0340336 0.0368456 0.0278724 0.0332255 0.0300102 0.0309926 0.0282455 0.0299930 0.0318922 0.0323929 
pop1.indv23 0.0340177 0.0295046 0.0292635 0.0327788 0.0278399 0.0300639 0.0327694 0.0288166 0.0294210 0.0253363 0.0308980 0.0325491 0.0315128 0.0321706 0.0348169 0.0305190 0.0287084 0.0339497 0.0326706 0.0340505 0.0302703 0.0290855 0.0000000 0.0271103 0.0284985 0.0367165 0.0390938 0.0385356 0.0346630 0.0340238 0.0369648 0.0389086 0.0391734 0.0382799 0.0381745 0.0369872 0.0318922 0.0391329 0.0333403 0.0359541 0.0334931 0.0368043 0.0344620 0.0399527 0.0352809 0.0347519 0.0338867 0.0393450 0.0362762 0.0378735 0.0275173 0.0330144 0.0287977 0.0323280 0.0315128 0.0304429 0.0305017 0.0337350 0.0305474 0.0312171 0.0323916 0.0351080 0.0345415 0.0320967 0.0296140 0.0320599 0.0335605 0.0270797 0.0313151 0.0332350 0.0332255 0.0307715 0.0351384 0.0366096 0.0337798 
pop1.indv24 0.0290638 0.0244226 0.0275121 0.0296537 0.0301496 0.0290523 0.0295550 0.0294972 0.0281892 0.0249205 0.0284990 0.0309860 0.0287919 0.0290689 0.0294127 0.0316915 0.0278870 0.0350777 0.0291104 0.0283309 0.0272490 0.0307407 0.0271103 0.0000000 0.0268028 0.0375815 0.0306927 0.0326894 0.0316957 0.0305386 0.0314971 0.0363608 0.0314316 0.0301581 0.0347543 0.0333115 0.0274047 0.0384126 0.0333884 0.0305648 0.0321336 0.0333884 0.0348499 0.0336184 0.0348429 0.0327741 0.0351993 0.0394488 0.0339507 0.0343324 0.0264270 0.0287099 0.0265352 0.0350828 0.0332924 0.0339551 0.0257833 0.0340927 0.0279760 0.0311813 0.0331589 0.0320323 0.0297156 0.0348734 0.0297667 0.0287345 0.0336281 0.0256179 0.0316282 0.0313688 0.0284985 0.0265752 0.0325049 0.0305736 0.0317460 
pop1.indv25 0.0279264 0.0264571 0.0294711 0.0263663 0.0256396 0.0321706 0.0250971 0.0255887 0.0221081 0.0228988 0.0314587 0.0277303 0.0251824 0.0250335 0.0311729 0.0265077 0.0234550 0.0295046 0.0278804 0.0298015 0.0303571 0.0296161 0.0284985 0.0268028 0.0000000 0.0311989 0.0327414 0.0326612 0.0333598 0.0306789 0.0319539 0.0385710 0.0388825 0.0358707 0.0292693 0.0339551 0.0298781 0.0356429 0.0318646 0.0326177 0.0368578 0.0336766 0.0364139 0.0379289 0.0329354 0.0335528 0.0385024 0.0382997 0.0321980 0.0347519 0.0307584 0.0312350 0.0264331 0.0290192 0.0252540 0.0341124 0.0275565 0.0313700 0.0289240 0.0257049 0.0331494 0.0331671 0.0262404 0.0315245 0.0257851 0.0300791 0.0306613 0.0291354 0.0228454 0.0248642 0.0276587 0.0283183 0.0324862 0.0295905 0.0336281 
pop2.indv1  0.0349003 0.0359141 0.0361711 0.0326519 0.0324302 0.0338327 0.0411185 0.0334084 0.0313791 0.0309455 0.0350726 0.0381543 0.0388890 0.0323474 0.0342039 0.0302357 0.0352401 0.0358188 0.0404016 0.0358292 0.0346630 0.0342394 0.0367165 0.0375815 0.0311989 0.0000000 0.0278624 0.0303643 0.0273079 0.0215565 0.0283528 0.0269958 0.0273354 0.0271320 0.0299873 0.0264170 0.0259472 0.0256753 0.0268221 0.0284187 0.0238206 0.0267026 0.0285315 0.0307844 0.0278870 0.0266245 0.0277618 0.0281134 0.0273310 0.0313062 0.0331947 0.0339705 0.0341154 0.0341124 0.0324507 0.0358812 0.0299673 0.0371932 0.0344120 0.0316866 0.0358901 0.0384687 0.0380736 0.0328361 0.0292106 0.0337642 0.0428057 0.0368685 0.0302184 0.0341817 0.0310909 0.0357989 0.0390000 0.0380513 0.0389505 
pop2.indv2  0.0358591 0.0306578 0.0366792 0.0320251 0.0289901 0.0340275 0.0327321 0.0349103 0.0343532 0.0334931 0.0378278 0.0343237 0.0354781 0.0340665 0.0391567 0.0392473 0.0351731 0.0341476 0.0444380 0.0380494 0.0319408 0.0334269 0.0390938 0.0306927 0.0327414 0.0278624 0.0000000 0.0290298 0.0241736 0.0274458 0.0290751 0.0298977 0.0311914 0.0300345 0.0267772 0.0283253 0.0285395 0.0307110 0.0266507 0.0281334 0.0277618 0.0287611 0.0274535 0.0261189 0.0252550 0.0299396 0.0254056 0.0258794 0.0297179 0.0281413 0.0318372 0.0335220 0.0358579 0.0407227 0.0329576 0.0374795 0.0359501 0.0333787 0.0340470 0.0373200 0.0373369 0.0364549 0.0371799 0.0371810 0.0343139 0.0343434 0.0412188 0.0345211 0.0327556 0.0386688 0.0324563 0.0355819 0.0390824 0.0386576 0.0391341 
pop2.indv3  0.0402083 0.0356537 0.0413785 0.0372749 0.0389806 0.0336543 0.0385462 0.0396488 0.0355513 0.0336088 0.0324841 0.0349367 0.0335123 0.0346698 0.0418163 0.0405218 0.0341184 0.0375730 0.0412550 0.0382689 0.0367616 0.0343324 0.0385356 0.0326894 0.0326612 0.0303643 0.0290298 0.0000000 0.0292800 0.0272213 0.0277696 0.0273049 0.0284135 0.0309127 0.0294208 0.0286111 0.0265547 0.0294287 0.0262489 0.0286350 0.0301353 0.0309818 0.0292158 0.0307798 0.0243342 0.0298476 0.0316655 0.0284528 0.0258822 0.0292893 0.0426415 0.0405454 0.0326297 0.0397089 0.0337895 0.0404311 0.0358385 0.0381878 0.0399410 0.0384240 0.0422880 0.0375555 0.0388148 0.0432443 0.0350319 0.0366129 0.0426038 0.0361881 0.0357358 0.0438579 0.0368911 0.0390145 0.0385692 0.0395563 0.0421813 
pop2.indv4  0.0324862 0.0310909 0.0356326 0.0320415 0.0340139 0.0350674 0.0298523 0.0333016 0.0310551 0.0293791 0.0349406 0.0373223 0.0377579 0.0352055 0.0366552 0.0356740 0.0316734 0.0346614 0.0397497 0.0344520 0.0339705 0.0353394 0.0346630 0.0316957 0.0333598 0.0273079 0.0241736 0.0292800 0.0000000 0.0244970 0.0281610 0.0304777 0.0227810 0.0262410 0.0264778 0.0265723 0.0252651 0.0329983 0.0278008 0.0262034 0.0266170 0.0229831 0.0286277 0.0279560 0.0243474 0.0296119 0.0276052 0.0267772 0.0246965 0.0243610 0.0331561 0.0364246 0.0283207 0.0365848 0.0323568 0.0326934 0.0321059 0.0333792 0.0361221 0.0304532 0.0374503 0.0398585 0.0347035 0.0386508 0.0362597 0.0320304 0.0372369 0.0358616 0.0364293 0.0354143 0.0317049 0.0352158 0.0390000 0.0322260 0.0350217 
pop2.indv5  0.0350071 0.0312619 0.0328821 0.0288548 0.0340567 0.0323094 0.0310125 0.0332439 0.0311902 0.0285882 0.0335123 0.0325398 0.0307230 0.0340631 0.0336832 0.0319226 0.0331115 0.0325771 0.0332247 0.0354901 0.0285229 0.0315154 0.0340238 0.0305386 0.0306789 0.0215565 0.0274458 0.0272213 0.0244970 0.0000000 0.0247962 0.0293048 0.0240443 0.0266803 0.0233182 0.0257174 0.0204058 0.0271017 0.0221768 0.0257602 0.0242939 0.0255681 0.0258822 0.0237744 0.0232665 0.0262337 0.0294870 0.0244629 0.0231112 0.0247547 0.0301743 0.0341252 0.0293877 0.0370731 0.0334076 0.0337155 0.0315741 0.0301569 0.0279441 0.0296817 0.0334260 0.0312619 0.0335123 0.0339943 0.0303571 0.0302876 0.0381989 0.0329670 0.0325491 0.0371270 0.0318830 0.0345315 0.0340434 0.0391673 0.0328915 
pop2.indv6  0.0346013 0.0361643 0.0348024 0.0323558 0.0328498 0.0329831 0.0369653 0.0301382 0.0314880 0.0333695 0.0312081 0.0393750 0.0340696 0.0382420 0.0345914 0.0368043 0.0343125 0.0385250 0.0408664 0.0367403 0.0349039 0.0318612 0.0369648 0.0314971 0.0319539 0.0283528 0.0290751 0.0277696 0.0281610 0.0247962 0.0000000 0.0304429 0.0258390 0.0283548 0.0273774 0.0320706 0.0262034 0.0323364 0.0285313 0.0266619 0.0275043 0.0228690 0.0259545 0.0263515 0.0275275 0.0284027 0.0281848 0.0265947 0.0284255 0.0273310 0.0322636 0.0395147 0.0357051 0.0358931 0.0331078 0.0345421 0.0340730 0.0337780 0.0360300 0.0368025 0.0370194 0.0367595 0.0352055 0.0394055 0.0358302 0.0339409 0.0348835 0.0348328 0.0353046 0.0360379 0.0339409 0.0336113 0.0365634 0.0400822 0.0363608 
pop2.indv7  0.0397184 0.0341817 0.0410743 0.0348298 0.0367616 0.0352605 0.0355810 0.0340795 0.0334752 0.0365848 0.0354065 0.0405138 0.0403063 0.0361537 0.0372876 0.0409256 0.0421601 0.0425162 0.0403539 0.0444118 0.0365312 0.0367595 0.0389086 0.0363608 0.0385710 0.0269958 0.0298977 0.0273049 0.0304777 0.0293048 0.0304429 0.0000000 0.0287711 0.0327278 0.0317733 0.0289901 0.0275896 0.0350226 0.0289411 0.0314834 0.0309185 0.0362049 0.0354698 0.0307323 0.0269351 0.0347473 0.0326948 0.0288114 0.0335412 0.0323916 0.0321233 0.0408842 0.0395217 0.0417444 0.0376145 0.0411791 0.0369337 0.0365526 0.0361854 0.0360484 0.0404665 0.0415485 0.0450258 0.0447504 0.0350420 0.0365458 0.0447285 0.0408658 0.0382675 0.0413521 0.0346414 0.0388402 0.0353014 0.0408480 0.0410701 
pop2.indv8  0.0358179 0.0347897 0.0346287 0.0315978 0.0357768 0.0350979 0.0362298 0.0331862 0.0366340 0.0314767 0.0330359 0.0348767 0.0367722 0.0362821 0.0381698 0.0387697 0.0339691 0.0379805 0.0403958 0.0400342 0.0400112 0.0337642 0.0391734 0.0314316 0.0388825 0.0273354 0.0311914 0.0284135 0.0227810 0.0240443 0.0258390 0.0287711 0.0000000 0.0231646 0.0240443 0.0290426 0.0273889 0.0288570 0.0281177 0.0253495 0.0256747 0.0240480 0.0278614 0.0296430 0.0254760 0.0288195 0.0278624 0.0244686 0.0223117 0.0251920 0.0355603 0.0397436 0.0316068 0.0354884 0.0366765 0.0376427 0.0314566 0.0367403 0.0354371 0.0375881 0.0350726 0.0374039 0.0369551 0.0383455 0.0335220 0.0352540 0.0401044 0.0371263 0.0332831 0.0391278 0.0325678 0.0333973 0.0398944 0.0406564 0.0369663 
pop2.indv9  0.0386800 0.0352540 0.0382689 0.0360946 0.0329983 0.0344620 0.0327507 0.0396372 0.0346499 0.0333595 0.0361985 0.0390145 0.0367722 0.0316553 0.0334251 0.0382138 0.0350226 0.0389355 0.0386479 0.0404280 0.0335798 0.0345614 0.0382799 0.0301581 0.0358707 0.0271320 0.0300345 0.0309127 0.0262410 0.0266803 0.0283548 0.0327278 0.0231646 0.0000000 0.0305190 0.0295108 0.0281570 0.0295850 0.0280552 0.0308144 0.0263363 0.0245091 0.0330010 0.0313049 0.0282437 0.0310948 0.0279092 0.0262562 0.0231573 0.0268166 0.0355295 0.0398130 0.0372321 0.0413061 0.0356332 0.0393726 0.0323640 0.0353014 0.0345514 0.0381677 0.0393205 0.0385244 0.0385244 0.0414741 0.0368364 0.0340470 0.0438993 0.0335584 0.0366792 0.0388148 0.0309948 0.0328069 0.0361187 0.0379990 0.0379805 
pop2.indv10 0.0380513 0.0334863 0.0366309 0.0326519 0.0317187 0.0342414 0.0357676 0.0345427 0.0319289 0.0324319 0.0350828 0.0364352 0.0370952 0.0358198 0.0371702 0.0341421 0.0343821 0.0376974 0.0361960 0.0383343 0.0357051 0.0351394 0.0381745 0.0347543 0.0292693 0.0299873 0.0267772 0.0294208 0.0264778 0.0233182 0.0273774 0.0317733 0.0240443 0.0305190 0.0000000 0.0293213 0.0264778 0.0292718 0.0322448 0.0274580 0.0254601 0.0308106 0.0269125 0.0262264 0.0249422 0.0254174 0.0271701 0.0246997 0.0301496 0.0299449 0.0337522 0.0365564 0.0307891 0.0363022 0.0330405 0.0367936 0.0347419 0.0324978 0.0357051 0.0348734 0.0386029 0.0360274 0.0359456 0.0329128 0.0321886 0.0367917 0.0384122 0.0346614 0.0361501 0.0364139 0.0301050 0.0344419 0.0371278 0.0372917 0.0371702 
pop2.indv11 0.0378231 0.0343522 0.0387360 0.0329983 0.0348468 0.0317551 0.0345904 0.0304007 0.0326238 0.0318922 0.0344125 0.0339453 0.0363079 0.0383902 0.0364444 0.0342746 0.0372660 0.0375120 0.0394835 0.0376596 0.0327270 0.0350929 0.0369872 0.0333115 0.0339551 0.0264170 0.0283253 0.0286111 0.0265723 0.0257174 0.0320706 0.0289901 0.0290426 0.0295108 0.0293213 0.0000000 0.0211456 0.0287390 0.0272820 0.0275913 0.0291240 0.0279014 0.0260301 0.0269359 0.0264685 0.0271760 0.0285395 0.0265768 0.0284428 0.0289737 0.0339747 0.0413278 0.0320069 0.0433723 0.0346915 0.0332160 0.0351631 0.0352809 0.0336281 0.0346013 0.0371048 0.0350373 0.0378514 0.0354763 0.0364715 0.0326331 0.0361920 0.0329387 0.0336639 0.0347997 0.0313778 0.0336669 0.0357878 0.0374068 0.0375881 
pop2.indv12 0.0321151 0.0254295 0.0339551 0.0291049 0.0289367 0.0306349 0.0311724 0.0299470 0.0338575 0.0308116 0.0310922 0.0353014 0.0317415 0.0320027 0.0328632 0.0310037 0.0358292 0.0329009 0.0370518 0.0364187 0.0319197 0.0293452 0.0318922 0.0274047 0.0298781 0.0259472 0.0285395 0.0265547 0.0252651 0.0204058 0.0262034 0.0275896 0.0273889 0.0281570 0.0264778 0.0211456 0.0000000 0.0271168 0.0260199 0.0252760 0.0223610 0.0278936 0.0256896 0.0238140 0.0222447 0.0256395 0.0269200 0.0252690 0.0259069 0.0247135 0.0309007 0.0333787 0.0282726 0.0324488 0.0336308 0.0339551 0.0312799 0.0311989 0.0318280 0.0289905 0.0339983 0.0337740 0.0338720 0.0344114 0.0300360 0.0348429 0.0390690 0.0291021 0.0309684 0.0349003 0.0288166 0.0312260 0.0362868 0.0338131 0.0339355 
pop2.indv13 0.0433985 0.0410580 0.0395366 0.0353583 0.0399647 0.0353453 0.0385133 0.0378245 0.0376427 0.0343026 0.0391734 0.0411464 0.0399171 0.0385701 0.0398605 0.0394069 0.0413302 0.0422676 0.0448217 0.0431322 0.0373525 0.0338818 0.0391329 0.0384126 0.0356429 0.0256753 0.0307110 0.0294287 0.0329983 0.0271017 0.0323364 0.0350226 0.0288570 0.0295850 0.0292718 0.0287390 0.0271168 0.0000000 0.0322629 0.0309359 0.0309272 0.0324526 0.0340539 0.0313840 0.0280031 0.0305683 0.0300069 0.0301690 0.0319616 0.0328020 0.0431785 0.0419034 0.0390258 0.0414496 0.0401052 0.0444380 0.0386688 0.0408601 0.0413764 0.0393911 0.0408239 0.0439123 0.0421725 0.0427677 0.0398234 0.0422718 0.0443522 0.0400927 0.0367425 0.0407161 0.0365033 0.0403395 0.0435394 0.0460820 0.0435009 
pop2.indv14 0.0409977 0.0359124 0.0361777 0.0325212 0.0357258 0.0351080 0.0360665 0.0333889 0.0336669 0.0350624 0.0348700 0.0373742 0.0320027 0.0340041 0.0375120 0.0362821 0.0325212 0.0368379 0.0357051 0.0388373 0.0338327 0.0317507 0.0333403 0.0333884 0.0318646 0.0268221 0.0266507 0.0262489 0.0278008 0.0221768 0.0285313 0.0289411 0.0281177 0.0280552 0.0322448 0.0272820 0.0260199 0.0322629 0.0000000 0.0253819 0.0276068 0.0279929 0.0281806 0.0287792 0.0273430 0.0273354 0.0280188 0.0266878 0.0260345 0.0294787 0.0290606 0.0378514 0.0329888 0.0372135 0.0331097 0.0377193 0.0321437 0.0373879 0.0353835 0.0365351 0.0360636 0.0366658 0.0343225 0.0377912 0.0353321 0.0316915 0.0440948 0.0349468 0.0331304 0.0355192 0.0361711 0.0331304 0.0349508 0.0379733 0.0426973 
pop2.indv15 0.0354167 0.0323094 0.0376099 0.0355615 0.0357563 0.0333307 0.0385805 0.0348632 0.0326238 0.0361537 0.0328821 0.0381898 0.0362552 0.0384799 0.0385244 0.0362507 0.0396974 0.0360636 0.0416830 0.0382358 0.0345914 0.0333501 0.0359541 0.0305648 0.0326177 0.0284187 0.0281334 0.0286350 0.0262034 0.0257602 0.0266619 0.0314834 0.0253495 0.0308144 0.0274580 0.0275913 0.0252760 0.0309359 0.0253819 0.0000000 0.0297932 0.0240244 0.0284996 0.0300238 0.0241983 0.0267847 0.0280818 0.0288438 0.0272159 0.0271472 0.0341322 0.0379439 0.0341476 0.0362446 0.0369222 0.0353250 0.0336928 0.0404016 0.0349811 0.0355913 0.0352438 0.0365139 0.0354986 0.0409325 0.0318830 0.0384126 0.0387382 0.0342532 0.0321346 0.0371378 0.0367403 0.0348097 0.0393335 0.0388971 0.0349668 
pop2.indv16 0.0338186 0.0324582 0.0349568 0.0332926 0.0349468 0.0347997 0.0349267 0.0325989 0.0311635 0.0337545 0.0344125 0.0387043 0.0360484 0.0349913 0.0378012 0.0386018 0.0338529 0.0361985 0.0380211 0.0417434 0.0321521 0.0313520 0.0334931 0.0321336 0.0368578 0.0238206 0.0277618 0.0301353 0.0266170 0.0242939 0.0275043 0.0309185 0.0256747 0.0263363 0.0254601 0.0291240 0.0223610 0.0309272 0.0276068 0.0297932 0.0000000 0.0287390 0.0260952 0.0274763 0.0271017 0.0315167 0.0249912 0.0269960 0.0290310 0.0249289 0.0358093 0.0403276 0.0328671 0.0370731 0.0370193 0.0397417 0.0355411 0.0370626 0.0315682 0.0358707 0.0368273 0.0331874 0.0406564 0.0324488 0.0284336 0.0348902 0.0397301 0.0314857 0.0319226 0.0381432 0.0261150 0.0347196 0.0361187 0.0365458 0.0378559 
pop2.indv17 0.0337025 0.0371378 0.0373500 0.0344817 0.0309156 0.0333595 0.0346400 0.0289862 0.0311189 0.0327647 0.0367954 0.0329103 0.0309659 0.0372027 0.0398952 0.0345113 0.0337951 0.0354901 0.0420516 0.0351128 0.0344719 0.0312709 0.0368043 0.0333884 0.0336766 0.0267026 0.0287611 0.0309818 0.0229831 0.0255681 0.0228690 0.0362049 0.0240480 0.0245091 0.0308106 0.0279014 0.0278936 0.0324526 0.0279929 0.0240244 0.0287390 0.0000000 0.0283726 0.0275146 0.0279014 0.0254831 0.0253845 0.0274154 0.0274350 0.0276145 0.0348937 0.0365495 0.0328951 0.0372984 0.0325612 0.0381677 0.0332169 0.0366951 0.0287263 0.0366871 0.0356643 0.0385580 0.0358085 0.0379844 0.0323094 0.0315128 0.0389165 0.0330737 0.0367319 0.0366129 0.0322817 0.0369231 0.0370839 0.0368911 0.0368379 
pop2.indv18 0.0385917 0.0391559 0.0369124 0.0323640 0.0358797 0.0342039 0.0372660 0.0346226 0.0364293 0.0335334 0.0370194 0.0398130 0.0397767 0.0381989 0.0357258 0.0370942 0.0351027 0.0406043 0.0420516 0.0415493 0.0385250 0.0350319 0.0344620 0.0348499 0.0364139 0.0285315 0.0274535 0.0292158 0.0286277 0.0258822 0.0259545 0.0354698 0.0278614 0.0330010 0.0269125 0.0260301 0.0256896 0.0340539 0.0281806 0.0284996 0.0260952 0.0283726 0.0000000 0.0314016 0.0270261 0.0305683 0.0278936 0.0307885 0.0265352 0.0270487 0.0335918 0.0335701 0.0353886 0.0353629 0.0357467 0.0374039 0.0296370 0.0355397 0.0340533 0.0412429 0.0373715 0.0451353 0.0357878 0.0389086 0.0331479 0.0357155 0.0414390 0.0385356 0.0360119 0.0383232 0.0345116 0.0353963 0.0390187 0.0407280 0.0365917 
pop2.indv19 0.0338089 0.0351485 0.0367531 0.0324193 0.0333592 0.0315954 0.0349869 0.0345320 0.0357258 0.0341817 0.0357567 0.0379880 0.0343721 0.0386930 0.0361154 0.0350373 0.0336255 0.0370942 0.0404224 0.0373823 0.0315400 0.0350217 0.0399527 0.0336184 0.0379289 0.0307844 0.0261189 0.0307798 0.0279560 0.0237744 0.0263515 0.0307323 0.0296430 0.0313049 0.0262264 0.0269359 0.0238140 0.0313840 0.0287792 0.0300238 0.0274763 0.0275146 0.0314016 0.0000000 0.0282358 0.0262925 0.0275299 0.0272592 0.0280424 0.0259255 0.0319381 0.0401044 0.0319074 0.0389618 0.0326519 0.0365495 0.0323548 0.0356740 0.0328726 0.0348398 0.0390597 0.0372444 0.0376099 0.0382885 0.0339551 0.0353963 0.0396372 0.0351181 0.0342550 0.0379328 0.0324022 0.0360144 0.0364398 0.0355500 0.0378340 
pop2.indv20 0.0344223 0.0357774 0.0345216 0.0312439 0.0313151 0.0291021 0.0317096 0.0271501 0.0297667 0.0336699 0.0327364 0.0324116 0.0273266 0.0337447 0.0359107 0.0347696 0.0344421 0.0318953 0.0335237 0.0348967 0.0344819 0.0287280 0.0352809 0.0348429 0.0329354 0.0278870 0.0252550 0.0243342 0.0243474 0.0232665 0.0275275 0.0269351 0.0254760 0.0282437 0.0249422 0.0264685 0.0222447 0.0280031 0.0273430 0.0241983 0.0271017 0.0279014 0.0270261 0.0282358 0.0000000 0.0268522 0.0283947 0.0246518 0.0261150 0.0249912 0.0315621 0.0329670 0.0312795 0.0334173 0.0333403 0.0322448 0.0283368 0.0304882 0.0319842 0.0325518 0.0332255 0.0369979 0.0352401 0.0389086 0.0312889 0.0300618 0.0382101 0.0305125 0.0347696 0.0340139 0.0286854 0.0318006 0.0361711 0.0388288 0.0383566 
pop2.indv21 0.0344026 0.0372027 0.0394298 0.0356743 0.0308805 0.0329860 0.0352844 0.0331671 0.0307452 0.0313339 0.0332255 0.0368379 0.0344219 0.0355295 0.0403370 0.0358282 0.0372768 0.0336447 0.0376035 0.0385133 0.0323651 0.0372678 0.0347519 0.0327741 0.0335528 0.0266245 0.0299396 0.0298476 0.0296119 0.0262337 0.0284027 0.0347473 0.0288195 0.0310948 0.0254174 0.0271760 0.0256395 0.0305683 0.0273354 0.0267847 0.0315167 0.0254831 0.0305683 0.0262925 0.0268522 0.0000000 0.0316874 0.0266952 0.0256896 0.0267324 0.0392018 0.0363450 0.0358282 0.0391215 0.0331767 0.0375772 0.0317955 0.0350014 0.0324956 0.0374612 0.0378387 0.0370731 0.0408897 0.0399054 0.0360694 0.0391734 0.0417075 0.0388712 0.0351128 0.0348801 0.0366871 0.0370085 0.0402922 0.0417321 0.0402569 
pop2.indv22 0.0393911 0.0344319 0.0352438 0.0354698 0.0350373 0.0379289 0.0391848 0.0356112 0.0336475 0.0357572 0.0367296 0.0385805 0.0380765 0.0362868 0.0374039 0.0391392 0.0375663 0.0375229 0.0421635 0.0383796 0.0334173 0.0326177 0.0338867 0.0351993 0.0385024 0.0277618 0.0254056 0.0316655 0.0276052 0.0294870 0.0281848 0.0326948 0.0278624 0.0279092 0.0271701 0.0285395 0.0269200 0.0300069 0.0280188 0.0280818 0.0249912 0.0253845 0.0278936 0.0275299 0.0283947 0.0316874 0.0000000 0.0252130 0.0281055 0.0271472 0.0345924 0.0357981 0.0384686 0.0396025 0.0338916 0.0392304 0.0343927 0.0378690 0.0324862 0.0359855 0.0399995 0.0387268 0.0360169 0.0365312 0.0362974 0.0339062 0.0414618 0.0336184 0.0331494 0.0387721 0.0342236 0.0352707 0.0374830 0.0414374 0.0395909 
pop2.indv23 0.0379108 0.0361711 0.0406398 0.0302020 0.0350927 0.0351080 0.0372444 0.0366951 0.0363661 0.0343125 0.0337701 0.0382786 0.0358093 0.0377962 0.0354393 0.0391051 0.0344719 0.0384686 0.0374503 0.0404397 0.0350217 0.0373114 0.0393450 0.0394488 0.0382997 0.0281134 0.0258794 0.0284528 0.0267772 0.0244629 0.0265947 0.0288114 0.0244686 0.0262562 0.0246997 0.0265768 0.0252690 0.0301690 0.0266878 0.0288438 0.0269960 0.0274154 0.0307885 0.0272592 0.0246518 0.0266952 0.0252130 0.0000000 0.0288843 0.0284916 0.0343721 0.0398944 0.0320433 0.0376755 0.0356326 0.0425162 0.0361881 0.0344619 0.0333980 0.0421601 0.0350626 0.0376755 0.0380211 0.0388516 0.0349811 0.0385021 0.0439123 0.0388035 0.0373715 0.0402922 0.0338770 0.0368471 0.0387043 0.0344917 0.0331684 
pop2.indv24 0.0306966 0.0339705 0.0316957 0.0289203 0.0313867 0.0341817 0.0324862 0.0320659 0.0354041 0.0297532 0.0356119 0.0345320 0.0328075 0.0360195 0.0388857 0.0338229 0.0323465 0.0349508 0.0428138 0.0351688 0.0323007 0.0321419 0.0362762 0.0339507 0.0321980 0.0273310 0.0297179 0.0258822 0.0246965 0.0231112 0.0284255 0.0335412 0.0223117 0.0231573 0.0301496 0.0284428 0.0259069 0.0319616 0.0260345 0.0272159 0.0290310 0.0274350 0.0265352 0.0280424 0.0261150 0.0256896 0.0281055 0.0288843 0.0000000 0.0238603 0.0342193 0.0394098 0.0327270 0.0343522 0.0340497 0.0390115 0.0317006 0.0347442 0.0327408 0.0327028 0.0329955 0.0406012 0.0416954 0.0350571 0.0329831 0.0325801 0.0428437 0.0381766 0.0333499 0.0344719 0.0291354 0.0381209 0.0363397 0.0410780 0.0357780 
pop2.indv25 0.0368471 0.0347217 0.0363555 0.0347696 0.0337992 0.0328214 0.0322356 0.0365205 0.0336572 0.0300446 0.0348902 0.0356533 0.0364992 0.0321613 0.0371799 0.0369979 0.0328163 0.0359004 0.0399642 0.0371691 0.0350116 0.0336210 0.0378735 0.0343324 0.0347519 0.0313062 0.0281413 0.0292893 0.0243610 0.0247547 0.0273310 0.0323916 0.0251920 0.0268166 0.0299449 0.0289737 0.0247135 0.0328020 0.0294787 0.0271472 0.0249289 0.0276145 0.0270487 0.0259255 0.0249912 0.0267324 0.0271472 0.0284916 0.0238603 0.0000000 0.0356216 0.0366309 0.0326576 0.0369115 0.0347923 0.0392419 0.0382675 0.0366630 0.0333019 0.0347519 0.0361881 0.0404461 0.0350878 0.0378579 0.0372570 0.0382786 0.0395066 0.0348197 0.0352540 0.0356740 0.0331383 0.0359646 0.0345415 0.0405731 0.0383232 
pop3.indv1  0.0305736 0.0300963 0.0312081 0.0301496 0.0268353 0.0308331 0.0281811 0.0285308 0.0285964 0.0266316 0.0327647 0.0291104 0.0286538 0.0296588 0.0310833 0.0301324 0.0352236 0.0323836 0.0307673 0.0297041 0.0301743 0.0308740 0.0275173 0.0264270 0.0307584 0.0331947 0.0318372 0.0426415 0.0331561 0.0301743 0.0322636 0.0321233 0.0355603 0.0355295 0.0337522 0.0339747 0.0309007 0.0431785 0.0290606 0.0341322 0.0358093 0.0348937 0.0335918 0.0319381 0.0315621 0.0392018 0.0345924 0.0343721 0.0342193 0.0356216 0.0000000 0.0302963 0.0283046 0.0313610 0.0260464 0.0296478 0.0271564 0.0267723 0.0289074 0.0288495 0.0293131 0.0296901 0.0263745 0.0298266 0.0266658 0.0290689 0.0328119 0.0276598 0.0282806 0.0303484 0.0248994 0.0269420 0.0292956 0.0356947 0.0311545 
pop3.indv2  0.0335123 0.0347117 0.0337701 0.0284428 0.0289086 0.0289614 0.0345017 0.0310283 0.0280532 0.0308861 0.0326051 0.0337798 0.0291688 0.0311635 0.0339109 0.0324470 0.0302876 0.0302020 0.0355192 0.0305969 0.0315954 0.0332921 0.0330144 0.0287099 0.0312350 0.0339705 0.0335220 0.0405454 0.0364246 0.0341252 0.0395147 0.0408842 0.0397436 0.0398130 0.0365564 0.0413278 0.0333787 0.0419034 0.0378514 0.0379439 0.0403276 0.0365495 0.0335701 0.0401044 0.0329670 0.0363450 0.0357981 0.0398944 0.0394098 0.0366309 0.0302963 0.0000000 0.0329513 0.0290884 0.0336088 0.0304777 0.0279422 0.0305911 0.0308243 0.0274084 0.0332547 0.0335123 0.0325771 0.0268202 0.0312529 0.0322632 0.0341252 0.0292373 0.0310408 0.0308805 0.0316824 0.0294878 0.0270567 0.0345315 0.0321712 
