75
pop1.indv1  0.0000000 0.0312986 0.0319452 0.0296692 0.0332712 0.0291357 0.0309493 0.0280083 0.0302486 0.0334256 0.0277228 0.0300621 0.0285265 0.0274784 0.0293582 0.0272657 0.0296299 0.0268908 0.0308536 0.0292703 0.0330743 0.0337838 0.0292450 0.0262864 0.0299430 0.0341476 0.0345871 0.0384116 0.0305697 0.0423325 0.0402140 0.0417067 0.0400462 0.0333617 0.0340656 0.0390682 0.0422124 0.0332723 0.0376281 0.0359940 0.0349565 0.0359475 0.0346328 0.0360881 0.0382389 0.0368793 0.0327102 0.0372779 0.0326017 0.0333400 0.0323500 0.0308089 0.0328920 0.0305056 0.0309134 0.0276328 0.0327459 0.0303865 0.0303796 0.0329285 0.0326368 0.0276769 0.0280617 0.0319724 0.0264598 0.0331192 0.0314923 0.0365442 0.0344144 0.0267703 0.0291050 0.0278667 0.0268162 0.0316128 0.0399403 
pop1.indv2  0.0312986 0.0000000 0.0271775 0.0253707 0.0267470 0.0316363 0.0266759 0.0272780 0.0264068 0.0302826 0.0264339 0.0331903 0.0278565 0.0266221 0.0283745 0.0274940 0.0358501 0.0283205 0.0333216 0.0314113 0.0313074 0.0346802 0.0296922 0.0307323 0.0328863 0.0426613 0.0359662 0.0388222 0.0381567 0.0417105 0.0447271 0.0433179 0.0424045 0.0415413 0.0386746 0.0389731 0.0403358 0.0382147 0.0441903 0.0420126 0.0358193 0.0467864 0.0342618 0.0389484 0.0357525 0.0432937 0.0374743 0.0376661 0.0378476 0.0388068 0.0327885 0.0324880 0.0288066 0.0331700 0.0309463 0.0311897 0.0315531 0.0319850 0.0286037 0.0297422 0.0311740 0.0268794 0.0299929 0.0337049 0.0319674 0.0354663 0.0368017 0.0308007 0.0321210 0.0307458 0.0281058 0.0295278 0.0320228 0.0327048 0.0319757 
pop1.indv3  0.0319452 0.0271775 0.0000000 0.0317814 0.0258127 0.0290104 0.0308844 0.0303658 0.0305139 0.0319345 0.0310044 0.0264501 0.0364091 0.0274560 0.0323683 0.0277530 0.0317641 0.0334955 0.0287727 0.0295614 0.0267121 0.0351388 0.0286118 0.0246258 0.0295616 0.0409024 0.0386575 0.0393045 0.0445491 0.0406861 0.0450558 0.0484236 0.0438760 0.0423720 0.0400787 0.0438020 0.0389330 0.0385169 0.0382773 0.0403746 0.0362828 0.0430852 0.0358827 0.0409574 0.0390345 0.0384919 0.0392593 0.0403955 0.0389920 0.0368662 0.0282508 0.0319144 0.0327265 0.0329514 0.0272415 0.0323253 0.0345819 0.0354728 0.0294453 0.0298726 0.0304322 0.0274498 0.0275396 0.0315881 0.0333190 0.0284291 0.0308750 0.0344844 0.0338711 0.0318360 0.0269331 0.0268351 0.0310963 0.0389128 0.0286726 
pop1.indv4  0.0296692 0.0253707 0.0317814 0.0000000 0.0277524 0.0292365 0.0338335 0.0316784 0.0296044 0.0277426 0.0264843 0.0294012 0.0302393 0.0258729 0.0300911 0.0302393 0.0310197 0.0302764 0.0311084 0.0316905 0.0289838 0.0263745 0.0266408 0.0272666 0.0280085 0.0347386 0.0335089 0.0375570 0.0313866 0.0420654 0.0353707 0.0388804 0.0394469 0.0375733 0.0397935 0.0374236 0.0308074 0.0322813 0.0398271 0.0365709 0.0337604 0.0370241 0.0333326 0.0369166 0.0328738 0.0347079 0.0359196 0.0365225 0.0371542 0.0384856 0.0289031 0.0301409 0.0312603 0.0316054 0.0312302 0.0299882 0.0354312 0.0315610 0.0305919 0.0322720 0.0333543 0.0271817 0.0292590 0.0335434 0.0315083 0.0321976 0.0331295 0.0325901 0.0334274 0.0342324 0.0256665 0.0325923 0.0301572 0.0353905 0.0331470 
pop1.indv5  0.0332712 0.0267470 0.0258127 0.0277524 0.0000000 0.0301384 0.0262506 0.0300638 0.0305449 0.0292945 0.0291059 0.0258183 0.0302340 0.0308309 0.0242793 0.0313990 0.0306118 0.0292366 0.0272839 0.0300728 0.0266065 0.0287988 0.0306928 0.0296938 0.0248459 0.0364005 0.0341796 0.0341415 0.0339293 0.0370898 0.0404242 0.0400491 0.0363790 0.0371685 0.0377326 0.0364885 0.0342008 0.0336646 0.0358501 0.0346183 0.0302742 0.0354031 0.0306583 0.0350438 0.0332898 0.0352953 0.0365542 0.0342658 0.0311226 0.0336452 0.0297412 0.0278426 0.0288313 0.0327414 0.0270814 0.0302889 0.0326935 0.0324169 0.0283380 0.0279100 0.0292456 0.0266793 0.0254315 0.0318156 0.0318371 0.0328695 0.0337599 0.0318926 0.0297763 0.0260696 0.0270396 0.0290713 0.0285135 0.0321196 0.0290831 
pop1.indv6  0.0291357 0.0316363 0.0290104 0.0292365 0.0301384 0.0000000 0.0297883 0.0311890 0.0309912 0.0327357 0.0284816 0.0281977 0.0316579 0.0275616 0.0297211 0.0261211 0.0352455 0.0311508 0.0271255 0.0297072 0.0301971 0.0303535 0.0313504 0.0247524 0.0244852 0.0389298 0.0350134 0.0356010 0.0370188 0.0385287 0.0357524 0.0404832 0.0420591 0.0369415 0.0403923 0.0409841 0.0348428 0.0325176 0.0394670 0.0384557 0.0337489 0.0382423 0.0304187 0.0330285 0.0364649 0.0399138 0.0374709 0.0396896 0.0373981 0.0355962 0.0294672 0.0326599 0.0261089 0.0314993 0.0271471 0.0292253 0.0319566 0.0327919 0.0293626 0.0307468 0.0315227 0.0260397 0.0323931 0.0265935 0.0314468 0.0288011 0.0326047 0.0350325 0.0302791 0.0308246 0.0324226 0.0252637 0.0338645 0.0339346 0.0357991 
pop1.indv7  0.0309493 0.0266759 0.0308844 0.0338335 0.0262506 0.0297883 0.0000000 0.0316952 0.0294220 0.0327174 0.0291569 0.0318633 0.0354641 0.0251988 0.0340855 0.0323391 0.0334877 0.0309116 0.0311823 0.0316864 0.0300777 0.0299556 0.0302669 0.0276037 0.0281922 0.0425237 0.0365264 0.0368937 0.0322527 0.0428640 0.0413735 0.0406503 0.0375346 0.0403350 0.0351459 0.0377220 0.0373306 0.0314628 0.0406219 0.0326534 0.0330564 0.0394177 0.0336638 0.0353978 0.0380900 0.0395295 0.0367789 0.0398042 0.0380940 0.0349108 0.0335331 0.0313330 0.0360129 0.0343823 0.0297808 0.0344213 0.0348036 0.0360331 0.0330329 0.0330409 0.0334772 0.0272958 0.0341431 0.0376398 0.0353694 0.0324815 0.0328435 0.0343763 0.0345192 0.0303601 0.0261535 0.0309191 0.0313929 0.0331275 0.0305983 
pop1.indv8  0.0280083 0.0272780 0.0303658 0.0316784 0.0300638 0.0311890 0.0316952 0.0000000 0.0262475 0.0311059 0.0285741 0.0275682 0.0313195 0.0316703 0.0331901 0.0282293 0.0304369 0.0319149 0.0311869 0.0319762 0.0307767 0.0345932 0.0325674 0.0303918 0.0301765 0.0413503 0.0345289 0.0374850 0.0379717 0.0400324 0.0387117 0.0380594 0.0380216 0.0401676 0.0368827 0.0383249 0.0352971 0.0331452 0.0387844 0.0369194 0.0323704 0.0396206 0.0359675 0.0383535 0.0340366 0.0430108 0.0375039 0.0356518 0.0358480 0.0359102 0.0364227 0.0270305 0.0309523 0.0349086 0.0293397 0.0301515 0.0360408 0.0318842 0.0318301 0.0334417 0.0334900 0.0260767 0.0318296 0.0307831 0.0355790 0.0348177 0.0338487 0.0353098 0.0334378 0.0328333 0.0339169 0.0300618 0.0316193 0.0334044 0.0344261 
pop1.indv9  0.0302486 0.0264068 0.0305139 0.0296044 0.0305449 0.0309912 0.0294220 0.0262475 0.0000000 0.0302175 0.0254184 0.0244826 0.0281124 0.0276579 0.0295580 0.0262920 0.0331279 0.0311598 0.0327424 0.0270239 0.0269637 0.0331245 0.0286971 0.0259649 0.0286221 0.0385646 0.0331850 0.0365064 0.0347046 0.0433024 0.0384199 0.0408022 0.0371379 0.0387497 0.0307730 0.0389768 0.0337571 0.0322272 0.0377723 0.0355878 0.0302808 0.0394432 0.0319437 0.0355873 0.0367238 0.0414016 0.0379708 0.0347336 0.0360269 0.0374951 0.0335168 0.0286238 0.0312040 0.0339706 0.0297590 0.0298573 0.0337388 0.0292574 0.0310166 0.0271458 0.0323834 0.0234565 0.0288933 0.0330579 0.0316087 0.0349724 0.0322179 0.0319854 0.0346449 0.0313090 0.0292337 0.0278756 0.0259688 0.0317923 0.0300252 
pop1.indv10 0.0334256 0.0302826 0.0319345 0.0277426 0.0292945 0.0327357 0.0327174 0.0311059 0.0302175 0.0000000 0.0235435 0.0282893 0.0324737 0.0255573 0.0313823 0.0276078 0.0304832 0.0303740 0.0296688 0.0338064 0.0320988 0.0307052 0.0295797 0.0313924 0.0256264 0.0417220 0.0373390 0.0398585 0.0389847 0.0383975 0.0410482 0.0455298 0.0435649 0.0409145 0.0427663 0.0421958 0.0381994 0.0384734 0.0369476 0.0360028 0.0395422 0.0457962 0.0301139 0.0386076 0.0366090 0.0381828 0.0410355 0.0383885 0.0367892 0.0403315 0.0323826 0.0285972 0.0304121 0.0401238 0.0312439 0.0316514 0.0325907 0.0318391 0.0327889 0.0304481 0.0310705 0.0260078 0.0300039 0.0318382 0.0289217 0.0329732 0.0291854 0.0318853 0.0334250 0.0309977 0.0294939 0.0310358 0.0331052 0.0336029 0.0354779 
pop1.indv11 0.0277228 0.0264339 0.0310044 0.0264843 0.0291059 0.0284816 0.0291569 0.0285741 0.0254184 0.0235435 0.0000000 0.0291593 0.0315808 0.0250506 0.0290664 0.0257409 0.0266550 0.0290834 0.0278490 0.0292444 0.0285813 0.0295427 0.0276844 0.0270514 0.0238115 0.0349816 0.0333911 0.0367974 0.0397794 0.0397203 0.0384330 0.0442006 0.0369400 0.0319199 0.0370704 0.0380522 0.0338896 0.0321163 0.0325393 0.0374356 0.0320201 0.0355760 0.0331348 0.0363565 0.0318068 0.0354568 0.0366259 0.0379330 0.0308587 0.0325723 0.0348250 0.0281807 0.0321906 0.0306819 0.0268278 0.0270410 0.0333229 0.0288582 0.0288317 0.0284512 0.0281534 0.0264581 0.0267425 0.0302833 0.0295322 0.0343623 0.0303942 0.0363374 0.0266848 0.0311567 0.0273054 0.0252131 0.0289446 0.0307922 0.0325322 
pop1.indv12 0.0300621 0.0331903 0.0264501 0.0294012 0.0258183 0.0281977 0.0318633 0.0275682 0.0244826 0.0282893 0.0291593 0.0000000 0.0352068 0.0289608 0.0277352 0.0284021 0.0331406 0.0282845 0.0258592 0.0272384 0.0296736 0.0283423 0.0302802 0.0274933 0.0275576 0.0412214 0.0309238 0.0368613 0.0393074 0.0389791 0.0397599 0.0419595 0.0387601 0.0400835 0.0412317 0.0369020 0.0364519 0.0353955 0.0389133 0.0368527 0.0318249 0.0370141 0.0248964 0.0338924 0.0344665 0.0347401 0.0380707 0.0331793 0.0319292 0.0355982 0.0288323 0.0297630 0.0294990 0.0314741 0.0310337 0.0274392 0.0258936 0.0291861 0.0245427 0.0293461 0.0310801 0.0248098 0.0273508 0.0317844 0.0319932 0.0328290 0.0281025 0.0289187 0.0320546 0.0316285 0.0258607 0.0241274 0.0246418 0.0320239 0.0331332 
pop1.indv13 0.0285265 0.0278565 0.0364091 0.0302393 0.0302340 0.0316579 0.0354641 0.0313195 0.0281124 0.0324737 0.0315808 0.0352068 0.0000000 0.0343094 0.0351797 0.0283318 0.0322339 0.0312787 0.0326273 0.0317051 0.0321980 0.0337458 0.0296093 0.0332328 0.0302966 0.0395768 0.0352908 0.0368869 0.0369392 0.0408672 0.0394228 0.0415571 0.0412079 0.0429264 0.0355660 0.0397822 0.0394144 0.0302729 0.0398907 0.0424574 0.0352879 0.0350038 0.0310481 0.0368760 0.0428790 0.0359677 0.0345582 0.0377438 0.0373221 0.0355673 0.0327638 0.0294619 0.0283500 0.0331110 0.0305811 0.0320955 0.0315186 0.0315069 0.0284016 0.0303900 0.0330913 0.0307656 0.0341700 0.0332316 0.0365666 0.0333741 0.0390244 0.0362737 0.0374116 0.0329072 0.0311307 0.0306331 0.0406658 0.0321327 0.0342877 
pop1.indv14 0.0274784 0.0266221 0.0274560 0.0258729 0.0308309 0.0275616 0.0251988 0.0316703 0.0276579 0.0255573 0.0250506 0.0289608 0.0343094 0.0000000 0.0298231 0.0255826 0.0247082 0.0254264 0.0306463 0.0261930 0.0286644 0.0295223 0.0261526 0.0294240 0.0245568 0.0386582 0.0386820 0.0383559 0.0353317 0.0381171 0.0392656 0.0355156 0.0345777 0.0367428 0.0362550 0.0401677 0.0333515 0.0314340 0.0406992 0.0342213 0.0324108 0.0405063 0.0305391 0.0379993 0.0346861 0.0387844 0.0352813 0.0334783 0.0336664 0.0322963 0.0305334 0.0278557 0.0294905 0.0300814 0.0275529 0.0320784 0.0311981 0.0289921 0.0246365 0.0304491 0.0294378 0.0245437 0.0270714 0.0300663 0.0326512 0.0303076 0.0292184 0.0310805 0.0284826 0.0350981 0.0258403 0.0237587 0.0264319 0.0330624 0.0350981 
pop1.indv15 0.0293582 0.0283745 0.0323683 0.0300911 0.0242793 0.0297211 0.0340855 0.0331901 0.0295580 0.0313823 0.0290664 0.0277352 0.0351797 0.0298231 0.0000000 0.0333082 0.0312966 0.0315344 0.0304033 0.0340271 0.0310900 0.0304888 0.0343094 0.0281763 0.0307109 0.0408946 0.0357568 0.0356796 0.0398030 0.0366536 0.0357432 0.0389653 0.0423753 0.0394937 0.0413996 0.0410238 0.0357697 0.0366096 0.0404501 0.0361977 0.0361951 0.0427284 0.0387553 0.0413985 0.0371898 0.0381935 0.0414245 0.0362725 0.0376743 0.0356988 0.0311455 0.0290372 0.0276848 0.0307650 0.0320321 0.0288657 0.0321021 0.0267412 0.0301094 0.0353321 0.0302777 0.0281829 0.0282580 0.0330069 0.0322404 0.0333702 0.0345210 0.0350894 0.0314741 0.0300167 0.0319788 0.0289475 0.0327772 0.0378454 0.0329560 
pop1.indv16 0.0272657 0.0274940 0.0277530 0.0302393 0.0313990 0.0261211 0.0323391 0.0282293 0.0262920 0.0276078 0.0257409 0.0284021 0.0283318 0.0255826 0.0333082 0.0000000 0.0320661 0.0285380 0.0290148 0.0327801 0.0260767 0.0311132 0.0338487 0.0322025 0.0296339 0.0394205 0.0357873 0.0401040 0.0393349 0.0423731 0.0357365 0.0437107 0.0393343 0.0380801 0.0404522 0.0392703 0.0358337 0.0353524 0.0390718 0.0427576 0.0314555 0.0387444 0.0332242 0.0373793 0.0368914 0.0392554 0.0395881 0.0319685 0.0380728 0.0383576 0.0300725 0.0300531 0.0276125 0.0335962 0.0280674 0.0297873 0.0322295 0.0320972 0.0313216 0.0285592 0.0347838 0.0319724 0.0300318 0.0330603 0.0330494 0.0298533 0.0308566 0.0350890 0.0316018 0.0308933 0.0292584 0.0275649 0.0308801 0.0358156 0.0295668 
pop1.indv17 0.0296299 0.0358501 0.0317641 0.0310197 0.0306118 0.0352455 0.0334877 0.0304369 0.0331279 0.0304832 0.0266550 0.0331406 0.0322339 0.0247082 0.0312966 0.0320661 0.0000000 0.0316832 0.0318743 0.0301257 0.0285305 0.0334542 0.0334573 0.0291742 0.0328996 0.0400267 0.0348911 0.0400694 0.0374338 0.0415560 0.0378763 0.0399157 0.0415539 0.0403186 0.0388590 0.0407323 0.0378453 0.0333250 0.0360053 0.0408212 0.0386825 0.0374293 0.0350137 0.0349098 0.0378213 0.0359323 0.0382711 0.0357275 0.0358827 0.0385367 0.0336598 0.0315778 0.0312230 0.0362664 0.0310938 0.0322246 0.0331746 0.0335731 0.0300566 0.0309566 0.0327706 0.0318473 0.0333868 0.0317763 0.0352958 0.0327432 0.0319757 0.0374193 0.0318644 0.0342189 0.0278304 0.0285566 0.0310922 0.0308844 0.0368945 
pop1.indv18 0.0268908 0.0283205 0.0334955 0.0302764 0.0292366 0.0311508 0.0309116 0.0319149 0.0311598 0.0303740 0.0290834 0.0282845 0.0312787 0.0254264 0.0315344 0.0285380 0.0316832 0.0000000 0.0313117 0.0281870 0.0337049 0.0328814 0.0322463 0.0276551 0.0335893 0.0390898 0.0398505 0.0372407 0.0371338 0.0410086 0.0398680 0.0407493 0.0366816 0.0380409 0.0394847 0.0414476 0.0378646 0.0342471 0.0382004 0.0360900 0.0343711 0.0378305 0.0351422 0.0376664 0.0353013 0.0346773 0.0384548 0.0369072 0.0330145 0.0371177 0.0316869 0.0250213 0.0325029 0.0271856 0.0256108 0.0307770 0.0344396 0.0349306 0.0323901 0.0298174 0.0312661 0.0263129 0.0316252 0.0300142 0.0297181 0.0312396 0.0397813 0.0312719 0.0345008 0.0313538 0.0296373 0.0289446 0.0286135 0.0360226 0.0345687 
pop1.indv19 0.0308536 0.0333216 0.0287727 0.0311084 0.0272839 0.0271255 0.0311823 0.0311869 0.0327424 0.0296688 0.0278490 0.0258592 0.0326273 0.0306463 0.0304033 0.0290148 0.0318743 0.0313117 0.0000000 0.0291833 0.0292071 0.0328859 0.0372757 0.0319507 0.0268636 0.0404253 0.0392075 0.0383294 0.0383681 0.0452883 0.0375454 0.0481243 0.0422755 0.0390216 0.0392893 0.0403608 0.0360632 0.0372710 0.0397846 0.0405490 0.0367753 0.0368218 0.0318389 0.0370245 0.0378813 0.0394158 0.0364598 0.0360822 0.0381038 0.0367026 0.0282167 0.0317678 0.0321813 0.0330197 0.0310432 0.0297818 0.0309009 0.0347820 0.0266327 0.0309525 0.0346184 0.0255646 0.0271649 0.0300848 0.0320294 0.0328419 0.0366091 0.0364670 0.0295466 0.0270536 0.0276509 0.0317700 0.0308419 0.0340641 0.0346986 
pop1.indv20 0.0292703 0.0314113 0.0295614 0.0316905 0.0300728 0.0297072 0.0316864 0.0319762 0.0270239 0.0338064 0.0292444 0.0272384 0.0317051 0.0261930 0.0340271 0.0327801 0.0301257 0.0281870 0.0291833 0.0000000 0.0316718 0.0327489 0.0305447 0.0309087 0.0282680 0.0401272 0.0323540 0.0370080 0.0329972 0.0373408 0.0362913 0.0389530 0.0403308 0.0314908 0.0357832 0.0373509 0.0326640 0.0298176 0.0385519 0.0363022 0.0291216 0.0361137 0.0324777 0.0342545 0.0399682 0.0353580 0.0383066 0.0329995 0.0341899 0.0330359 0.0297231 0.0291706 0.0315680 0.0314711 0.0269182 0.0309959 0.0324793 0.0288622 0.0312223 0.0287997 0.0294591 0.0250683 0.0301907 0.0317866 0.0297017 0.0299772 0.0361892 0.0343051 0.0350243 0.0309538 0.0281770 0.0268801 0.0288176 0.0322474 0.0357053 
pop1.indv21 0.0330743 0.0313074 0.0267121 0.0289838 0.0266065 0.0301971 0.0300777 0.0307767 0.0269637 0.0320988 0.0285813 0.0296736 0.0321980 0.0286644 0.0310900 0.0260767 0.0285305 0.0337049 0.0292071 0.0316718 0.0000000 0.0322388 0.0303050 0.0306494 0.0270463 0.0403377 0.0336537 0.0360078 0.0375461 0.0403457 0.0403746 0.0419204 0.0404353 0.0405185 0.0380147 0.0439843 0.0389963 0.0334964 0.0383109 0.0376688 0.0352373 0.0397779 0.0369496 0.0360857 0.0358937 0.0333566 0.0378654 0.0342622 0.0353057 0.0344685 0.0321148 0.0320800 0.0290925 0.0347975 0.0288043 0.0321186 0.0334698 0.0358757 0.0330223 0.0326108 0.0327947 0.0322897 0.0281576 0.0306556 0.0345895 0.0333885 0.0329536 0.0328149 0.0354274 0.0288582 0.0265770 0.0279119 0.0319739 0.0350672 0.0335406 
pop1.indv22 0.0337838 0.0346802 0.0351388 0.0263745 0.0287988 0.0303535 0.0299556 0.0345932 0.0331245 0.0307052 0.0295427 0.0283423 0.0337458 0.0295223 0.0304888 0.0311132 0.0334542 0.0328814 0.0328859 0.0327489 0.0322388 0.0000000 0.0318589 0.0323417 0.0317188 0.0372741 0.0360235 0.0366124 0.0363679 0.0378939 0.0369958 0.0398067 0.0399540 0.0365981 0.0399323 0.0382170 0.0354886 0.0327319 0.0384029 0.0373175 0.0326764 0.0388595 0.0320321 0.0311934 0.0312289 0.0365717 0.0324539 0.0357810 0.0357147 0.0403785 0.0340346 0.0324842 0.0312480 0.0330256 0.0295617 0.0358100 0.0366543 0.0316572 0.0329446 0.0324085 0.0321644 0.0286740 0.0342787 0.0359442 0.0325349 0.0341752 0.0358095 0.0361576 0.0336071 0.0308410 0.0280504 0.0270382 0.0345400 0.0326539 0.0334468 
pop1.indv23 0.0292450 0.0296922 0.0286118 0.0266408 0.0306928 0.0313504 0.0302669 0.0325674 0.0286971 0.0295797 0.0276844 0.0302802 0.0296093 0.0261526 0.0343094 0.0338487 0.0334573 0.0322463 0.0372757 0.0305447 0.0303050 0.0318589 0.0000000 0.0377059 0.0292180 0.0399039 0.0365003 0.0404986 0.0388687 0.0405334 0.0409798 0.0404836 0.0386483 0.0407584 0.0398776 0.0404942 0.0360514 0.0330963 0.0400846 0.0361669 0.0328368 0.0372779 0.0346681 0.0383903 0.0389132 0.0396411 0.0375675 0.0341115 0.0387852 0.0342389 0.0318899 0.0320403 0.0341560 0.0370075 0.0319902 0.0318840 0.0371194 0.0323874 0.0321827 0.0308991 0.0319538 0.0305958 0.0301298 0.0315220 0.0342024 0.0326606 0.0334394 0.0354096 0.0357335 0.0307910 0.0275030 0.0294489 0.0309887 0.0319445 0.0341948 
pop1.indv24 0.0262864 0.0307323 0.0246258 0.0272666 0.0296938 0.0247524 0.0276037 0.0303918 0.0259649 0.0313924 0.0270514 0.0274933 0.0332328 0.0294240 0.0281763 0.0322025 0.0291742 0.0276551 0.0319507 0.0309087 0.0306494 0.0323417 0.0377059 0.0000000 0.0265111 0.0370158 0.0330210 0.0345860 0.0355484 0.0398909 0.0363649 0.0363372 0.0379234 0.0346196 0.0350184 0.0370975 0.0347551 0.0340962 0.0365383 0.0313764 0.0350849 0.0377115 0.0292568 0.0359075 0.0332427 0.0350697 0.0329174 0.0349172 0.0377335 0.0362091 0.0265341 0.0295032 0.0320601 0.0304044 0.0274447 0.0281381 0.0337477 0.0311252 0.0287036 0.0322836 0.0309930 0.0239767 0.0327645 0.0313764 0.0326546 0.0319979 0.0340080 0.0368505 0.0298135 0.0290579 0.0243315 0.0277212 0.0291682 0.0333892 0.0325723 
pop1.indv25 0.0299430 0.0328863 0.0295616 0.0280085 0.0248459 0.0244852 0.0281922 0.0301765 0.0286221 0.0256264 0.0238115 0.0275576 0.0302966 0.0245568 0.0307109 0.0296339 0.0328996 0.0335893 0.0268636 0.0282680 0.0270463 0.0317188 0.0292180 0.0265111 0.0000000 0.0326231 0.0320835 0.0374729 0.0357440 0.0357807 0.0390944 0.0395485 0.0423238 0.0393073 0.0368908 0.0346201 0.0355861 0.0304194 0.0383745 0.0336649 0.0298968 0.0357903 0.0311551 0.0330568 0.0341962 0.0388260 0.0339397 0.0371664 0.0324173 0.0321069 0.0295274 0.0295214 0.0297809 0.0327806 0.0280608 0.0281983 0.0315020 0.0311397 0.0284485 0.0324927 0.0295724 0.0238064 0.0260595 0.0331543 0.0313486 0.0308744 0.0292220 0.0280756 0.0306376 0.0301401 0.0238652 0.0273761 0.0276652 0.0324589 0.0278941 
pop2.indv1  0.0341476 0.0426613 0.0409024 0.0347386 0.0364005 0.0389298 0.0425237 0.0413503 0.0385646 0.0417220 0.0349816 0.0412214 0.0395768 0.0386582 0.0408946 0.0394205 0.0400267 0.0390898 0.0404253 0.0401272 0.0403377 0.0372741 0.0399039 0.0370158 0.0326231 0.0000000 0.0261185 0.0289130 0.0300064 0.0305853 0.0341030 0.0368359 0.0318317 0.0312550 0.0336801 0.0326258 0.0317461 0.0243266 0.0274289 0.0294721 0.0326667 0.0320089 0.0299423 0.0302809 0.0308193 0.0313354 0.0270595 0.0295733 0.0311284 0.0288966 0.0376815 0.0413291 0.0406702 0.0410200 0.0343451 0.0344520 0.0436023 0.0442617 0.0351356 0.0396520 0.0381716 0.0365264 0.0374165 0.0423375 0.0402707 0.0422063 0.0421265 0.0423961 0.0367377 0.0375346 0.0374921 0.0367286 0.0379978 0.0427716 0.0399906 
pop2.indv2  0.0345871 0.0359662 0.0386575 0.0335089 0.0341796 0.0350134 0.0365264 0.0345289 0.0331850 0.0373390 0.0333911 0.0309238 0.0352908 0.0386820 0.0357568 0.0357873 0.0348911 0.0398505 0.0392075 0.0323540 0.0336537 0.0360235 0.0365003 0.0330210 0.0320835 0.0261185 0.0000000 0.0283527 0.0233582 0.0277203 0.0343034 0.0245750 0.0290823 0.0263213 0.0296187 0.0269299 0.0267067 0.0248929 0.0257255 0.0270052 0.0245280 0.0277375 0.0210617 0.0216316 0.0229109 0.0277968 0.0217014 0.0248896 0.0305655 0.0242567 0.0304759 0.0345632 0.0318424 0.0382026 0.0343444 0.0319205 0.0353434 0.0383849 0.0324185 0.0366493 0.0386391 0.0321077 0.0351958 0.0354201 0.0378679 0.0378516 0.0353558 0.0367311 0.0380147 0.0376092 0.0362828 0.0322746 0.0331984 0.0382022 0.0407462 
pop2.indv3  0.0384116 0.0388222 0.0393045 0.0375570 0.0341415 0.0356010 0.0368937 0.0374850 0.0365064 0.0398585 0.0367974 0.0368613 0.0368869 0.0383559 0.0356796 0.0401040 0.0400694 0.0372407 0.0383294 0.0370080 0.0360078 0.0366124 0.0404986 0.0345860 0.0374729 0.0289130 0.0283527 0.0000000 0.0275188 0.0310202 0.0333947 0.0367809 0.0286811 0.0317561 0.0271554 0.0314735 0.0312039 0.0273969 0.0275652 0.0296239 0.0270463 0.0264360 0.0272295 0.0286930 0.0305000 0.0288193 0.0276382 0.0258185 0.0303492 0.0321579 0.0397315 0.0358463 0.0404339 0.0416582 0.0334205 0.0350907 0.0439628 0.0402272 0.0368642 0.0373657 0.0369674 0.0343058 0.0375307 0.0433289 0.0386202 0.0377855 0.0416567 0.0459621 0.0386438 0.0411144 0.0368289 0.0371782 0.0360413 0.0364590 0.0416627 
pop2.indv4  0.0305697 0.0381567 0.0445491 0.0313866 0.0339293 0.0370188 0.0322527 0.0379717 0.0347046 0.0389847 0.0397794 0.0393074 0.0369392 0.0353317 0.0398030 0.0393349 0.0374338 0.0371338 0.0383681 0.0329972 0.0375461 0.0363679 0.0388687 0.0355484 0.0357440 0.0300064 0.0233582 0.0275188 0.0000000 0.0304358 0.0343817 0.0326894 0.0301778 0.0331022 0.0310780 0.0342185 0.0269601 0.0274016 0.0327944 0.0329439 0.0278882 0.0306716 0.0247742 0.0275393 0.0295498 0.0336381 0.0326463 0.0273480 0.0298094 0.0253014 0.0388255 0.0382289 0.0382665 0.0391627 0.0361935 0.0371856 0.0387663 0.0357682 0.0356779 0.0372898 0.0426007 0.0332133 0.0365914 0.0433008 0.0378781 0.0394655 0.0407084 0.0378471 0.0392214 0.0355705 0.0370031 0.0329667 0.0360950 0.0398783 0.0415979 
pop2.indv5  0.0423325 0.0417105 0.0406861 0.0420654 0.0370898 0.0385287 0.0428640 0.0400324 0.0433024 0.0383975 0.0397203 0.0389791 0.0408672 0.0381171 0.0366536 0.0423731 0.0415560 0.0410086 0.0452883 0.0373408 0.0403457 0.0378939 0.0405334 0.0398909 0.0357807 0.0305853 0.0277203 0.0310202 0.0304358 0.0000000 0.0333838 0.0337357 0.0318220 0.0361348 0.0326723 0.0309546 0.0307125 0.0268904 0.0319240 0.0325123 0.0303307 0.0327201 0.0292081 0.0325742 0.0319345 0.0348412 0.0322406 0.0306729 0.0307677 0.0298146 0.0402497 0.0365925 0.0419189 0.0441349 0.0357932 0.0368109 0.0426574 0.0438993 0.0383748 0.0435130 0.0418441 0.0338196 0.0396336 0.0453350 0.0459016 0.0389916 0.0424844 0.0416971 0.0417250 0.0415809 0.0402271 0.0319586 0.0416589 0.0449583 0.0443899 
pop2.indv6  0.0402140 0.0447271 0.0450558 0.0353707 0.0404242 0.0357524 0.0413735 0.0387117 0.0384199 0.0410482 0.0384330 0.0397599 0.0394228 0.0392656 0.0357432 0.0357365 0.0378763 0.0398680 0.0375454 0.0362913 0.0403746 0.0369958 0.0409798 0.0363649 0.0390944 0.0341030 0.0343034 0.0333947 0.0343817 0.0333838 0.0000000 0.0398927 0.0332699 0.0335293 0.0363759 0.0273847 0.0328016 0.0308095 0.0356579 0.0361244 0.0287964 0.0325194 0.0287053 0.0305477 0.0327672 0.0342446 0.0364201 0.0307833 0.0361516 0.0287698 0.0371426 0.0367359 0.0412838 0.0377992 0.0409831 0.0383209 0.0490005 0.0423048 0.0344979 0.0408990 0.0382896 0.0359136 0.0379364 0.0485916 0.0427350 0.0393294 0.0383870 0.0448758 0.0435865 0.0438783 0.0336975 0.0373928 0.0420755 0.0389680 0.0447304 
pop2.indv7  0.0417067 0.0433179 0.0484236 0.0388804 0.0400491 0.0404832 0.0406503 0.0380594 0.0408022 0.0455298 0.0442006 0.0419595 0.0415571 0.0355156 0.0389653 0.0437107 0.0399157 0.0407493 0.0481243 0.0389530 0.0419204 0.0398067 0.0404836 0.0363372 0.0395485 0.0368359 0.0245750 0.0367809 0.0326894 0.0337357 0.0398927 0.0000000 0.0420181 0.0325587 0.0388322 0.0283134 0.0331245 0.0301487 0.0366497 0.0343571 0.0331823 0.0316182 0.0273911 0.0303128 0.0328608 0.0353545 0.0318103 0.0276324 0.0327368 0.0372345 0.0360028 0.0441200 0.0407060 0.0465418 0.0348672 0.0395763 0.0418581 0.0427465 0.0396826 0.0405851 0.0432978 0.0384845 0.0388173 0.0438867 0.0460305 0.0396106 0.0453390 0.0467415 0.0431124 0.0379303 0.0409481 0.0374180 0.0419441 0.0438518 0.0425468 
pop2.indv8  0.0400462 0.0424045 0.0438760 0.0394469 0.0363790 0.0420591 0.0375346 0.0380216 0.0371379 0.0435649 0.0369400 0.0387601 0.0412079 0.0345777 0.0423753 0.0393343 0.0415539 0.0366816 0.0422755 0.0403308 0.0404353 0.0399540 0.0386483 0.0379234 0.0423238 0.0318317 0.0290823 0.0286811 0.0301778 0.0318220 0.0332699 0.0420181 0.0000000 0.0308357 0.0313311 0.0347470 0.0324061 0.0315149 0.0336276 0.0311805 0.0272817 0.0326446 0.0314997 0.0309263 0.0356005 0.0327321 0.0315301 0.0326358 0.0349172 0.0301363 0.0428801 0.0394814 0.0439035 0.0400561 0.0367292 0.0420878 0.0455173 0.0355613 0.0337159 0.0376020 0.0372648 0.0374811 0.0386638 0.0452120 0.0385339 0.0444738 0.0435113 0.0430104 0.0450405 0.0349740 0.0421960 0.0352099 0.0408961 0.0429910 0.0449769 
pop2.indv9  0.0333617 0.0415413 0.0423720 0.0375733 0.0371685 0.0369415 0.0403350 0.0401676 0.0387497 0.0409145 0.0319199 0.0400835 0.0429264 0.0367428 0.0394937 0.0380801 0.0403186 0.0380409 0.0390216 0.0314908 0.0405185 0.0365981 0.0407584 0.0346196 0.0393073 0.0312550 0.0263213 0.0317561 0.0331022 0.0361348 0.0335293 0.0325587 0.0308357 0.0000000 0.0331903 0.0307125 0.0326107 0.0315010 0.0326793 0.0291192 0.0313260 0.0300590 0.0284006 0.0263440 0.0315599 0.0307873 0.0297759 0.0305521 0.0312916 0.0318530 0.0368810 0.0402314 0.0389238 0.0385991 0.0373267 0.0367459 0.0456569 0.0376111 0.0377496 0.0452779 0.0414829 0.0343902 0.0362771 0.0439361 0.0388373 0.0416564 0.0405349 0.0422799 0.0419330 0.0375983 0.0360531 0.0342590 0.0381844 0.0423242 0.0411966 
pop2.indv10 0.0340656 0.0386746 0.0400787 0.0397935 0.0377326 0.0403923 0.0351459 0.0368827 0.0307730 0.0427663 0.0370704 0.0412317 0.0355660 0.0362550 0.0413996 0.0404522 0.0388590 0.0394847 0.0392893 0.0357832 0.0380147 0.0399323 0.0398776 0.0350184 0.0368908 0.0336801 0.0296187 0.0271554 0.0310780 0.0326723 0.0363759 0.0388322 0.0313311 0.0331903 0.0000000 0.0340571 0.0311655 0.0303821 0.0327234 0.0316966 0.0260649 0.0288215 0.0287688 0.0281510 0.0311740 0.0322720 0.0324976 0.0308555 0.0276795 0.0312482 0.0371128 0.0377202 0.0413148 0.0416394 0.0350557 0.0373298 0.0416454 0.0423227 0.0347060 0.0386253 0.0393005 0.0366115 0.0382611 0.0395582 0.0404565 0.0399351 0.0392916 0.0423436 0.0414908 0.0409015 0.0389625 0.0365087 0.0386092 0.0386980 0.0417530 
pop2.indv11 0.0390682 0.0389731 0.0438020 0.0374236 0.0364885 0.0409841 0.0377220 0.0383249 0.0389768 0.0421958 0.0380522 0.0369020 0.0397822 0.0401677 0.0410238 0.0392703 0.0407323 0.0414476 0.0403608 0.0373509 0.0439843 0.0382170 0.0404942 0.0370975 0.0346201 0.0326258 0.0269299 0.0314735 0.0342185 0.0309546 0.0273847 0.0283134 0.0347470 0.0307125 0.0340571 0.0000000 0.0340472 0.0267597 0.0332843 0.0297201 0.0232945 0.0305210 0.0231651 0.0271908 0.0290356 0.0286889 0.0298172 0.0291780 0.0298873 0.0289745 0.0376783 0.0378010 0.0378672 0.0452132 0.0356086 0.0390508 0.0403463 0.0402646 0.0384820 0.0439913 0.0366931 0.0291102 0.0413719 0.0435471 0.0453701 0.0385992 0.0441067 0.0389279 0.0420729 0.0405349 0.0379092 0.0341800 0.0390999 0.0412165 0.0411238 
pop2.indv12 0.0422124 0.0403358 0.0389330 0.0308074 0.0342008 0.0348428 0.0373306 0.0352971 0.0337571 0.0381994 0.0338896 0.0364519 0.0394144 0.0333515 0.0357697 0.0358337 0.0378453 0.0378646 0.0360632 0.0326640 0.0389963 0.0354886 0.0360514 0.0347551 0.0355861 0.0317461 0.0267067 0.0312039 0.0269601 0.0307125 0.0328016 0.0331245 0.0324061 0.0326107 0.0311655 0.0340472 0.0000000 0.0258032 0.0299609 0.0300744 0.0300890 0.0309688 0.0280866 0.0336769 0.0315427 0.0326407 0.0312877 0.0267748 0.0295150 0.0256227 0.0314896 0.0338872 0.0385450 0.0413148 0.0289222 0.0348150 0.0445534 0.0376576 0.0348425 0.0389537 0.0406561 0.0327609 0.0382287 0.0379763 0.0405436 0.0343386 0.0401604 0.0439254 0.0420614 0.0366436 0.0331924 0.0345157 0.0380002 0.0354000 0.0399431 
pop2.indv13 0.0332723 0.0382147 0.0385169 0.0322813 0.0336646 0.0325176 0.0314628 0.0331452 0.0322272 0.0384734 0.0321163 0.0353955 0.0302729 0.0314340 0.0366096 0.0353524 0.0333250 0.0342471 0.0372710 0.0298176 0.0334964 0.0327319 0.0330963 0.0340962 0.0304194 0.0243266 0.0248929 0.0273969 0.0274016 0.0268904 0.0308095 0.0301487 0.0315149 0.0315010 0.0303821 0.0267597 0.0258032 0.0000000 0.0256162 0.0268408 0.0214708 0.0247524 0.0264706 0.0262448 0.0251072 0.0297158 0.0226649 0.0263530 0.0285305 0.0262152 0.0343611 0.0322587 0.0359589 0.0346805 0.0316423 0.0362041 0.0379400 0.0367294 0.0359110 0.0379177 0.0355878 0.0322449 0.0375467 0.0379542 0.0367433 0.0340457 0.0321916 0.0367044 0.0355462 0.0362122 0.0334584 0.0313663 0.0354574 0.0342898 0.0382174 
pop2.indv14 0.0376281 0.0441903 0.0382773 0.0398271 0.0358501 0.0394670 0.0406219 0.0387844 0.0377723 0.0369476 0.0325393 0.0389133 0.0398907 0.0406992 0.0404501 0.0390718 0.0360053 0.0382004 0.0397846 0.0385519 0.0383109 0.0384029 0.0400846 0.0365383 0.0383745 0.0274289 0.0257255 0.0275652 0.0327944 0.0319240 0.0356579 0.0366497 0.0336276 0.0326793 0.0327234 0.0332843 0.0299609 0.0256162 0.0000000 0.0303624 0.0286070 0.0293862 0.0310546 0.0255563 0.0262087 0.0300918 0.0306743 0.0285304 0.0292058 0.0255220 0.0385899 0.0335853 0.0425490 0.0403741 0.0367880 0.0389073 0.0434379 0.0363453 0.0349093 0.0442202 0.0385352 0.0362325 0.0351843 0.0419595 0.0437680 0.0435020 0.0373955 0.0413147 0.0417593 0.0385910 0.0396161 0.0339015 0.0338778 0.0390392 0.0417770 
pop2.indv15 0.0359940 0.0420126 0.0403746 0.0365709 0.0346183 0.0384557 0.0326534 0.0369194 0.0355878 0.0360028 0.0374356 0.0368527 0.0424574 0.0342213 0.0361977 0.0427576 0.0408212 0.0360900 0.0405490 0.0363022 0.0376688 0.0373175 0.0361669 0.0313764 0.0336649 0.0294721 0.0270052 0.0296239 0.0329439 0.0325123 0.0361244 0.0343571 0.0311805 0.0291192 0.0316966 0.0297201 0.0300744 0.0268408 0.0303624 0.0000000 0.0271356 0.0307369 0.0271911 0.0333806 0.0291196 0.0320279 0.0286566 0.0305645 0.0248066 0.0284016 0.0319642 0.0352971 0.0377237 0.0415398 0.0303390 0.0366901 0.0438054 0.0415880 0.0372995 0.0393326 0.0408883 0.0334264 0.0366482 0.0414487 0.0412499 0.0430093 0.0392626 0.0414442 0.0417305 0.0368967 0.0323964 0.0329118 0.0384942 0.0366444 0.0403982 
pop2.indv16 0.0349565 0.0358193 0.0362828 0.0337604 0.0302742 0.0337489 0.0330564 0.0323704 0.0302808 0.0395422 0.0320201 0.0318249 0.0352879 0.0324108 0.0361951 0.0314555 0.0386825 0.0343711 0.0367753 0.0291216 0.0352373 0.0326764 0.0328368 0.0350849 0.0298968 0.0326667 0.0245280 0.0270463 0.0278882 0.0303307 0.0287964 0.0331823 0.0272817 0.0313260 0.0260649 0.0232945 0.0300890 0.0214708 0.0286070 0.0271356 0.0000000 0.0267743 0.0221540 0.0235012 0.0267834 0.0247717 0.0234892 0.0245330 0.0239644 0.0304652 0.0318349 0.0349276 0.0329741 0.0386419 0.0293556 0.0353717 0.0359687 0.0332686 0.0332510 0.0320882 0.0350543 0.0321195 0.0348690 0.0376012 0.0314609 0.0332265 0.0380428 0.0408755 0.0384599 0.0392587 0.0343166 0.0289375 0.0328804 0.0348781 0.0380688 
pop2.indv17 0.0359475 0.0467864 0.0430852 0.0370241 0.0354031 0.0382423 0.0394177 0.0396206 0.0394432 0.0457962 0.0355760 0.0370141 0.0350038 0.0405063 0.0427284 0.0387444 0.0374293 0.0378305 0.0368218 0.0361137 0.0397779 0.0388595 0.0372779 0.0377115 0.0357903 0.0320089 0.0277375 0.0264360 0.0306716 0.0327201 0.0325194 0.0316182 0.0326446 0.0300590 0.0288215 0.0305210 0.0309688 0.0247524 0.0293862 0.0307369 0.0267743 0.0000000 0.0259545 0.0246235 0.0251770 0.0289415 0.0294657 0.0306331 0.0262636 0.0257246 0.0382826 0.0401480 0.0406578 0.0403843 0.0362776 0.0375261 0.0372364 0.0446392 0.0364232 0.0367511 0.0382530 0.0338272 0.0394819 0.0423836 0.0419885 0.0386609 0.0442014 0.0479155 0.0391636 0.0387653 0.0358869 0.0343627 0.0402060 0.0391339 0.0392177 
pop2.indv18 0.0346328 0.0342618 0.0358827 0.0333326 0.0306583 0.0304187 0.0336638 0.0359675 0.0319437 0.0301139 0.0331348 0.0248964 0.0310481 0.0305391 0.0387553 0.0332242 0.0350137 0.0351422 0.0318389 0.0324777 0.0369496 0.0320321 0.0346681 0.0292568 0.0311551 0.0299423 0.0210617 0.0272295 0.0247742 0.0292081 0.0287053 0.0273911 0.0314997 0.0284006 0.0287688 0.0231651 0.0280866 0.0264706 0.0310546 0.0271911 0.0221540 0.0259545 0.0000000 0.0265130 0.0265118 0.0286138 0.0257348 0.0274262 0.0243374 0.0269668 0.0328385 0.0322880 0.0319451 0.0370660 0.0289862 0.0316399 0.0369922 0.0369597 0.0305141 0.0342089 0.0330901 0.0324237 0.0368043 0.0354290 0.0326024 0.0320420 0.0378157 0.0401236 0.0373364 0.0379231 0.0342882 0.0325723 0.0326393 0.0369875 0.0380940 
pop2.indv19 0.0360881 0.0389484 0.0409574 0.0369166 0.0350438 0.0330285 0.0353978 0.0383535 0.0355873 0.0386076 0.0363565 0.0338924 0.0368760 0.0379993 0.0413985 0.0373793 0.0349098 0.0376664 0.0370245 0.0342545 0.0360857 0.0311934 0.0383903 0.0359075 0.0330568 0.0302809 0.0216316 0.0286930 0.0275393 0.0325742 0.0305477 0.0303128 0.0309263 0.0263440 0.0281510 0.0271908 0.0336769 0.0262448 0.0255563 0.0333806 0.0235012 0.0246235 0.0265130 0.0000000 0.0243470 0.0282424 0.0228649 0.0286597 0.0297516 0.0255367 0.0354295 0.0338947 0.0369566 0.0379874 0.0315158 0.0366640 0.0389855 0.0373778 0.0363244 0.0370595 0.0346754 0.0351199 0.0343419 0.0364536 0.0339625 0.0386837 0.0370495 0.0405783 0.0395095 0.0379243 0.0324666 0.0323384 0.0324168 0.0403041 0.0422058 
pop2.indv20 0.0382389 0.0357525 0.0390345 0.0328738 0.0332898 0.0364649 0.0380900 0.0340366 0.0367238 0.0366090 0.0318068 0.0344665 0.0428790 0.0346861 0.0371898 0.0368914 0.0378213 0.0353013 0.0378813 0.0399682 0.0358937 0.0312289 0.0389132 0.0332427 0.0341962 0.0308193 0.0229109 0.0305000 0.0295498 0.0319345 0.0327672 0.0328608 0.0356005 0.0315599 0.0311740 0.0290356 0.0315427 0.0251072 0.0262087 0.0291196 0.0267834 0.0251770 0.0265118 0.0243470 0.0000000 0.0324270 0.0256427 0.0272829 0.0277778 0.0279994 0.0382330 0.0345048 0.0330786 0.0431147 0.0340254 0.0346669 0.0388139 0.0391348 0.0309796 0.0396088 0.0398943 0.0342181 0.0359306 0.0398120 0.0376738 0.0398572 0.0391636 0.0430093 0.0372245 0.0362808 0.0345073 0.0325041 0.0359454 0.0366784 0.0444577 
pop2.indv21 0.0368793 0.0432937 0.0384919 0.0347079 0.0352953 0.0399138 0.0395295 0.0430108 0.0414016 0.0381828 0.0354568 0.0347401 0.0359677 0.0387844 0.0381935 0.0392554 0.0359323 0.0346773 0.0394158 0.0353580 0.0333566 0.0365717 0.0396411 0.0350697 0.0388260 0.0313354 0.0277968 0.0288193 0.0336381 0.0348412 0.0342446 0.0353545 0.0327321 0.0307873 0.0322720 0.0286889 0.0326407 0.0297158 0.0300918 0.0320279 0.0247717 0.0289415 0.0286138 0.0282424 0.0324270 0.0000000 0.0286112 0.0322124 0.0297253 0.0261199 0.0365774 0.0372995 0.0376691 0.0394726 0.0307745 0.0365906 0.0407609 0.0393086 0.0390562 0.0403904 0.0426765 0.0354886 0.0365503 0.0391492 0.0368786 0.0375428 0.0391077 0.0450120 0.0386792 0.0407118 0.0342483 0.0367815 0.0360582 0.0409879 0.0419866 
pop2.indv22 0.0327102 0.0374743 0.0392593 0.0359196 0.0365542 0.0374709 0.0367789 0.0375039 0.0379708 0.0410355 0.0366259 0.0380707 0.0345582 0.0352813 0.0414245 0.0395881 0.0382711 0.0384548 0.0364598 0.0383066 0.0378654 0.0324539 0.0375675 0.0329174 0.0339397 0.0270595 0.0217014 0.0276382 0.0326463 0.0322406 0.0364201 0.0318103 0.0315301 0.0297759 0.0324976 0.0298172 0.0312877 0.0226649 0.0306743 0.0286566 0.0234892 0.0294657 0.0257348 0.0228649 0.0256427 0.0286112 0.0000000 0.0309187 0.0312735 0.0269957 0.0335522 0.0328954 0.0380984 0.0421620 0.0340653 0.0335025 0.0373081 0.0388861 0.0382365 0.0431510 0.0398033 0.0365319 0.0378344 0.0399659 0.0367789 0.0356937 0.0370348 0.0361902 0.0389315 0.0369314 0.0331324 0.0342870 0.0331424 0.0324270 0.0398528 
pop2.indv23 0.0372779 0.0376661 0.0403955 0.0365225 0.0342658 0.0396896 0.0398042 0.0356518 0.0347336 0.0383885 0.0379330 0.0331793 0.0377438 0.0334783 0.0362725 0.0319685 0.0357275 0.0369072 0.0360822 0.0329995 0.0342622 0.0357810 0.0341115 0.0349172 0.0371664 0.0295733 0.0248896 0.0258185 0.0273480 0.0306729 0.0307833 0.0276324 0.0326358 0.0305521 0.0308555 0.0291780 0.0267748 0.0263530 0.0285304 0.0305645 0.0245330 0.0306331 0.0274262 0.0286597 0.0272829 0.0322124 0.0309187 0.0000000 0.0298166 0.0280603 0.0350051 0.0347963 0.0310969 0.0356260 0.0311444 0.0393466 0.0379413 0.0363667 0.0364358 0.0334049 0.0421945 0.0317646 0.0348788 0.0390260 0.0415769 0.0373816 0.0392570 0.0342791 0.0349022 0.0313790 0.0351513 0.0340835 0.0364747 0.0388808 0.0414218 
pop2.indv24 0.0326017 0.0378476 0.0389920 0.0371542 0.0311226 0.0373981 0.0380940 0.0358480 0.0360269 0.0367892 0.0308587 0.0319292 0.0373221 0.0336664 0.0376743 0.0380728 0.0358827 0.0330145 0.0381038 0.0341899 0.0353057 0.0357147 0.0387852 0.0377335 0.0324173 0.0311284 0.0305655 0.0303492 0.0298094 0.0307677 0.0361516 0.0327368 0.0349172 0.0312916 0.0276795 0.0298873 0.0295150 0.0285305 0.0292058 0.0248066 0.0239644 0.0262636 0.0243374 0.0297516 0.0277778 0.0297253 0.0312735 0.0298166 0.0000000 0.0289604 0.0369343 0.0352024 0.0382372 0.0382517 0.0320464 0.0389957 0.0386229 0.0374274 0.0349420 0.0356012 0.0388976 0.0286652 0.0339191 0.0412152 0.0396708 0.0399431 0.0331089 0.0400634 0.0400472 0.0378749 0.0342036 0.0314463 0.0354795 0.0344700 0.0412818 
pop2.indv25 0.0333400 0.0388068 0.0368662 0.0384856 0.0336452 0.0355962 0.0349108 0.0359102 0.0374951 0.0403315 0.0325723 0.0355982 0.0355673 0.0322963 0.0356988 0.0383576 0.0385367 0.0371177 0.0367026 0.0330359 0.0344685 0.0403785 0.0342389 0.0362091 0.0321069 0.0288966 0.0242567 0.0321579 0.0253014 0.0298146 0.0287698 0.0372345 0.0301363 0.0318530 0.0312482 0.0289745 0.0256227 0.0262152 0.0255220 0.0284016 0.0304652 0.0257246 0.0269668 0.0255367 0.0279994 0.0261199 0.0269957 0.0280603 0.0289604 0.0000000 0.0329848 0.0307064 0.0345574 0.0364069 0.0349318 0.0290358 0.0377268 0.0358574 0.0283451 0.0366216 0.0373566 0.0348965 0.0336422 0.0328754 0.0360087 0.0359446 0.0357717 0.0420207 0.0391599 0.0359399 0.0318992 0.0304384 0.0370621 0.0341872 0.0416931 
pop3.indv1  0.0323500 0.0327885 0.0282508 0.0289031 0.0297412 0.0294672 0.0335331 0.0364227 0.0335168 0.0323826 0.0348250 0.0288323 0.0327638 0.0305334 0.0311455 0.0300725 0.0336598 0.0316869 0.0282167 0.0297231 0.0321148 0.0340346 0.0318899 0.0265341 0.0295274 0.0376815 0.0304759 0.0397315 0.0388255 0.0402497 0.0371426 0.0360028 0.0428801 0.0368810 0.0371128 0.0376783 0.0314896 0.0343611 0.0385899 0.0319642 0.0318349 0.0382826 0.0328385 0.0354295 0.0382330 0.0365774 0.0335522 0.0350051 0.0369343 0.0329848 0.0000000 0.0303338 0.0261562 0.0310601 0.0276602 0.0295367 0.0285948 0.0336007 0.0303183 0.0335658 0.0267856 0.0252679 0.0271766 0.0262899 0.0309029 0.0295084 0.0319621 0.0329958 0.0316226 0.0284820 0.0304775 0.0307588 0.0346590 0.0329988 0.0342296 
pop3.indv2  0.0308089 0.0324880 0.0319144 0.0301409 0.0278426 0.0326599 0.0313330 0.0270305 0.0286238 0.0285972 0.0281807 0.0297630 0.0294619 0.0278557 0.0290372 0.0300531 0.0315778 0.0250213 0.0317678 0.0291706 0.0320800 0.0324842 0.0320403 0.0295032 0.0295214 0.0413291 0.0345632 0.0358463 0.0382289 0.0365925 0.0367359 0.0441200 0.0394814 0.0402314 0.0377202 0.0378010 0.0338872 0.0322587 0.0335853 0.0352971 0.0349276 0.0401480 0.0322880 0.0338947 0.0345048 0.0372995 0.0328954 0.0347963 0.0352024 0.0307064 0.0303338 0.0000000 0.0295988 0.0264412 0.0266261 0.0273728 0.0266652 0.0286520 0.0298174 0.0228201 0.0280404 0.0229568 0.0242081 0.0327135 0.0267905 0.0307922 0.0278336 0.0325148 0.0321958 0.0288053 0.0258957 0.0270287 0.0247280 0.0296751 0.0326973 
