75
pop1.indv1  0.0000000 0.0377638 0.0220093 0.0235510 0.0220834 0.0234133 0.0314979 0.0189412 0.0178137 0.0194044 0.0194352 0.0219130 0.0218888 0.0189859 0.0206444 0.0204126 0.0281731 0.0237529 0.0331178 0.0247610 0.0219510 0.0208422 0.0214470 0.0335510 0.0294381 0.0343385 0.0246151 0.0314485 0.0392639 0.0235712 0.0247012 0.0344587 0.0263978 0.0314619 0.0239539 0.0322425 0.0318218 0.0163845 0.0263002 0.0266038 0.0284917 0.0237590 0.0234558 0.0397098 0.0249697 0.0308610 0.0279133 0.0219436 0.0269138 0.0404459 0.0355948 0.0224528 0.0328895 0.0336833 0.0278771 0.0263794 0.0294488 0.0180048 0.0205424 0.0218462 0.0192747 0.0292264 0.0265516 0.0321073 0.0323217 0.0266119 0.0208527 0.0238280 0.0353300 0.0180002 0.0267717 0.0221980 0.0149084 0.0386836 0.0225981 
pop1.indv10 0.0377638 0.0000000 0.0311675 0.0220679 0.0324919 0.0235408 0.0295134 0.0249279 0.0381964 0.0341312 0.0328370 0.0296344 0.0261639 0.0399912 0.0317449 0.0219865 0.0375374 0.0342816 0.0279851 0.0292512 0.0356134 0.0328630 0.0386082 0.0284566 0.0449828 0.0478203 0.0404387 0.0358476 0.0443214 0.0344997 0.0352184 0.0347904 0.0358654 0.0346434 0.0360360 0.0397276 0.0498456 0.0364150 0.0263253 0.0439072 0.0410626 0.0347796 0.0281093 0.0460824 0.0401885 0.0477704 0.0470079 0.0284114 0.0408780 0.0540450 0.0379024 0.0256271 0.0396307 0.0365407 0.0325164 0.0323115 0.0355084 0.0281731 0.0354047 0.0291264 0.0375957 0.0233842 0.0293281 0.0333552 0.0345639 0.0457405 0.0226110 0.0428613 0.0419337 0.0298048 0.0315070 0.0313241 0.0326343 0.0358291 0.0304992 
pop1.indv11 0.0220093 0.0311675 0.0000000 0.0263202 0.0297166 0.0261664 0.0248329 0.0175567 0.0373445 0.0220508 0.0279460 0.0236325 0.0354184 0.0278292 0.0295926 0.0216831 0.0281307 0.0358066 0.0251442 0.0217794 0.0264872 0.0308633 0.0274235 0.0327725 0.0448570 0.0388305 0.0354863 0.0406100 0.0426042 0.0384273 0.0291734 0.0283395 0.0312017 0.0395889 0.0300591 0.0305367 0.0298852 0.0311303 0.0371006 0.0312008 0.0378858 0.0281096 0.0191381 0.0457684 0.0354148 0.0467506 0.0413403 0.0311365 0.0345639 0.0483783 0.0368408 0.0252732 0.0312109 0.0289136 0.0290057 0.0366551 0.0372107 0.0327088 0.0235917 0.0262803 0.0360587 0.0291858 0.0323892 0.0307014 0.0369387 0.0297087 0.0360698 0.0343416 0.0292920 0.0316959 0.0223476 0.0236268 0.0279975 0.0401757 0.0286837 
pop1.indv12 0.0235510 0.0220679 0.0263202 0.0000000 0.0205494 0.0206406 0.0280604 0.0190256 0.0355892 0.0215880 0.0249732 0.0175353 0.0175270 0.0260280 0.0249220 0.0190348 0.0248900 0.0263193 0.0281229 0.0233976 0.0264135 0.0263741 0.0262776 0.0329902 0.0370174 0.0310715 0.0247082 0.0328281 0.0328209 0.0309388 0.0321757 0.0341364 0.0298563 0.0299663 0.0270793 0.0350951 0.0395805 0.0374099 0.0278027 0.0267278 0.0329167 0.0235287 0.0233769 0.0343944 0.0262951 0.0384429 0.0450746 0.0279939 0.0267799 0.0406265 0.0352075 0.0180637 0.0358881 0.0245384 0.0261415 0.0352900 0.0308147 0.0222968 0.0292891 0.0350315 0.0276813 0.0161132 0.0249638 0.0276188 0.0310598 0.0326951 0.0281181 0.0296599 0.0369123 0.0284049 0.0250777 0.0205787 0.0305605 0.0341115 0.0364384 
pop1.indv13 0.0220834 0.0324919 0.0297166 0.0205494 0.0000000 0.0262327 0.0327962 0.0207269 0.0282681 0.0219552 0.0277728 0.0134299 0.0234013 0.0261277 0.0251577 0.0293418 0.0324311 0.0203502 0.0310815 0.0307722 0.0356612 0.0296551 0.0217831 0.0299218 0.0431567 0.0421540 0.0364237 0.0250815 0.0404505 0.0296005 0.0322107 0.0374833 0.0298249 0.0362079 0.0237889 0.0261801 0.0297294 0.0343307 0.0293704 0.0280364 0.0407356 0.0279607 0.0293674 0.0468494 0.0307504 0.0412025 0.0407964 0.0191333 0.0310931 0.0465531 0.0289470 0.0254398 0.0298384 0.0230520 0.0264126 0.0336604 0.0291604 0.0235412 0.0293961 0.0217737 0.0281153 0.0261690 0.0177031 0.0353252 0.0267297 0.0324111 0.0252736 0.0346711 0.0290890 0.0270847 0.0329518 0.0237637 0.0237761 0.0263759 0.0182322 
pop1.indv14 0.0234133 0.0235408 0.0261664 0.0206406 0.0262327 0.0000000 0.0263062 0.0191511 0.0294182 0.0205244 0.0217420 0.0147615 0.0162237 0.0319651 0.0209016 0.0219213 0.0248164 0.0205749 0.0135451 0.0276773 0.0218458 0.0177807 0.0319651 0.0207179 0.0293645 0.0308473 0.0230680 0.0205474 0.0248734 0.0232649 0.0262491 0.0268265 0.0338526 0.0310616 0.0283142 0.0217032 0.0236494 0.0251249 0.0247247 0.0248566 0.0268260 0.0264327 0.0162734 0.0374176 0.0261364 0.0399179 0.0412475 0.0177161 0.0234937 0.0386954 0.0233931 0.0207424 0.0235929 0.0174330 0.0233957 0.0351979 0.0306488 0.0162734 0.0301516 0.0261244 0.0294968 0.0204176 0.0292104 0.0291491 0.0235142 0.0339242 0.0222126 0.0313384 0.0244605 0.0179195 0.0297625 0.0191972 0.0219209 0.0278146 0.0195868 
pop1.indv15 0.0314979 0.0295134 0.0248329 0.0280604 0.0327962 0.0263062 0.0000000 0.0163675 0.0345201 0.0297128 0.0298888 0.0250945 0.0232675 0.0292039 0.0193602 0.0217733 0.0278557 0.0295269 0.0266330 0.0264748 0.0264615 0.0359446 0.0322838 0.0347125 0.0400795 0.0395178 0.0309801 0.0345687 0.0391084 0.0280091 0.0277574 0.0226525 0.0328088 0.0270377 0.0241267 0.0276044 0.0286016 0.0223597 0.0323954 0.0238489 0.0298888 0.0295713 0.0281884 0.0453147 0.0324493 0.0354377 0.0455671 0.0281698 0.0420391 0.0408199 0.0321853 0.0368072 0.0363285 0.0334531 0.0279790 0.0306527 0.0357670 0.0221656 0.0263680 0.0249303 0.0310937 0.0248426 0.0357714 0.0275106 0.0374178 0.0251018 0.0301465 0.0365987 0.0417734 0.0257170 0.0315044 0.0193555 0.0280693 0.0356436 0.0274105 
pop1.indv16 0.0189412 0.0249279 0.0175567 0.0190256 0.0207269 0.0191511 0.0163675 0.0000000 0.0250934 0.0281121 0.0262723 0.0187724 0.0175051 0.0190635 0.0206251 0.0161983 0.0250177 0.0236970 0.0250825 0.0203345 0.0260043 0.0206341 0.0189989 0.0268285 0.0371196 0.0342616 0.0248768 0.0372527 0.0344220 0.0249780 0.0278652 0.0284230 0.0268169 0.0316079 0.0300552 0.0337480 0.0299762 0.0223712 0.0309592 0.0267943 0.0268557 0.0329345 0.0221005 0.0429555 0.0264643 0.0384938 0.0447663 0.0219414 0.0312382 0.0472881 0.0370059 0.0234023 0.0269976 0.0173950 0.0189989 0.0260894 0.0337437 0.0219167 0.0219399 0.0190757 0.0281918 0.0174422 0.0305292 0.0232894 0.0311527 0.0251442 0.0137500 0.0219907 0.0306831 0.0223553 0.0267367 0.0149663 0.0249064 0.0304349 0.0305202 
pop1.indv17 0.0178137 0.0381964 0.0373445 0.0355892 0.0282681 0.0294182 0.0345201 0.0250934 0.0000000 0.0205969 0.0376152 0.0265612 0.0297625 0.0354696 0.0239986 0.0309434 0.0345616 0.0331402 0.0300067 0.0330785 0.0311256 0.0331402 0.0280123 0.0337097 0.0421142 0.0395764 0.0307602 0.0380007 0.0395480 0.0389387 0.0357125 0.0347228 0.0312445 0.0350346 0.0303329 0.0295027 0.0349679 0.0346569 0.0343107 0.0363133 0.0347300 0.0314893 0.0285229 0.0550566 0.0440524 0.0357636 0.0460632 0.0403875 0.0393738 0.0426473 0.0386797 0.0335422 0.0443876 0.0373561 0.0282744 0.0420656 0.0342123 0.0252292 0.0362605 0.0326864 0.0312351 0.0390357 0.0314657 0.0339183 0.0348237 0.0379214 0.0399194 0.0445160 0.0408475 0.0289427 0.0335204 0.0256020 0.0312827 0.0427475 0.0243857 
pop1.indv18 0.0194044 0.0341312 0.0220508 0.0215880 0.0219552 0.0205244 0.0297128 0.0281121 0.0205969 0.0000000 0.0219103 0.0206516 0.0218557 0.0263933 0.0180375 0.0310724 0.0266323 0.0162764 0.0236391 0.0191136 0.0293902 0.0249303 0.0262664 0.0254672 0.0338327 0.0237919 0.0216100 0.0236767 0.0344536 0.0310662 0.0235049 0.0329534 0.0251883 0.0332668 0.0303705 0.0218483 0.0270233 0.0223537 0.0264327 0.0179303 0.0179275 0.0207948 0.0248923 0.0408991 0.0335680 0.0321206 0.0325047 0.0204734 0.0208766 0.0374678 0.0275104 0.0195233 0.0316367 0.0216578 0.0219531 0.0291171 0.0264328 0.0253484 0.0281000 0.0246920 0.0251176 0.0218609 0.0251408 0.0220337 0.0280155 0.0251308 0.0350845 0.0270701 0.0294218 0.0223850 0.0209546 0.0191381 0.0162513 0.0293711 0.0255872 
pop1.indv19 0.0194352 0.0328370 0.0279460 0.0249732 0.0277728 0.0217420 0.0298888 0.0262723 0.0376152 0.0219103 0.0000000 0.0307286 0.0207353 0.0261887 0.0254176 0.0294884 0.0235636 0.0296406 0.0165242 0.0190710 0.0292199 0.0254932 0.0277397 0.0208930 0.0401342 0.0344719 0.0337875 0.0299385 0.0439549 0.0421332 0.0338438 0.0333469 0.0313720 0.0393246 0.0319411 0.0324976 0.0363133 0.0349130 0.0251018 0.0282928 0.0426344 0.0283732 0.0327187 0.0473634 0.0308654 0.0372259 0.0431350 0.0265657 0.0348410 0.0505392 0.0261167 0.0268005 0.0346359 0.0320757 0.0327220 0.0310060 0.0326022 0.0236767 0.0250069 0.0189758 0.0295076 0.0277189 0.0309891 0.0204862 0.0314200 0.0234554 0.0195019 0.0285448 0.0418792 0.0223712 0.0314561 0.0193651 0.0309119 0.0339383 0.0211616 
pop1.indv2  0.0219130 0.0296344 0.0236325 0.0175353 0.0134299 0.0147615 0.0250945 0.0187724 0.0265612 0.0206516 0.0307286 0.0000000 0.0192378 0.0292359 0.0150004 0.0203571 0.0219004 0.0191317 0.0236597 0.0188916 0.0203295 0.0236394 0.0259088 0.0252342 0.0307323 0.0373293 0.0277905 0.0307722 0.0337552 0.0310315 0.0292017 0.0360486 0.0261834 0.0314855 0.0268265 0.0331516 0.0296744 0.0234558 0.0306497 0.0295365 0.0283397 0.0249445 0.0219605 0.0490068 0.0247305 0.0335472 0.0381551 0.0191990 0.0278803 0.0386950 0.0319138 0.0151854 0.0251018 0.0273119 0.0177581 0.0231118 0.0397346 0.0161281 0.0161851 0.0158525 0.0220872 0.0233990 0.0218202 0.0305957 0.0250861 0.0280304 0.0176812 0.0191269 0.0301802 0.0177745 0.0177479 0.0191560 0.0160108 0.0383646 0.0209181 
pop1.indv20 0.0218888 0.0261639 0.0354184 0.0175270 0.0234013 0.0162237 0.0232675 0.0175051 0.0297625 0.0218557 0.0207353 0.0192378 0.0000000 0.0346436 0.0247165 0.0246639 0.0234313 0.0221446 0.0266119 0.0201976 0.0205890 0.0291012 0.0278708 0.0238327 0.0383142 0.0346139 0.0261210 0.0296364 0.0437603 0.0323584 0.0275543 0.0396309 0.0311055 0.0268965 0.0237533 0.0365040 0.0331459 0.0263593 0.0369986 0.0310986 0.0312212 0.0279879 0.0282835 0.0424191 0.0275869 0.0448782 0.0385451 0.0247917 0.0251929 0.0387191 0.0302621 0.0150691 0.0267306 0.0201268 0.0291945 0.0320827 0.0309014 0.0205084 0.0289684 0.0291734 0.0309480 0.0216727 0.0322975 0.0321802 0.0292854 0.0278795 0.0179425 0.0329556 0.0367592 0.0209873 0.0266036 0.0177989 0.0263733 0.0279731 0.0269765 
pop1.indv21 0.0189859 0.0399912 0.0278292 0.0260280 0.0261277 0.0319651 0.0292039 0.0190635 0.0354696 0.0263933 0.0261887 0.0292359 0.0346436 0.0000000 0.0265293 0.0289470 0.0248721 0.0291048 0.0327620 0.0319795 0.0245664 0.0340287 0.0291916 0.0330712 0.0381707 0.0434189 0.0336728 0.0359366 0.0469132 0.0458743 0.0262578 0.0359403 0.0389229 0.0362040 0.0297941 0.0330924 0.0391450 0.0400805 0.0264442 0.0341330 0.0344197 0.0262698 0.0264634 0.0483612 0.0479333 0.0410897 0.0523134 0.0263480 0.0341834 0.0403958 0.0427845 0.0329067 0.0425589 0.0289071 0.0324549 0.0230542 0.0366550 0.0220018 0.0248308 0.0215422 0.0335055 0.0214944 0.0446721 0.0305531 0.0368749 0.0382405 0.0234159 0.0299745 0.0319218 0.0282900 0.0467897 0.0178257 0.0305158 0.0384430 0.0300409 
pop1.indv22 0.0206444 0.0317449 0.0295926 0.0249220 0.0251577 0.0209016 0.0193602 0.0206251 0.0239986 0.0180375 0.0254176 0.0150004 0.0247165 0.0265293 0.0000000 0.0217961 0.0250285 0.0222603 0.0329556 0.0249913 0.0264327 0.0253852 0.0263906 0.0259128 0.0337869 0.0412337 0.0278735 0.0302690 0.0395605 0.0295365 0.0162437 0.0315082 0.0347399 0.0318896 0.0274871 0.0312124 0.0271271 0.0223378 0.0309885 0.0239331 0.0299026 0.0343995 0.0268232 0.0523316 0.0311186 0.0336781 0.0407228 0.0191026 0.0332022 0.0425219 0.0369381 0.0239973 0.0348996 0.0260008 0.0249757 0.0320367 0.0281610 0.0223454 0.0313273 0.0279731 0.0251285 0.0190441 0.0340180 0.0235781 0.0407147 0.0299633 0.0255319 0.0346580 0.0312483 0.0212949 0.0237613 0.0239474 0.0221193 0.0328525 0.0229526 
pop1.indv23 0.0204126 0.0219865 0.0216831 0.0190348 0.0293418 0.0219213 0.0217733 0.0161983 0.0309434 0.0310724 0.0294884 0.0203571 0.0246639 0.0289470 0.0217961 0.0000000 0.0235341 0.0220417 0.0176439 0.0203384 0.0245351 0.0235276 0.0332915 0.0280625 0.0335159 0.0343176 0.0289156 0.0407160 0.0342838 0.0337716 0.0277428 0.0251043 0.0293455 0.0254039 0.0268647 0.0321586 0.0404800 0.0310893 0.0366331 0.0293301 0.0297049 0.0324097 0.0292199 0.0468765 0.0351337 0.0381322 0.0461173 0.0231111 0.0297980 0.0341493 0.0243826 0.0193412 0.0310955 0.0274292 0.0189812 0.0280248 0.0323449 0.0236334 0.0247131 0.0258374 0.0324311 0.0232816 0.0275074 0.0246220 0.0355311 0.0274265 0.0296163 0.0249951 0.0366997 0.0282622 0.0250417 0.0280095 0.0216248 0.0351768 0.0253620 
pop1.indv24 0.0281731 0.0375374 0.0281307 0.0248900 0.0324311 0.0248164 0.0278557 0.0250177 0.0345616 0.0266323 0.0235636 0.0219004 0.0234313 0.0248721 0.0250285 0.0235341 0.0000000 0.0376698 0.0265525 0.0148360 0.0248614 0.0252173 0.0350706 0.0238476 0.0372795 0.0434646 0.0353827 0.0310060 0.0386837 0.0336537 0.0368298 0.0366141 0.0368859 0.0405540 0.0330007 0.0315978 0.0312320 0.0234502 0.0356539 0.0386199 0.0374292 0.0281032 0.0353362 0.0469641 0.0383258 0.0451847 0.0528139 0.0248130 0.0327187 0.0416549 0.0288276 0.0383174 0.0386678 0.0332713 0.0324021 0.0306105 0.0323199 0.0295076 0.0309150 0.0219382 0.0402142 0.0206040 0.0232457 0.0262293 0.0357486 0.0232950 0.0222864 0.0296952 0.0370324 0.0238118 0.0235290 0.0267476 0.0263028 0.0293972 0.0320883 
pop1.indv25 0.0237529 0.0342816 0.0358066 0.0263193 0.0203502 0.0205749 0.0295269 0.0236970 0.0331402 0.0162764 0.0296406 0.0191317 0.0221446 0.0291048 0.0222603 0.0220417 0.0376698 0.0000000 0.0238057 0.0232594 0.0292806 0.0345675 0.0291727 0.0304215 0.0340879 0.0429811 0.0307353 0.0297344 0.0361251 0.0374522 0.0338530 0.0270113 0.0268784 0.0378188 0.0302666 0.0368969 0.0381366 0.0350078 0.0262776 0.0283748 0.0332901 0.0237529 0.0235724 0.0395357 0.0371534 0.0367256 0.0417894 0.0236062 0.0253287 0.0423973 0.0382330 0.0227550 0.0299334 0.0260009 0.0297576 0.0290616 0.0355951 0.0180485 0.0326775 0.0276871 0.0356790 0.0248211 0.0390523 0.0342114 0.0280637 0.0360914 0.0377638 0.0333350 0.0341222 0.0225847 0.0297980 0.0165199 0.0278716 0.0328806 0.0258676 
pop1.indv3  0.0331178 0.0279851 0.0251442 0.0281229 0.0310815 0.0135451 0.0266330 0.0250825 0.0300067 0.0236391 0.0165242 0.0236597 0.0266119 0.0327620 0.0329556 0.0176439 0.0265525 0.0238057 0.0000000 0.0206905 0.0267190 0.0236155 0.0235082 0.0181937 0.0398321 0.0297901 0.0295291 0.0298780 0.0360397 0.0310376 0.0323608 0.0333492 0.0315873 0.0368300 0.0318694 0.0247975 0.0381125 0.0393576 0.0296344 0.0283674 0.0284324 0.0284172 0.0328929 0.0492131 0.0357376 0.0337437 0.0420952 0.0343238 0.0312382 0.0374871 0.0232036 0.0242832 0.0378267 0.0202883 0.0234826 0.0307973 0.0281442 0.0236165 0.0248768 0.0307844 0.0268994 0.0189537 0.0296084 0.0294239 0.0359546 0.0297609 0.0226048 0.0252382 0.0344162 0.0286933 0.0288765 0.0305622 0.0280452 0.0235837 0.0287346 
pop1.indv4  0.0247610 0.0292512 0.0217794 0.0233976 0.0307722 0.0276773 0.0264748 0.0203345 0.0330785 0.0191136 0.0190710 0.0188916 0.0201976 0.0319795 0.0249913 0.0203384 0.0148360 0.0232594 0.0206905 0.0000000 0.0263594 0.0221489 0.0232117 0.0266233 0.0413409 0.0294806 0.0319331 0.0358992 0.0324208 0.0232608 0.0258374 0.0223110 0.0279304 0.0345581 0.0237405 0.0276305 0.0299309 0.0295558 0.0232808 0.0295744 0.0252527 0.0295909 0.0263332 0.0438858 0.0244995 0.0448652 0.0368561 0.0277184 0.0219082 0.0432145 0.0275158 0.0299865 0.0265463 0.0261295 0.0233856 0.0245144 0.0401574 0.0295299 0.0262431 0.0200777 0.0279611 0.0204995 0.0336991 0.0248177 0.0404379 0.0262803 0.0295106 0.0236960 0.0277456 0.0283236 0.0234525 0.0179408 0.0246196 0.0306121 0.0254647 
pop1.indv5  0.0219510 0.0356134 0.0264872 0.0264135 0.0356612 0.0218458 0.0264615 0.0260043 0.0311256 0.0293902 0.0292199 0.0203295 0.0205890 0.0245664 0.0264327 0.0245351 0.0248614 0.0292806 0.0267190 0.0263594 0.0000000 0.0266465 0.0260637 0.0238764 0.0382789 0.0392227 0.0291962 0.0310955 0.0339898 0.0275815 0.0353611 0.0299402 0.0280027 0.0362302 0.0297508 0.0304914 0.0326557 0.0294170 0.0339455 0.0388310 0.0300461 0.0222772 0.0277787 0.0476167 0.0368148 0.0302607 0.0371955 0.0277134 0.0342326 0.0471245 0.0441302 0.0193289 0.0375763 0.0316906 0.0266438 0.0276876 0.0335856 0.0233802 0.0234645 0.0271748 0.0234780 0.0160931 0.0417515 0.0429859 0.0205595 0.0293379 0.0270398 0.0282749 0.0354011 0.0192537 0.0265984 0.0264502 0.0246069 0.0415451 0.0212800 
pop1.indv6  0.0208422 0.0328630 0.0308633 0.0263741 0.0296551 0.0177807 0.0359446 0.0206341 0.0331402 0.0249303 0.0254932 0.0236394 0.0291012 0.0340287 0.0253852 0.0235276 0.0252173 0.0345675 0.0236155 0.0221489 0.0266465 0.0000000 0.0219251 0.0208930 0.0427452 0.0358371 0.0233214 0.0314271 0.0427110 0.0326242 0.0296229 0.0353702 0.0285819 0.0364994 0.0271176 0.0290947 0.0366291 0.0205283 0.0388663 0.0266873 0.0282559 0.0297391 0.0267483 0.0493458 0.0307722 0.0356612 0.0405498 0.0235253 0.0346403 0.0359178 0.0366768 0.0197268 0.0314047 0.0305910 0.0252662 0.0386753 0.0296181 0.0254698 0.0176015 0.0309020 0.0247846 0.0204007 0.0297716 0.0338188 0.0341506 0.0298912 0.0316621 0.0270434 0.0325802 0.0243401 0.0240749 0.0238614 0.0205313 0.0236950 0.0289293 
pop1.indv7  0.0214470 0.0386082 0.0274235 0.0262776 0.0217831 0.0319651 0.0322838 0.0189989 0.0280123 0.0262664 0.0277397 0.0259088 0.0278708 0.0291916 0.0263906 0.0332915 0.0350706 0.0291727 0.0235082 0.0232117 0.0260637 0.0219251 0.0000000 0.0391165 0.0337994 0.0249600 0.0259104 0.0322961 0.0398083 0.0320480 0.0337855 0.0297489 0.0309266 0.0363246 0.0328696 0.0286485 0.0421629 0.0291727 0.0304085 0.0279216 0.0357634 0.0311409 0.0259982 0.0431567 0.0289193 0.0380552 0.0429701 0.0246454 0.0326257 0.0367741 0.0349023 0.0178723 0.0263375 0.0302603 0.0217312 0.0305859 0.0417373 0.0234479 0.0290918 0.0317048 0.0233426 0.0202423 0.0277546 0.0349584 0.0289314 0.0290925 0.0295618 0.0294403 0.0335610 0.0266233 0.0207021 0.0216831 0.0188119 0.0367667 0.0223263 
pop1.indv8  0.0335510 0.0284566 0.0327725 0.0329902 0.0299218 0.0207179 0.0347125 0.0268285 0.0337097 0.0254672 0.0208930 0.0252342 0.0238327 0.0330712 0.0259128 0.0280625 0.0238476 0.0304215 0.0181937 0.0266233 0.0238764 0.0208930 0.0391165 0.0000000 0.0335689 0.0302538 0.0344606 0.0303650 0.0302147 0.0365143 0.0317985 0.0291046 0.0334636 0.0371195 0.0327054 0.0298367 0.0322482 0.0315597 0.0331577 0.0335942 0.0286830 0.0289360 0.0335055 0.0452530 0.0457684 0.0495355 0.0601261 0.0254251 0.0353881 0.0409884 0.0206111 0.0212314 0.0334474 0.0265321 0.0268312 0.0311883 0.0331560 0.0272646 0.0266955 0.0250201 0.0317034 0.0195799 0.0254475 0.0219308 0.0303628 0.0282741 0.0224439 0.0270498 0.0268965 0.0318485 0.0244125 0.0271871 0.0282129 0.0209202 0.0308574 
pop1.indv9  0.0294381 0.0449828 0.0448570 0.0370174 0.0431567 0.0293645 0.0400795 0.0371196 0.0421142 0.0338327 0.0401342 0.0307323 0.0383142 0.0381707 0.0337869 0.0335159 0.0372795 0.0340879 0.0398321 0.0413409 0.0382789 0.0427452 0.0337994 0.0335689 0.0000000 0.0523802 0.0443898 0.0438671 0.0389150 0.0380821 0.0426368 0.0496587 0.0450841 0.0388341 0.0328370 0.0350144 0.0438978 0.0385411 0.0336642 0.0501936 0.0542691 0.0372566 0.0436335 0.0545144 0.0414043 0.0472305 0.0550270 0.0311296 0.0323384 0.0432897 0.0431007 0.0393324 0.0424394 0.0363187 0.0399050 0.0445040 0.0453522 0.0262474 0.0419268 0.0411140 0.0451967 0.0338327 0.0387033 0.0450077 0.0515500 0.0472162 0.0345334 0.0425476 0.0467112 0.0241372 0.0419694 0.0281464 0.0324775 0.0433223 0.0444370 
pop2.indv1  0.0343385 0.0478203 0.0388305 0.0310715 0.0421540 0.0308473 0.0395178 0.0342616 0.0395764 0.0237919 0.0344719 0.0373293 0.0346139 0.0434189 0.0412337 0.0343176 0.0434646 0.0429811 0.0297901 0.0294806 0.0392227 0.0358371 0.0249600 0.0302538 0.0523802 0.0000000 0.0288543 0.0372032 0.0310824 0.0324575 0.0383025 0.0295781 0.0359801 0.0477348 0.0343839 0.0270358 0.0322011 0.0354800 0.0338569 0.0292047 0.0235791 0.0249468 0.0276161 0.0469636 0.0335320 0.0433823 0.0434061 0.0291999 0.0391210 0.0402547 0.0396957 0.0284049 0.0442257 0.0450470 0.0322865 0.0431342 0.0437936 0.0408307 0.0372527 0.0356392 0.0342820 0.0307353 0.0372070 0.0335823 0.0438289 0.0438447 0.0382730 0.0446756 0.0433479 0.0381724 0.0422282 0.0416831 0.0326557 0.0350182 0.0364577 
pop2.indv10 0.0246151 0.0404387 0.0354863 0.0247082 0.0364237 0.0230680 0.0309801 0.0248768 0.0307602 0.0216100 0.0337875 0.0277905 0.0261210 0.0336728 0.0278735 0.0289156 0.0353827 0.0307353 0.0295291 0.0319331 0.0291962 0.0233214 0.0259104 0.0344606 0.0443898 0.0288543 0.0000000 0.0232036 0.0307323 0.0243836 0.0226812 0.0278918 0.0320455 0.0372563 0.0282385 0.0281987 0.0216918 0.0320625 0.0201957 0.0175706 0.0204246 0.0202746 0.0257000 0.0394159 0.0343493 0.0345700 0.0395345 0.0157510 0.0231316 0.0456159 0.0333330 0.0206905 0.0357553 0.0287972 0.0260195 0.0303230 0.0275698 0.0280119 0.0273854 0.0301296 0.0261193 0.0159789 0.0245317 0.0290159 0.0366961 0.0397563 0.0377402 0.0376776 0.0365629 0.0235510 0.0296696 0.0219737 0.0187829 0.0380055 0.0348953 
pop2.indv11 0.0314485 0.0358476 0.0406100 0.0328281 0.0250815 0.0205474 0.0345687 0.0372527 0.0380007 0.0236767 0.0299385 0.0307722 0.0296364 0.0359366 0.0302690 0.0407160 0.0310060 0.0297344 0.0298780 0.0358992 0.0310955 0.0314271 0.0322961 0.0303650 0.0438671 0.0372032 0.0232036 0.0000000 0.0232598 0.0251720 0.0276426 0.0239833 0.0251383 0.0269729 0.0208403 0.0275869 0.0234947 0.0190775 0.0216810 0.0178098 0.0266580 0.0207087 0.0277492 0.0432770 0.0295067 0.0304432 0.0416092 0.0277873 0.0220535 0.0416858 0.0354074 0.0332843 0.0282928 0.0415575 0.0328242 0.0334861 0.0294422 0.0284322 0.0265003 0.0278229 0.0325969 0.0264582 0.0326617 0.0386875 0.0263931 0.0282219 0.0269073 0.0495696 0.0339839 0.0241396 0.0332951 0.0301971 0.0295763 0.0370438 0.0319483 
pop2.indv12 0.0392639 0.0443214 0.0426042 0.0328209 0.0404505 0.0248734 0.0391084 0.0344220 0.0395480 0.0344536 0.0439549 0.0337552 0.0437603 0.0469132 0.0395605 0.0342838 0.0386837 0.0361251 0.0360397 0.0324208 0.0339898 0.0427110 0.0398083 0.0302147 0.0389150 0.0310824 0.0307323 0.0232598 0.0000000 0.0262103 0.0277928 0.0219510 0.0292388 0.0329589 0.0222359 0.0244960 0.0248627 0.0236174 0.0234498 0.0263028 0.0296893 0.0235477 0.0278379 0.0336084 0.0242623 0.0431375 0.0429412 0.0304527 0.0189425 0.0386085 0.0385181 0.0302406 0.0444712 0.0382871 0.0298546 0.0404585 0.0390409 0.0297825 0.0403337 0.0320071 0.0312593 0.0251312 0.0341549 0.0355117 0.0372222 0.0422673 0.0300037 0.0393045 0.0304246 0.0346782 0.0345467 0.0362154 0.0308938 0.0399261 0.0373937 
pop2.indv13 0.0235712 0.0344997 0.0384273 0.0309388 0.0296005 0.0232649 0.0280091 0.0249780 0.0389387 0.0310662 0.0421332 0.0310315 0.0323584 0.0458743 0.0295365 0.0337716 0.0336537 0.0374522 0.0310376 0.0232608 0.0275815 0.0326242 0.0320480 0.0365143 0.0380821 0.0324575 0.0243836 0.0251720 0.0262103 0.0000000 0.0245812 0.0338849 0.0292672 0.0325489 0.0208165 0.0256125 0.0206173 0.0275283 0.0320499 0.0231896 0.0219620 0.0220204 0.0201957 0.0380975 0.0304771 0.0380476 0.0333126 0.0260331 0.0162237 0.0497077 0.0320008 0.0240275 0.0406772 0.0332528 0.0263401 0.0447179 0.0354470 0.0323333 0.0323924 0.0363618 0.0308041 0.0292170 0.0339009 0.0337504 0.0385408 0.0404253 0.0316610 0.0315841 0.0370061 0.0394809 0.0373139 0.0379888 0.0322949 0.0400000 0.0350673 
pop2.indv14 0.0247012 0.0352184 0.0291734 0.0321757 0.0322107 0.0262491 0.0277574 0.0278652 0.0357125 0.0235049 0.0338438 0.0292017 0.0275543 0.0262578 0.0162437 0.0277428 0.0368298 0.0338530 0.0323608 0.0258374 0.0353611 0.0296229 0.0337855 0.0317985 0.0426368 0.0383025 0.0226812 0.0276426 0.0277928 0.0245812 0.0000000 0.0246908 0.0276016 0.0233621 0.0234701 0.0316241 0.0260919 0.0188191 0.0185562 0.0145748 0.0287459 0.0160038 0.0215207 0.0428139 0.0301776 0.0299510 0.0303716 0.0186055 0.0200509 0.0270725 0.0346801 0.0309709 0.0343203 0.0378339 0.0306218 0.0313759 0.0245017 0.0294740 0.0259374 0.0300413 0.0245848 0.0229358 0.0366625 0.0228605 0.0402551 0.0339349 0.0310478 0.0374987 0.0333895 0.0313902 0.0374215 0.0283207 0.0293347 0.0400574 0.0268674 
pop2.indv15 0.0344587 0.0347904 0.0283395 0.0341364 0.0374833 0.0268265 0.0226525 0.0284230 0.0347228 0.0329534 0.0333469 0.0360486 0.0396309 0.0359403 0.0315082 0.0251043 0.0366141 0.0270113 0.0333492 0.0223110 0.0299402 0.0353702 0.0297489 0.0291046 0.0496587 0.0295781 0.0278918 0.0239833 0.0219510 0.0338849 0.0246908 0.0000000 0.0249244 0.0318557 0.0239812 0.0217957 0.0252306 0.0235590 0.0235590 0.0162771 0.0223241 0.0252477 0.0250585 0.0342231 0.0218983 0.0306886 0.0329379 0.0233635 0.0263959 0.0312858 0.0346064 0.0255794 0.0434190 0.0323320 0.0253459 0.0343250 0.0379572 0.0223690 0.0288078 0.0338053 0.0345083 0.0252527 0.0474338 0.0250909 0.0360628 0.0329801 0.0285194 0.0305076 0.0359702 0.0304261 0.0288109 0.0226447 0.0346762 0.0437241 0.0355362 
pop2.indv16 0.0263978 0.0358654 0.0312017 0.0298563 0.0298249 0.0338526 0.0328088 0.0268169 0.0312445 0.0251883 0.0313720 0.0261834 0.0311055 0.0389229 0.0347399 0.0293455 0.0368859 0.0268784 0.0315873 0.0279304 0.0280027 0.0285819 0.0309266 0.0334636 0.0450841 0.0359801 0.0320455 0.0251383 0.0292388 0.0292672 0.0276016 0.0249244 0.0000000 0.0280545 0.0163456 0.0229810 0.0297669 0.0235049 0.0307857 0.0308740 0.0266751 0.0307193 0.0233337 0.0341907 0.0290767 0.0260689 0.0336132 0.0306450 0.0204026 0.0335225 0.0355770 0.0365297 0.0442184 0.0318816 0.0392063 0.0325404 0.0359283 0.0296746 0.0372565 0.0203345 0.0360321 0.0371572 0.0312906 0.0387554 0.0374523 0.0294451 0.0330147 0.0331470 0.0370742 0.0314232 0.0374369 0.0266118 0.0277393 0.0354830 0.0291896 
pop2.indv17 0.0314619 0.0346434 0.0395889 0.0299663 0.0362079 0.0310616 0.0270377 0.0316079 0.0350346 0.0332668 0.0393246 0.0314855 0.0268965 0.0362040 0.0318896 0.0254039 0.0405540 0.0378188 0.0368300 0.0345581 0.0362302 0.0364994 0.0363246 0.0371195 0.0388341 0.0477348 0.0372563 0.0269729 0.0329589 0.0325489 0.0233621 0.0318557 0.0280545 0.0000000 0.0210094 0.0323436 0.0318641 0.0268431 0.0264555 0.0313384 0.0317041 0.0193736 0.0311769 0.0359582 0.0418936 0.0336766 0.0368410 0.0223850 0.0269346 0.0455797 0.0370059 0.0306195 0.0301455 0.0402252 0.0268348 0.0371044 0.0300527 0.0349278 0.0299535 0.0343765 0.0373368 0.0297069 0.0298384 0.0454905 0.0269401 0.0410231 0.0319942 0.0333737 0.0345903 0.0369000 0.0461570 0.0228812 0.0362117 0.0423928 0.0372900 
pop2.indv18 0.0239539 0.0360360 0.0300591 0.0270793 0.0237889 0.0283142 0.0241267 0.0300552 0.0303329 0.0303705 0.0319411 0.0268265 0.0237533 0.0297941 0.0274871 0.0268647 0.0330007 0.0302666 0.0318694 0.0237405 0.0297508 0.0271176 0.0328696 0.0327054 0.0328370 0.0343839 0.0282385 0.0208403 0.0222359 0.0208165 0.0234701 0.0239812 0.0163456 0.0210094 0.0000000 0.0219965 0.0225623 0.0179442 0.0193078 0.0208673 0.0166731 0.0163892 0.0224816 0.0393004 0.0297935 0.0344465 0.0308466 0.0179939 0.0181790 0.0370704 0.0311668 0.0227424 0.0353289 0.0386438 0.0314485 0.0265895 0.0346064 0.0167072 0.0271171 0.0311838 0.0315452 0.0250623 0.0313304 0.0389632 0.0265576 0.0283178 0.0226633 0.0401105 0.0343533 0.0307652 0.0365032 0.0301505 0.0225769 0.0386478 0.0292095 
pop2.indv19 0.0322425 0.0397276 0.0305367 0.0350951 0.0261801 0.0217032 0.0276044 0.0337480 0.0295027 0.0218483 0.0324976 0.0331516 0.0365040 0.0330924 0.0312124 0.0321586 0.0315978 0.0368969 0.0247975 0.0276305 0.0304914 0.0290947 0.0286485 0.0298367 0.0350144 0.0270358 0.0281987 0.0275869 0.0244960 0.0256125 0.0316241 0.0217957 0.0229810 0.0323436 0.0219965 0.0000000 0.0276008 0.0200576 0.0273317 0.0244421 0.0305531 0.0217348 0.0244134 0.0334671 0.0314509 0.0405594 0.0409358 0.0244822 0.0200901 0.0270010 0.0408595 0.0294536 0.0459418 0.0373250 0.0350601 0.0380054 0.0319087 0.0353937 0.0397923 0.0316906 0.0338390 0.0302600 0.0306202 0.0390453 0.0416178 0.0321073 0.0358510 0.0451860 0.0398124 0.0297166 0.0290329 0.0353682 0.0364601 0.0363181 0.0301505 
pop2.indv2  0.0318218 0.0498456 0.0298852 0.0395805 0.0297294 0.0236494 0.0286016 0.0299762 0.0349679 0.0270233 0.0363133 0.0296744 0.0331459 0.0391450 0.0271271 0.0404800 0.0312320 0.0381366 0.0381125 0.0299309 0.0326557 0.0366291 0.0421629 0.0322482 0.0438978 0.0322011 0.0216918 0.0234947 0.0248627 0.0206173 0.0260919 0.0252306 0.0297669 0.0318641 0.0225623 0.0276008 0.0000000 0.0280166 0.0339596 0.0248744 0.0311776 0.0323994 0.0235454 0.0422265 0.0291235 0.0372296 0.0487065 0.0279165 0.0278886 0.0389552 0.0324401 0.0284390 0.0398652 0.0406151 0.0345286 0.0433061 0.0358142 0.0345899 0.0346750 0.0309411 0.0297580 0.0343695 0.0266786 0.0327016 0.0393285 0.0375103 0.0413628 0.0466813 0.0389025 0.0321319 0.0396675 0.0290121 0.0315827 0.0475319 0.0396433 
pop2.indv20 0.0163845 0.0364150 0.0311303 0.0374099 0.0343307 0.0251249 0.0223597 0.0223712 0.0346569 0.0223537 0.0349130 0.0234558 0.0263593 0.0400805 0.0223378 0.0310893 0.0234502 0.0350078 0.0393576 0.0295558 0.0294170 0.0205283 0.0291727 0.0315597 0.0385411 0.0354800 0.0320625 0.0190775 0.0236174 0.0275283 0.0188191 0.0235590 0.0235049 0.0268431 0.0179442 0.0200576 0.0280166 0.0000000 0.0232490 0.0245536 0.0235007 0.0249589 0.0278529 0.0337855 0.0322457 0.0276250 0.0355449 0.0203553 0.0176315 0.0348915 0.0385376 0.0317384 0.0376932 0.0363328 0.0296210 0.0399820 0.0325951 0.0375452 0.0296629 0.0278442 0.0281442 0.0279667 0.0313384 0.0369157 0.0310746 0.0265375 0.0283358 0.0427688 0.0294410 0.0271901 0.0360955 0.0303066 0.0266155 0.0386360 0.0305678 
pop2.indv21 0.0263002 0.0263253 0.0371006 0.0278027 0.0293704 0.0247247 0.0323954 0.0309592 0.0343107 0.0264327 0.0251018 0.0306497 0.0369986 0.0264442 0.0309885 0.0366331 0.0356539 0.0262776 0.0296344 0.0232808 0.0339455 0.0388663 0.0304085 0.0331577 0.0336642 0.0338569 0.0201957 0.0216810 0.0234498 0.0320499 0.0185562 0.0235590 0.0307857 0.0264555 0.0193078 0.0273317 0.0339596 0.0232490 0.0000000 0.0247270 0.0309870 0.0233467 0.0215860 0.0323570 0.0200796 0.0258785 0.0380053 0.0189933 0.0248342 0.0274936 0.0399470 0.0224711 0.0298257 0.0274155 0.0306234 0.0289293 0.0293035 0.0223905 0.0310893 0.0319044 0.0319345 0.0231918 0.0249113 0.0273718 0.0339610 0.0373945 0.0327725 0.0411357 0.0380322 0.0209526 0.0341330 0.0221252 0.0339596 0.0419669 0.0332112 
pop2.indv22 0.0266038 0.0439072 0.0312008 0.0267278 0.0280364 0.0248566 0.0238489 0.0267943 0.0363133 0.0179303 0.0282928 0.0295365 0.0310986 0.0341330 0.0239331 0.0293301 0.0386199 0.0283748 0.0283674 0.0295744 0.0388310 0.0266873 0.0279216 0.0335942 0.0501936 0.0292047 0.0175706 0.0178098 0.0263028 0.0231896 0.0145748 0.0162771 0.0308740 0.0313384 0.0208673 0.0244421 0.0248744 0.0245536 0.0247270 0.0000000 0.0204652 0.0202578 0.0231679 0.0356834 0.0217254 0.0262777 0.0323352 0.0147735 0.0218704 0.0338632 0.0290983 0.0242227 0.0446842 0.0353510 0.0296385 0.0420530 0.0311675 0.0267360 0.0191858 0.0305619 0.0277968 0.0280396 0.0437019 0.0276219 0.0325747 0.0313454 0.0271445 0.0196920 0.0352059 0.0302891 0.0407960 0.0377089 0.0265100 0.0370514 0.0258880 
pop2.indv23 0.0284917 0.0410626 0.0378858 0.0329167 0.0407356 0.0268260 0.0298888 0.0268557 0.0347300 0.0179275 0.0426344 0.0283397 0.0312212 0.0344197 0.0299026 0.0297049 0.0374292 0.0332901 0.0284324 0.0252527 0.0300461 0.0282559 0.0357634 0.0286830 0.0542691 0.0235791 0.0204246 0.0266580 0.0296893 0.0219620 0.0287459 0.0223241 0.0266751 0.0317041 0.0166731 0.0305531 0.0311776 0.0235007 0.0309870 0.0204652 0.0000000 0.0281032 0.0278055 0.0314865 0.0353220 0.0278561 0.0402954 0.0217664 0.0163819 0.0415661 0.0324311 0.0225104 0.0317980 0.0325522 0.0294883 0.0413350 0.0327879 0.0269940 0.0309991 0.0307359 0.0298109 0.0250417 0.0361629 0.0278165 0.0423824 0.0378740 0.0285944 0.0368416 0.0328630 0.0351769 0.0380923 0.0368727 0.0237566 0.0311155 0.0303789 
pop2.indv24 0.0237590 0.0347796 0.0281096 0.0235287 0.0279607 0.0264327 0.0295713 0.0329345 0.0314893 0.0207948 0.0283732 0.0249445 0.0279879 0.0262698 0.0343995 0.0324097 0.0281032 0.0237529 0.0284172 0.0295909 0.0222772 0.0297391 0.0311409 0.0289360 0.0372566 0.0249468 0.0202746 0.0207087 0.0235477 0.0220204 0.0160038 0.0252477 0.0307193 0.0193736 0.0163892 0.0217348 0.0323994 0.0249589 0.0233467 0.0202578 0.0281032 0.0000000 0.0148464 0.0308884 0.0275668 0.0292679 0.0320767 0.0189054 0.0261664 0.0215846 0.0290918 0.0210609 0.0313599 0.0384468 0.0282316 0.0337255 0.0340523 0.0268557 0.0250177 0.0310115 0.0262924 0.0262690 0.0342651 0.0277224 0.0306234 0.0295413 0.0348345 0.0223696 0.0368752 0.0305615 0.0377755 0.0298699 0.0295305 0.0325833 0.0260532 
pop2.indv25 0.0234558 0.0281093 0.0191381 0.0233769 0.0293674 0.0162734 0.0281884 0.0221005 0.0285229 0.0248923 0.0327187 0.0219605 0.0282835 0.0264634 0.0268232 0.0292199 0.0353362 0.0235724 0.0328929 0.0263332 0.0277787 0.0267483 0.0259982 0.0335055 0.0436335 0.0276161 0.0257000 0.0277492 0.0278379 0.0201957 0.0215207 0.0250585 0.0233337 0.0311769 0.0224816 0.0244134 0.0235454 0.0278529 0.0215860 0.0231679 0.0278055 0.0148464 0.0000000 0.0351372 0.0348297 0.0257332 0.0365155 0.0202014 0.0235645 0.0337379 0.0428251 0.0271427 0.0327653 0.0291934 0.0249590 0.0308071 0.0356679 0.0252502 0.0312092 0.0263620 0.0191924 0.0265375 0.0265720 0.0307738 0.0382596 0.0423674 0.0380486 0.0331915 0.0247953 0.0285761 0.0283580 0.0282809 0.0323115 0.0386954 0.0256046 
pop2.indv3  0.0397098 0.0460824 0.0457684 0.0343944 0.0468494 0.0374176 0.0453147 0.0429555 0.0550566 0.0408991 0.0473634 0.0490068 0.0424191 0.0483612 0.0523316 0.0468765 0.0469641 0.0395357 0.0492131 0.0438858 0.0476167 0.0493458 0.0431567 0.0452530 0.0545144 0.0469636 0.0394159 0.0432770 0.0336084 0.0380975 0.0428139 0.0342231 0.0341907 0.0359582 0.0393004 0.0334671 0.0422265 0.0337855 0.0323570 0.0356834 0.0314865 0.0308884 0.0351372 0.0000000 0.0400898 0.0576931 0.0446465 0.0379863 0.0327187 0.0497915 0.0530276 0.0480912 0.0567963 0.0446710 0.0468815 0.0482469 0.0412758 0.0487615 0.0506003 0.0339005 0.0343107 0.0358400 0.0404724 0.0418942 0.0472455 0.0522351 0.0381925 0.0413606 0.0403295 0.0507735 0.0495258 0.0378503 0.0469217 0.0678666 0.0521014 
pop2.indv4  0.0249697 0.0401885 0.0354148 0.0262951 0.0307504 0.0261364 0.0324493 0.0264643 0.0440524 0.0335680 0.0308654 0.0247305 0.0275869 0.0479333 0.0311186 0.0351337 0.0383258 0.0371534 0.0357376 0.0244995 0.0368148 0.0307722 0.0289193 0.0457684 0.0414043 0.0335320 0.0343493 0.0295067 0.0242623 0.0304771 0.0301776 0.0218983 0.0290767 0.0418936 0.0297935 0.0314509 0.0291235 0.0322457 0.0200796 0.0217254 0.0353220 0.0275668 0.0348297 0.0400898 0.0000000 0.0350065 0.0330741 0.0300121 0.0230994 0.0392134 0.0459180 0.0298176 0.0453341 0.0329729 0.0321146 0.0430111 0.0401025 0.0355054 0.0352547 0.0365592 0.0289906 0.0187892 0.0309640 0.0393674 0.0357488 0.0385376 0.0342925 0.0370175 0.0398651 0.0294691 0.0385485 0.0325182 0.0307580 0.0427520 0.0295648 
pop2.indv5  0.0308610 0.0477704 0.0467506 0.0384429 0.0412025 0.0399179 0.0354377 0.0384938 0.0357636 0.0321206 0.0372259 0.0335472 0.0448782 0.0410897 0.0336781 0.0381322 0.0451847 0.0367256 0.0337437 0.0448652 0.0302607 0.0356612 0.0380552 0.0495355 0.0472305 0.0433823 0.0345700 0.0304432 0.0431375 0.0380476 0.0299510 0.0306886 0.0260689 0.0336766 0.0344465 0.0405594 0.0372296 0.0276250 0.0258785 0.0262777 0.0278561 0.0292679 0.0257332 0.0576931 0.0350065 0.0000000 0.0379290 0.0200960 0.0335927 0.0381476 0.0447339 0.0377952 0.0328790 0.0404897 0.0353794 0.0409354 0.0433031 0.0293777 0.0401564 0.0317689 0.0337068 0.0332729 0.0443841 0.0396793 0.0416896 0.0401066 0.0373945 0.0404758 0.0445599 0.0297618 0.0357745 0.0322546 0.0276746 0.0369684 0.0360147 
pop2.indv6  0.0279133 0.0470079 0.0413403 0.0450746 0.0407964 0.0412475 0.0455671 0.0447663 0.0460632 0.0325047 0.0431350 0.0381551 0.0385451 0.0523134 0.0407228 0.0461173 0.0528139 0.0417894 0.0420952 0.0368561 0.0371955 0.0405498 0.0429701 0.0601261 0.0550270 0.0434061 0.0395345 0.0416092 0.0429412 0.0333126 0.0303716 0.0329379 0.0336132 0.0368410 0.0308466 0.0409358 0.0487065 0.0355449 0.0380053 0.0323352 0.0402954 0.0320767 0.0365155 0.0446465 0.0330741 0.0379290 0.0000000 0.0246093 0.0387550 0.0489994 0.0410902 0.0374640 0.0408127 0.0540447 0.0320128 0.0368821 0.0451487 0.0386399 0.0447320 0.0322075 0.0337624 0.0322075 0.0589559 0.0381899 0.0349844 0.0403875 0.0371916 0.0388020 0.0443359 0.0300122 0.0375104 0.0359111 0.0337961 0.0463945 0.0317849 
pop2.indv7  0.0219436 0.0284114 0.0311365 0.0279939 0.0191333 0.0177161 0.0281698 0.0219414 0.0403875 0.0204734 0.0265657 0.0191990 0.0247917 0.0263480 0.0191026 0.0231111 0.0248130 0.0236062 0.0343238 0.0277184 0.0277134 0.0235253 0.0246454 0.0254251 0.0311296 0.0291999 0.0157510 0.0277873 0.0304527 0.0260331 0.0186055 0.0233635 0.0306450 0.0223850 0.0179939 0.0244822 0.0279165 0.0203553 0.0189933 0.0147735 0.0217664 0.0189054 0.0202014 0.0379863 0.0300121 0.0200960 0.0246093 0.0000000 0.0177059 0.0378226 0.0305739 0.0206406 0.0312632 0.0230154 0.0134299 0.0335248 0.0264153 0.0221064 0.0325587 0.0260962 0.0232553 0.0145546 0.0292039 0.0219008 0.0386832 0.0279575 0.0254799 0.0329707 0.0278886 0.0239460 0.0265719 0.0180316 0.0189611 0.0308208 0.0272495 
pop2.indv8  0.0269138 0.0408780 0.0345639 0.0267799 0.0310931 0.0234937 0.0420391 0.0312382 0.0393738 0.0208766 0.0348410 0.0278803 0.0251929 0.0341834 0.0332022 0.0297980 0.0327187 0.0253287 0.0312382 0.0219082 0.0342326 0.0346403 0.0326257 0.0353881 0.0323384 0.0391210 0.0231316 0.0220535 0.0189425 0.0162237 0.0200509 0.0263959 0.0204026 0.0269346 0.0181790 0.0200901 0.0278886 0.0176315 0.0248342 0.0218704 0.0163819 0.0261664 0.0235645 0.0327187 0.0230994 0.0335927 0.0387550 0.0177059 0.0000000 0.0263427 0.0354687 0.0303805 0.0331442 0.0351941 0.0312212 0.0367072 0.0309511 0.0285133 0.0266242 0.0264977 0.0313524 0.0265711 0.0296629 0.0372220 0.0392552 0.0404513 0.0301166 0.0380724 0.0353973 0.0350772 0.0364730 0.0270589 0.0314383 0.0310009 0.0274928 
pop2.indv9  0.0404459 0.0540450 0.0483783 0.0406265 0.0465531 0.0386954 0.0408199 0.0472881 0.0426473 0.0374678 0.0505392 0.0386950 0.0387191 0.0403958 0.0425219 0.0341493 0.0416549 0.0423973 0.0374871 0.0432145 0.0471245 0.0359178 0.0367741 0.0409884 0.0432897 0.0402547 0.0456159 0.0416858 0.0386085 0.0497077 0.0270725 0.0312858 0.0335225 0.0455797 0.0370704 0.0270010 0.0389552 0.0348915 0.0274936 0.0338632 0.0415661 0.0215846 0.0337379 0.0497915 0.0392134 0.0381476 0.0489994 0.0378226 0.0263427 0.0000000 0.0459540 0.0356946 0.0454284 0.0409358 0.0483697 0.0380169 0.0467437 0.0375607 0.0389912 0.0385728 0.0337346 0.0338294 0.0454419 0.0336728 0.0481815 0.0387230 0.0425785 0.0489646 0.0466345 0.0447290 0.0420347 0.0423287 0.0405088 0.0447284 0.0484453 
pop3.indv1  0.0355948 0.0379024 0.0368408 0.0352075 0.0289470 0.0233931 0.0321853 0.0370059 0.0386797 0.0275104 0.0261167 0.0319138 0.0302621 0.0427845 0.0369381 0.0243826 0.0288276 0.0382330 0.0232036 0.0275158 0.0441302 0.0366768 0.0349023 0.0206111 0.0431007 0.0396957 0.0333330 0.0354074 0.0385181 0.0320008 0.0346801 0.0346064 0.0355770 0.0370059 0.0311668 0.0408595 0.0324401 0.0385376 0.0399470 0.0290983 0.0324311 0.0290918 0.0428251 0.0530276 0.0459180 0.0447339 0.0410902 0.0305739 0.0354687 0.0459540 0.0000000 0.0295909 0.0382950 0.0286626 0.0261013 0.0373545 0.0286590 0.0175089 0.0318576 0.0303039 0.0345802 0.0304861 0.0231741 0.0257289 0.0323129 0.0272680 0.0312454 0.0276891 0.0394591 0.0279037 0.0337947 0.0324079 0.0345323 0.0397972 0.0284012 
pop3.indv10 0.0224528 0.0256271 0.0252732 0.0180637 0.0254398 0.0207424 0.0368072 0.0234023 0.0335422 0.0195233 0.0268005 0.0151854 0.0150691 0.0329067 0.0239973 0.0193412 0.0383174 0.0227550 0.0242832 0.0299865 0.0193289 0.0197268 0.0178723 0.0212314 0.0393324 0.0284049 0.0206905 0.0332843 0.0302406 0.0240275 0.0309709 0.0255794 0.0365297 0.0306195 0.0227424 0.0294536 0.0284390 0.0317384 0.0224711 0.0242227 0.0225104 0.0210609 0.0271427 0.0480912 0.0298176 0.0377952 0.0374640 0.0206406 0.0303805 0.0356946 0.0295909 0.0000000 0.0316926 0.0282166 0.0283863 0.0236471 0.0268411 0.0208177 0.0253816 0.0252207 0.0194913 0.0165549 0.0330242 0.0222603 0.0332062 0.0301460 0.0260433 0.0287452 0.0363553 0.0288474 0.0333582 0.0227220 0.0250909 0.0269118 0.0274871 
