75
pop1.indv1  0.0000000 0.0323682 0.0254332 0.0343319 0.0306631 0.0317763 0.0342732 0.0297225 0.0329125 0.0362890 0.0303894 0.0309980 0.0307553 0.0326827 0.0318677 0.0294791 0.0332558 0.0314092 0.0335232 0.0280571 0.0339224 0.0284492 0.0355070 0.0334673 0.0325891 0.0367450 0.0460290 0.0386079 0.0372347 0.0419051 0.0406256 0.0385966 0.0442467 0.0415585 0.0376640 0.0424306 0.0435082 0.0386211 0.0400944 0.0398484 0.0401399 0.0362147 0.0439572 0.0363310 0.0375213 0.0411811 0.0381588 0.0382034 0.0351472 0.0393430 0.0334383 0.0355474 0.0360387 0.0316132 0.0327485 0.0351841 0.0337948 0.0375604 0.0377524 0.0280732 0.0323403 0.0332654 0.0325053 0.0331789 0.0279849 0.0290930 0.0330167 0.0377303 0.0277548 0.0367254 0.0331321 0.0324732 0.0312399 0.0340934 0.0370146 
pop1.indv2  0.0323682 0.0000000 0.0242764 0.0337011 0.0319891 0.0311684 0.0287669 0.0315535 0.0297780 0.0331511 0.0298764 0.0265852 0.0295618 0.0325425 0.0319799 0.0287998 0.0318585 0.0307856 0.0293363 0.0268206 0.0295978 0.0286457 0.0326639 0.0303197 0.0338388 0.0408117 0.0411176 0.0378785 0.0353593 0.0407700 0.0363684 0.0349499 0.0433286 0.0396156 0.0351944 0.0412294 0.0421146 0.0375699 0.0363684 0.0373283 0.0381937 0.0336619 0.0442656 0.0375604 0.0355894 0.0382269 0.0353513 0.0353410 0.0289525 0.0378895 0.0360739 0.0380340 0.0314657 0.0263983 0.0319044 0.0371670 0.0355070 0.0327529 0.0336584 0.0275402 0.0304746 0.0339421 0.0300358 0.0308086 0.0280330 0.0303632 0.0305095 0.0385853 0.0295365 0.0378233 0.0345113 0.0284656 0.0309269 0.0342238 0.0345911 
pop1.indv3  0.0254332 0.0242764 0.0000000 0.0280813 0.0253258 0.0263249 0.0259685 0.0221894 0.0226868 0.0246110 0.0289735 0.0282703 0.0271755 0.0240994 0.0262951 0.0279929 0.0261161 0.0265176 0.0258808 0.0244630 0.0281540 0.0206275 0.0255271 0.0251722 0.0265401 0.0315113 0.0354542 0.0328714 0.0286969 0.0340980 0.0353179 0.0302243 0.0335617 0.0339461 0.0272928 0.0351534 0.0348157 0.0311953 0.0296490 0.0311232 0.0298713 0.0357772 0.0393314 0.0288132 0.0291180 0.0317581 0.0335740 0.0347038 0.0313750 0.0337600 0.0299022 0.0342006 0.0287612 0.0255709 0.0304856 0.0308352 0.0304156 0.0264206 0.0317267 0.0259653 0.0296208 0.0301722 0.0251154 0.0333040 0.0277472 0.0300856 0.0306407 0.0271677 0.0298288 0.0315083 0.0272584 0.0263256 0.0301461 0.0279689 0.0291596 
pop1.indv4  0.0343319 0.0337011 0.0280813 0.0000000 0.0320150 0.0332269 0.0327862 0.0259061 0.0290930 0.0344915 0.0311322 0.0293360 0.0319228 0.0361785 0.0337265 0.0299194 0.0308561 0.0335643 0.0327957 0.0356619 0.0382245 0.0292517 0.0344721 0.0270131 0.0367787 0.0384393 0.0435988 0.0421522 0.0392758 0.0417695 0.0402862 0.0379528 0.0427508 0.0425186 0.0408617 0.0416198 0.0441716 0.0355994 0.0413245 0.0444172 0.0387641 0.0371248 0.0439479 0.0374123 0.0364002 0.0431750 0.0403549 0.0413367 0.0350311 0.0408668 0.0331310 0.0332654 0.0307692 0.0288377 0.0357136 0.0337600 0.0325550 0.0350763 0.0379561 0.0301890 0.0353103 0.0353179 0.0358371 0.0368852 0.0278029 0.0299280 0.0350006 0.0346531 0.0349398 0.0333805 0.0336488 0.0295230 0.0327296 0.0340639 0.0305881 
pop1.indv5  0.0306631 0.0319891 0.0253258 0.0320150 0.0000000 0.0345711 0.0295870 0.0262283 0.0287807 0.0345896 0.0291263 0.0302591 0.0333901 0.0267165 0.0310351 0.0301470 0.0288786 0.0300870 0.0306369 0.0294285 0.0302504 0.0304068 0.0276373 0.0278337 0.0328091 0.0395204 0.0402337 0.0398601 0.0322395 0.0371344 0.0345022 0.0385289 0.0381052 0.0400709 0.0368204 0.0423306 0.0430820 0.0358074 0.0376420 0.0368643 0.0372068 0.0364534 0.0400122 0.0348056 0.0358268 0.0375169 0.0422558 0.0376420 0.0356410 0.0378785 0.0332654 0.0353616 0.0312848 0.0302589 0.0340442 0.0341132 0.0339950 0.0331511 0.0343227 0.0320150 0.0261618 0.0331597 0.0333699 0.0358683 0.0325362 0.0304243 0.0348156 0.0385401 0.0344320 0.0334752 0.0382047 0.0315387 0.0301042 0.0314002 0.0374953 
pop1.indv6  0.0317763 0.0311684 0.0263249 0.0332269 0.0345711 0.0000000 0.0301900 0.0294369 0.0278496 0.0404545 0.0288162 0.0315354 0.0310069 0.0318037 0.0337070 0.0313299 0.0327673 0.0316674 0.0294361 0.0317726 0.0341627 0.0295553 0.0358787 0.0282945 0.0332272 0.0342521 0.0439182 0.0352388 0.0346858 0.0357982 0.0364428 0.0348832 0.0421195 0.0438793 0.0362301 0.0366487 0.0398714 0.0364641 0.0353386 0.0381588 0.0364891 0.0319761 0.0391701 0.0367254 0.0339558 0.0410089 0.0418533 0.0445027 0.0298883 0.0380563 0.0347617 0.0293529 0.0329285 0.0300358 0.0346913 0.0354956 0.0334094 0.0375822 0.0351330 0.0291680 0.0344617 0.0348528 0.0309292 0.0329285 0.0304769 0.0282622 0.0332941 0.0352252 0.0337850 0.0365209 0.0327108 0.0300145 0.0305706 0.0362205 0.0343128 
pop1.indv7  0.0342732 0.0287669 0.0259685 0.0327862 0.0295870 0.0301900 0.0000000 0.0287916 0.0268677 0.0306457 0.0312310 0.0314022 0.0284499 0.0322663 0.0258589 0.0293697 0.0292195 0.0319982 0.0285148 0.0278734 0.0273986 0.0274142 0.0276920 0.0269670 0.0375387 0.0354968 0.0384496 0.0375104 0.0306889 0.0312133 0.0329190 0.0331023 0.0364823 0.0432132 0.0333233 0.0371114 0.0477449 0.0368419 0.0338485 0.0347688 0.0346094 0.0348934 0.0350158 0.0338680 0.0322295 0.0338291 0.0389347 0.0405060 0.0348491 0.0359517 0.0312848 0.0363896 0.0297310 0.0323390 0.0335714 0.0299022 0.0310971 0.0370568 0.0323218 0.0258472 0.0298543 0.0264148 0.0282887 0.0314812 0.0282541 0.0325175 0.0336197 0.0349647 0.0316132 0.0281849 0.0294611 0.0280009 0.0290267 0.0295870 0.0331310 
pop1.indv8  0.0297225 0.0315535 0.0221894 0.0259061 0.0262283 0.0294369 0.0287916 0.0000000 0.0242695 0.0281415 0.0271677 0.0293444 0.0257666 0.0277784 0.0266985 0.0295893 0.0316718 0.0299652 0.0285876 0.0254315 0.0304681 0.0220140 0.0347214 0.0310247 0.0322848 0.0353513 0.0410210 0.0336876 0.0345231 0.0382922 0.0327535 0.0327768 0.0382825 0.0398835 0.0304614 0.0381922 0.0373093 0.0301715 0.0371889 0.0370584 0.0328466 0.0331298 0.0388777 0.0341844 0.0370254 0.0343823 0.0351432 0.0367236 0.0295030 0.0308976 0.0315989 0.0324167 0.0296149 0.0291038 0.0314657 0.0295808 0.0322112 0.0273632 0.0327345 0.0269592 0.0283288 0.0277313 0.0317854 0.0295468 0.0280491 0.0285067 0.0306583 0.0308709 0.0319320 0.0299995 0.0314993 0.0221895 0.0273283 0.0311238 0.0336584 
pop1.indv9  0.0329125 0.0297780 0.0226868 0.0290930 0.0287807 0.0278496 0.0268677 0.0242695 0.0000000 0.0341765 0.0278416 0.0250305 0.0274718 0.0288377 0.0290955 0.0306144 0.0306195 0.0295365 0.0278718 0.0248756 0.0307376 0.0289236 0.0298458 0.0278021 0.0315682 0.0382481 0.0386737 0.0353718 0.0345535 0.0378635 0.0380675 0.0337557 0.0397330 0.0416563 0.0334203 0.0425495 0.0456246 0.0296405 0.0421233 0.0387076 0.0339693 0.0345423 0.0421690 0.0321835 0.0322848 0.0329125 0.0362838 0.0381031 0.0322941 0.0346011 0.0319799 0.0319412 0.0321180 0.0230911 0.0340639 0.0342421 0.0333612 0.0327529 0.0336197 0.0264524 0.0286119 0.0322670 0.0296769 0.0305095 0.0310158 0.0310605 0.0336003 0.0345222 0.0354148 0.0298543 0.0304139 0.0275560 0.0331796 0.0329031 0.0303880 
pop1.indv10 0.0362890 0.0331511 0.0246110 0.0344915 0.0345896 0.0404545 0.0306457 0.0281415 0.0341765 0.0000000 0.0337167 0.0326920 0.0354762 0.0390619 0.0322748 0.0337515 0.0319160 0.0324775 0.0317349 0.0356410 0.0349297 0.0306935 0.0363730 0.0304833 0.0364928 0.0419375 0.0400465 0.0389306 0.0383149 0.0444630 0.0419498 0.0356100 0.0369293 0.0447901 0.0406561 0.0410330 0.0440745 0.0394163 0.0378012 0.0420116 0.0339888 0.0389690 0.0400581 0.0391922 0.0381937 0.0384273 0.0402102 0.0383605 0.0420086 0.0396156 0.0398373 0.0326115 0.0344022 0.0328595 0.0364785 0.0347114 0.0335617 0.0323207 0.0376040 0.0323979 0.0307067 0.0343128 0.0337954 0.0363100 0.0331597 0.0326264 0.0324404 0.0375213 0.0309732 0.0333986 0.0392716 0.0296546 0.0300700 0.0319799 0.0341549 
pop1.indv11 0.0303894 0.0298764 0.0289735 0.0311322 0.0291263 0.0288162 0.0312310 0.0271677 0.0278416 0.0337167 0.0000000 0.0314566 0.0259876 0.0306231 0.0335232 0.0306268 0.0290102 0.0276127 0.0316222 0.0248037 0.0315936 0.0260471 0.0279051 0.0298506 0.0320808 0.0349545 0.0423233 0.0328968 0.0348668 0.0355048 0.0319761 0.0367988 0.0366166 0.0376751 0.0351907 0.0403787 0.0424047 0.0291746 0.0333427 0.0355266 0.0349905 0.0339879 0.0403872 0.0336294 0.0332077 0.0366060 0.0354852 0.0320150 0.0315083 0.0369502 0.0326115 0.0340212 0.0288110 0.0302937 0.0320057 0.0315295 0.0313931 0.0368215 0.0382358 0.0282841 0.0311416 0.0326871 0.0302331 0.0325832 0.0315204 0.0296149 0.0322391 0.0345624 0.0351125 0.0296800 0.0301556 0.0236576 0.0343923 0.0292770 0.0344521 
pop1.indv12 0.0309980 0.0265852 0.0282703 0.0293360 0.0302591 0.0315354 0.0314022 0.0293444 0.0250305 0.0326920 0.0314566 0.0000000 0.0341007 0.0340343 0.0273283 0.0314203 0.0302418 0.0292098 0.0324054 0.0344323 0.0366462 0.0269205 0.0366273 0.0308798 0.0281095 0.0386760 0.0426575 0.0409397 0.0328935 0.0412217 0.0366032 0.0371126 0.0427761 0.0449896 0.0337148 0.0419524 0.0431978 0.0401807 0.0397186 0.0407941 0.0370042 0.0349591 0.0416815 0.0327202 0.0326681 0.0347617 0.0342620 0.0392341 0.0355379 0.0353800 0.0297566 0.0312767 0.0337305 0.0292278 0.0322020 0.0334106 0.0333524 0.0344815 0.0322391 0.0303996 0.0328430 0.0322763 0.0265852 0.0326020 0.0286786 0.0310247 0.0353308 0.0321927 0.0333612 0.0328714 0.0314542 0.0273399 0.0340212 0.0323510 0.0331693 
pop1.indv13 0.0307553 0.0295618 0.0271755 0.0319228 0.0333901 0.0310069 0.0284499 0.0257666 0.0274718 0.0354762 0.0259876 0.0341007 0.0000000 0.0320257 0.0331310 0.0315989 0.0283047 0.0267213 0.0316403 0.0235769 0.0311142 0.0260248 0.0334963 0.0297907 0.0312220 0.0333040 0.0362627 0.0360774 0.0324757 0.0395643 0.0331395 0.0332558 0.0419375 0.0390149 0.0330316 0.0379006 0.0411998 0.0333434 0.0386760 0.0372739 0.0316493 0.0367109 0.0370367 0.0305881 0.0334286 0.0321279 0.0374597 0.0370909 0.0345611 0.0332750 0.0335157 0.0349545 0.0287033 0.0294201 0.0387101 0.0360281 0.0315717 0.0371638 0.0371998 0.0295059 0.0315898 0.0317818 0.0335907 0.0343319 0.0269128 0.0277631 0.0362732 0.0336228 0.0309802 0.0319780 0.0345412 0.0254898 0.0264599 0.0330833 0.0320706 
pop1.indv14 0.0326827 0.0325425 0.0240994 0.0361785 0.0267165 0.0318037 0.0322663 0.0277784 0.0288377 0.0390619 0.0306231 0.0340343 0.0320257 0.0000000 0.0374844 0.0302072 0.0307155 0.0332465 0.0292949 0.0290267 0.0332558 0.0291263 0.0321095 0.0301728 0.0345896 0.0423181 0.0422434 0.0434180 0.0367217 0.0427719 0.0432120 0.0387189 0.0404545 0.0463201 0.0380340 0.0449362 0.0474156 0.0438826 0.0389419 0.0402808 0.0424064 0.0393778 0.0427426 0.0386175 0.0365665 0.0445269 0.0412414 0.0417915 0.0397909 0.0396968 0.0364151 0.0401415 0.0371438 0.0341473 0.0308561 0.0410692 0.0339950 0.0361638 0.0362205 0.0295129 0.0333699 0.0353001 0.0344518 0.0349297 0.0364891 0.0321649 0.0324589 0.0365421 0.0356616 0.0364046 0.0349054 0.0311412 0.0338972 0.0351067 0.0331132 
pop1.indv15 0.0318677 0.0319799 0.0262951 0.0337265 0.0310351 0.0337070 0.0258589 0.0266985 0.0290955 0.0322748 0.0335232 0.0273283 0.0331310 0.0374844 0.0000000 0.0292694 0.0310616 0.0328091 0.0266041 0.0263100 0.0343029 0.0253445 0.0339852 0.0312848 0.0356924 0.0389987 0.0435074 0.0368215 0.0339619 0.0387899 0.0379006 0.0371330 0.0401848 0.0449126 0.0347920 0.0413506 0.0425564 0.0392276 0.0391816 0.0383494 0.0386715 0.0338830 0.0444033 0.0352319 0.0367787 0.0347889 0.0371114 0.0435845 0.0354046 0.0374123 0.0355687 0.0303806 0.0346612 0.0271485 0.0311862 0.0334770 0.0307330 0.0336551 0.0326171 0.0246840 0.0319160 0.0308649 0.0283944 0.0314722 0.0290184 0.0303719 0.0336936 0.0355894 0.0336936 0.0347989 0.0323311 0.0235568 0.0288622 0.0266639 0.0356616 
pop1.indv16 0.0294791 0.0287998 0.0279929 0.0299194 0.0301470 0.0313299 0.0293697 0.0295893 0.0306144 0.0337515 0.0306268 0.0314203 0.0315989 0.0302072 0.0292694 0.0000000 0.0299995 0.0315535 0.0351675 0.0293614 0.0353593 0.0284328 0.0330452 0.0280491 0.0346311 0.0399422 0.0416445 0.0385966 0.0347780 0.0414834 0.0391415 0.0347545 0.0419252 0.0420612 0.0347953 0.0391816 0.0436525 0.0370373 0.0446222 0.0398718 0.0345014 0.0421311 0.0343624 0.0383829 0.0339619 0.0401062 0.0398718 0.0408839 0.0364215 0.0377524 0.0329285 0.0304506 0.0350363 0.0305356 0.0331981 0.0320984 0.0313841 0.0342139 0.0330049 0.0300580 0.0338680 0.0352869 0.0308208 0.0288327 0.0310683 0.0304681 0.0315989 0.0341406 0.0361890 0.0350209 0.0339558 0.0307692 0.0318494 0.0329762 0.0347718 
pop1.indv17 0.0332558 0.0318585 0.0261161 0.0308561 0.0288786 0.0327673 0.0292195 0.0316718 0.0306195 0.0319160 0.0290102 0.0302418 0.0283047 0.0307155 0.0310616 0.0299995 0.0000000 0.0326827 0.0294444 0.0335546 0.0327768 0.0289319 0.0307417 0.0263026 0.0284907 0.0385289 0.0419005 0.0381476 0.0320227 0.0395877 0.0427337 0.0376640 0.0374195 0.0433538 0.0369394 0.0439442 0.0412390 0.0371889 0.0375871 0.0378895 0.0385054 0.0373313 0.0407695 0.0393856 0.0332750 0.0384273 0.0374558 0.0378122 0.0387950 0.0405777 0.0318797 0.0316627 0.0360459 0.0290873 0.0328714 0.0338634 0.0383270 0.0318524 0.0308561 0.0286211 0.0308826 0.0296631 0.0299933 0.0321927 0.0294706 0.0345322 0.0359388 0.0374378 0.0363100 0.0347588 0.0343530 0.0317176 0.0311773 0.0370146 0.0351067 
pop1.indv18 0.0314092 0.0307856 0.0265176 0.0335643 0.0300870 0.0316674 0.0319982 0.0299652 0.0295365 0.0324775 0.0276127 0.0292098 0.0267213 0.0332465 0.0328091 0.0315535 0.0326827 0.0000000 0.0302760 0.0282138 0.0313208 0.0295468 0.0357646 0.0307553 0.0381715 0.0358995 0.0419005 0.0425312 0.0323241 0.0414348 0.0416321 0.0382817 0.0405254 0.0423181 0.0366032 0.0439442 0.0437550 0.0345926 0.0399070 0.0387528 0.0381273 0.0409032 0.0438016 0.0340863 0.0359830 0.0402573 0.0378895 0.0403753 0.0311416 0.0392621 0.0348325 0.0339816 0.0310784 0.0341181 0.0334480 0.0365421 0.0352184 0.0371424 0.0412025 0.0305472 0.0354968 0.0381458 0.0327391 0.0324613 0.0312489 0.0301461 0.0350966 0.0359226 0.0355070 0.0363100 0.0319891 0.0296063 0.0331119 0.0339852 0.0363205 
pop1.indv19 0.0335232 0.0293363 0.0258808 0.0327957 0.0306369 0.0294361 0.0285148 0.0285876 0.0278718 0.0317349 0.0316222 0.0324054 0.0316403 0.0292949 0.0266041 0.0351675 0.0294444 0.0302760 0.0000000 0.0292610 0.0293948 0.0247705 0.0309821 0.0279664 0.0331898 0.0361157 0.0392098 0.0354046 0.0324073 0.0381143 0.0377023 0.0376695 0.0424253 0.0441299 0.0358891 0.0401985 0.0392391 0.0348123 0.0335424 0.0345213 0.0371942 0.0328620 0.0381605 0.0352117 0.0297189 0.0335019 0.0393856 0.0408410 0.0352622 0.0383941 0.0356307 0.0365528 0.0328809 0.0307980 0.0354968 0.0337129 0.0339265 0.0331992 0.0304139 0.0312310 0.0281849 0.0318860 0.0265149 0.0346591 0.0284013 0.0327485 0.0332368 0.0324147 0.0336647 0.0316764 0.0354979 0.0273439 0.0297274 0.0318343 0.0310971 
pop1.indv20 0.0280571 0.0268206 0.0244630 0.0356619 0.0294285 0.0317726 0.0278734 0.0254315 0.0248756 0.0356410 0.0248037 0.0344323 0.0235769 0.0290267 0.0263100 0.0293614 0.0335546 0.0282138 0.0292610 0.0000000 0.0296319 0.0263936 0.0264072 0.0290486 0.0309091 0.0358597 0.0371561 0.0388356 0.0322873 0.0357783 0.0359121 0.0340808 0.0381476 0.0412634 0.0324282 0.0363210 0.0413349 0.0354007 0.0338587 0.0339520 0.0363730 0.0349797 0.0355059 0.0379339 0.0305560 0.0351023 0.0368852 0.0407820 0.0328525 0.0356098 0.0317451 0.0351391 0.0284328 0.0293780 0.0302767 0.0306445 0.0316810 0.0370468 0.0352973 0.0265538 0.0298335 0.0300493 0.0320808 0.0349851 0.0275878 0.0277551 0.0326303 0.0397053 0.0350412 0.0329095 0.0324613 0.0289027 0.0311952 0.0300167 0.0307023 
pop1.indv21 0.0339224 0.0295978 0.0281540 0.0382245 0.0302504 0.0341627 0.0273986 0.0304681 0.0307376 0.0349297 0.0315936 0.0366462 0.0311142 0.0332558 0.0343029 0.0353593 0.0327768 0.0313208 0.0293948 0.0296319 0.0000000 0.0312948 0.0325456 0.0339224 0.0325268 0.0368635 0.0493232 0.0386211 0.0375910 0.0412611 0.0383715 0.0309603 0.0397200 0.0422857 0.0366003 0.0434441 0.0490463 0.0367867 0.0360175 0.0389390 0.0398601 0.0394206 0.0380117 0.0391357 0.0357969 0.0378122 0.0397069 0.0414471 0.0332943 0.0378258 0.0332943 0.0369719 0.0375037 0.0342633 0.0330049 0.0391184 0.0336815 0.0381811 0.0365602 0.0294547 0.0334576 0.0363637 0.0345113 0.0359016 0.0303996 0.0334009 0.0356514 0.0364279 0.0334576 0.0336033 0.0363260 0.0290034 0.0296149 0.0348629 0.0376751 
pop1.indv22 0.0284492 0.0286457 0.0206275 0.0292517 0.0304068 0.0295553 0.0274142 0.0220140 0.0289236 0.0306935 0.0260471 0.0269205 0.0260248 0.0291263 0.0253445 0.0284328 0.0289319 0.0295468 0.0247705 0.0263936 0.0312948 0.0000000 0.0286129 0.0282026 0.0282057 0.0328393 0.0361723 0.0342507 0.0316438 0.0352496 0.0324852 0.0330049 0.0386646 0.0383942 0.0313418 0.0395292 0.0356726 0.0341805 0.0316579 0.0372216 0.0335157 0.0352840 0.0368419 0.0310784 0.0337011 0.0387442 0.0338291 0.0392341 0.0316536 0.0359226 0.0309245 0.0325962 0.0273085 0.0263773 0.0316764 0.0342909 0.0272145 0.0324426 0.0275007 0.0255557 0.0279450 0.0269669 0.0272739 0.0300928 0.0240728 0.0278109 0.0317542 0.0336752 0.0323604 0.0327155 0.0322856 0.0259096 0.0270979 0.0264901 0.0288988 
pop1.indv23 0.0355070 0.0326639 0.0255271 0.0344721 0.0276373 0.0358787 0.0276920 0.0347214 0.0298458 0.0363730 0.0279051 0.0366273 0.0334963 0.0321095 0.0339852 0.0330452 0.0307417 0.0357646 0.0309821 0.0264072 0.0325456 0.0286129 0.0000000 0.0322670 0.0315952 0.0376090 0.0461066 0.0369395 0.0327011 0.0331202 0.0390723 0.0387214 0.0394658 0.0413764 0.0405104 0.0439572 0.0452178 0.0333427 0.0401887 0.0393933 0.0358356 0.0414348 0.0404663 0.0381163 0.0386400 0.0386400 0.0370259 0.0402926 0.0343333 0.0399893 0.0375651 0.0402360 0.0326681 0.0368544 0.0345911 0.0375368 0.0335449 0.0401633 0.0386533 0.0326398 0.0329031 0.0384619 0.0327342 0.0388549 0.0367988 0.0346128 0.0383717 0.0420396 0.0325984 0.0393472 0.0345711 0.0309513 0.0311773 0.0357233 0.0377242 
pop1.indv24 0.0334673 0.0303197 0.0251722 0.0270131 0.0278337 0.0282945 0.0269670 0.0310247 0.0278021 0.0304833 0.0298506 0.0308798 0.0297907 0.0301728 0.0312848 0.0280491 0.0263026 0.0307553 0.0279664 0.0290486 0.0339224 0.0282026 0.0322670 0.0000000 0.0297442 0.0357552 0.0380340 0.0373720 0.0334512 0.0325393 0.0340907 0.0337109 0.0377133 0.0387076 0.0305235 0.0389690 0.0386668 0.0299885 0.0330624 0.0353103 0.0339656 0.0332460 0.0372521 0.0289114 0.0272352 0.0329000 0.0368527 0.0314022 0.0333805 0.0366677 0.0357552 0.0334496 0.0353076 0.0295114 0.0329858 0.0323230 0.0308530 0.0363941 0.0331981 0.0287778 0.0308826 0.0333718 0.0289772 0.0289735 0.0296747 0.0270824 0.0306759 0.0346936 0.0315717 0.0291263 0.0312848 0.0248605 0.0282138 0.0295044 0.0335643 
pop1.indv25 0.0325891 0.0338388 0.0265401 0.0367787 0.0328091 0.0332272 0.0375387 0.0322848 0.0315682 0.0364928 0.0320808 0.0281095 0.0312220 0.0345896 0.0356924 0.0346311 0.0284907 0.0381715 0.0331898 0.0309091 0.0325268 0.0282057 0.0315952 0.0297442 0.0000000 0.0395810 0.0433413 0.0361261 0.0368312 0.0434570 0.0406442 0.0366617 0.0396408 0.0456347 0.0326871 0.0403044 0.0402690 0.0360040 0.0372930 0.0420825 0.0382611 0.0377635 0.0418251 0.0376098 0.0336647 0.0378165 0.0425495 0.0404109 0.0387276 0.0428180 0.0386062 0.0395088 0.0321279 0.0350809 0.0360218 0.0392046 0.0365770 0.0341961 0.0347688 0.0307288 0.0311685 0.0323682 0.0256711 0.0320901 0.0321834 0.0312041 0.0358768 0.0333324 0.0315412 0.0357130 0.0320727 0.0305968 0.0344122 0.0321743 0.0363100 
pop2.indv1  0.0367450 0.0408117 0.0315113 0.0384393 0.0395204 0.0342521 0.0354968 0.0353513 0.0382481 0.0419375 0.0349545 0.0386760 0.0333040 0.0423181 0.0389987 0.0399422 0.0385289 0.0358995 0.0361157 0.0358597 0.0368635 0.0328393 0.0376090 0.0357552 0.0395810 0.0000000 0.0366956 0.0336647 0.0253186 0.0259832 0.0311862 0.0305242 0.0295743 0.0309228 0.0318978 0.0364299 0.0284987 0.0308678 0.0268689 0.0272905 0.0299451 0.0328843 0.0323196 0.0296821 0.0271333 0.0323207 0.0289400 0.0334081 0.0370879 0.0309839 0.0367021 0.0401075 0.0371998 0.0373905 0.0396251 0.0378858 0.0424306 0.0459059 0.0383829 0.0343020 0.0403044 0.0391993 0.0405491 0.0398835 0.0372983 0.0372304 0.0429950 0.0402265 0.0420488 0.0409128 0.0397200 0.0337305 0.0310158 0.0437266 0.0398016 
pop2.indv2  0.0460290 0.0411176 0.0354542 0.0435988 0.0402337 0.0439182 0.0384496 0.0410210 0.0386737 0.0400465 0.0423233 0.0426575 0.0362627 0.0422434 0.0435074 0.0416445 0.0419005 0.0419005 0.0392098 0.0371561 0.0493232 0.0361723 0.0461066 0.0380340 0.0433413 0.0366956 0.0000000 0.0326504 0.0311238 0.0295114 0.0348255 0.0345995 0.0331530 0.0373732 0.0291038 0.0334354 0.0352319 0.0328278 0.0316630 0.0330489 0.0310900 0.0333795 0.0302757 0.0303429 0.0315025 0.0400803 0.0343926 0.0350508 0.0324383 0.0353964 0.0438305 0.0408839 0.0419400 0.0421895 0.0432514 0.0447597 0.0411209 0.0473757 0.0445478 0.0397069 0.0433286 0.0426322 0.0422511 0.0431096 0.0392968 0.0369719 0.0461252 0.0472024 0.0492234 0.0413384 0.0369290 0.0339816 0.0408358 0.0420488 0.0396736 
pop2.indv3  0.0386079 0.0378785 0.0328714 0.0421522 0.0398601 0.0352388 0.0375104 0.0336876 0.0353718 0.0389306 0.0328968 0.0409397 0.0360774 0.0434180 0.0368215 0.0385966 0.0381476 0.0425312 0.0354046 0.0388356 0.0386211 0.0342507 0.0369395 0.0373720 0.0361261 0.0336647 0.0326504 0.0000000 0.0286770 0.0280856 0.0272631 0.0289889 0.0290817 0.0360911 0.0280378 0.0386492 0.0336584 0.0302159 0.0302589 0.0321102 0.0251604 0.0305356 0.0295348 0.0266375 0.0283068 0.0320363 0.0332559 0.0352622 0.0307284 0.0331132 0.0422982 0.0384506 0.0344424 0.0400005 0.0365634 0.0418552 0.0401062 0.0402690 0.0422231 0.0355466 0.0337070 0.0375589 0.0356825 0.0352355 0.0387785 0.0366807 0.0426499 0.0420022 0.0419993 0.0423555 0.0351675 0.0310955 0.0324520 0.0424306 0.0416440 
pop2.indv4  0.0372347 0.0353593 0.0286969 0.0392758 0.0322395 0.0346858 0.0306889 0.0345231 0.0345535 0.0383149 0.0348668 0.0328935 0.0324757 0.0367217 0.0339619 0.0347780 0.0320227 0.0323241 0.0324073 0.0322873 0.0375910 0.0316438 0.0327011 0.0334512 0.0368312 0.0253186 0.0311238 0.0286770 0.0000000 0.0268512 0.0272661 0.0251438 0.0312661 0.0281255 0.0256436 0.0331501 0.0328904 0.0225906 0.0299139 0.0217074 0.0244739 0.0287033 0.0282327 0.0257647 0.0229537 0.0262135 0.0304833 0.0324707 0.0286851 0.0254620 0.0421185 0.0373453 0.0315789 0.0333912 0.0336456 0.0374748 0.0337797 0.0386782 0.0374859 0.0298518 0.0341206 0.0302594 0.0362359 0.0309130 0.0312592 0.0360281 0.0401669 0.0375192 0.0370810 0.0360281 0.0353800 0.0295420 0.0386668 0.0342809 0.0410129 
pop2.indv5  0.0419051 0.0407700 0.0340980 0.0417695 0.0371344 0.0357982 0.0312133 0.0382922 0.0378635 0.0444630 0.0355048 0.0412217 0.0395643 0.0427719 0.0387899 0.0414834 0.0395877 0.0414348 0.0381143 0.0357783 0.0412611 0.0352496 0.0331202 0.0325393 0.0434570 0.0259832 0.0295114 0.0280856 0.0268512 0.0000000 0.0279981 0.0274562 0.0308766 0.0254350 0.0303981 0.0347688 0.0361785 0.0295702 0.0272938 0.0290626 0.0313184 0.0277863 0.0315952 0.0301990 0.0286607 0.0365770 0.0365876 0.0311238 0.0309380 0.0296208 0.0443042 0.0412121 0.0417570 0.0394279 0.0372216 0.0403341 0.0396112 0.0461803 0.0432624 0.0368084 0.0399422 0.0387700 0.0380786 0.0400255 0.0410986 0.0373203 0.0402954 0.0446173 0.0426956 0.0384619 0.0389576 0.0363051 0.0338686 0.0357457 0.0406016 
pop2.indv6  0.0406256 0.0363684 0.0353179 0.0402862 0.0345022 0.0364428 0.0329190 0.0327535 0.0380675 0.0419498 0.0319761 0.0366032 0.0331395 0.0432120 0.0379006 0.0391415 0.0427337 0.0416321 0.0377023 0.0359121 0.0383715 0.0324852 0.0390723 0.0340907 0.0406442 0.0311862 0.0348255 0.0272631 0.0272661 0.0279981 0.0000000 0.0291863 0.0317389 0.0371836 0.0248124 0.0361222 0.0322571 0.0286444 0.0275517 0.0273246 0.0260685 0.0303024 0.0324127 0.0327202 0.0266340 0.0307718 0.0320818 0.0257286 0.0277857 0.0284826 0.0450679 0.0400017 0.0368204 0.0315083 0.0330145 0.0385869 0.0355578 0.0432897 0.0418780 0.0402288 0.0331214 0.0369937 0.0386400 0.0436002 0.0355785 0.0342421 0.0376861 0.0429638 0.0378453 0.0421981 0.0428648 0.0296661 0.0334963 0.0383154 0.0438696 
pop2.indv7  0.0385966 0.0349499 0.0302243 0.0379528 0.0385289 0.0348832 0.0331023 0.0327768 0.0337557 0.0356100 0.0367988 0.0371126 0.0332558 0.0387189 0.0371330 0.0347545 0.0376640 0.0382817 0.0376695 0.0340808 0.0309603 0.0330049 0.0387214 0.0337109 0.0366617 0.0305242 0.0345995 0.0289889 0.0251438 0.0274562 0.0291863 0.0000000 0.0336804 0.0339985 0.0252405 0.0272324 0.0336973 0.0304139 0.0287401 0.0289726 0.0275996 0.0244892 0.0329812 0.0272525 0.0313538 0.0267863 0.0284505 0.0296853 0.0291633 0.0303952 0.0393430 0.0359016 0.0330337 0.0350461 0.0337850 0.0381683 0.0363578 0.0380809 0.0373720 0.0326681 0.0394163 0.0367236 0.0326827 0.0377968 0.0377923 0.0350819 0.0367894 0.0381010 0.0400474 0.0356204 0.0354762 0.0294377 0.0370259 0.0366166 0.0387899 
pop2.indv8  0.0442467 0.0433286 0.0335617 0.0427508 0.0381052 0.0421195 0.0364823 0.0382825 0.0397330 0.0369293 0.0366166 0.0427761 0.0419375 0.0404545 0.0401848 0.0419252 0.0374195 0.0405254 0.0424253 0.0381476 0.0397200 0.0386646 0.0394658 0.0377133 0.0396408 0.0295743 0.0331530 0.0290817 0.0312661 0.0308766 0.0317389 0.0336804 0.0000000 0.0386563 0.0297823 0.0344219 0.0338242 0.0284670 0.0296738 0.0305045 0.0293773 0.0254777 0.0301656 0.0307497 0.0299451 0.0309944 0.0358832 0.0336899 0.0310813 0.0329743 0.0436344 0.0414733 0.0346411 0.0401499 0.0388627 0.0469666 0.0403720 0.0437093 0.0421319 0.0380228 0.0384273 0.0355997 0.0411002 0.0437887 0.0394163 0.0370254 0.0436729 0.0433025 0.0448070 0.0414490 0.0370568 0.0333901 0.0374087 0.0449788 0.0433286 
pop2.indv9  0.0415585 0.0396156 0.0339461 0.0425186 0.0400709 0.0438793 0.0432132 0.0398835 0.0416563 0.0447901 0.0376751 0.0449896 0.0390149 0.0463201 0.0449126 0.0420612 0.0433538 0.0423181 0.0441299 0.0412634 0.0422857 0.0383942 0.0413764 0.0387076 0.0456347 0.0309228 0.0373732 0.0360911 0.0281255 0.0254350 0.0371836 0.0339985 0.0386563 0.0000000 0.0326319 0.0412701 0.0349254 0.0307024 0.0338339 0.0314847 0.0341205 0.0353231 0.0361184 0.0355705 0.0334069 0.0345587 0.0342949 0.0394691 0.0310277 0.0318644 0.0438404 0.0425690 0.0424934 0.0387612 0.0442394 0.0448531 0.0437785 0.0473747 0.0479850 0.0355370 0.0433031 0.0437655 0.0457157 0.0427129 0.0412512 0.0337460 0.0441089 0.0475586 0.0460792 0.0390443 0.0438016 0.0394941 0.0416931 0.0422932 0.0425245 
pop2.indv10 0.0376640 0.0351944 0.0272928 0.0408617 0.0368204 0.0362301 0.0333233 0.0304614 0.0334203 0.0406561 0.0351907 0.0337148 0.0330316 0.0380340 0.0347920 0.0347953 0.0369394 0.0366032 0.0358891 0.0324282 0.0366003 0.0313418 0.0405104 0.0305235 0.0326871 0.0318978 0.0291038 0.0280378 0.0256436 0.0303981 0.0248124 0.0252405 0.0297823 0.0326319 0.0000000 0.0320074 0.0296377 0.0295702 0.0258589 0.0261324 0.0292867 0.0306495 0.0290462 0.0245081 0.0300529 0.0235617 0.0300529 0.0317672 0.0292195 0.0298119 0.0361129 0.0394557 0.0346654 0.0360040 0.0327820 0.0347953 0.0359542 0.0418656 0.0395292 0.0313859 0.0354646 0.0367542 0.0344321 0.0384846 0.0327298 0.0325488 0.0383716 0.0390197 0.0409322 0.0381010 0.0368858 0.0340379 0.0329380 0.0360564 0.0395760 
pop2.indv11 0.0424306 0.0412294 0.0351534 0.0416198 0.0423306 0.0366487 0.0371114 0.0381922 0.0425495 0.0410330 0.0403787 0.0419524 0.0379006 0.0449362 0.0413506 0.0391816 0.0439442 0.0439442 0.0401985 0.0363210 0.0434441 0.0395292 0.0439572 0.0389690 0.0403044 0.0364299 0.0334354 0.0386492 0.0331501 0.0347688 0.0361222 0.0272324 0.0344219 0.0412701 0.0320074 0.0000000 0.0340472 0.0359595 0.0329343 0.0320647 0.0348716 0.0347889 0.0340696 0.0342560 0.0328968 0.0361803 0.0324312 0.0364928 0.0322657 0.0354369 0.0415583 0.0421482 0.0420147 0.0393856 0.0414237 0.0414603 0.0408598 0.0421072 0.0421358 0.0353179 0.0403990 0.0397772 0.0419252 0.0452043 0.0396367 0.0350006 0.0449362 0.0480891 0.0429190 0.0398954 0.0421690 0.0346633 0.0375980 0.0446535 0.0481682 
pop2.indv12 0.0435082 0.0421146 0.0348157 0.0441716 0.0430820 0.0398714 0.0477449 0.0373093 0.0456246 0.0440745 0.0424047 0.0431978 0.0411998 0.0474156 0.0425564 0.0436525 0.0412390 0.0437550 0.0392391 0.0413349 0.0490463 0.0356726 0.0452178 0.0386668 0.0402690 0.0284987 0.0352319 0.0336584 0.0328904 0.0361785 0.0322571 0.0336973 0.0338242 0.0349254 0.0296377 0.0340472 0.0000000 0.0308296 0.0336743 0.0361430 0.0318464 0.0372956 0.0364194 0.0342940 0.0349054 0.0351713 0.0357233 0.0303362 0.0375881 0.0396156 0.0468710 0.0422025 0.0402742 0.0423430 0.0456793 0.0513031 0.0456656 0.0466654 0.0454211 0.0340179 0.0420271 0.0445237 0.0485157 0.0444305 0.0406550 0.0377968 0.0425438 0.0477752 0.0453121 0.0481618 0.0473031 0.0371248 0.0365067 0.0479734 0.0495927 
pop2.indv13 0.0386211 0.0375699 0.0311953 0.0355994 0.0358074 0.0364641 0.0368419 0.0301715 0.0296405 0.0394163 0.0291746 0.0401807 0.0333434 0.0438826 0.0392276 0.0370373 0.0371889 0.0345926 0.0348123 0.0354007 0.0367867 0.0341805 0.0333427 0.0299885 0.0360040 0.0308678 0.0328278 0.0302159 0.0225906 0.0295702 0.0286444 0.0304139 0.0284670 0.0307024 0.0295702 0.0359595 0.0308296 0.0000000 0.0317581 0.0267390 0.0284104 0.0257156 0.0308241 0.0279953 0.0285471 0.0337322 0.0345995 0.0330848 0.0277857 0.0292029 0.0402503 0.0372347 0.0369828 0.0358806 0.0385300 0.0388930 0.0376751 0.0419276 0.0401907 0.0362515 0.0345022 0.0397171 0.0401415 0.0376363 0.0380763 0.0365710 0.0429030 0.0388161 0.0433406 0.0361301 0.0369395 0.0332072 0.0318925 0.0332750 0.0407458 
pop2.indv14 0.0400944 0.0363684 0.0296490 0.0413245 0.0376420 0.0353386 0.0338485 0.0371889 0.0421233 0.0378012 0.0333427 0.0397186 0.0386760 0.0389419 0.0391816 0.0446222 0.0375871 0.0399070 0.0335424 0.0338587 0.0360175 0.0316579 0.0401887 0.0330624 0.0372930 0.0268689 0.0316630 0.0302589 0.0299139 0.0272938 0.0275517 0.0287401 0.0296738 0.0338339 0.0258589 0.0329343 0.0336743 0.0317581 0.0000000 0.0241289 0.0279405 0.0324613 0.0296821 0.0266301 0.0266041 0.0285869 0.0316004 0.0291615 0.0307980 0.0302932 0.0400247 0.0406256 0.0398714 0.0379924 0.0366487 0.0398243 0.0362627 0.0402690 0.0397549 0.0318740 0.0365528 0.0365495 0.0433281 0.0364641 0.0353800 0.0325456 0.0416931 0.0408547 0.0384838 0.0374776 0.0384501 0.0317410 0.0303545 0.0354336 0.0437655 
pop2.indv15 0.0398484 0.0373283 0.0311232 0.0444172 0.0368643 0.0381588 0.0347688 0.0370584 0.0387076 0.0420116 0.0355266 0.0407941 0.0372739 0.0402808 0.0383494 0.0398718 0.0378895 0.0387528 0.0345213 0.0339520 0.0389390 0.0372216 0.0393933 0.0353103 0.0420825 0.0272905 0.0330489 0.0321102 0.0217074 0.0290626 0.0273246 0.0289726 0.0305045 0.0314847 0.0261324 0.0320647 0.0361430 0.0267390 0.0241289 0.0000000 0.0252093 0.0316674 0.0264337 0.0286818 0.0249810 0.0297321 0.0340890 0.0283545 0.0278937 0.0337129 0.0430841 0.0408668 0.0377635 0.0373471 0.0382705 0.0386192 0.0383941 0.0407695 0.0379672 0.0354631 0.0383494 0.0401313 0.0358787 0.0414225 0.0361407 0.0348934 0.0429316 0.0434441 0.0370584 0.0406085 0.0425620 0.0322489 0.0357448 0.0405538 0.0428394 
pop2.indv16 0.0401399 0.0381937 0.0298713 0.0387641 0.0372068 0.0364891 0.0346094 0.0328466 0.0339693 0.0339888 0.0349905 0.0370042 0.0316493 0.0424064 0.0386715 0.0345014 0.0385054 0.0381273 0.0371942 0.0363730 0.0398601 0.0335157 0.0358356 0.0339656 0.0382611 0.0299451 0.0310900 0.0251604 0.0244739 0.0313184 0.0260685 0.0275996 0.0293773 0.0341205 0.0292867 0.0348716 0.0318464 0.0284104 0.0279405 0.0252093 0.0000000 0.0264057 0.0323105 0.0269153 0.0289601 0.0229913 0.0295908 0.0306247 0.0286020 0.0274998 0.0421690 0.0393357 0.0377352 0.0354369 0.0373688 0.0418636 0.0374231 0.0369823 0.0399187 0.0370259 0.0380392 0.0355687 0.0409890 0.0371853 0.0339558 0.0347588 0.0414369 0.0403990 0.0381384 0.0375061 0.0395949 0.0275030 0.0340375 0.0375387 0.0397215 
pop2.indv17 0.0362147 0.0336619 0.0357772 0.0371248 0.0364534 0.0319761 0.0348934 0.0331298 0.0345423 0.0389690 0.0339879 0.0349591 0.0367109 0.0393778 0.0338830 0.0421311 0.0373313 0.0409032 0.0328620 0.0349797 0.0394206 0.0352840 0.0414348 0.0332460 0.0377635 0.0328843 0.0333795 0.0305356 0.0287033 0.0277863 0.0303024 0.0244892 0.0254777 0.0353231 0.0306495 0.0347889 0.0372956 0.0257156 0.0324613 0.0316674 0.0264057 0.0000000 0.0343431 0.0310189 0.0246317 0.0289889 0.0315143 0.0332558 0.0295449 0.0265176 0.0405946 0.0368084 0.0382006 0.0363896 0.0354215 0.0361023 0.0356306 0.0402716 0.0382471 0.0328163 0.0364002 0.0367758 0.0351330 0.0373643 0.0329737 0.0362087 0.0381908 0.0362997 0.0386533 0.0375258 0.0383491 0.0298209 0.0295978 0.0342620 0.0371561 
pop2.indv18 0.0439572 0.0442656 0.0393314 0.0439479 0.0400122 0.0391701 0.0350158 0.0388777 0.0421690 0.0400581 0.0403872 0.0416815 0.0370367 0.0427426 0.0444033 0.0343624 0.0407695 0.0438016 0.0381605 0.0355059 0.0380117 0.0368419 0.0404663 0.0372521 0.0418251 0.0323196 0.0302757 0.0295348 0.0282327 0.0315952 0.0324127 0.0329812 0.0301656 0.0361184 0.0290462 0.0340696 0.0364194 0.0308241 0.0296821 0.0264337 0.0323105 0.0343431 0.0000000 0.0343830 0.0305216 0.0371410 0.0340116 0.0326041 0.0339057 0.0363046 0.0444102 0.0457999 0.0380563 0.0413040 0.0423680 0.0385063 0.0406919 0.0462790 0.0453266 0.0397069 0.0433159 0.0418038 0.0421526 0.0379672 0.0416568 0.0358995 0.0445083 0.0463605 0.0438275 0.0389987 0.0416315 0.0349545 0.0363310 0.0386512 0.0381031 
pop2.indv19 0.0363310 0.0375604 0.0288132 0.0374123 0.0348056 0.0367254 0.0338680 0.0341844 0.0321835 0.0391922 0.0336294 0.0327202 0.0305881 0.0386175 0.0352319 0.0383829 0.0393856 0.0340863 0.0352117 0.0379339 0.0391357 0.0310784 0.0381163 0.0289114 0.0376098 0.0296821 0.0303429 0.0266375 0.0257647 0.0301990 0.0327202 0.0272525 0.0307497 0.0355705 0.0245081 0.0342560 0.0342940 0.0279953 0.0266301 0.0286818 0.0269153 0.0310189 0.0343830 0.0000000 0.0264189 0.0332372 0.0282931 0.0303012 0.0313964 0.0314936 0.0397099 0.0397084 0.0346311 0.0375773 0.0369183 0.0369180 0.0372499 0.0391809 0.0359803 0.0336973 0.0335783 0.0368215 0.0363985 0.0329503 0.0336003 0.0333420 0.0411121 0.0421814 0.0378316 0.0350708 0.0387807 0.0293864 0.0352319 0.0392669 0.0411599 
pop2.indv20 0.0375213 0.0355894 0.0291180 0.0364002 0.0358268 0.0339558 0.0322295 0.0370254 0.0322848 0.0381937 0.0332077 0.0326681 0.0334286 0.0365665 0.0367787 0.0339619 0.0332750 0.0359830 0.0297189 0.0305560 0.0357969 0.0337011 0.0386400 0.0272352 0.0336647 0.0271333 0.0315025 0.0283068 0.0229537 0.0286607 0.0266340 0.0313538 0.0299451 0.0334069 0.0300529 0.0328968 0.0349054 0.0285471 0.0266041 0.0249810 0.0289601 0.0246317 0.0305216 0.0264189 0.0000000 0.0270500 0.0286754 0.0290380 0.0277465 0.0307805 0.0369827 0.0363684 0.0391415 0.0347889 0.0320441 0.0392391 0.0354557 0.0387837 0.0333708 0.0344921 0.0338875 0.0340639 0.0296433 0.0342023 0.0348832 0.0351637 0.0355379 0.0353718 0.0385950 0.0346011 0.0373872 0.0282703 0.0334576 0.0367254 0.0358371 
pop2.indv21 0.0411811 0.0382269 0.0317581 0.0431750 0.0375169 0.0410089 0.0338291 0.0343823 0.0329125 0.0384273 0.0366060 0.0347617 0.0321279 0.0445269 0.0347889 0.0401062 0.0384273 0.0402573 0.0335019 0.0351023 0.0378122 0.0387442 0.0386400 0.0329000 0.0378165 0.0323207 0.0400803 0.0320363 0.0262135 0.0365770 0.0307718 0.0267863 0.0309944 0.0345587 0.0235617 0.0361803 0.0351713 0.0337322 0.0285869 0.0297321 0.0229913 0.0289889 0.0371410 0.0332372 0.0270500 0.0000000 0.0375019 0.0341279 0.0303524 0.0328782 0.0403398 0.0385627 0.0370259 0.0379187 0.0349803 0.0391242 0.0398140 0.0370889 0.0396504 0.0341330 0.0335617 0.0368001 0.0361638 0.0403162 0.0360354 0.0331597 0.0385501 0.0357656 0.0430608 0.0381826 0.0377510 0.0292014 0.0336488 0.0392784 0.0397677 
pop2.indv22 0.0381588 0.0353513 0.0335740 0.0403549 0.0422558 0.0418533 0.0389347 0.0351432 0.0362838 0.0402102 0.0354852 0.0342620 0.0374597 0.0412414 0.0371114 0.0398718 0.0374558 0.0378895 0.0393856 0.0368852 0.0397069 0.0338291 0.0370259 0.0368527 0.0425495 0.0289400 0.0343926 0.0332559 0.0304833 0.0365876 0.0320818 0.0284505 0.0358832 0.0342949 0.0300529 0.0324312 0.0357233 0.0345995 0.0316004 0.0340890 0.0295908 0.0315143 0.0340116 0.0282931 0.0286754 0.0375019 0.0000000 0.0296266 0.0336708 0.0318615 0.0387981 0.0402598 0.0403429 0.0366511 0.0395785 0.0394625 0.0361680 0.0438275 0.0430077 0.0349954 0.0355276 0.0372107 0.0398373 0.0374776 0.0387670 0.0341429 0.0436748 0.0443970 0.0446138 0.0409368 0.0360843 0.0271134 0.0403398 0.0382593 0.0409728 
pop2.indv23 0.0382034 0.0353410 0.0347038 0.0413367 0.0376420 0.0445027 0.0405060 0.0367236 0.0381031 0.0383605 0.0320150 0.0392341 0.0370909 0.0417915 0.0435845 0.0408839 0.0378122 0.0403753 0.0408410 0.0407820 0.0414471 0.0392341 0.0402926 0.0314022 0.0404109 0.0334081 0.0350508 0.0352622 0.0324707 0.0311238 0.0257286 0.0296853 0.0336899 0.0394691 0.0317672 0.0364928 0.0303362 0.0330848 0.0291615 0.0283545 0.0306247 0.0332558 0.0326041 0.0303012 0.0290380 0.0341279 0.0296266 0.0000000 0.0304038 0.0294194 0.0464787 0.0373720 0.0417062 0.0389715 0.0355894 0.0425564 0.0405299 0.0437887 0.0426069 0.0382922 0.0390329 0.0400483 0.0422807 0.0416691 0.0398714 0.0405657 0.0400709 0.0453667 0.0458242 0.0433538 0.0406204 0.0302418 0.0384277 0.0450431 0.0421233 
pop2.indv24 0.0351472 0.0289525 0.0313750 0.0350311 0.0356410 0.0298883 0.0348491 0.0295030 0.0322941 0.0420086 0.0315083 0.0355379 0.0345611 0.0397909 0.0354046 0.0364215 0.0387950 0.0311416 0.0352622 0.0328525 0.0332943 0.0316536 0.0343333 0.0333805 0.0387276 0.0370879 0.0324383 0.0307284 0.0286851 0.0309380 0.0277857 0.0291633 0.0310813 0.0310277 0.0292195 0.0322657 0.0375881 0.0277857 0.0307980 0.0278937 0.0286020 0.0295449 0.0339057 0.0313964 0.0277465 0.0303524 0.0336708 0.0304038 0.0000000 0.0275517 0.0404109 0.0367361 0.0363366 0.0348355 0.0343128 0.0431607 0.0328560 0.0419813 0.0390671 0.0327725 0.0329409 0.0355791 0.0316362 0.0391242 0.0309891 0.0337167 0.0427426 0.0382705 0.0354046 0.0398721 0.0378056 0.0281736 0.0330928 0.0382713 0.0363520 
pop2.indv25 0.0393430 0.0378895 0.0337600 0.0408668 0.0378785 0.0380563 0.0359517 0.0308976 0.0346011 0.0396156 0.0369502 0.0353800 0.0332750 0.0396968 0.0374123 0.0377524 0.0405777 0.0392621 0.0383941 0.0356098 0.0378258 0.0359226 0.0399893 0.0366677 0.0428180 0.0309839 0.0353964 0.0331132 0.0254620 0.0296208 0.0284826 0.0303952 0.0329743 0.0318644 0.0298119 0.0354369 0.0396156 0.0292029 0.0302932 0.0337129 0.0274998 0.0265176 0.0363046 0.0314936 0.0307805 0.0328782 0.0318615 0.0294194 0.0275517 0.0000000 0.0453803 0.0409685 0.0401907 0.0358475 0.0408478 0.0367450 0.0409564 0.0427928 0.0390378 0.0360810 0.0398718 0.0384167 0.0352184 0.0386873 0.0350261 0.0354646 0.0403753 0.0461718 0.0440876 0.0385289 0.0385176 0.0331491 0.0347214 0.0429569 0.0443049 
pop3.indv1  0.0334383 0.0360739 0.0299022 0.0331310 0.0332654 0.0347617 0.0312848 0.0315989 0.0319799 0.0398373 0.0326115 0.0297566 0.0335157 0.0364151 0.0355687 0.0329285 0.0318797 0.0348325 0.0356307 0.0317451 0.0332943 0.0309245 0.0375651 0.0357552 0.0386062 0.0367021 0.0438305 0.0422982 0.0421185 0.0443042 0.0450679 0.0393430 0.0436344 0.0438404 0.0361129 0.0415583 0.0468710 0.0402503 0.0400247 0.0430841 0.0421690 0.0405946 0.0444102 0.0397099 0.0369827 0.0403398 0.0387981 0.0464787 0.0404109 0.0453803 0.0000000 0.0325738 0.0354439 0.0309292 0.0340049 0.0325550 0.0304486 0.0354353 0.0322020 0.0345122 0.0300358 0.0306759 0.0336263 0.0312758 0.0367773 0.0294538 0.0396736 0.0299567 0.0326452 0.0355584 0.0319617 0.0306268 0.0368750 0.0317308 0.0331701 
pop3.indv2  0.0355474 0.0380340 0.0342006 0.0332654 0.0353616 0.0293529 0.0363896 0.0324167 0.0319412 0.0326115 0.0340212 0.0312767 0.0349545 0.0401415 0.0303806 0.0304506 0.0316627 0.0339816 0.0365528 0.0351391 0.0369719 0.0325962 0.0402360 0.0334496 0.0395088 0.0401075 0.0408839 0.0384506 0.0373453 0.0412121 0.0400017 0.0359016 0.0414733 0.0425690 0.0394557 0.0421482 0.0422025 0.0372347 0.0406256 0.0408668 0.0393357 0.0368084 0.0457999 0.0397084 0.0363684 0.0385627 0.0402598 0.0373720 0.0367361 0.0409685 0.0325738 0.0000000 0.0346633 0.0338193 0.0285719 0.0351534 0.0331885 0.0351168 0.0366487 0.0326152 0.0305356 0.0330337 0.0367361 0.0357969 0.0325488 0.0292770 0.0335351 0.0327725 0.0334286 0.0389462 0.0304746 0.0286951 0.0301900 0.0373580 0.0358787 
