75
pop1.indv1  0.0000000 0.0270343 0.0281034 0.0250701 0.0192418 0.0296408 0.0364608 0.0195647 0.0284639 0.0253172 0.0265799 0.0206486 0.0224629 0.0241091 0.0288754 0.0237384 0.0223373 0.0344388 0.0251402 0.0282226 0.0310610 0.0220904 0.0282226 0.0358837 0.0295572 0.0298518 0.0383795 0.0377098 0.0445387 0.0382662 0.0350949 0.0351464 0.0338213 0.0354586 0.0270729 0.0322531 0.0318725 0.0438228 0.0282226 0.0313716 0.0424083 0.0394589 0.0384934 0.0394589 0.0227506 0.0476117 0.0414189 0.0377647 0.0435018 0.0299798 0.0301523 0.0386080 0.0350435 0.0372761 0.0283026 0.0338712 0.0269959 0.0283427 0.0331856 0.0298943 0.0378197 0.0317343 0.0316885 0.0311934 0.0314165 0.0276247 0.0301523 0.0363545 0.0350949 0.0282625 0.0321055 0.0351980 0.0315519 0.0328062 0.0323419 
pop1.indv10 0.0270343 0.0000000 0.0249656 0.0267297 0.0298943 0.0265057 0.0376550 0.0207918 0.0305487 0.0327594 0.0295156 0.0222441 0.0285453 0.0331377 0.0286271 0.0237384 0.0253529 0.0204513 0.0266172 0.0265057 0.0237716 0.0296827 0.0209078 0.0265428 0.0248621 0.0328062 0.0317802 0.0359354 0.0310610 0.0366214 0.0416040 0.0335740 0.0287922 0.0305487 0.0238718 0.0294327 0.0335740 0.0337715 0.0300227 0.0463847 0.0426587 0.0317802 0.0319188 0.0298093 0.0333787 0.0376550 0.0368923 0.0390016 0.0294327 0.0286682 0.0256056 0.0226218 0.0287507 0.0220904 0.0253172 0.0305043 0.0312822 0.0298518 0.0282226 0.0329002 0.0301523 0.0283427 0.0285045 0.0235084 0.0327594 0.0372226 0.0211437 0.0340956 0.0210251 0.0327594 0.0316428 0.0255329 0.0427217 0.0342908 0.0286682 
pop1.indv11 0.0281034 0.0249656 0.0000000 0.0342418 0.0416747 0.0402833 0.0436288 0.0165097 0.0409931 0.0323440 0.0264687 0.0306706 0.0252461 0.0346380 0.0301090 0.0325273 0.0281827 0.0353247 0.0296408 0.0293093 0.0328532 0.0296827 0.0280639 0.0323896 0.0245565 0.0359873 0.0408133 0.0392289 0.0390582 0.0412353 0.0429758 0.0336725 0.0351980 0.0365142 0.0414189 0.0370631 0.0499381 0.0432329 0.0264687 0.0458340 0.0501736 0.0358322 0.0353539 0.0417952 0.0414804 0.0524460 0.0481148 0.0522101 0.0324813 0.0254246 0.0328062 0.0321996 0.0285453 0.0354754 0.0295989 0.0334760 0.0354251 0.0373298 0.0324813 0.0409931 0.0238383 0.0360393 0.0299370 0.0265428 0.0342908 0.0383227 0.0317802 0.0328062 0.0301090 0.0282625 0.0297670 0.0315066 0.0475406 0.0310171 0.0303277 
pop1.indv12 0.0250701 0.0267297 0.0342418 0.0000000 0.0307996 0.0338068 0.0294741 0.0193482 0.0392861 0.0295156 0.0175031 0.0264687 0.0223686 0.0329002 0.0350949 0.0390016 0.0252461 0.0307135 0.0263584 0.0339025 0.0219689 0.0234435 0.0295156 0.0307135 0.0218787 0.0406943 0.0425958 0.0328532 0.0311934 0.0366752 0.0478978 0.0425331 0.0319653 0.0287094 0.0240068 0.0307135 0.0300227 0.0334273 0.0422225 0.0438206 0.0388329 0.0346380 0.0399863 0.0357808 0.0396915 0.0377098 0.0411138 0.0356275 0.0450979 0.0360914 0.0299798 0.0272674 0.0299798 0.0275986 0.0221209 0.0401054 0.0282625 0.0380417 0.0298518 0.0249310 0.0346380 0.0282226 0.0268052 0.0322531 0.0236392 0.0269959 0.0211140 0.0265057 0.0314165 0.0222751 0.0363016 0.0312822 0.0235736 0.0293503 0.0255329 
pop1.indv13 0.0192418 0.0298943 0.0416747 0.0307996 0.0000000 0.0338068 0.0355260 0.0222751 0.0266546 0.0205636 0.0190843 0.0308863 0.0267297 0.0314165 0.0269959 0.0293503 0.0301090 0.0292684 0.0293915 0.0264318 0.0279071 0.0193215 0.0355766 0.0293915 0.0249310 0.0265428 0.0300227 0.0377098 0.0340956 0.0346380 0.0382098 0.0347890 0.0380417 0.0368378 0.0223999 0.0292684 0.0316428 0.0400458 0.0327127 0.0268812 0.0374376 0.0377098 0.0382662 0.0343893 0.0255329 0.0358837 0.0379304 0.0402833 0.0373836 0.0411138 0.0268052 0.0330899 0.0363016 0.0218787 0.0296827 0.0271116 0.0312822 0.0314165 0.0314165 0.0236722 0.0341929 0.0267297 0.0284234 0.0278682 0.0253529 0.0366214 0.0273855 0.0373836 0.0298943 0.0266921 0.0302403 0.0360914 0.0311934 0.0296408 0.0272674 
pop1.indv14 0.0296408 0.0265057 0.0402833 0.0338068 0.0338068 0.0000000 0.0355260 0.0251402 0.0282625 0.0356784 0.0352748 0.0262490 0.0220904 0.0361437 0.0379859 0.0275605 0.0453628 0.0291059 0.0234111 0.0245901 0.0374917 0.0263219 0.0293503 0.0365925 0.0287468 0.0372761 0.0326661 0.0340471 0.0339506 0.0478260 0.0544573 0.0471887 0.0282625 0.0378750 0.0311934 0.0467048 0.0393436 0.0377098 0.0420995 0.0374376 0.0387212 0.0372761 0.0427849 0.0471887 0.0285861 0.0467048 0.0459021 0.0401097 0.0307135 0.0441441 0.0359873 0.0268052 0.0375460 0.0367480 0.0278682 0.0377098 0.0356784 0.0324354 0.0307565 0.0279461 0.0279071 0.0329002 0.0329475 0.0262128 0.0251754 0.0332337 0.0285861 0.0438849 0.0298093 0.0310171 0.0298093 0.0454965 0.0391149 0.0338068 0.0223373 
pop1.indv15 0.0364608 0.0376550 0.0436288 0.0294741 0.0355260 0.0355260 0.0000000 0.0344884 0.0400458 0.0417952 0.0374376 0.0265799 0.0394011 0.0378197 0.0354586 0.0377098 0.0379304 0.0355260 0.0281034 0.0402253 0.0297670 0.0342418 0.0378197 0.0373298 0.0338068 0.0454965 0.0590571 0.0429758 0.0394011 0.0432977 0.0538237 0.0368378 0.0401653 0.0404064 0.0448057 0.0522885 0.0479699 0.0422335 0.0475406 0.0461077 0.0386102 0.0444064 0.0414804 0.0377647 0.0556417 0.0456309 0.0431040 0.0392861 0.0539650 0.0465245 0.0394011 0.0383795 0.0334760 0.0371693 0.0266546 0.0384934 0.0329002 0.0361437 0.0390582 0.0358322 0.0331856 0.0394011 0.0270343 0.0310610 0.0361962 0.0418536 0.0365677 0.0493382 0.0284639 0.0313716 0.0384364 0.0365142 0.0421609 0.0343893 0.0242122 
pop1.indv16 0.0195647 0.0207918 0.0165097 0.0193482 0.0222751 0.0251402 0.0344884 0.0000000 0.0316885 0.0223062 0.0217893 0.0236392 0.0210546 0.0153853 0.0210843 0.0179877 0.0241091 0.0263219 0.0223686 0.0219992 0.0209370 0.0106906 0.0313716 0.0208787 0.0149056 0.0313268 0.0332819 0.0316885 0.0285861 0.0321055 0.0465947 0.0470203 0.0302403 0.0275445 0.0317802 0.0307996 0.0386656 0.0326303 0.0364608 0.0365142 0.0286271 0.0284639 0.0418536 0.0301090 0.0366752 0.0396915 0.0288754 0.0378750 0.0295572 0.0316885 0.0334760 0.0166241 0.0194830 0.0280639 0.0178641 0.0309090 0.0179629 0.0254606 0.0237716 0.0251051 0.0192418 0.0209370 0.0194559 0.0249656 0.0165552 0.0259381 0.0257893 0.0238049 0.0180879 0.0193750 0.0303717 0.0285861 0.0282625 0.0192418 0.0196471 
pop1.indv17 0.0284639 0.0305487 0.0409931 0.0392861 0.0266546 0.0282625 0.0400458 0.0316885 0.0000000 0.0362488 0.0396331 0.0361962 0.0302403 0.0384934 0.0406504 0.0329948 0.0418536 0.0422843 0.0250352 0.0408133 0.0511594 0.0378197 0.0391718 0.0410534 0.0390016 0.0327594 0.0398089 0.0332337 0.0391149 0.0440231 0.0469488 0.0437565 0.0450760 0.0391324 0.0350949 0.0420995 0.0335740 0.0402855 0.0395168 0.0462458 0.0396915 0.0398089 0.0402253 0.0461077 0.0305043 0.0578810 0.0355640 0.0357808 0.0473992 0.0418536 0.0335249 0.0352498 0.0450081 0.0456309 0.0377098 0.0258635 0.0347890 0.0366214 0.0302403 0.0432977 0.0367293 0.0446052 0.0384364 0.0389452 0.0301090 0.0359916 0.0290012 0.0448730 0.0349412 0.0256421 0.0398679 0.0418536 0.0482605 0.0444064 0.0437565 
pop1.indv18 0.0253172 0.0327594 0.0323440 0.0295156 0.0205636 0.0356784 0.0417952 0.0223062 0.0362488 0.0000000 0.0293093 0.0264318 0.0267297 0.0397501 0.0316428 0.0324813 0.0311934 0.0338068 0.0277520 0.0441946 0.0295989 0.0293503 0.0296827 0.0356784 0.0324354 0.0487527 0.0378197 0.0326197 0.0356275 0.0463152 0.0363016 0.0383795 0.0286271 0.0319653 0.0282226 0.0403415 0.0509284 0.0334760 0.0324354 0.0444725 0.0343400 0.0296408 0.0379859 0.0326661 0.0348396 0.0506238 0.0365142 0.0355766 0.0435652 0.0347890 0.0359873 0.0273067 0.0284234 0.0233789 0.0342418 0.0302839 0.0405171 0.0436925 0.0408731 0.0342418 0.0376004 0.0282226 0.0367293 0.0322531 0.0329475 0.0197025 0.0257893 0.0327127 0.0281430 0.0107770 0.0268812 0.0331377 0.0341929 0.0355766 0.0256788 
pop1.indv19 0.0265799 0.0295156 0.0264687 0.0175031 0.0190843 0.0352748 0.0374376 0.0217893 0.0396331 0.0293093 0.0000000 0.0219388 0.0251051 0.0236722 0.0266546 0.0327127 0.0278293 0.0263219 0.0263951 0.0320728 0.0219992 0.0234111 0.0307135 0.0307565 0.0261406 0.0277520 0.0297670 0.0309298 0.0310610 0.0363545 0.0359873 0.0375460 0.0253172 0.0268431 0.0191627 0.0244896 0.0343893 0.0316885 0.0324813 0.0325273 0.0371693 0.0338546 0.0398089 0.0310610 0.0330899 0.0403415 0.0284234 0.0369049 0.0261766 0.0345381 0.0253529 0.0283427 0.0251754 0.0260687 0.0204513 0.0335249 0.0329002 0.0403415 0.0281827 0.0276751 0.0324354 0.0280639 0.0281034 0.0261046 0.0314165 0.0242468 0.0267297 0.0311491 0.0265057 0.0265428 0.0359873 0.0360393 0.0340956 0.0337591 0.0238718 
pop1.indv2  0.0206486 0.0222441 0.0306706 0.0264687 0.0308863 0.0262490 0.0265799 0.0236392 0.0361962 0.0264318 0.0219388 0.0000000 0.0224314 0.0295572 0.0237716 0.0277520 0.0281430 0.0289852 0.0217893 0.0233147 0.0328532 0.0204235 0.0205073 0.0202853 0.0202305 0.0291869 0.0311491 0.0311934 0.0298093 0.0377647 0.0426587 0.0344884 0.0253172 0.0239729 0.0265799 0.0337591 0.0363545 0.0269575 0.0264687 0.0324354 0.0293915 0.0265799 0.0360914 0.0279461 0.0283427 0.0339025 0.0394589 0.0353247 0.0278293 0.0374917 0.0309734 0.0268812 0.0252107 0.0261046 0.0251754 0.0349923 0.0190065 0.0311050 0.0310610 0.0312822 0.0266172 0.0249310 0.0282226 0.0275605 0.0150074 0.0332337 0.0252107 0.0329002 0.0209663 0.0207056 0.0314165 0.0281430 0.0369574 0.0345880 0.0252816 
pop1.indv20 0.0224629 0.0285453 0.0252461 0.0223686 0.0267297 0.0220904 0.0394011 0.0210546 0.0302403 0.0267297 0.0251051 0.0224314 0.0000000 0.0271116 0.0271504 0.0300658 0.0299798 0.0219087 0.0163968 0.0235736 0.0283830 0.0209370 0.0224945 0.0281034 0.0176938 0.0300658 0.0224629 0.0238383 0.0253887 0.0305933 0.0353018 0.0288754 0.0153210 0.0307729 0.0332337 0.0326661 0.0303277 0.0353018 0.0316428 0.0253887 0.0297670 0.0239054 0.0321996 0.0269959 0.0290857 0.0392289 0.0386656 0.0283026 0.0374376 0.0255692 0.0271893 0.0242122 0.0241777 0.0222441 0.0193215 0.0291707 0.0253529 0.0348903 0.0256056 0.0222441 0.0298943 0.0224314 0.0335740 0.0222751 0.0237384 0.0275445 0.0225580 0.0268431 0.0303277 0.0178151 0.0225899 0.0368378 0.0253172 0.0194559 0.0228155 
pop1.indv21 0.0241091 0.0331377 0.0346380 0.0329002 0.0314165 0.0361437 0.0378197 0.0153853 0.0384934 0.0397501 0.0236722 0.0295572 0.0271116 0.0000000 0.0320119 0.0380975 0.0301967 0.0296408 0.0268052 0.0360914 0.0224945 0.0284639 0.0240408 0.0357295 0.0250352 0.0312822 0.0456264 0.0394589 0.0395168 0.0422335 0.0417909 0.0319188 0.0321996 0.0322469 0.0382662 0.0249310 0.0333787 0.0370567 0.0345880 0.0361962 0.0439495 0.0331377 0.0307729 0.0255692 0.0305487 0.0429120 0.0469488 0.0412353 0.0378750 0.0368378 0.0336725 0.0291281 0.0318263 0.0314165 0.0317802 0.0357231 0.0430398 0.0331377 0.0284639 0.0270343 0.0367834 0.0271893 0.0196471 0.0220904 0.0301523 0.0310464 0.0319653 0.0379859 0.0239729 0.0363016 0.0320586 0.0290857 0.0396915 0.0285861 0.0293421 
pop1.indv22 0.0288754 0.0286271 0.0301090 0.0350949 0.0269959 0.0379859 0.0354586 0.0210843 0.0406504 0.0316428 0.0266546 0.0237716 0.0271504 0.0320119 0.0000000 0.0297670 0.0378750 0.0356275 0.0300227 0.0281827 0.0315519 0.0268431 0.0268052 0.0284234 0.0265799 0.0304599 0.0347890 0.0301090 0.0271504 0.0449404 0.0369469 0.0373341 0.0273067 0.0292991 0.0305043 0.0222751 0.0341230 0.0339715 0.0240749 0.0268052 0.0427217 0.0335249 0.0421697 0.0301967 0.0457661 0.0429758 0.0305043 0.0359873 0.0311934 0.0305933 0.0288338 0.0320586 0.0307729 0.0254606 0.0301967 0.0474539 0.0364608 0.0367834 0.0332337 0.0332819 0.0431683 0.0290012 0.0305043 0.0254246 0.0334760 0.0344819 0.0241433 0.0383795 0.0290012 0.0255692 0.0321525 0.0385506 0.0450760 0.0348903 0.0259381 
pop1.indv23 0.0237384 0.0237384 0.0325273 0.0390016 0.0293503 0.0275605 0.0377098 0.0179877 0.0329948 0.0324813 0.0327127 0.0277520 0.0300658 0.0380975 0.0297670 0.0000000 0.0439495 0.0275225 0.0310171 0.0305002 0.0374917 0.0249656 0.0293093 0.0367480 0.0291464 0.0264318 0.0361437 0.0282625 0.0341929 0.0342418 0.0428484 0.0282625 0.0268052 0.0334273 0.0269193 0.0338546 0.0314615 0.0381536 0.0374376 0.0390582 0.0309298 0.0345880 0.0333302 0.0297670 0.0271504 0.0416747 0.0362488 0.0357295 0.0311491 0.0331377 0.0342908 0.0331856 0.0393436 0.0433756 0.0265057 0.0411745 0.0311934 0.0232191 0.0356275 0.0313716 0.0342418 0.0405760 0.0348396 0.0234435 0.0281034 0.0271504 0.0288338 0.0323440 0.0329475 0.0282226 0.0297670 0.0327594 0.0406943 0.0326197 0.0254606 
pop1.indv24 0.0223373 0.0253529 0.0281827 0.0252461 0.0301090 0.0453628 0.0379304 0.0241091 0.0418536 0.0311934 0.0278293 0.0281430 0.0299798 0.0301967 0.0378750 0.0439495 0.0000000 0.0295156 0.0221516 0.0265057 0.0283830 0.0191890 0.0194830 0.0374917 0.0279071 0.0329948 0.0366214 0.0376550 0.0393436 0.0481875 0.0451440 0.0334760 0.0320119 0.0353539 0.0271893 0.0248621 0.0384934 0.0370017 0.0314615 0.0315519 0.0379304 0.0360393 0.0352498 0.0363016 0.0336725 0.0561630 0.0336231 0.0326661 0.0373836 0.0348903 0.0240068 0.0369469 0.0289592 0.0249310 0.0314165 0.0338213 0.0361962 0.0377647 0.0283026 0.0425331 0.0314165 0.0364076 0.0333302 0.0206486 0.0284234 0.0275046 0.0369469 0.0281827 0.0302839 0.0266172 0.0351980 0.0331377 0.0299370 0.0394011 0.0244211 
pop1.indv25 0.0344388 0.0204513 0.0353247 0.0307135 0.0292684 0.0291059 0.0355260 0.0263219 0.0422843 0.0338068 0.0263219 0.0289852 0.0219087 0.0296408 0.0356275 0.0275225 0.0295156 0.0000000 0.0231874 0.0288655 0.0217893 0.0201760 0.0203680 0.0320281 0.0245565 0.0322078 0.0453628 0.0355766 0.0262854 0.0311491 0.0526044 0.0296827 0.0293503 0.0301090 0.0295156 0.0364382 0.0301523 0.0327594 0.0435018 0.0383353 0.0497313 0.0310610 0.0315519 0.0293503 0.0283830 0.0418557 0.0424706 0.0398805 0.0348315 0.0373836 0.0312822 0.0297248 0.0297248 0.0320728 0.0292684 0.0493382 0.0324354 0.0324813 0.0339506 0.0292276 0.0356275 0.0386102 0.0325734 0.0217005 0.0278682 0.0350435 0.0265428 0.0368001 0.0311934 0.0262854 0.0295989 0.0387770 0.0385549 0.0371161 0.0279461 
pop1.indv3  0.0251402 0.0266172 0.0296408 0.0263584 0.0293915 0.0234111 0.0281034 0.0223686 0.0250352 0.0277520 0.0263951 0.0217893 0.0163968 0.0268052 0.0300227 0.0310171 0.0221516 0.0231874 0.0000000 0.0289452 0.0221516 0.0217300 0.0263584 0.0308863 0.0288655 0.0278682 0.0391718 0.0264318 0.0355766 0.0281430 0.0411745 0.0364608 0.0223686 0.0285453 0.0250701 0.0291869 0.0315973 0.0316885 0.0326661 0.0386102 0.0421609 0.0373298 0.0379859 0.0311934 0.0428484 0.0450979 0.0377098 0.0431877 0.0431877 0.0375460 0.0206770 0.0268431 0.0252461 0.0248277 0.0234759 0.0299798 0.0295989 0.0265057 0.0343400 0.0357295 0.0264687 0.0311491 0.0358322 0.0246237 0.0234435 0.0353539 0.0297248 0.0278293 0.0178641 0.0163298 0.0281430 0.0374376 0.0326661 0.0339025 0.0330423 
pop1.indv4  0.0282226 0.0265057 0.0293093 0.0339025 0.0264318 0.0245901 0.0402253 0.0219992 0.0408133 0.0441946 0.0320728 0.0233147 0.0235736 0.0360914 0.0281827 0.0305002 0.0265057 0.0288655 0.0289452 0.0000000 0.0280246 0.0175504 0.0322531 0.0277135 0.0258556 0.0352250 0.0344388 0.0326197 0.0248621 0.0409330 0.0493382 0.0375460 0.0299370 0.0303277 0.0310171 0.0354754 0.0310610 0.0316885 0.0355766 0.0372761 0.0370631 0.0438849 0.0360914 0.0454965 0.0269575 0.0469801 0.0410534 0.0334760 0.0374917 0.0348396 0.0236392 0.0270729 0.0313268 0.0291869 0.0337591 0.0350435 0.0263951 0.0390016 0.0323896 0.0327127 0.0339987 0.0359354 0.0314165 0.0246914 0.0281034 0.0319188 0.0396915 0.0339025 0.0220904 0.0283026 0.0378197 0.0441441 0.0440790 0.0370631 0.0300227 
pop1.indv5  0.0310610 0.0237716 0.0328532 0.0219689 0.0279071 0.0374917 0.0297670 0.0209370 0.0511594 0.0295989 0.0219992 0.0328532 0.0283830 0.0224945 0.0315519 0.0374917 0.0283830 0.0217893 0.0221516 0.0280246 0.0000000 0.0236392 0.0266172 0.0295572 0.0234111 0.0355766 0.0494124 0.0298518 0.0220904 0.0378197 0.0431040 0.0269959 0.0332819 0.0350435 0.0269575 0.0324813 0.0333787 0.0432977 0.0377647 0.0393436 0.0390582 0.0346380 0.0448057 0.0309298 0.0384934 0.0439495 0.0349923 0.0373298 0.0340471 0.0347890 0.0269193 0.0321525 0.0269959 0.0278293 0.0191890 0.0386656 0.0345880 0.0429758 0.0330423 0.0283026 0.0358322 0.0361962 0.0253887 0.0324354 0.0252461 0.0274251 0.0254967 0.0282226 0.0268431 0.0269193 0.0344388 0.0332819 0.0408133 0.0358322 0.0335249 
pop1.indv6  0.0220904 0.0296827 0.0296827 0.0234435 0.0193215 0.0263219 0.0342418 0.0106906 0.0378197 0.0293503 0.0234111 0.0204235 0.0209370 0.0284639 0.0268431 0.0249656 0.0191890 0.0201760 0.0217300 0.0175504 0.0236392 0.0000000 0.0191627 0.0355260 0.0275605 0.0325734 0.0391149 0.0388890 0.0296408 0.0315519 0.0365142 0.0301523 0.0287922 0.0334760 0.0312822 0.0246914 0.0270343 0.0304157 0.0423462 0.0373298 0.0453628 0.0356784 0.0316428 0.0251754 0.0316428 0.0342418 0.0239729 0.0375460 0.0366960 0.0298943 0.0267297 0.0241091 0.0207918 0.0265799 0.0264687 0.0335249 0.0311050 0.0238718 0.0282625 0.0280639 0.0222132 0.0329002 0.0267674 0.0293093 0.0134031 0.0368923 0.0211437 0.0295572 0.0224629 0.0221516 0.0237716 0.0300658 0.0283830 0.0309734 0.0194830 
pop1.indv7  0.0282226 0.0209078 0.0280639 0.0295156 0.0355766 0.0293503 0.0378197 0.0313716 0.0391718 0.0296827 0.0307135 0.0205073 0.0224945 0.0240408 0.0268052 0.0293093 0.0194830 0.0203680 0.0263584 0.0322531 0.0266172 0.0191627 0.0000000 0.0252461 0.0233789 0.0266921 0.0424083 0.0296408 0.0325273 0.0346380 0.0378197 0.0256056 0.0253529 0.0345880 0.0251754 0.0291059 0.0331377 0.0382662 0.0373298 0.0342908 0.0374917 0.0344388 0.0300658 0.0237384 0.0268431 0.0421609 0.0346380 0.0295989 0.0234111 0.0378750 0.0298093 0.0238049 0.0348903 0.0263219 0.0219992 0.0413575 0.0343893 0.0281827 0.0250352 0.0238049 0.0325273 0.0325734 0.0314165 0.0218488 0.0283830 0.0275046 0.0137157 0.0267297 0.0254967 0.0237052 0.0313716 0.0361437 0.0315066 0.0357808 0.0256056 
pop1.indv8  0.0358837 0.0265428 0.0323896 0.0307135 0.0293915 0.0365925 0.0373298 0.0208787 0.0410534 0.0356784 0.0307565 0.0202853 0.0281034 0.0357295 0.0284234 0.0367480 0.0374917 0.0320281 0.0308863 0.0277135 0.0295572 0.0355260 0.0252461 0.0000000 0.0229059 0.0352748 0.0346380 0.0373298 0.0325734 0.0328062 0.0394589 0.0251754 0.0283830 0.0314615 0.0391149 0.0383353 0.0457661 0.0301967 0.0452963 0.0471887 0.0400521 0.0327127 0.0391718 0.0339987 0.0411138 0.0452300 0.0494868 0.0354251 0.0263219 0.0454965 0.0409330 0.0332819 0.0359354 0.0319835 0.0324354 0.0284639 0.0341442 0.0386656 0.0310610 0.0403415 0.0329475 0.0294327 0.0329948 0.0353748 0.0281827 0.0318725 0.0238383 0.0370631 0.0376550 0.0279853 0.0297248 0.0298518 0.0471190 0.0401674 0.0287094 
pop1.indv9  0.0295572 0.0248621 0.0245565 0.0218787 0.0249310 0.0287468 0.0338068 0.0149056 0.0390016 0.0324354 0.0261406 0.0202305 0.0176938 0.0250352 0.0265799 0.0291464 0.0279071 0.0245565 0.0288655 0.0258556 0.0234111 0.0275605 0.0233789 0.0229059 0.0000000 0.0366960 0.0280639 0.0308863 0.0307135 0.0391718 0.0377098 0.0311050 0.0237716 0.0268052 0.0370631 0.0353247 0.0343893 0.0330899 0.0404584 0.0353247 0.0370102 0.0322985 0.0425958 0.0384448 0.0330423 0.0436925 0.0378197 0.0306706 0.0275986 0.0357808 0.0282625 0.0236722 0.0280639 0.0289852 0.0292276 0.0333302 0.0322985 0.0486084 0.0278682 0.0248965 0.0343893 0.0292684 0.0249310 0.0276368 0.0280639 0.0300227 0.0267674 0.0309298 0.0327127 0.0278293 0.0297248 0.0219388 0.0388890 0.0306278 0.0295989 
pop2.indv1  0.0298518 0.0328062 0.0359873 0.0406943 0.0265428 0.0372761 0.0454965 0.0313268 0.0327594 0.0487527 0.0277520 0.0291869 0.0300658 0.0312822 0.0304599 0.0264318 0.0329948 0.0322078 0.0278682 0.0352250 0.0355766 0.0325734 0.0266921 0.0352748 0.0366960 0.0000000 0.0279461 0.0276751 0.0261766 0.0249310 0.0309734 0.0234759 0.0236722 0.0253887 0.0263951 0.0214386 0.0247253 0.0300658 0.0307565 0.0274469 0.0277135 0.0250004 0.0281034 0.0203403 0.0280246 0.0338546 0.0373836 0.0291869 0.0322531 0.0248621 0.0237384 0.0301967 0.0438849 0.0366960 0.0264318 0.0450760 0.0388890 0.0326661 0.0360914 0.0296827 0.0326197 0.0373836 0.0296827 0.0336170 0.0330423 0.0406504 0.0266546 0.0387770 0.0301523 0.0390016 0.0314165 0.0346380 0.0505482 0.0371161 0.0253172 
pop2.indv10 0.0383795 0.0317802 0.0408133 0.0425958 0.0300227 0.0326661 0.0590571 0.0332819 0.0398089 0.0378197 0.0297670 0.0311491 0.0224629 0.0456264 0.0347890 0.0361437 0.0366214 0.0453628 0.0391718 0.0344388 0.0494124 0.0391149 0.0424083 0.0346380 0.0280639 0.0279461 0.0000000 0.0297248 0.0191627 0.0440142 0.0267297 0.0285861 0.0179381 0.0269575 0.0296408 0.0291869 0.0313716 0.0419164 0.0266172 0.0371161 0.0322985 0.0220599 0.0350435 0.0248277 0.0367834 0.0309298 0.0341929 0.0369574 0.0231558 0.0266546 0.0346380 0.0419795 0.0364076 0.0340956 0.0364608 0.0487030 0.0480422 0.0379859 0.0376004 0.0315066 0.0433626 0.0410534 0.0334760 0.0392289 0.0285861 0.0442252 0.0288338 0.0431040 0.0422335 0.0331377 0.0364076 0.0383227 0.0515490 0.0460390 0.0288754 
pop2.indv11 0.0377098 0.0359354 0.0392289 0.0328532 0.0377098 0.0340471 0.0429758 0.0316885 0.0332337 0.0326197 0.0309298 0.0311934 0.0238383 0.0394589 0.0301090 0.0282625 0.0376550 0.0355766 0.0264318 0.0326197 0.0298518 0.0388890 0.0296408 0.0373298 0.0308863 0.0276751 0.0297248 0.0000000 0.0277906 0.0285453 0.0375460 0.0251754 0.0163298 0.0284639 0.0247935 0.0260330 0.0298518 0.0379304 0.0191104 0.0295989 0.0263951 0.0266921 0.0300658 0.0234111 0.0314615 0.0248277 0.0252816 0.0219992 0.0245901 0.0236722 0.0312377 0.0417284 0.0301090 0.0338068 0.0357295 0.0417909 0.0388329 0.0379304 0.0360914 0.0298518 0.0343400 0.0254606 0.0364076 0.0322531 0.0283026 0.0338213 0.0329948 0.0330423 0.0268431 0.0310171 0.0210843 0.0302839 0.0444725 0.0408133 0.0242468 
pop2.indv12 0.0445387 0.0310610 0.0390582 0.0311934 0.0340956 0.0339506 0.0394011 0.0285861 0.0391149 0.0356275 0.0310610 0.0298093 0.0253887 0.0395168 0.0271504 0.0341929 0.0393436 0.0262854 0.0355766 0.0248621 0.0220904 0.0296408 0.0325273 0.0325734 0.0307135 0.0261766 0.0191627 0.0277906 0.0000000 0.0281827 0.0266546 0.0299370 0.0250352 0.0253529 0.0295156 0.0322531 0.0297248 0.0347385 0.0307996 0.0294327 0.0262854 0.0176218 0.0191627 0.0262854 0.0271116 0.0386102 0.0235084 0.0246914 0.0321627 0.0266921 0.0285453 0.0333302 0.0378750 0.0339987 0.0314615 0.0414189 0.0412963 0.0345381 0.0376004 0.0390582 0.0345381 0.0299798 0.0362488 0.0308863 0.0298093 0.0373901 0.0271116 0.0357808 0.0344388 0.0362488 0.0209370 0.0345880 0.0512368 0.0419164 0.0288754 
pop2.indv13 0.0382662 0.0366214 0.0412353 0.0366752 0.0346380 0.0478260 0.0432977 0.0321055 0.0440231 0.0463152 0.0363545 0.0377647 0.0305933 0.0422335 0.0449404 0.0342418 0.0481875 0.0311491 0.0281430 0.0409330 0.0378197 0.0315519 0.0346380 0.0328062 0.0391718 0.0249310 0.0440142 0.0285453 0.0281827 0.0000000 0.0318725 0.0286271 0.0223999 0.0211140 0.0223062 0.0281827 0.0268812 0.0398089 0.0345880 0.0251754 0.0374376 0.0361962 0.0257523 0.0250701 0.0335249 0.0280639 0.0431040 0.0324813 0.0373298 0.0363545 0.0368378 0.0470920 0.0416040 0.0406943 0.0316885 0.0577495 0.0463847 0.0333302 0.0350435 0.0303277 0.0430398 0.0350949 0.0436244 0.0395168 0.0412353 0.0534206 0.0288338 0.0427217 0.0506307 0.0368923 0.0368923 0.0368378 0.0552980 0.0478260 0.0357231 
pop2.indv14 0.0350949 0.0416040 0.0429758 0.0478978 0.0382098 0.0544573 0.0538237 0.0465947 0.0469488 0.0363016 0.0359873 0.0426587 0.0353018 0.0417909 0.0369469 0.0428484 0.0451440 0.0526044 0.0411745 0.0493382 0.0431040 0.0365142 0.0378197 0.0394589 0.0377098 0.0309734 0.0267297 0.0375460 0.0266546 0.0318725 0.0000000 0.0313716 0.0239054 0.0319188 0.0329475 0.0219689 0.0317802 0.0333787 0.0313716 0.0311934 0.0346882 0.0332337 0.0302403 0.0279853 0.0383227 0.0406351 0.0349923 0.0405760 0.0233468 0.0269575 0.0411138 0.0507872 0.0466651 0.0473992 0.0379859 0.0527543 0.0444725 0.0552980 0.0413575 0.0314615 0.0581482 0.0365142 0.0350949 0.0525250 0.0352498 0.0462620 0.0287922 0.0569451 0.0453495 0.0353539 0.0416661 0.0469488 0.0586902 0.0414804 0.0370567 
pop2.indv15 0.0351464 0.0335740 0.0336725 0.0425331 0.0347890 0.0471887 0.0368378 0.0470203 0.0437565 0.0383795 0.0375460 0.0344884 0.0288754 0.0319188 0.0373341 0.0282625 0.0334760 0.0296827 0.0364608 0.0375460 0.0269959 0.0301523 0.0256056 0.0251754 0.0311050 0.0234759 0.0285861 0.0251754 0.0299370 0.0286271 0.0313716 0.0000000 0.0210251 0.0270343 0.0237052 0.0291869 0.0206486 0.0412353 0.0314615 0.0404584 0.0294327 0.0224945 0.0270729 0.0219087 0.0330899 0.0355260 0.0444064 0.0279853 0.0264687 0.0282625 0.0258263 0.0350949 0.0396915 0.0329948 0.0329475 0.0478955 0.0446718 0.0414189 0.0398679 0.0286682 0.0394011 0.0385506 0.0365677 0.0310171 0.0317343 0.0373341 0.0287922 0.0414189 0.0397501 0.0395168 0.0321525 0.0412963 0.0516276 0.0515490 0.0243511 
pop2.indv16 0.0338213 0.0287922 0.0351980 0.0319653 0.0380417 0.0282625 0.0401653 0.0302403 0.0450760 0.0286271 0.0253172 0.0253172 0.0153210 0.0321996 0.0273067 0.0268052 0.0320119 0.0293503 0.0223686 0.0299370 0.0332819 0.0287922 0.0253529 0.0283830 0.0237716 0.0236722 0.0179381 0.0163298 0.0250352 0.0223999 0.0239054 0.0210251 0.0000000 0.0210843 0.0122414 0.0203957 0.0210546 0.0333302 0.0265428 0.0175979 0.0192154 0.0194288 0.0314615 0.0221823 0.0271893 0.0266921 0.0210251 0.0262854 0.0205073 0.0284639 0.0286271 0.0305933 0.0353539 0.0315066 0.0254606 0.0488523 0.0270343 0.0301967 0.0317802 0.0150897 0.0350435 0.0270729 0.0258263 0.0339987 0.0226860 0.0311849 0.0226218 0.0314165 0.0320586 0.0180127 0.0225899 0.0243511 0.0379859 0.0317343 0.0182403 
pop2.indv17 0.0354586 0.0305487 0.0365142 0.0287094 0.0368378 0.0378750 0.0404064 0.0275445 0.0391324 0.0319653 0.0268431 0.0239729 0.0307729 0.0322469 0.0292991 0.0334273 0.0353539 0.0301090 0.0285453 0.0303277 0.0350435 0.0334760 0.0345880 0.0314615 0.0268052 0.0253887 0.0269575 0.0284639 0.0253529 0.0211140 0.0319188 0.0270343 0.0210843 0.0000000 0.0193750 0.0221516 0.0239391 0.0224945 0.0333787 0.0313268 0.0329002 0.0267674 0.0273855 0.0136969 0.0182916 0.0298943 0.0367293 0.0236722 0.0250352 0.0271116 0.0275445 0.0260887 0.0321055 0.0315066 0.0333302 0.0463337 0.0398679 0.0286271 0.0384364 0.0356169 0.0384364 0.0348396 0.0294286 0.0268431 0.0256421 0.0360458 0.0261266 0.0336231 0.0308182 0.0318725 0.0257155 0.0304599 0.0337715 0.0368378 0.0214770 
pop2.indv18 0.0270729 0.0238718 0.0414189 0.0240068 0.0223999 0.0311934 0.0448057 0.0317802 0.0350949 0.0282226 0.0191627 0.0265799 0.0332337 0.0382662 0.0305043 0.0269193 0.0271893 0.0295156 0.0250701 0.0310171 0.0269575 0.0312822 0.0251754 0.0391149 0.0370631 0.0263951 0.0296408 0.0247935 0.0295156 0.0223062 0.0329475 0.0237052 0.0122414 0.0193750 0.0000000 0.0261406 0.0164418 0.0285861 0.0263951 0.0221823 0.0310171 0.0222132 0.0297670 0.0149259 0.0224945 0.0358322 0.0302839 0.0120771 0.0292684 0.0250352 0.0193750 0.0338213 0.0366752 0.0354251 0.0315519 0.0423617 0.0302403 0.0300658 0.0329475 0.0252461 0.0331856 0.0331856 0.0331377 0.0356784 0.0298093 0.0390735 0.0286271 0.0345880 0.0286682 0.0315519 0.0269959 0.0319653 0.0378197 0.0428484 0.0288754 
pop2.indv19 0.0322531 0.0294327 0.0370631 0.0307135 0.0292684 0.0467048 0.0522885 0.0307996 0.0420995 0.0403415 0.0244896 0.0337591 0.0326661 0.0249310 0.0222751 0.0338546 0.0248621 0.0364382 0.0291869 0.0354754 0.0324813 0.0246914 0.0291059 0.0383353 0.0353247 0.0214386 0.0291869 0.0260330 0.0322531 0.0281827 0.0219689 0.0291869 0.0203957 0.0221516 0.0261406 0.0000000 0.0231558 0.0309734 0.0244896 0.0244231 0.0349780 0.0322985 0.0236064 0.0244231 0.0250004 0.0333362 0.0248621 0.0319390 0.0258205 0.0231874 0.0310171 0.0362488 0.0373836 0.0368001 0.0322531 0.0449404 0.0277906 0.0355260 0.0320728 0.0352250 0.0390582 0.0356784 0.0372761 0.0362853 0.0293503 0.0349923 0.0266921 0.0450322 0.0294327 0.0275605 0.0328532 0.0405171 0.0568363 0.0400521 0.0378750 
pop2.indv2  0.0318725 0.0335740 0.0499381 0.0300227 0.0316428 0.0393436 0.0479699 0.0386656 0.0335740 0.0509284 0.0343893 0.0363545 0.0303277 0.0333787 0.0341230 0.0314615 0.0384934 0.0301523 0.0315973 0.0310610 0.0333787 0.0270343 0.0331377 0.0457661 0.0343893 0.0247253 0.0313716 0.0298518 0.0297248 0.0268812 0.0317802 0.0206486 0.0210546 0.0239391 0.0164418 0.0231558 0.0000000 0.0269959 0.0314165 0.0191104 0.0264318 0.0394011 0.0346380 0.0235084 0.0256421 0.0322985 0.0334760 0.0189038 0.0294327 0.0222441 0.0194830 0.0354062 0.0469488 0.0329948 0.0378750 0.0445662 0.0335249 0.0411138 0.0268431 0.0257155 0.0380417 0.0450081 0.0335740 0.0357808 0.0351980 0.0372783 0.0337219 0.0497867 0.0303717 0.0366214 0.0336231 0.0335740 0.0384364 0.0411745 0.0276247 
pop2.indv20 0.0438228 0.0337715 0.0432329 0.0334273 0.0400458 0.0377098 0.0422335 0.0326303 0.0402855 0.0334760 0.0316885 0.0269575 0.0353018 0.0370567 0.0339715 0.0381536 0.0370017 0.0327594 0.0316885 0.0316885 0.0432977 0.0304157 0.0382662 0.0301967 0.0330899 0.0300658 0.0419164 0.0379304 0.0347385 0.0398089 0.0333787 0.0412353 0.0333302 0.0224945 0.0285861 0.0309734 0.0269959 0.0000000 0.0363016 0.0378750 0.0310610 0.0317343 0.0305043 0.0344884 0.0398679 0.0479699 0.0351464 0.0282226 0.0403415 0.0348903 0.0365142 0.0388393 0.0335740 0.0331377 0.0320586 0.0557184 0.0353539 0.0386656 0.0414804 0.0336725 0.0452123 0.0371119 0.0370567 0.0376004 0.0241433 0.0362093 0.0324375 0.0484807 0.0339213 0.0351464 0.0354586 0.0368923 0.0503977 0.0468065 0.0230126 
pop2.indv21 0.0282226 0.0300227 0.0264687 0.0422225 0.0327127 0.0420995 0.0475406 0.0364608 0.0395168 0.0324354 0.0324813 0.0264687 0.0316428 0.0345880 0.0240749 0.0374376 0.0314615 0.0435018 0.0326661 0.0355766 0.0377647 0.0423462 0.0373298 0.0452963 0.0404584 0.0307565 0.0266172 0.0191104 0.0307996 0.0345880 0.0313716 0.0314615 0.0265428 0.0333787 0.0263951 0.0244896 0.0314165 0.0363016 0.0000000 0.0162414 0.0369574 0.0294741 0.0284639 0.0203957 0.0255329 0.0370631 0.0316428 0.0308429 0.0321627 0.0279461 0.0379304 0.0432329 0.0446718 0.0416747 0.0363016 0.0417909 0.0313268 0.0363016 0.0391149 0.0440142 0.0378197 0.0360914 0.0361437 0.0402253 0.0391149 0.0387233 0.0315973 0.0454965 0.0313716 0.0281430 0.0379304 0.0334273 0.0494124 0.0408731 0.0318725 
pop2.indv22 0.0313716 0.0463847 0.0458340 0.0438206 0.0268812 0.0374376 0.0461077 0.0365142 0.0462458 0.0444725 0.0325273 0.0324354 0.0253887 0.0361962 0.0268052 0.0390582 0.0315519 0.0383353 0.0386102 0.0372761 0.0393436 0.0373298 0.0342908 0.0471887 0.0353247 0.0274469 0.0371161 0.0295989 0.0294327 0.0251754 0.0311934 0.0404584 0.0175979 0.0313268 0.0221823 0.0244231 0.0191104 0.0378750 0.0162414 0.0000000 0.0415549 0.0407537 0.0360914 0.0219388 0.0332819 0.0433128 0.0471190 0.0366442 0.0307135 0.0248965 0.0283427 0.0386656 0.0494124 0.0451638 0.0372761 0.0434278 0.0344884 0.0440142 0.0440790 0.0252107 0.0427217 0.0376550 0.0345381 0.0385549 0.0359354 0.0306828 0.0313268 0.0610719 0.0302839 0.0389452 0.0364076 0.0332819 0.0408133 0.0433128 0.0348396 
pop2.indv23 0.0424083 0.0426587 0.0501736 0.0388329 0.0374376 0.0387212 0.0386102 0.0286271 0.0396915 0.0343400 0.0371693 0.0293915 0.0297670 0.0439495 0.0427217 0.0309298 0.0379304 0.0497313 0.0421609 0.0370631 0.0390582 0.0453628 0.0374917 0.0400521 0.0370102 0.0277135 0.0322985 0.0263951 0.0262854 0.0374376 0.0346882 0.0294327 0.0192154 0.0329002 0.0310171 0.0349780 0.0264318 0.0310610 0.0369574 0.0415549 0.0000000 0.0356275 0.0394589 0.0261766 0.0297670 0.0305852 0.0338546 0.0244563 0.0413174 0.0175741 0.0297248 0.0365142 0.0433626 0.0369574 0.0325734 0.0465245 0.0344388 0.0438849 0.0376004 0.0357808 0.0360393 0.0357808 0.0284234 0.0404584 0.0295989 0.0367293 0.0345381 0.0522101 0.0298093 0.0325734 0.0346380 0.0406351 0.0424083 0.0422225 0.0382662 
pop2.indv24 0.0394589 0.0317802 0.0358322 0.0346380 0.0377098 0.0372761 0.0444064 0.0284639 0.0398089 0.0296408 0.0338546 0.0265799 0.0239054 0.0331377 0.0335249 0.0345880 0.0360393 0.0310610 0.0373298 0.0438849 0.0346380 0.0356784 0.0344388 0.0327127 0.0322985 0.0250004 0.0220599 0.0266921 0.0176218 0.0361962 0.0332337 0.0224945 0.0194288 0.0267674 0.0222132 0.0322985 0.0394011 0.0317343 0.0294741 0.0407537 0.0356275 0.0000000 0.0225262 0.0281430 0.0301967 0.0376004 0.0345880 0.0305426 0.0371161 0.0283427 0.0304157 0.0259381 0.0303277 0.0310610 0.0344884 0.0439561 0.0362488 0.0364608 0.0265057 0.0343893 0.0381536 0.0282625 0.0399270 0.0343400 0.0300227 0.0437565 0.0195374 0.0328062 0.0377647 0.0298093 0.0330423 0.0379304 0.0461077 0.0442749 0.0242122 
pop2.indv25 0.0384934 0.0319188 0.0353539 0.0399863 0.0382662 0.0427849 0.0414804 0.0418536 0.0402253 0.0379859 0.0398089 0.0360914 0.0321996 0.0307729 0.0421697 0.0333302 0.0352498 0.0315519 0.0379859 0.0360914 0.0448057 0.0316428 0.0300658 0.0391718 0.0425958 0.0281034 0.0350435 0.0300658 0.0191627 0.0257523 0.0302403 0.0270729 0.0314615 0.0273855 0.0297670 0.0236064 0.0346380 0.0305043 0.0284639 0.0360914 0.0394589 0.0225262 0.0000000 0.0297248 0.0257523 0.0392861 0.0300658 0.0408133 0.0250004 0.0361437 0.0387233 0.0406504 0.0434278 0.0440790 0.0434278 0.0482699 0.0289592 0.0414189 0.0396915 0.0445387 0.0465245 0.0333302 0.0454875 0.0342418 0.0350435 0.0510238 0.0259381 0.0531664 0.0370567 0.0317343 0.0439561 0.0351464 0.0470920 0.0478978 0.0275046 
pop2.indv3  0.0394589 0.0298093 0.0417952 0.0357808 0.0343893 0.0471887 0.0377647 0.0301090 0.0461077 0.0326661 0.0310610 0.0279461 0.0269959 0.0255692 0.0301967 0.0297670 0.0363016 0.0293503 0.0311934 0.0454965 0.0309298 0.0251754 0.0237384 0.0339987 0.0384448 0.0203403 0.0248277 0.0234111 0.0262854 0.0250701 0.0279853 0.0219087 0.0221823 0.0136969 0.0149259 0.0244231 0.0235084 0.0344884 0.0203957 0.0219388 0.0261766 0.0281430 0.0297248 0.0000000 0.0237716 0.0231874 0.0346380 0.0339987 0.0246237 0.0278293 0.0300658 0.0383795 0.0364076 0.0233147 0.0298518 0.0436244 0.0459021 0.0268431 0.0313716 0.0376550 0.0329948 0.0344884 0.0314165 0.0264318 0.0376004 0.0321525 0.0226539 0.0343400 0.0301090 0.0268052 0.0238049 0.0347385 0.0498623 0.0454965 0.0317802 
pop2.indv4  0.0227506 0.0333787 0.0414804 0.0396915 0.0255329 0.0285861 0.0556417 0.0366752 0.0305043 0.0348396 0.0330899 0.0283427 0.0290857 0.0305487 0.0457661 0.0271504 0.0336725 0.0283830 0.0428484 0.0269575 0.0384934 0.0316428 0.0268431 0.0411138 0.0330423 0.0280246 0.0367834 0.0314615 0.0271116 0.0335249 0.0383227 0.0330899 0.0271893 0.0182916 0.0224945 0.0250004 0.0256421 0.0398679 0.0255329 0.0332819 0.0297670 0.0301967 0.0257523 0.0237716 0.0000000 0.0331856 0.0366752 0.0266546 0.0343893 0.0364076 0.0463847 0.0354062 0.0488523 0.0332819 0.0367293 0.0421061 0.0351464 0.0453495 0.0400458 0.0384934 0.0385506 0.0383795 0.0402855 0.0392861 0.0382662 0.0358837 0.0261646 0.0449404 0.0304157 0.0350949 0.0337715 0.0304157 0.0484807 0.0384364 0.0377867 
pop2.indv5  0.0476117 0.0376550 0.0524460 0.0377098 0.0358837 0.0467048 0.0456309 0.0396915 0.0578810 0.0506238 0.0403415 0.0339025 0.0392289 0.0429120 0.0429758 0.0416747 0.0561630 0.0418557 0.0450979 0.0469801 0.0439495 0.0342418 0.0421609 0.0452300 0.0436925 0.0338546 0.0309298 0.0248277 0.0386102 0.0280639 0.0406351 0.0355260 0.0266921 0.0298943 0.0358322 0.0333362 0.0322985 0.0479699 0.0370631 0.0433128 0.0305852 0.0376004 0.0392861 0.0231874 0.0331856 0.0000000 0.0356275 0.0291464 0.0349780 0.0340471 0.0456309 0.0482605 0.0490437 0.0414953 0.0424706 0.0515490 0.0558222 0.0423462 0.0341442 0.0341442 0.0438849 0.0421609 0.0458340 0.0503977 0.0391149 0.0456961 0.0360393 0.0518990 0.0479699 0.0373298 0.0460390 0.0408731 0.0576162 0.0554856 0.0429758 
pop2.indv6  0.0414189 0.0368923 0.0481148 0.0411138 0.0379304 0.0459021 0.0431040 0.0288754 0.0355640 0.0365142 0.0284234 0.0394589 0.0386656 0.0469488 0.0305043 0.0362488 0.0336231 0.0424706 0.0377098 0.0410534 0.0349923 0.0239729 0.0346380 0.0494868 0.0378197 0.0373836 0.0341929 0.0252816 0.0235084 0.0431040 0.0349923 0.0444064 0.0210251 0.0367293 0.0302839 0.0248621 0.0334760 0.0351464 0.0316428 0.0471190 0.0338546 0.0345880 0.0300658 0.0346380 0.0366752 0.0356275 0.0000000 0.0374917 0.0296827 0.0267297 0.0321996 0.0357765 0.0450760 0.0313716 0.0351464 0.0552761 0.0383227 0.0481148 0.0349923 0.0363545 0.0472361 0.0412963 0.0335740 0.0268812 0.0318263 0.0459067 0.0318725 0.0484071 0.0402855 0.0377647 0.0432329 0.0481875 0.0569451 0.0513924 0.0262027 
pop2.indv7  0.0377647 0.0390016 0.0522101 0.0356275 0.0402833 0.0401097 0.0392861 0.0378750 0.0357808 0.0355766 0.0369049 0.0353247 0.0283026 0.0412353 0.0359873 0.0357295 0.0326661 0.0398805 0.0431877 0.0334760 0.0373298 0.0375460 0.0295989 0.0354251 0.0306706 0.0291869 0.0369574 0.0219992 0.0246914 0.0324813 0.0405760 0.0279853 0.0262854 0.0236722 0.0120771 0.0319390 0.0189038 0.0282226 0.0308429 0.0366442 0.0244563 0.0305426 0.0408133 0.0339987 0.0266546 0.0291464 0.0374917 0.0000000 0.0479000 0.0308429 0.0284639 0.0346882 0.0448057 0.0294741 0.0324354 0.0500903 0.0356275 0.0391718 0.0453628 0.0343400 0.0392861 0.0404584 0.0255692 0.0387212 0.0315066 0.0386080 0.0329002 0.0386656 0.0328532 0.0280246 0.0251754 0.0342908 0.0473289 0.0439495 0.0316428 
pop2.indv8  0.0435018 0.0294327 0.0324813 0.0450979 0.0373836 0.0307135 0.0539650 0.0295572 0.0473992 0.0435652 0.0261766 0.0278293 0.0374376 0.0378750 0.0311934 0.0311491 0.0373836 0.0348315 0.0431877 0.0374917 0.0340471 0.0366960 0.0234111 0.0263219 0.0275986 0.0322531 0.0231558 0.0245901 0.0321627 0.0373298 0.0233468 0.0264687 0.0205073 0.0250352 0.0292684 0.0258205 0.0294327 0.0403415 0.0321627 0.0307135 0.0413174 0.0371161 0.0250004 0.0246237 0.0343893 0.0349780 0.0296827 0.0479000 0.0000000 0.0217893 0.0338546 0.0357808 0.0342908 0.0307996 0.0342908 0.0414189 0.0326197 0.0393436 0.0339987 0.0339025 0.0343400 0.0418557 0.0371693 0.0383353 0.0340956 0.0452808 0.0250352 0.0450322 0.0424083 0.0221516 0.0312822 0.0327594 0.0559070 0.0277135 0.0252107 
pop2.indv9  0.0299798 0.0286682 0.0254246 0.0360914 0.0411138 0.0441441 0.0465245 0.0316885 0.0418536 0.0347890 0.0345381 0.0374917 0.0255692 0.0368378 0.0305933 0.0331377 0.0348903 0.0373836 0.0375460 0.0348396 0.0347890 0.0298943 0.0378750 0.0454965 0.0357808 0.0248621 0.0266546 0.0236722 0.0266921 0.0363545 0.0269575 0.0282625 0.0284639 0.0271116 0.0250352 0.0231874 0.0222441 0.0348903 0.0279461 0.0248965 0.0175741 0.0283427 0.0361437 0.0278293 0.0364076 0.0340471 0.0267297 0.0308429 0.0217893 0.0000000 0.0271893 0.0387233 0.0401054 0.0279461 0.0332337 0.0528367 0.0348903 0.0398679 0.0411138 0.0340956 0.0378750 0.0411745 0.0269575 0.0390582 0.0300227 0.0422975 0.0229137 0.0459021 0.0303717 0.0254246 0.0319653 0.0382098 0.0478978 0.0428484 0.0307278 
pop3.indv1  0.0301523 0.0256056 0.0328062 0.0299798 0.0268052 0.0359873 0.0394011 0.0334760 0.0335249 0.0359873 0.0253529 0.0309734 0.0271893 0.0336725 0.0288338 0.0342908 0.0240068 0.0312822 0.0206770 0.0236392 0.0269193 0.0267297 0.0298093 0.0409330 0.0282625 0.0237384 0.0346380 0.0312377 0.0285453 0.0368378 0.0411138 0.0258263 0.0286271 0.0275445 0.0193750 0.0310171 0.0194830 0.0365142 0.0379304 0.0283427 0.0297248 0.0304157 0.0387233 0.0300658 0.0463847 0.0456309 0.0321996 0.0284639 0.0338546 0.0271893 0.0000000 0.0335249 0.0271116 0.0263584 0.0207630 0.0317802 0.0347890 0.0283830 0.0311491 0.0286271 0.0314165 0.0317343 0.0318263 0.0313268 0.0195101 0.0440903 0.0256788 0.0376550 0.0210843 0.0254606 0.0272674 0.0365142 0.0192949 0.0331856 0.0225262 
pop3.indv10 0.0386080 0.0226218 0.0321996 0.0272674 0.0330899 0.0268052 0.0383795 0.0166241 0.0352498 0.0273067 0.0283427 0.0268812 0.0242122 0.0291281 0.0320586 0.0331856 0.0369469 0.0297248 0.0268431 0.0270729 0.0321525 0.0241091 0.0238049 0.0332819 0.0236722 0.0301967 0.0419795 0.0417284 0.0333302 0.0470920 0.0507872 0.0350949 0.0305933 0.0260887 0.0338213 0.0362488 0.0354062 0.0388393 0.0432329 0.0386656 0.0365142 0.0259381 0.0406504 0.0383795 0.0354062 0.0482605 0.0357765 0.0346882 0.0357808 0.0387233 0.0335249 0.0000000 0.0335740 0.0238049 0.0209370 0.0366752 0.0208787 0.0302403 0.0319188 0.0383227 0.0252107 0.0197302 0.0275046 0.0209663 0.0243511 0.0312314 0.0257893 0.0301967 0.0196196 0.0195921 0.0167635 0.0288338 0.0284639 0.0271893 0.0273067 
