75
pop1.indv1  0.0000000 0.0423915 0.0297935 0.0458149 0.0419080 0.0281570 0.0330049 0.0313244 0.0325905 0.0250967 0.0280260 0.0235002 0.0277791 0.0359309 0.0326173 0.0281848 0.0151041 0.0279966 0.0308895 0.0340622 0.0329583 0.0256267 0.0312889 0.0268037 0.0344854 0.0369013 0.0387159 0.0359466 0.0389686 0.0277995 0.0192324 0.0368044 0.0252927 0.0179983 0.0335853 0.0359291 0.0296750 0.0268911 0.0304430 0.0303105 0.0268347 0.0316192 0.0272059 0.0342436 0.0292896 0.0355812 0.0247728 0.0400701 0.0316910 0.0312231 0.0329836 0.0357309 0.0359492 0.0334801 0.0257401 0.0378921 0.0413258 0.0438267 0.0346314 0.0236995 0.0325862 0.0266515 0.0285382 0.0285706 0.0305144 0.0364387 0.0434044 0.0265282 0.0300196 0.0360757 0.0329683 0.0442592 0.0282652 0.0405752 0.0422782 
pop1.indv10 0.0423915 0.0000000 0.0196491 0.0318803 0.0314588 0.0238777 0.0150388 0.0194615 0.0250747 0.0252077 0.0283254 0.0314481 0.0232738 0.0238055 0.0194716 0.0206770 0.0215557 0.0271612 0.0326862 0.0300920 0.0399631 0.0312343 0.0179183 0.0181631 0.0315591 0.0396410 0.0193945 0.0136420 0.0213848 0.0250635 0.0256688 0.0324006 0.0194835 0.0229151 0.0315062 0.0250469 0.0209935 0.0309327 0.0290627 0.0183428 0.0239580 0.0213251 0.0215929 0.0284354 0.0295560 0.0266975 0.0193590 0.0343709 0.0259367 0.0151413 0.0209794 0.0252008 0.0266395 0.0294375 0.0305534 0.0254152 0.0272938 0.0220389 0.0304192 0.0180902 0.0332872 0.0241075 0.0182178 0.0181423 0.0215805 0.0224057 0.0241750 0.0297254 0.0303033 0.0207662 0.0225052 0.0438768 0.0236965 0.0265517 0.0248806 
pop1.indv11 0.0297935 0.0196491 0.0000000 0.0364418 0.0265005 0.0283898 0.0252532 0.0194046 0.0237126 0.0221847 0.0221899 0.0253201 0.0260007 0.0282376 0.0251813 0.0267534 0.0239645 0.0331044 0.0267083 0.0253116 0.0269454 0.0243860 0.0222470 0.0222071 0.0221644 0.0478819 0.0294766 0.0164555 0.0341036 0.0282707 0.0225169 0.0248535 0.0268061 0.0255690 0.0329411 0.0266810 0.0285827 0.0224564 0.0166491 0.0226693 0.0239086 0.0151434 0.0198652 0.0251076 0.0248813 0.0175184 0.0219190 0.0217366 0.0303995 0.0238358 0.0269850 0.0296118 0.0316245 0.0265144 0.0274647 0.0315912 0.0320256 0.0294779 0.0303910 0.0318582 0.0298749 0.0209216 0.0209098 0.0269610 0.0246084 0.0227447 0.0241765 0.0299749 0.0303800 0.0297634 0.0240376 0.0296541 0.0288537 0.0251536 0.0215950 
pop1.indv12 0.0458149 0.0318803 0.0364418 0.0000000 0.0376558 0.0298795 0.0350934 0.0364387 0.0420894 0.0311755 0.0312315 0.0394920 0.0298627 0.0368225 0.0346531 0.0317178 0.0305670 0.0299644 0.0363705 0.0466169 0.0387674 0.0356715 0.0380096 0.0380428 0.0312099 0.0497826 0.0479775 0.0285139 0.0404243 0.0295796 0.0257631 0.0550497 0.0329380 0.0272999 0.0459240 0.0314887 0.0385302 0.0319660 0.0489487 0.0353091 0.0272078 0.0456555 0.0373245 0.0299707 0.0427474 0.0392058 0.0410154 0.0476565 0.0386777 0.0367288 0.0303135 0.0330453 0.0346481 0.0435962 0.0392161 0.0465621 0.0335861 0.0394446 0.0457945 0.0351392 0.0459541 0.0345742 0.0372065 0.0369587 0.0325429 0.0364574 0.0400358 0.0410990 0.0401238 0.0344939 0.0272743 0.0492180 0.0303434 0.0414421 0.0397623 
pop1.indv13 0.0419080 0.0314588 0.0265005 0.0376558 0.0000000 0.0276912 0.0332755 0.0252627 0.0276638 0.0281303 0.0390521 0.0359756 0.0354670 0.0315216 0.0296559 0.0355317 0.0225577 0.0295486 0.0342881 0.0266871 0.0347353 0.0302776 0.0356939 0.0278715 0.0267242 0.0471348 0.0341780 0.0330805 0.0339032 0.0356497 0.0329908 0.0305850 0.0387152 0.0299965 0.0291827 0.0324298 0.0329467 0.0287924 0.0382370 0.0335283 0.0361184 0.0316218 0.0350448 0.0308521 0.0275448 0.0322601 0.0407099 0.0402012 0.0333876 0.0313979 0.0403270 0.0354287 0.0356961 0.0339544 0.0400713 0.0376639 0.0409121 0.0384820 0.0471235 0.0430586 0.0405588 0.0345182 0.0332927 0.0410585 0.0292295 0.0269345 0.0350958 0.0361646 0.0329192 0.0339886 0.0223011 0.0422016 0.0248514 0.0340168 0.0372111 
pop1.indv14 0.0281570 0.0238777 0.0283898 0.0298795 0.0276912 0.0000000 0.0235258 0.0222270 0.0235021 0.0204560 0.0189085 0.0312576 0.0213839 0.0237717 0.0205698 0.0206114 0.0194313 0.0249316 0.0292627 0.0360765 0.0311951 0.0271706 0.0293593 0.0191728 0.0206563 0.0341567 0.0278229 0.0239071 0.0257380 0.0320512 0.0222267 0.0247980 0.0106446 0.0280645 0.0311880 0.0148228 0.0297088 0.0208074 0.0210412 0.0299379 0.0251873 0.0341901 0.0257472 0.0261331 0.0187879 0.0399937 0.0231580 0.0307729 0.0253029 0.0236290 0.0263023 0.0244299 0.0281170 0.0245319 0.0223584 0.0250132 0.0237014 0.0277634 0.0380103 0.0207694 0.0191514 0.0220463 0.0220976 0.0328990 0.0305173 0.0297262 0.0284788 0.0296544 0.0314150 0.0309549 0.0234515 0.0371219 0.0231768 0.0280292 0.0213816 
pop1.indv15 0.0330049 0.0150388 0.0252532 0.0350934 0.0332755 0.0235258 0.0000000 0.0208706 0.0308698 0.0235354 0.0249545 0.0314518 0.0213092 0.0254935 0.0250387 0.0177319 0.0208049 0.0253003 0.0235414 0.0314531 0.0300114 0.0273532 0.0267292 0.0195470 0.0237435 0.0439403 0.0178761 0.0224144 0.0275694 0.0281632 0.0208998 0.0292894 0.0222221 0.0254656 0.0295190 0.0246990 0.0270999 0.0316494 0.0196541 0.0272917 0.0273386 0.0315178 0.0214703 0.0206854 0.0265383 0.0309414 0.0249827 0.0268537 0.0257915 0.0179035 0.0208273 0.0235871 0.0280834 0.0247284 0.0302338 0.0296446 0.0285913 0.0280221 0.0226397 0.0269130 0.0313060 0.0240414 0.0267086 0.0283509 0.0338590 0.0270091 0.0332877 0.0236415 0.0318232 0.0282381 0.0240804 0.0345674 0.0284710 0.0279837 0.0187475 
pop1.indv16 0.0313244 0.0194615 0.0194046 0.0364387 0.0252627 0.0222270 0.0208706 0.0000000 0.0191116 0.0135399 0.0178865 0.0254445 0.0184673 0.0222227 0.0177686 0.0237872 0.0195376 0.0240896 0.0236509 0.0312751 0.0209417 0.0322563 0.0237780 0.0208725 0.0235936 0.0342254 0.0223816 0.0270834 0.0304833 0.0281214 0.0195272 0.0219333 0.0163916 0.0194287 0.0298058 0.0177631 0.0285457 0.0153411 0.0198822 0.0321158 0.0256871 0.0240065 0.0201108 0.0266318 0.0266256 0.0310944 0.0252913 0.0355067 0.0241453 0.0196618 0.0237564 0.0250027 0.0207131 0.0389575 0.0325321 0.0194798 0.0287905 0.0205536 0.0256471 0.0267751 0.0314435 0.0253972 0.0196927 0.0197573 0.0263510 0.0288374 0.0242963 0.0149390 0.0287461 0.0224678 0.0239469 0.0380052 0.0221575 0.0225108 0.0216855 
pop1.indv17 0.0325905 0.0250747 0.0237126 0.0420894 0.0276638 0.0235021 0.0308698 0.0191116 0.0000000 0.0230886 0.0234143 0.0246288 0.0276629 0.0339208 0.0383018 0.0280720 0.0268700 0.0266722 0.0275177 0.0308539 0.0251426 0.0334773 0.0249605 0.0329651 0.0309116 0.0370691 0.0373974 0.0236362 0.0361294 0.0294310 0.0279564 0.0396638 0.0276278 0.0236321 0.0307751 0.0244559 0.0294607 0.0281194 0.0346262 0.0300390 0.0377980 0.0268897 0.0272790 0.0355296 0.0291379 0.0378211 0.0305500 0.0395974 0.0381830 0.0205863 0.0295349 0.0321395 0.0383450 0.0365259 0.0376221 0.0359384 0.0295784 0.0336546 0.0361266 0.0357009 0.0366855 0.0309091 0.0250449 0.0326800 0.0256535 0.0374431 0.0345074 0.0321701 0.0418531 0.0352276 0.0194460 0.0433693 0.0205394 0.0323356 0.0243975 
pop1.indv18 0.0250967 0.0252077 0.0221847 0.0311755 0.0281303 0.0204560 0.0235354 0.0135399 0.0230886 0.0000000 0.0204830 0.0191335 0.0167929 0.0220119 0.0204697 0.0233686 0.0136904 0.0233446 0.0235086 0.0221046 0.0192138 0.0286977 0.0205375 0.0192755 0.0217451 0.0292889 0.0265768 0.0263416 0.0253723 0.0246467 0.0149877 0.0276116 0.0173686 0.0223125 0.0277748 0.0291940 0.0235570 0.0193611 0.0237041 0.0334515 0.0315191 0.0208147 0.0198074 0.0246607 0.0203251 0.0322908 0.0217481 0.0276912 0.0270190 0.0265303 0.0232632 0.0352315 0.0201601 0.0188462 0.0285953 0.0249234 0.0330985 0.0217056 0.0221193 0.0281761 0.0188088 0.0236091 0.0250751 0.0178485 0.0318308 0.0280855 0.0251244 0.0174635 0.0206367 0.0277835 0.0151041 0.0322420 0.0206441 0.0289398 0.0182585 
pop1.indv19 0.0280260 0.0283254 0.0221899 0.0312315 0.0390521 0.0189085 0.0249545 0.0178865 0.0234143 0.0204830 0.0000000 0.0310955 0.0246408 0.0206800 0.0205576 0.0191608 0.0165235 0.0283219 0.0309206 0.0312820 0.0327497 0.0334286 0.0221463 0.0267046 0.0204887 0.0388637 0.0264405 0.0312911 0.0287640 0.0323794 0.0237100 0.0353145 0.0234782 0.0297569 0.0368699 0.0220054 0.0249616 0.0220830 0.0301687 0.0363217 0.0300253 0.0330230 0.0228671 0.0161711 0.0353625 0.0338798 0.0277267 0.0339695 0.0397561 0.0252995 0.0251696 0.0292171 0.0233113 0.0260186 0.0335650 0.0342222 0.0269414 0.0326134 0.0300827 0.0314604 0.0265760 0.0192829 0.0236257 0.0328015 0.0244744 0.0283269 0.0330545 0.0277644 0.0414362 0.0294544 0.0239473 0.0339290 0.0280277 0.0342215 0.0374822 
pop1.indv2  0.0235002 0.0314481 0.0253201 0.0394920 0.0359756 0.0312576 0.0314518 0.0254445 0.0246288 0.0191335 0.0310955 0.0000000 0.0232890 0.0314215 0.0282978 0.0297227 0.0136856 0.0191355 0.0296095 0.0237044 0.0356535 0.0351899 0.0222298 0.0238037 0.0237808 0.0456755 0.0265363 0.0222810 0.0261437 0.0251083 0.0282649 0.0373795 0.0282931 0.0236970 0.0218919 0.0265755 0.0345199 0.0224250 0.0258991 0.0319577 0.0285855 0.0319019 0.0210782 0.0237320 0.0248990 0.0356666 0.0206253 0.0325635 0.0304068 0.0250907 0.0282219 0.0409264 0.0233696 0.0291892 0.0253781 0.0445737 0.0318677 0.0341972 0.0330847 0.0284562 0.0327458 0.0253669 0.0242592 0.0284724 0.0289123 0.0336549 0.0257243 0.0341959 0.0349685 0.0282588 0.0287737 0.0359611 0.0344586 0.0250374 0.0309381 
pop1.indv20 0.0277791 0.0232738 0.0260007 0.0298627 0.0354670 0.0213839 0.0213092 0.0184673 0.0276629 0.0167929 0.0246408 0.0232890 0.0000000 0.0230046 0.0308569 0.0211885 0.0202287 0.0213928 0.0303682 0.0395085 0.0295997 0.0314782 0.0244654 0.0245817 0.0356396 0.0375679 0.0294639 0.0263497 0.0300037 0.0198447 0.0214784 0.0273147 0.0243455 0.0215946 0.0292296 0.0243160 0.0328565 0.0252925 0.0235874 0.0329021 0.0264514 0.0298483 0.0269574 0.0261371 0.0371023 0.0456201 0.0307758 0.0403189 0.0265968 0.0229435 0.0262734 0.0325099 0.0245338 0.0225182 0.0349634 0.0230389 0.0343018 0.0183403 0.0295902 0.0309334 0.0287935 0.0233122 0.0199749 0.0262026 0.0268450 0.0296238 0.0234894 0.0234332 0.0369229 0.0353926 0.0234036 0.0406978 0.0198224 0.0326818 0.0242108 
pop1.indv21 0.0359309 0.0238055 0.0282376 0.0368225 0.0315216 0.0237717 0.0254935 0.0222227 0.0339208 0.0220119 0.0206800 0.0314215 0.0230046 0.0000000 0.0237104 0.0206630 0.0181453 0.0223510 0.0297428 0.0332164 0.0332445 0.0320882 0.0223808 0.0223789 0.0253681 0.0331359 0.0311364 0.0181034 0.0241491 0.0266447 0.0208844 0.0339376 0.0221446 0.0196719 0.0298704 0.0297047 0.0282452 0.0241940 0.0306366 0.0212540 0.0239758 0.0255705 0.0294077 0.0194472 0.0251529 0.0359835 0.0194237 0.0306678 0.0214526 0.0223185 0.0315128 0.0219858 0.0221803 0.0293633 0.0334711 0.0253459 0.0287367 0.0326349 0.0353164 0.0224450 0.0223030 0.0222383 0.0224221 0.0212207 0.0261797 0.0221509 0.0211597 0.0328071 0.0317979 0.0328254 0.0194844 0.0374771 0.0254003 0.0342378 0.0293393 
pop1.indv22 0.0326173 0.0194716 0.0251813 0.0346531 0.0296559 0.0205698 0.0250387 0.0177686 0.0383018 0.0204697 0.0205576 0.0282978 0.0308569 0.0237104 0.0000000 0.0193215 0.0208624 0.0266892 0.0268287 0.0235725 0.0347239 0.0319308 0.0221121 0.0177918 0.0251842 0.0417864 0.0264847 0.0268121 0.0212942 0.0249155 0.0222781 0.0233220 0.0222222 0.0345299 0.0327526 0.0282713 0.0220635 0.0254088 0.0287637 0.0331508 0.0224377 0.0224429 0.0183489 0.0248852 0.0233739 0.0324662 0.0163530 0.0306328 0.0255161 0.0254601 0.0235994 0.0374069 0.0340005 0.0317003 0.0351340 0.0266704 0.0312265 0.0283051 0.0316030 0.0267881 0.0326827 0.0221920 0.0255158 0.0315337 0.0355244 0.0283609 0.0316591 0.0265711 0.0315520 0.0294978 0.0239790 0.0248718 0.0250287 0.0294608 0.0293279 
pop1.indv23 0.0281848 0.0206770 0.0267534 0.0317178 0.0355317 0.0206114 0.0177319 0.0237872 0.0280720 0.0233686 0.0191608 0.0297227 0.0211885 0.0206630 0.0193215 0.0000000 0.0195332 0.0282379 0.0220552 0.0477241 0.0238423 0.0320337 0.0204795 0.0177854 0.0235333 0.0370863 0.0251214 0.0193167 0.0257227 0.0233072 0.0222833 0.0293045 0.0221872 0.0285635 0.0310037 0.0234055 0.0285083 0.0182307 0.0286616 0.0304567 0.0341518 0.0286742 0.0226985 0.0190802 0.0203942 0.0323990 0.0265736 0.0388830 0.0284879 0.0268535 0.0234136 0.0343131 0.0295097 0.0367400 0.0240997 0.0342607 0.0331983 0.0201932 0.0386656 0.0224548 0.0234830 0.0193057 0.0207603 0.0236135 0.0231997 0.0297819 0.0350729 0.0267952 0.0222670 0.0249356 0.0253269 0.0373866 0.0192433 0.0295615 0.0245811 
pop1.indv24 0.0151041 0.0215557 0.0239645 0.0305670 0.0225577 0.0194313 0.0208049 0.0195376 0.0268700 0.0136904 0.0165235 0.0136856 0.0202287 0.0181453 0.0208624 0.0195332 0.0000000 0.0181398 0.0209992 0.0226256 0.0193617 0.0213383 0.0210792 0.0182107 0.0240113 0.0333253 0.0268663 0.0258259 0.0265155 0.0269289 0.0180274 0.0223650 0.0194642 0.0224791 0.0165561 0.0268677 0.0240156 0.0139173 0.0230545 0.0293550 0.0212570 0.0259609 0.0218900 0.0206567 0.0237326 0.0265405 0.0208228 0.0283209 0.0154960 0.0152987 0.0212104 0.0238064 0.0221795 0.0175547 0.0245448 0.0240555 0.0256670 0.0225348 0.0290257 0.0196292 0.0223052 0.0195624 0.0289265 0.0226920 0.0200340 0.0260038 0.0273667 0.0180091 0.0197013 0.0257051 0.0197333 0.0349724 0.0209216 0.0153071 0.0249704 
pop1.indv25 0.0279966 0.0271612 0.0331044 0.0299644 0.0295486 0.0249316 0.0253003 0.0240896 0.0266722 0.0233446 0.0283219 0.0191355 0.0213928 0.0223510 0.0266892 0.0282379 0.0181398 0.0000000 0.0373320 0.0328534 0.0363842 0.0274210 0.0267956 0.0269365 0.0237800 0.0429920 0.0314955 0.0251389 0.0227425 0.0206160 0.0178222 0.0251263 0.0252548 0.0208051 0.0220531 0.0328013 0.0268466 0.0242149 0.0303169 0.0289485 0.0272275 0.0319156 0.0305245 0.0297420 0.0264745 0.0353839 0.0309859 0.0278468 0.0287187 0.0268398 0.0280782 0.0322897 0.0344137 0.0327173 0.0319557 0.0312598 0.0349546 0.0307778 0.0348612 0.0377466 0.0298159 0.0317649 0.0330707 0.0362310 0.0374214 0.0299995 0.0238214 0.0328332 0.0288703 0.0237311 0.0286514 0.0391875 0.0300756 0.0345746 0.0309370 
pop1.indv3  0.0308895 0.0326862 0.0267083 0.0363705 0.0342881 0.0292627 0.0235414 0.0236509 0.0275177 0.0235086 0.0309206 0.0296095 0.0303682 0.0297428 0.0268287 0.0220552 0.0209992 0.0373320 0.0000000 0.0300527 0.0237443 0.0337848 0.0222409 0.0268944 0.0295960 0.0339567 0.0354475 0.0237243 0.0285034 0.0311107 0.0235110 0.0248664 0.0310943 0.0311443 0.0277583 0.0337434 0.0300484 0.0287882 0.0303381 0.0255257 0.0266709 0.0271886 0.0390505 0.0295151 0.0264460 0.0351862 0.0340722 0.0404853 0.0351510 0.0206779 0.0388956 0.0355303 0.0278361 0.0336512 0.0271014 0.0341779 0.0300446 0.0306670 0.0419180 0.0373990 0.0340712 0.0283061 0.0295576 0.0191921 0.0403574 0.0345035 0.0364075 0.0311749 0.0320037 0.0370518 0.0253485 0.0470967 0.0389557 0.0309748 0.0357994 
pop1.indv4  0.0340622 0.0300920 0.0253116 0.0466169 0.0266871 0.0360765 0.0314531 0.0312751 0.0308539 0.0221046 0.0312820 0.0237044 0.0395085 0.0332164 0.0235725 0.0477241 0.0226256 0.0328534 0.0300527 0.0000000 0.0315055 0.0304263 0.0346526 0.0335413 0.0280176 0.0507665 0.0276932 0.0298009 0.0303726 0.0325077 0.0252821 0.0275212 0.0359772 0.0329859 0.0357750 0.0311409 0.0333217 0.0289720 0.0303589 0.0370000 0.0285213 0.0269809 0.0273370 0.0324729 0.0248246 0.0249241 0.0266838 0.0339794 0.0300410 0.0315958 0.0345413 0.0325456 0.0404027 0.0324521 0.0288479 0.0343051 0.0346588 0.0424480 0.0299383 0.0346752 0.0381950 0.0294618 0.0286258 0.0327486 0.0371049 0.0362051 0.0317291 0.0328083 0.0403577 0.0342244 0.0300369 0.0339939 0.0240654 0.0283326 0.0373269 
pop1.indv5  0.0329583 0.0399631 0.0269454 0.0387674 0.0347353 0.0311951 0.0300114 0.0209417 0.0251426 0.0192138 0.0327497 0.0356535 0.0295997 0.0332445 0.0347239 0.0238423 0.0193617 0.0363842 0.0237443 0.0315055 0.0000000 0.0288433 0.0347632 0.0320087 0.0238670 0.0377767 0.0297725 0.0286372 0.0262492 0.0358987 0.0283600 0.0356246 0.0301867 0.0364689 0.0361520 0.0224647 0.0348882 0.0288139 0.0242606 0.0305106 0.0366919 0.0452140 0.0324344 0.0359727 0.0328441 0.0323804 0.0331807 0.0423142 0.0304655 0.0346943 0.0379854 0.0371030 0.0340940 0.0368340 0.0306274 0.0377279 0.0302990 0.0295251 0.0381445 0.0329435 0.0310333 0.0270070 0.0304053 0.0270110 0.0291401 0.0368166 0.0417494 0.0264217 0.0362971 0.0344648 0.0347923 0.0426520 0.0300318 0.0312363 0.0261646 
pop1.indv6  0.0256267 0.0312343 0.0243860 0.0356715 0.0302776 0.0271706 0.0273532 0.0322563 0.0334773 0.0286977 0.0334286 0.0351899 0.0314782 0.0320882 0.0319308 0.0320337 0.0213383 0.0274210 0.0337848 0.0304263 0.0288433 0.0000000 0.0305063 0.0322287 0.0257704 0.0405421 0.0241208 0.0228188 0.0432075 0.0301776 0.0243020 0.0302444 0.0364222 0.0258520 0.0452805 0.0385479 0.0373194 0.0245655 0.0357593 0.0309185 0.0292682 0.0247682 0.0220667 0.0332693 0.0196199 0.0367426 0.0273555 0.0364676 0.0310636 0.0305921 0.0273477 0.0336996 0.0335922 0.0312985 0.0344070 0.0338044 0.0278204 0.0284529 0.0293149 0.0324623 0.0257374 0.0258365 0.0261459 0.0305322 0.0295633 0.0354898 0.0393776 0.0260020 0.0274146 0.0335887 0.0277253 0.0469380 0.0231384 0.0319109 0.0282914 
pop1.indv7  0.0312889 0.0179183 0.0222470 0.0380096 0.0356939 0.0293593 0.0267292 0.0237780 0.0249605 0.0205375 0.0221463 0.0222298 0.0244654 0.0223808 0.0221121 0.0204795 0.0210792 0.0267956 0.0222409 0.0346526 0.0347632 0.0305063 0.0000000 0.0221838 0.0298074 0.0435331 0.0221609 0.0252845 0.0213591 0.0278895 0.0285492 0.0311808 0.0190482 0.0239369 0.0251558 0.0278306 0.0297044 0.0166123 0.0333474 0.0258863 0.0241508 0.0238283 0.0210335 0.0312218 0.0263825 0.0311047 0.0205257 0.0405621 0.0272951 0.0193904 0.0308928 0.0379476 0.0312138 0.0321464 0.0294624 0.0346063 0.0334221 0.0324839 0.0381597 0.0273101 0.0325151 0.0284777 0.0239911 0.0249850 0.0311613 0.0253819 0.0239599 0.0299563 0.0268964 0.0236776 0.0225042 0.0390699 0.0220332 0.0347966 0.0218106 
pop1.indv8  0.0268037 0.0181631 0.0222071 0.0380428 0.0278715 0.0191728 0.0195470 0.0208725 0.0329651 0.0192755 0.0267046 0.0238037 0.0245817 0.0223789 0.0177918 0.0177854 0.0182107 0.0269365 0.0268944 0.0335413 0.0320087 0.0322287 0.0221838 0.0000000 0.0298839 0.0458045 0.0192916 0.0180824 0.0231385 0.0191520 0.0209994 0.0263911 0.0238033 0.0207352 0.0331089 0.0282394 0.0222824 0.0166702 0.0182105 0.0212141 0.0194079 0.0306385 0.0242563 0.0310803 0.0235229 0.0249458 0.0176432 0.0328442 0.0243046 0.0241694 0.0207552 0.0362109 0.0221568 0.0309119 0.0320910 0.0302285 0.0284070 0.0177090 0.0417223 0.0334906 0.0363875 0.0192840 0.0197232 0.0240949 0.0278461 0.0289088 0.0227591 0.0299399 0.0256241 0.0279240 0.0210151 0.0427998 0.0237998 0.0239053 0.0228678 
pop1.indv9  0.0344854 0.0315591 0.0221644 0.0312099 0.0267242 0.0206563 0.0237435 0.0235936 0.0309116 0.0217451 0.0204887 0.0237808 0.0356396 0.0253681 0.0251842 0.0235333 0.0240113 0.0237800 0.0295960 0.0280176 0.0238670 0.0257704 0.0298074 0.0298839 0.0000000 0.0326412 0.0266704 0.0193067 0.0318444 0.0262543 0.0253482 0.0308619 0.0189218 0.0253139 0.0341737 0.0176762 0.0221220 0.0195970 0.0182102 0.0287307 0.0266211 0.0224058 0.0273629 0.0264113 0.0291817 0.0307819 0.0295356 0.0325182 0.0349033 0.0253863 0.0270106 0.0249010 0.0343340 0.0337816 0.0384763 0.0315211 0.0211362 0.0356317 0.0389213 0.0331134 0.0375855 0.0206726 0.0193396 0.0284930 0.0259749 0.0313635 0.0379945 0.0236186 0.0314904 0.0278737 0.0224321 0.0422246 0.0269188 0.0279733 0.0310652 
pop2.indv1  0.0369013 0.0396410 0.0478819 0.0497826 0.0471348 0.0341567 0.0439403 0.0342254 0.0370691 0.0292889 0.0388637 0.0456755 0.0375679 0.0331359 0.0417864 0.0370863 0.0333253 0.0429920 0.0339567 0.0507665 0.0377767 0.0405421 0.0435331 0.0458045 0.0326412 0.0000000 0.0420411 0.0422615 0.0318192 0.0446488 0.0329315 0.0397797 0.0294877 0.0442028 0.0552657 0.0386399 0.0356075 0.0344140 0.0468789 0.0349549 0.0510143 0.0391481 0.0430657 0.0379894 0.0304838 0.0398283 0.0397915 0.0384715 0.0376643 0.0280855 0.0466935 0.0417490 0.0337305 0.0445701 0.0384564 0.0509091 0.0423982 0.0384598 0.0486335 0.0356054 0.0418333 0.0424052 0.0319426 0.0445692 0.0388402 0.0377899 0.0482307 0.0339984 0.0373475 0.0452349 0.0444539 0.0450467 0.0354845 0.0454438 0.0423682 
pop2.indv10 0.0387159 0.0193945 0.0294766 0.0479775 0.0341780 0.0278229 0.0178761 0.0223816 0.0373974 0.0265768 0.0264405 0.0265363 0.0294639 0.0311364 0.0264847 0.0251214 0.0268663 0.0314955 0.0354475 0.0276932 0.0297725 0.0241208 0.0221609 0.0192916 0.0266704 0.0420411 0.0000000 0.0219261 0.0242445 0.0308011 0.0234464 0.0260177 0.0327406 0.0208902 0.0248922 0.0294953 0.0251603 0.0312771 0.0254639 0.0236401 0.0221754 0.0343579 0.0209269 0.0217699 0.0273409 0.0306966 0.0189828 0.0381600 0.0332402 0.0224769 0.0236233 0.0340020 0.0292030 0.0291977 0.0387024 0.0343855 0.0408514 0.0340425 0.0300674 0.0346594 0.0369595 0.0250114 0.0206903 0.0295950 0.0319702 0.0267008 0.0282200 0.0311043 0.0281170 0.0343949 0.0270240 0.0323577 0.0237286 0.0234386 0.0323936 
pop2.indv11 0.0359466 0.0136420 0.0164555 0.0285139 0.0330805 0.0239071 0.0224144 0.0270834 0.0236362 0.0263416 0.0312911 0.0222810 0.0263497 0.0181034 0.0268121 0.0193167 0.0258259 0.0251389 0.0237243 0.0298009 0.0286372 0.0228188 0.0252845 0.0180824 0.0193067 0.0422615 0.0219261 0.0000000 0.0275464 0.0219041 0.0121405 0.0354338 0.0249916 0.0164256 0.0251272 0.0234164 0.0221453 0.0300305 0.0226406 0.0180308 0.0108761 0.0253565 0.0272428 0.0312034 0.0232795 0.0293152 0.0219595 0.0264180 0.0240770 0.0135945 0.0238840 0.0163030 0.0203984 0.0232397 0.0306681 0.0299082 0.0349069 0.0295113 0.0269206 0.0270039 0.0220482 0.0193921 0.0269406 0.0270661 0.0257015 0.0224945 0.0318130 0.0267018 0.0297769 0.0235883 0.0210222 0.0342618 0.0283802 0.0221256 0.0201047 
pop2.indv12 0.0389686 0.0213848 0.0341036 0.0404243 0.0339032 0.0257380 0.0275694 0.0304833 0.0361294 0.0253723 0.0287640 0.0261437 0.0300037 0.0241491 0.0212942 0.0257227 0.0265155 0.0227425 0.0285034 0.0303726 0.0262492 0.0432075 0.0213591 0.0231385 0.0318444 0.0318192 0.0242445 0.0275464 0.0000000 0.0269899 0.0272463 0.0349066 0.0318456 0.0261453 0.0386397 0.0285706 0.0228355 0.0278391 0.0260956 0.0308719 0.0198692 0.0339726 0.0219247 0.0223772 0.0255660 0.0180328 0.0241739 0.0348174 0.0295002 0.0275020 0.0291479 0.0270867 0.0209679 0.0304214 0.0311218 0.0372236 0.0344218 0.0269561 0.0310393 0.0304521 0.0333698 0.0290310 0.0246276 0.0200491 0.0399411 0.0289457 0.0391343 0.0223600 0.0358370 0.0197033 0.0215125 0.0330690 0.0288808 0.0349433 0.0339133 
pop2.indv13 0.0277995 0.0250635 0.0282707 0.0295796 0.0356497 0.0320512 0.0281632 0.0281214 0.0294310 0.0246467 0.0323794 0.0251083 0.0198447 0.0266447 0.0249155 0.0233072 0.0269289 0.0206160 0.0311107 0.0325077 0.0358987 0.0301776 0.0278895 0.0191520 0.0262543 0.0446488 0.0308011 0.0219041 0.0269899 0.0000000 0.0219971 0.0332658 0.0248310 0.0282139 0.0388689 0.0277369 0.0325182 0.0268114 0.0252873 0.0266919 0.0176961 0.0283489 0.0255246 0.0289137 0.0276409 0.0289237 0.0160286 0.0349787 0.0342642 0.0236077 0.0204192 0.0275763 0.0320469 0.0315361 0.0379512 0.0293513 0.0312332 0.0303537 0.0316733 0.0220097 0.0308213 0.0263963 0.0266589 0.0310127 0.0319278 0.0175038 0.0341233 0.0339787 0.0329182 0.0248550 0.0309862 0.0368652 0.0281035 0.0265065 0.0272031 
pop2.indv14 0.0192324 0.0256688 0.0225169 0.0257631 0.0329908 0.0222267 0.0208998 0.0195272 0.0279564 0.0149877 0.0237100 0.0282649 0.0214784 0.0208844 0.0222781 0.0222833 0.0180274 0.0178222 0.0235110 0.0252821 0.0283600 0.0243020 0.0285492 0.0209994 0.0253482 0.0329315 0.0234464 0.0121405 0.0272463 0.0219971 0.0000000 0.0219503 0.0178447 0.0208420 0.0164435 0.0206455 0.0192724 0.0110003 0.0242282 0.0225696 0.0267963 0.0240287 0.0243388 0.0238026 0.0161990 0.0276752 0.0236669 0.0279255 0.0255303 0.0207485 0.0208798 0.0220873 0.0206220 0.0203343 0.0319921 0.0314577 0.0257045 0.0177325 0.0238648 0.0238359 0.0222629 0.0192612 0.0209816 0.0252654 0.0257034 0.0240223 0.0303286 0.0326284 0.0301562 0.0280858 0.0181225 0.0222792 0.0253734 0.0264597 0.0202174 
pop2.indv15 0.0368044 0.0324006 0.0248535 0.0550497 0.0305850 0.0247980 0.0292894 0.0219333 0.0396638 0.0276116 0.0353145 0.0373795 0.0273147 0.0339376 0.0233220 0.0293045 0.0223650 0.0251263 0.0248664 0.0275212 0.0356246 0.0302444 0.0311808 0.0263911 0.0308619 0.0397797 0.0260177 0.0354338 0.0349066 0.0332658 0.0219503 0.0000000 0.0275512 0.0313563 0.0216032 0.0259106 0.0248470 0.0327808 0.0252376 0.0328628 0.0292755 0.0260765 0.0222675 0.0291224 0.0244935 0.0316637 0.0290175 0.0346460 0.0265471 0.0279912 0.0261403 0.0366485 0.0429187 0.0362996 0.0329924 0.0293370 0.0408107 0.0289912 0.0391888 0.0358423 0.0320326 0.0342653 0.0328075 0.0358150 0.0368591 0.0374109 0.0328257 0.0380678 0.0294596 0.0337611 0.0233804 0.0462612 0.0310436 0.0319429 0.0195615 
pop2.indv16 0.0252927 0.0194835 0.0268061 0.0329380 0.0387152 0.0106446 0.0222221 0.0163916 0.0276278 0.0173686 0.0234782 0.0282931 0.0243455 0.0221446 0.0222222 0.0221872 0.0194642 0.0252548 0.0310943 0.0359772 0.0301867 0.0364222 0.0190482 0.0238033 0.0189218 0.0294877 0.0327406 0.0249916 0.0318456 0.0248310 0.0178447 0.0275512 0.0000000 0.0281945 0.0292735 0.0202630 0.0268405 0.0238440 0.0255755 0.0318826 0.0284165 0.0234822 0.0167751 0.0296367 0.0293073 0.0384407 0.0246838 0.0258935 0.0284117 0.0251050 0.0310702 0.0205162 0.0355406 0.0216592 0.0317482 0.0358656 0.0236756 0.0325515 0.0334748 0.0283274 0.0295293 0.0236012 0.0207206 0.0313660 0.0211850 0.0220365 0.0240575 0.0314175 0.0238506 0.0263002 0.0301610 0.0369575 0.0267134 0.0341732 0.0229563 
pop2.indv17 0.0179983 0.0229151 0.0255690 0.0272999 0.0299965 0.0280645 0.0254656 0.0194287 0.0236321 0.0223125 0.0297569 0.0236970 0.0215946 0.0196719 0.0345299 0.0285635 0.0224791 0.0208051 0.0311443 0.0329859 0.0364689 0.0258520 0.0239369 0.0207352 0.0253139 0.0442028 0.0208902 0.0164256 0.0261453 0.0282139 0.0208420 0.0313563 0.0281945 0.0000000 0.0266135 0.0296032 0.0224301 0.0210780 0.0239363 0.0256396 0.0285858 0.0226748 0.0261371 0.0372809 0.0264454 0.0355972 0.0206190 0.0281343 0.0303199 0.0313035 0.0332419 0.0282713 0.0294827 0.0386640 0.0370890 0.0348875 0.0347622 0.0266481 0.0317581 0.0366551 0.0269806 0.0269049 0.0239622 0.0329584 0.0248132 0.0333063 0.0319933 0.0239931 0.0336743 0.0311736 0.0258042 0.0359453 0.0315106 0.0332020 0.0327703 
pop2.indv18 0.0335853 0.0315062 0.0329411 0.0459240 0.0291827 0.0311880 0.0295190 0.0298058 0.0307751 0.0277748 0.0368699 0.0218919 0.0292296 0.0298704 0.0327526 0.0310037 0.0165561 0.0220531 0.0277583 0.0357750 0.0361520 0.0452805 0.0251558 0.0331089 0.0341737 0.0552657 0.0248922 0.0251272 0.0386397 0.0388689 0.0164435 0.0216032 0.0292735 0.0266135 0.0000000 0.0352870 0.0266720 0.0267772 0.0366786 0.0284938 0.0281941 0.0269089 0.0298690 0.0353680 0.0321048 0.0384905 0.0357585 0.0381997 0.0317398 0.0219382 0.0343623 0.0386881 0.0293207 0.0362685 0.0399365 0.0408019 0.0409087 0.0418944 0.0349624 0.0459022 0.0356767 0.0360401 0.0326207 0.0328756 0.0290453 0.0360394 0.0361172 0.0310087 0.0410332 0.0372280 0.0296495 0.0400154 0.0250060 0.0404952 0.0337986 
pop2.indv19 0.0359291 0.0250469 0.0266810 0.0314887 0.0324298 0.0148228 0.0246990 0.0177631 0.0244559 0.0291940 0.0220054 0.0265755 0.0243160 0.0297047 0.0282713 0.0234055 0.0268677 0.0328013 0.0337434 0.0311409 0.0224647 0.0385479 0.0278306 0.0282394 0.0176762 0.0386399 0.0294953 0.0234164 0.0285706 0.0277369 0.0206455 0.0259106 0.0202630 0.0296032 0.0352870 0.0000000 0.0280061 0.0294713 0.0222984 0.0287812 0.0268807 0.0360722 0.0253717 0.0293728 0.0215267 0.0289666 0.0306929 0.0246442 0.0237571 0.0148631 0.0296144 0.0233375 0.0367945 0.0305746 0.0283712 0.0387954 0.0314426 0.0334993 0.0346336 0.0222170 0.0324603 0.0207985 0.0220307 0.0250971 0.0319991 0.0252463 0.0347848 0.0311004 0.0319023 0.0276422 0.0236274 0.0388809 0.0220404 0.0249812 0.0213240 
pop2.indv2  0.0296750 0.0209935 0.0285827 0.0385302 0.0329467 0.0297088 0.0270999 0.0285457 0.0294607 0.0235570 0.0249616 0.0345199 0.0328565 0.0282452 0.0220635 0.0285083 0.0240156 0.0268466 0.0300484 0.0333217 0.0348882 0.0373194 0.0297044 0.0222824 0.0221220 0.0356075 0.0251603 0.0221453 0.0228355 0.0325182 0.0192724 0.0248470 0.0268405 0.0224301 0.0266720 0.0280061 0.0000000 0.0255096 0.0275608 0.0195773 0.0268563 0.0336086 0.0324749 0.0292584 0.0219186 0.0309134 0.0234676 0.0323438 0.0274647 0.0163943 0.0330695 0.0297967 0.0279355 0.0293759 0.0401886 0.0344884 0.0317428 0.0342097 0.0240629 0.0268090 0.0296565 0.0283073 0.0211879 0.0259009 0.0296682 0.0366079 0.0382024 0.0282330 0.0271779 0.0268218 0.0223351 0.0356970 0.0236342 0.0191351 0.0261257 
pop2.indv20 0.0268911 0.0309327 0.0224564 0.0319660 0.0287924 0.0208074 0.0316494 0.0153411 0.0281194 0.0193611 0.0220830 0.0224250 0.0252925 0.0241940 0.0254088 0.0182307 0.0139173 0.0242149 0.0287882 0.0289720 0.0288139 0.0245655 0.0166123 0.0166702 0.0195970 0.0344140 0.0312771 0.0300305 0.0278391 0.0268114 0.0110003 0.0327808 0.0238440 0.0210780 0.0267772 0.0294713 0.0255096 0.0000000 0.0244185 0.0169464 0.0229513 0.0287033 0.0139073 0.0180050 0.0264119 0.0265091 0.0220324 0.0327874 0.0227894 0.0256583 0.0194862 0.0297504 0.0281939 0.0279096 0.0274770 0.0367369 0.0225979 0.0223511 0.0323353 0.0228098 0.0254068 0.0124441 0.0194802 0.0319811 0.0171269 0.0228517 0.0321322 0.0208059 0.0212616 0.0268411 0.0241794 0.0254500 0.0194920 0.0271568 0.0185962 
pop2.indv21 0.0304430 0.0290627 0.0166491 0.0489487 0.0382370 0.0210412 0.0196541 0.0198822 0.0346262 0.0237041 0.0301687 0.0258991 0.0235874 0.0306366 0.0287637 0.0286616 0.0230545 0.0303169 0.0303381 0.0303589 0.0242606 0.0357593 0.0333474 0.0182105 0.0182102 0.0468789 0.0254639 0.0226406 0.0260956 0.0252873 0.0242282 0.0252376 0.0255755 0.0239363 0.0366786 0.0222984 0.0275608 0.0244185 0.0000000 0.0295992 0.0270917 0.0260148 0.0331283 0.0283071 0.0253510 0.0299645 0.0283202 0.0346173 0.0244830 0.0301806 0.0240445 0.0318185 0.0210141 0.0297674 0.0280224 0.0432522 0.0290853 0.0267121 0.0371566 0.0318767 0.0400188 0.0306574 0.0211550 0.0272132 0.0278571 0.0258976 0.0337767 0.0273556 0.0376097 0.0397331 0.0258586 0.0485443 0.0288373 0.0331679 0.0236084 
pop2.indv22 0.0303105 0.0183428 0.0226693 0.0353091 0.0335283 0.0299379 0.0272917 0.0321158 0.0300390 0.0334515 0.0363217 0.0319577 0.0329021 0.0212540 0.0331508 0.0304567 0.0293550 0.0289485 0.0255257 0.0370000 0.0305106 0.0309185 0.0258863 0.0212141 0.0287307 0.0349549 0.0236401 0.0180308 0.0308719 0.0266919 0.0225696 0.0328628 0.0318826 0.0256396 0.0284938 0.0287812 0.0195773 0.0169464 0.0295992 0.0000000 0.0224001 0.0335498 0.0231046 0.0331087 0.0298466 0.0310337 0.0269106 0.0359219 0.0287611 0.0166696 0.0301932 0.0254033 0.0359848 0.0325253 0.0390758 0.0353298 0.0385620 0.0313601 0.0423911 0.0335554 0.0254783 0.0355654 0.0196498 0.0258867 0.0265659 0.0401320 0.0339740 0.0269238 0.0335517 0.0314457 0.0213104 0.0380212 0.0226655 0.0316921 0.0188575 
pop2.indv23 0.0268347 0.0239580 0.0239086 0.0272078 0.0361184 0.0251873 0.0273386 0.0256871 0.0377980 0.0315191 0.0300253 0.0285855 0.0264514 0.0239758 0.0224377 0.0341518 0.0212570 0.0272275 0.0266709 0.0285213 0.0366919 0.0292682 0.0241508 0.0194079 0.0266211 0.0510143 0.0221754 0.0108761 0.0198692 0.0176961 0.0267963 0.0292755 0.0284165 0.0285858 0.0281941 0.0268807 0.0268563 0.0229513 0.0270917 0.0224001 0.0000000 0.0272760 0.0275461 0.0344011 0.0278159 0.0191442 0.0237751 0.0325735 0.0367109 0.0267885 0.0222671 0.0267664 0.0251408 0.0295465 0.0324553 0.0348345 0.0366879 0.0266464 0.0354891 0.0299915 0.0298600 0.0285740 0.0254675 0.0270956 0.0170102 0.0270228 0.0352919 0.0357482 0.0287284 0.0280294 0.0254612 0.0378886 0.0240304 0.0283561 0.0280372 
pop2.indv24 0.0316192 0.0213251 0.0151434 0.0456555 0.0316218 0.0341901 0.0315178 0.0240065 0.0268897 0.0208147 0.0330230 0.0319019 0.0298483 0.0255705 0.0224429 0.0286742 0.0259609 0.0319156 0.0271886 0.0269809 0.0452140 0.0247682 0.0238283 0.0306385 0.0224058 0.0391481 0.0343579 0.0253565 0.0339726 0.0283489 0.0240287 0.0260765 0.0234822 0.0226748 0.0269089 0.0360722 0.0336086 0.0287033 0.0260148 0.0335498 0.0272760 0.0000000 0.0197964 0.0344506 0.0235069 0.0293720 0.0192021 0.0191906 0.0240826 0.0210167 0.0240619 0.0295315 0.0396019 0.0263639 0.0327440 0.0336792 0.0383058 0.0411068 0.0274714 0.0368196 0.0269700 0.0227260 0.0338560 0.0355406 0.0361113 0.0319787 0.0304600 0.0300220 0.0286428 0.0179918 0.0258584 0.0391903 0.0367594 0.0331209 0.0314654 
pop2.indv25 0.0272059 0.0215929 0.0198652 0.0373245 0.0350448 0.0257472 0.0214703 0.0201108 0.0272790 0.0198074 0.0228671 0.0210782 0.0269574 0.0294077 0.0183489 0.0226985 0.0218900 0.0305245 0.0390505 0.0273370 0.0324344 0.0220667 0.0210335 0.0242563 0.0273629 0.0430657 0.0209269 0.0272428 0.0219247 0.0255246 0.0243388 0.0222675 0.0167751 0.0261371 0.0298690 0.0253717 0.0324749 0.0139073 0.0331283 0.0231046 0.0275461 0.0197964 0.0000000 0.0240276 0.0164471 0.0222653 0.0122205 0.0349512 0.0247985 0.0213438 0.0182048 0.0333032 0.0403068 0.0208006 0.0331273 0.0324563 0.0262301 0.0287334 0.0215673 0.0339589 0.0254150 0.0213718 0.0244420 0.0295099 0.0264392 0.0199103 0.0376186 0.0255340 0.0244943 0.0242395 0.0261331 0.0239261 0.0198309 0.0197340 0.0235192 
pop2.indv3  0.0342436 0.0284354 0.0251076 0.0299707 0.0308521 0.0261331 0.0206854 0.0266318 0.0355296 0.0246607 0.0161711 0.0237320 0.0261371 0.0194472 0.0248852 0.0190802 0.0206567 0.0297420 0.0295151 0.0324729 0.0359727 0.0332693 0.0312218 0.0310803 0.0264113 0.0379894 0.0217699 0.0312034 0.0223772 0.0289137 0.0238026 0.0291224 0.0296367 0.0372809 0.0353680 0.0293728 0.0292584 0.0180050 0.0283071 0.0331087 0.0344011 0.0344506 0.0240276 0.0000000 0.0306882 0.0427583 0.0246699 0.0243599 0.0208153 0.0280653 0.0282634 0.0323244 0.0217406 0.0368568 0.0284373 0.0234103 0.0310885 0.0291422 0.0239076 0.0311184 0.0218461 0.0206606 0.0251637 0.0222388 0.0272908 0.0266276 0.0331100 0.0192599 0.0340822 0.0326814 0.0224607 0.0275436 0.0279681 0.0275894 0.0272354 
pop2.indv4  0.0292896 0.0295560 0.0248813 0.0427474 0.0275448 0.0187879 0.0265383 0.0266256 0.0291379 0.0203251 0.0353625 0.0248990 0.0371023 0.0251529 0.0233739 0.0203942 0.0237326 0.0264745 0.0264460 0.0248246 0.0328441 0.0196199 0.0263825 0.0235229 0.0291817 0.0304838 0.0273409 0.0232795 0.0255660 0.0276409 0.0161990 0.0244935 0.0293073 0.0264454 0.0321048 0.0215267 0.0219186 0.0264119 0.0253510 0.0298466 0.0278159 0.0235069 0.0164471 0.0306882 0.0000000 0.0232746 0.0216777 0.0304839 0.0329015 0.0235761 0.0310784 0.0351916 0.0435865 0.0331300 0.0350589 0.0325976 0.0313795 0.0384203 0.0442642 0.0265992 0.0291982 0.0236006 0.0277447 0.0325103 0.0400971 0.0268055 0.0284656 0.0324255 0.0278843 0.0305265 0.0220498 0.0348912 0.0230901 0.0233426 0.0211602 
pop2.indv5  0.0355812 0.0266975 0.0175184 0.0392058 0.0322601 0.0399937 0.0309414 0.0310944 0.0378211 0.0322908 0.0338798 0.0356666 0.0456201 0.0359835 0.0324662 0.0323990 0.0265405 0.0353839 0.0351862 0.0249241 0.0323804 0.0367426 0.0311047 0.0249458 0.0307819 0.0398283 0.0306966 0.0293152 0.0180328 0.0289237 0.0276752 0.0316637 0.0384407 0.0355972 0.0384905 0.0289666 0.0309134 0.0265091 0.0299645 0.0310337 0.0191442 0.0293720 0.0222653 0.0427583 0.0232746 0.0000000 0.0348012 0.0344213 0.0310024 0.0312182 0.0307136 0.0320332 0.0424314 0.0364747 0.0424176 0.0467379 0.0358069 0.0335794 0.0408844 0.0308192 0.0355096 0.0263508 0.0358865 0.0359019 0.0268963 0.0206809 0.0330082 0.0321038 0.0313792 0.0292879 0.0296032 0.0465313 0.0340000 0.0355311 0.0273631 
pop2.indv6  0.0247728 0.0193590 0.0219190 0.0410154 0.0407099 0.0231580 0.0249827 0.0252913 0.0305500 0.0217481 0.0277267 0.0206253 0.0307758 0.0194237 0.0163530 0.0265736 0.0208228 0.0309859 0.0340722 0.0266838 0.0331807 0.0273555 0.0205257 0.0176432 0.0295356 0.0397915 0.0189828 0.0219595 0.0241739 0.0160286 0.0236669 0.0290175 0.0246838 0.0206190 0.0357585 0.0306929 0.0234676 0.0220324 0.0283202 0.0269106 0.0237751 0.0192021 0.0122205 0.0246699 0.0216777 0.0348012 0.0000000 0.0286487 0.0329551 0.0234068 0.0233345 0.0294210 0.0231753 0.0289188 0.0347575 0.0277828 0.0300415 0.0321481 0.0314416 0.0297929 0.0190745 0.0220083 0.0190365 0.0177732 0.0288956 0.0264695 0.0237442 0.0265237 0.0271348 0.0308508 0.0222199 0.0321652 0.0235988 0.0291571 0.0274172 
pop2.indv7  0.0400701 0.0343709 0.0217366 0.0476565 0.0402012 0.0307729 0.0268537 0.0355067 0.0395974 0.0276912 0.0339695 0.0325635 0.0403189 0.0306678 0.0306328 0.0388830 0.0283209 0.0278468 0.0404853 0.0339794 0.0423142 0.0364676 0.0405621 0.0328442 0.0325182 0.0384715 0.0381600 0.0264180 0.0348174 0.0349787 0.0279255 0.0346460 0.0258935 0.0281343 0.0381997 0.0246442 0.0323438 0.0327874 0.0346173 0.0359219 0.0325735 0.0191906 0.0349512 0.0243599 0.0304839 0.0344213 0.0286487 0.0000000 0.0267513 0.0309962 0.0338200 0.0335079 0.0384443 0.0381702 0.0375255 0.0369310 0.0409019 0.0428180 0.0409914 0.0339566 0.0367156 0.0218084 0.0389775 0.0423688 0.0304126 0.0388495 0.0297719 0.0433344 0.0395168 0.0337748 0.0296868 0.0347382 0.0325406 0.0335066 0.0400730 
pop2.indv8  0.0316910 0.0259367 0.0303995 0.0386777 0.0333876 0.0253029 0.0257915 0.0241453 0.0381830 0.0270190 0.0397561 0.0304068 0.0265968 0.0214526 0.0255161 0.0284879 0.0154960 0.0287187 0.0351510 0.0300410 0.0304655 0.0310636 0.0272951 0.0243046 0.0349033 0.0376643 0.0332402 0.0240770 0.0295002 0.0342642 0.0255303 0.0265471 0.0284117 0.0303199 0.0317398 0.0237571 0.0274647 0.0227894 0.0244830 0.0287611 0.0367109 0.0240826 0.0247985 0.0208153 0.0329015 0.0310024 0.0329551 0.0267513 0.0000000 0.0226439 0.0349489 0.0297572 0.0284157 0.0282124 0.0291436 0.0305059 0.0353022 0.0333110 0.0323251 0.0319962 0.0304210 0.0320617 0.0271246 0.0320703 0.0326895 0.0306014 0.0405857 0.0351473 0.0322263 0.0300031 0.0272911 0.0398152 0.0240757 0.0349007 0.0216089 
pop2.indv9  0.0312231 0.0151413 0.0238358 0.0367288 0.0313979 0.0236290 0.0179035 0.0196618 0.0205863 0.0265303 0.0252995 0.0250907 0.0229435 0.0223185 0.0254601 0.0268535 0.0152987 0.0268398 0.0206779 0.0315958 0.0346943 0.0305921 0.0193904 0.0241694 0.0253863 0.0280855 0.0224769 0.0135945 0.0275020 0.0236077 0.0207485 0.0279912 0.0251050 0.0313035 0.0219382 0.0148631 0.0163943 0.0256583 0.0301806 0.0166696 0.0267885 0.0210167 0.0213438 0.0280653 0.0235761 0.0312182 0.0234068 0.0309962 0.0226439 0.0000000 0.0178850 0.0236487 0.0206032 0.0172379 0.0239704 0.0299173 0.0272397 0.0222146 0.0196866 0.0285425 0.0250573 0.0239255 0.0180300 0.0179030 0.0182866 0.0210625 0.0289663 0.0223178 0.0299981 0.0281323 0.0268166 0.0374752 0.0237421 0.0235904 0.0248418 
pop3.indv1  0.0329836 0.0209794 0.0269850 0.0303135 0.0403270 0.0263023 0.0208273 0.0237564 0.0295349 0.0232632 0.0251696 0.0282219 0.0262734 0.0315128 0.0235994 0.0234136 0.0212104 0.0280782 0.0388956 0.0345413 0.0379854 0.0273477 0.0308928 0.0207552 0.0270106 0.0466935 0.0236233 0.0238840 0.0291479 0.0204192 0.0208798 0.0261403 0.0310702 0.0332419 0.0343623 0.0296144 0.0330695 0.0194862 0.0240445 0.0301932 0.0222671 0.0240619 0.0182048 0.0282634 0.0310784 0.0307136 0.0233345 0.0338200 0.0349489 0.0178850 0.0000000 0.0312171 0.0262479 0.0202745 0.0254985 0.0249978 0.0253380 0.0244888 0.0253472 0.0329839 0.0338765 0.0279737 0.0268320 0.0296770 0.0260592 0.0239952 0.0271388 0.0295749 0.0316191 0.0281962 0.0253107 0.0443622 0.0206377 0.0308887 0.0290418 
pop3.indv10 0.0357309 0.0252008 0.0296118 0.0330453 0.0354287 0.0244299 0.0235871 0.0250027 0.0321395 0.0352315 0.0292171 0.0409264 0.0325099 0.0219858 0.0374069 0.0343131 0.0238064 0.0322897 0.0355303 0.0325456 0.0371030 0.0336996 0.0379476 0.0362109 0.0249010 0.0417490 0.0340020 0.0163030 0.0270867 0.0275763 0.0220873 0.0366485 0.0205162 0.0282713 0.0386881 0.0233375 0.0297967 0.0297504 0.0318185 0.0254033 0.0267664 0.0295315 0.0333032 0.0323244 0.0351916 0.0320332 0.0294210 0.0335079 0.0297572 0.0236487 0.0312171 0.0000000 0.0388385 0.0333635 0.0431098 0.0296472 0.0374344 0.0415504 0.0331004 0.0249177 0.0339231 0.0265003 0.0296318 0.0396657 0.0273303 0.0176973 0.0376316 0.0336662 0.0380587 0.0276499 0.0237845 0.0470176 0.0220973 0.0277956 0.0367616 
