75
pop1.indv1  0.0000000 0.0264191 0.0179485 0.0252716 0.0139558 0.0226641 0.0252919 0.0163775 0.0180130 0.0209829 0.0210043 0.0278903 0.0207572 0.0207505 0.0242515 0.0252318 0.0248862 0.0179590 0.0234636 0.0329230 0.0218427 0.0286674 0.0165032 0.0253706 0.0265695 0.0236350 0.0218421 0.0240550 0.0210768 0.0323055 0.0221882 0.0226353 0.0224785 0.0191527 0.0324995 0.0227691 0.0193353 0.0192542 0.0207685 0.0228538 0.0298136 0.0163013 0.0194085 0.0258485 0.0316998 0.0152275 0.0283468 0.0255264 0.0178578 0.0227148 0.0314687 0.0209530 0.0253663 0.0149986 0.0211615 0.0180219 0.0224762 0.0251225 0.0179304 0.0251814 0.0196311 0.0257956 0.0298363 0.0180525 0.0238476 0.0123462 0.0194800 0.0195385 0.0210487 0.0213470 0.0238089 0.0304758 0.0208110 0.0265946 0.0253969 
pop1.indv10 0.0264191 0.0000000 0.0342439 0.0358601 0.0227214 0.0319784 0.0344085 0.0347053 0.0346102 0.0299429 0.0238242 0.0291495 0.0390864 0.0370370 0.0369963 0.0411778 0.0323204 0.0364085 0.0276710 0.0344402 0.0351097 0.0348009 0.0331509 0.0393967 0.0370406 0.0374131 0.0534271 0.0416696 0.0358939 0.0365793 0.0311379 0.0305844 0.0324924 0.0438654 0.0353983 0.0304102 0.0283394 0.0401882 0.0344667 0.0430273 0.0375029 0.0281640 0.0332577 0.0400558 0.0363184 0.0346731 0.0390067 0.0316509 0.0327715 0.0400889 0.0372920 0.0315944 0.0283698 0.0356102 0.0302062 0.0318385 0.0319527 0.0297451 0.0376483 0.0473246 0.0337074 0.0317124 0.0359002 0.0365552 0.0224762 0.0210213 0.0299738 0.0379461 0.0366145 0.0368422 0.0463287 0.0383725 0.0281074 0.0375507 0.0396161 
pop1.indv11 0.0179485 0.0342439 0.0000000 0.0267475 0.0306324 0.0211377 0.0298810 0.0284284 0.0221962 0.0284605 0.0255636 0.0374123 0.0268393 0.0295340 0.0227658 0.0223519 0.0266387 0.0267584 0.0420881 0.0300369 0.0263391 0.0285186 0.0238408 0.0256669 0.0310159 0.0279510 0.0264049 0.0316864 0.0209544 0.0247506 0.0264350 0.0169021 0.0253654 0.0235415 0.0221791 0.0230232 0.0295867 0.0296500 0.0207734 0.0289121 0.0298394 0.0221828 0.0251805 0.0241494 0.0396505 0.0194970 0.0250212 0.0270786 0.0219974 0.0244481 0.0310893 0.0179020 0.0211079 0.0209574 0.0301768 0.0211459 0.0256274 0.0238957 0.0239086 0.0266884 0.0197991 0.0286455 0.0239189 0.0227139 0.0195366 0.0194740 0.0300181 0.0344290 0.0346065 0.0225402 0.0346297 0.0226264 0.0207197 0.0299612 0.0269710 
pop1.indv12 0.0252716 0.0358601 0.0267475 0.0000000 0.0272291 0.0287786 0.0311760 0.0308729 0.0405313 0.0328037 0.0282225 0.0338923 0.0359635 0.0388308 0.0254732 0.0341012 0.0405004 0.0391259 0.0381217 0.0423659 0.0350207 0.0349724 0.0281949 0.0361261 0.0344446 0.0371874 0.0349511 0.0373465 0.0360628 0.0379846 0.0263877 0.0285119 0.0361667 0.0326085 0.0382371 0.0302964 0.0236046 0.0372146 0.0323887 0.0347429 0.0359504 0.0281445 0.0312740 0.0378230 0.0297990 0.0268114 0.0377015 0.0363596 0.0326165 0.0367401 0.0423058 0.0327046 0.0264900 0.0358894 0.0376180 0.0302564 0.0283698 0.0297917 0.0426938 0.0246575 0.0445085 0.0345379 0.0327408 0.0282624 0.0312510 0.0359273 0.0372489 0.0332909 0.0377030 0.0285578 0.0441226 0.0346948 0.0280292 0.0370037 0.0358209 
pop1.indv13 0.0139558 0.0227214 0.0306324 0.0272291 0.0000000 0.0294153 0.0212205 0.0226641 0.0319111 0.0246210 0.0184781 0.0302392 0.0259071 0.0227101 0.0312777 0.0333854 0.0195270 0.0290805 0.0211592 0.0273944 0.0266547 0.0247117 0.0339282 0.0212358 0.0319792 0.0304949 0.0305785 0.0340757 0.0406123 0.0238182 0.0386455 0.0345860 0.0293369 0.0259026 0.0379981 0.0329591 0.0181814 0.0399503 0.0335655 0.0409571 0.0365566 0.0269851 0.0308281 0.0248443 0.0258355 0.0231675 0.0356706 0.0327354 0.0285545 0.0310715 0.0274082 0.0311073 0.0258485 0.0320928 0.0323718 0.0263613 0.0338402 0.0196712 0.0278816 0.0316517 0.0294757 0.0337237 0.0339471 0.0155934 0.0242641 0.0321195 0.0306671 0.0260073 0.0423160 0.0264166 0.0409014 0.0379025 0.0334726 0.0371128 0.0291830 
pop1.indv14 0.0226641 0.0319784 0.0211377 0.0287786 0.0294153 0.0000000 0.0305048 0.0209208 0.0182754 0.0273888 0.0259499 0.0434078 0.0271418 0.0304246 0.0170336 0.0254270 0.0346731 0.0226585 0.0362074 0.0274463 0.0209024 0.0275593 0.0335545 0.0138620 0.0333544 0.0382280 0.0348637 0.0307587 0.0307151 0.0312717 0.0302890 0.0280415 0.0337467 0.0286589 0.0363514 0.0329275 0.0240414 0.0273044 0.0270400 0.0276297 0.0319695 0.0210317 0.0304444 0.0278491 0.0318098 0.0272795 0.0257347 0.0214699 0.0318648 0.0295404 0.0273446 0.0275764 0.0290158 0.0322031 0.0309583 0.0247467 0.0325913 0.0307090 0.0389556 0.0209793 0.0232941 0.0275806 0.0242035 0.0244472 0.0322611 0.0212584 0.0274252 0.0339082 0.0287228 0.0308876 0.0455490 0.0260318 0.0238893 0.0269382 0.0275047 
pop1.indv15 0.0252919 0.0344085 0.0298810 0.0311760 0.0212205 0.0305048 0.0000000 0.0358155 0.0299318 0.0225832 0.0239745 0.0449080 0.0354651 0.0324678 0.0321251 0.0394498 0.0312963 0.0462376 0.0307115 0.0422453 0.0388373 0.0349312 0.0318178 0.0298883 0.0325773 0.0345507 0.0264612 0.0441675 0.0316958 0.0383834 0.0341892 0.0419815 0.0345938 0.0268588 0.0356513 0.0426589 0.0322109 0.0390061 0.0423542 0.0351478 0.0376531 0.0249299 0.0328661 0.0398772 0.0300383 0.0238867 0.0443641 0.0270006 0.0393486 0.0336359 0.0389620 0.0311867 0.0394108 0.0391328 0.0397222 0.0379724 0.0331138 0.0251513 0.0334305 0.0294225 0.0367587 0.0334785 0.0330676 0.0317163 0.0282992 0.0349191 0.0318027 0.0381896 0.0315256 0.0366160 0.0346948 0.0451603 0.0191986 0.0348470 0.0252825 
pop1.indv16 0.0163775 0.0347053 0.0284284 0.0308729 0.0226641 0.0209208 0.0358155 0.0000000 0.0237028 0.0223606 0.0256287 0.0451834 0.0293763 0.0205732 0.0370940 0.0263914 0.0343450 0.0311669 0.0308006 0.0359172 0.0335768 0.0401478 0.0252782 0.0251929 0.0297939 0.0220316 0.0320196 0.0313102 0.0345156 0.0397499 0.0370970 0.0271148 0.0330942 0.0325950 0.0417912 0.0406538 0.0311722 0.0420122 0.0375500 0.0332057 0.0386749 0.0220142 0.0267083 0.0347428 0.0238651 0.0238508 0.0297713 0.0285902 0.0372279 0.0333846 0.0390544 0.0379395 0.0356825 0.0345104 0.0362955 0.0211026 0.0448414 0.0311387 0.0299590 0.0276938 0.0302707 0.0381193 0.0343237 0.0194732 0.0362829 0.0267782 0.0255493 0.0343907 0.0299464 0.0355449 0.0494730 0.0498917 0.0235277 0.0282323 0.0408340 
pop1.indv17 0.0180130 0.0346102 0.0221962 0.0405313 0.0319111 0.0182754 0.0299318 0.0237028 0.0000000 0.0239045 0.0286120 0.0420674 0.0208032 0.0266272 0.0319928 0.0299414 0.0387922 0.0250832 0.0276868 0.0283461 0.0335486 0.0417647 0.0360893 0.0297982 0.0341833 0.0327763 0.0405651 0.0431200 0.0316533 0.0257792 0.0293636 0.0288832 0.0361307 0.0324844 0.0307360 0.0321220 0.0263310 0.0357565 0.0422027 0.0381999 0.0296552 0.0220538 0.0268526 0.0337992 0.0350204 0.0316368 0.0392898 0.0272371 0.0311372 0.0333877 0.0265930 0.0253029 0.0267752 0.0363587 0.0301469 0.0179552 0.0319679 0.0300270 0.0298179 0.0307063 0.0240500 0.0333319 0.0313348 0.0255094 0.0239560 0.0223458 0.0312349 0.0296397 0.0346282 0.0337999 0.0362489 0.0367052 0.0220727 0.0340911 0.0314136 
pop1.indv18 0.0209829 0.0299429 0.0284605 0.0328037 0.0246210 0.0273888 0.0225832 0.0223606 0.0239045 0.0000000 0.0225578 0.0357710 0.0254461 0.0328345 0.0416560 0.0226561 0.0312449 0.0239541 0.0177268 0.0381517 0.0324931 0.0372162 0.0254101 0.0321974 0.0283378 0.0313009 0.0296817 0.0333986 0.0213279 0.0249802 0.0235873 0.0229449 0.0254859 0.0255435 0.0252297 0.0359214 0.0238355 0.0281212 0.0286521 0.0288439 0.0374663 0.0300211 0.0240329 0.0337852 0.0415525 0.0302981 0.0269343 0.0255916 0.0317432 0.0322701 0.0331881 0.0302160 0.0241640 0.0256209 0.0398527 0.0211005 0.0152618 0.0303865 0.0289463 0.0297713 0.0153615 0.0322660 0.0413950 0.0200186 0.0181345 0.0255481 0.0315100 0.0242068 0.0322137 0.0214762 0.0366223 0.0305248 0.0253196 0.0268123 0.0286305 
pop1.indv19 0.0210043 0.0238242 0.0255636 0.0282225 0.0184781 0.0259499 0.0239745 0.0256287 0.0286120 0.0225578 0.0000000 0.0372928 0.0285445 0.0254246 0.0293245 0.0365080 0.0282764 0.0317527 0.0265883 0.0272108 0.0296261 0.0275145 0.0226154 0.0285445 0.0302956 0.0223574 0.0267636 0.0371508 0.0287542 0.0293728 0.0179750 0.0243826 0.0209779 0.0224879 0.0328094 0.0215899 0.0240815 0.0299081 0.0251075 0.0228040 0.0300658 0.0266707 0.0225005 0.0259842 0.0225977 0.0167003 0.0224911 0.0319631 0.0284473 0.0214554 0.0270479 0.0253691 0.0180601 0.0238887 0.0303510 0.0154754 0.0288567 0.0225968 0.0321082 0.0270155 0.0214907 0.0274001 0.0346843 0.0213704 0.0243958 0.0138214 0.0288465 0.0253617 0.0337399 0.0245881 0.0419820 0.0335349 0.0285361 0.0284143 0.0239442 
pop1.indv2  0.0278903 0.0291495 0.0374123 0.0338923 0.0302392 0.0434078 0.0449080 0.0451834 0.0420674 0.0357710 0.0372928 0.0000000 0.0518224 0.0467473 0.0318919 0.0491120 0.0397865 0.0404948 0.0335388 0.0371859 0.0427951 0.0330966 0.0409087 0.0441511 0.0415829 0.0402093 0.0368515 0.0476086 0.0375857 0.0286464 0.0430507 0.0366434 0.0359635 0.0374630 0.0447495 0.0368317 0.0353481 0.0480428 0.0417164 0.0463759 0.0408031 0.0388787 0.0280470 0.0361949 0.0374045 0.0328491 0.0505838 0.0510158 0.0390440 0.0382280 0.0518894 0.0373969 0.0387489 0.0408431 0.0429647 0.0421693 0.0346117 0.0357948 0.0360333 0.0422036 0.0398059 0.0440202 0.0422997 0.0298810 0.0326340 0.0345447 0.0425469 0.0427932 0.0365088 0.0350825 0.0492852 0.0460695 0.0400748 0.0339253 0.0423272 
pop1.indv20 0.0207572 0.0390864 0.0268393 0.0359635 0.0259071 0.0271418 0.0354651 0.0293763 0.0208032 0.0254461 0.0285445 0.0518224 0.0000000 0.0327352 0.0388636 0.0312196 0.0308851 0.0221985 0.0231669 0.0377187 0.0308469 0.0367158 0.0283822 0.0296304 0.0281511 0.0330916 0.0233355 0.0409828 0.0239467 0.0381587 0.0358894 0.0351224 0.0314773 0.0281649 0.0388564 0.0340733 0.0219929 0.0489085 0.0404816 0.0349632 0.0388872 0.0263413 0.0314291 0.0318385 0.0331600 0.0238114 0.0363010 0.0317519 0.0282136 0.0241794 0.0327561 0.0208046 0.0282120 0.0221714 0.0348742 0.0195011 0.0298846 0.0267652 0.0318027 0.0295047 0.0183152 0.0351017 0.0302542 0.0256879 0.0223864 0.0207651 0.0286540 0.0429221 0.0334566 0.0225252 0.0361041 0.0353157 0.0235712 0.0283337 0.0300264 
pop1.indv21 0.0207505 0.0370370 0.0295340 0.0388308 0.0227101 0.0304246 0.0324678 0.0205732 0.0266272 0.0328345 0.0254246 0.0467473 0.0327352 0.0000000 0.0437059 0.0362311 0.0324006 0.0279333 0.0353362 0.0357520 0.0383705 0.0348902 0.0329027 0.0377507 0.0341615 0.0357244 0.0351882 0.0313063 0.0300412 0.0287916 0.0373820 0.0213119 0.0312602 0.0324804 0.0355051 0.0353438 0.0264131 0.0436504 0.0236554 0.0385694 0.0329408 0.0387014 0.0374318 0.0317622 0.0379959 0.0250716 0.0391060 0.0344446 0.0248989 0.0316816 0.0369142 0.0329117 0.0285886 0.0280695 0.0349365 0.0236811 0.0254056 0.0220491 0.0284150 0.0277243 0.0321381 0.0332072 0.0411769 0.0270398 0.0283468 0.0343789 0.0314182 0.0284464 0.0379491 0.0315389 0.0388675 0.0333443 0.0310741 0.0298370 0.0342139 
pop1.indv22 0.0242515 0.0369963 0.0227658 0.0254732 0.0312777 0.0170336 0.0321251 0.0370940 0.0319928 0.0416560 0.0293245 0.0318919 0.0388636 0.0437059 0.0000000 0.0317488 0.0443549 0.0418287 0.0350044 0.0367352 0.0422105 0.0337483 0.0434357 0.0261959 0.0412716 0.0522419 0.0464388 0.0437366 0.0354193 0.0411719 0.0272164 0.0374954 0.0387474 0.0258463 0.0348941 0.0364627 0.0301239 0.0436046 0.0322357 0.0342892 0.0368258 0.0273421 0.0276610 0.0394540 0.0321179 0.0326246 0.0406890 0.0344853 0.0198124 0.0365991 0.0401894 0.0356650 0.0371179 0.0373541 0.0457986 0.0310303 0.0376735 0.0408838 0.0369422 0.0347896 0.0364743 0.0327362 0.0323890 0.0325072 0.0292474 0.0247070 0.0422361 0.0357143 0.0307439 0.0311783 0.0407093 0.0249833 0.0337809 0.0334777 0.0275104 
pop1.indv23 0.0252318 0.0411778 0.0223519 0.0341012 0.0333854 0.0254270 0.0394498 0.0263914 0.0299414 0.0226561 0.0365080 0.0491120 0.0312196 0.0362311 0.0317488 0.0000000 0.0327538 0.0329450 0.0343994 0.0375256 0.0335291 0.0331608 0.0283107 0.0314944 0.0265131 0.0406126 0.0368445 0.0237190 0.0299126 0.0410317 0.0325862 0.0353484 0.0346828 0.0363722 0.0277835 0.0361489 0.0294418 0.0422439 0.0406064 0.0349526 0.0373415 0.0294537 0.0320435 0.0368372 0.0395527 0.0271941 0.0347225 0.0288175 0.0295929 0.0304718 0.0372272 0.0375671 0.0313294 0.0360279 0.0415455 0.0256991 0.0273590 0.0381223 0.0333528 0.0294402 0.0351802 0.0348675 0.0394550 0.0332296 0.0377383 0.0347105 0.0409945 0.0378508 0.0463371 0.0419104 0.0430549 0.0348986 0.0296544 0.0328045 0.0366257 
pop1.indv24 0.0248862 0.0323204 0.0266387 0.0405004 0.0195270 0.0346731 0.0312963 0.0343450 0.0387922 0.0312449 0.0282764 0.0397865 0.0308851 0.0324006 0.0443549 0.0327538 0.0000000 0.0423612 0.0320976 0.0327031 0.0287636 0.0254624 0.0358316 0.0343516 0.0354140 0.0355556 0.0318877 0.0405327 0.0411677 0.0361832 0.0354923 0.0463201 0.0341600 0.0339700 0.0263011 0.0307508 0.0264862 0.0403561 0.0339793 0.0406508 0.0371213 0.0342746 0.0361096 0.0347775 0.0390490 0.0372287 0.0502663 0.0266761 0.0404745 0.0299370 0.0341338 0.0421967 0.0296957 0.0388931 0.0395800 0.0313048 0.0332088 0.0312418 0.0440717 0.0400613 0.0270140 0.0238784 0.0374792 0.0284954 0.0208271 0.0298422 0.0408099 0.0331501 0.0459921 0.0287855 0.0410091 0.0333586 0.0312709 0.0375800 0.0408620 
pop1.indv25 0.0179590 0.0364085 0.0267584 0.0391259 0.0290805 0.0226585 0.0462376 0.0311669 0.0250832 0.0239541 0.0317527 0.0404948 0.0221985 0.0279333 0.0418287 0.0329450 0.0423612 0.0000000 0.0295604 0.0345335 0.0420265 0.0258803 0.0285046 0.0413397 0.0410033 0.0379294 0.0374437 0.0378391 0.0365383 0.0322304 0.0297444 0.0404902 0.0318488 0.0299464 0.0410850 0.0328460 0.0220818 0.0441070 0.0375578 0.0435168 0.0377897 0.0345008 0.0364140 0.0279462 0.0284689 0.0166492 0.0378185 0.0335560 0.0269007 0.0259285 0.0281536 0.0333435 0.0282617 0.0288346 0.0303571 0.0241950 0.0288244 0.0414089 0.0284457 0.0293813 0.0304726 0.0367772 0.0482421 0.0256528 0.0380772 0.0330653 0.0318202 0.0368761 0.0452204 0.0384472 0.0429926 0.0241268 0.0298385 0.0267907 0.0333144 
pop1.indv3  0.0234636 0.0276710 0.0420881 0.0381217 0.0211592 0.0362074 0.0307115 0.0308006 0.0276868 0.0177268 0.0265883 0.0335388 0.0231669 0.0353362 0.0350044 0.0343994 0.0320976 0.0295604 0.0000000 0.0278246 0.0447903 0.0392808 0.0343331 0.0342593 0.0310340 0.0382493 0.0335858 0.0389806 0.0345886 0.0347282 0.0366085 0.0300115 0.0295692 0.0293685 0.0289262 0.0450591 0.0202371 0.0430214 0.0385890 0.0364182 0.0355534 0.0321433 0.0373167 0.0266707 0.0372026 0.0236195 0.0433685 0.0283328 0.0370092 0.0348614 0.0367977 0.0358324 0.0295047 0.0358040 0.0328345 0.0283132 0.0395512 0.0309865 0.0220361 0.0437543 0.0300642 0.0314439 0.0386624 0.0267505 0.0207479 0.0312640 0.0331386 0.0391942 0.0421633 0.0345439 0.0473101 0.0410368 0.0293770 0.0387064 0.0311121 
pop1.indv4  0.0329230 0.0344402 0.0300369 0.0423659 0.0273944 0.0274463 0.0422453 0.0359172 0.0283461 0.0381517 0.0272108 0.0371859 0.0377187 0.0357520 0.0367352 0.0375256 0.0327031 0.0345335 0.0278246 0.0000000 0.0358086 0.0432554 0.0364054 0.0270926 0.0372208 0.0359651 0.0310923 0.0446781 0.0285445 0.0337065 0.0345602 0.0336505 0.0409673 0.0281779 0.0420531 0.0371470 0.0297000 0.0509974 0.0408552 0.0369204 0.0281738 0.0344822 0.0254101 0.0304855 0.0364475 0.0285902 0.0393918 0.0435224 0.0283970 0.0386510 0.0314144 0.0334609 0.0341615 0.0412176 0.0302543 0.0303199 0.0381776 0.0298290 0.0329809 0.0384224 0.0338326 0.0352219 0.0414958 0.0270721 0.0298317 0.0346820 0.0399565 0.0414411 0.0379782 0.0334317 0.0398321 0.0369824 0.0250525 0.0375686 0.0348333 
pop1.indv5  0.0218427 0.0351097 0.0263391 0.0350207 0.0266547 0.0209024 0.0388373 0.0335768 0.0335486 0.0324931 0.0296261 0.0427951 0.0308469 0.0383705 0.0422105 0.0335291 0.0287636 0.0420265 0.0447903 0.0358086 0.0000000 0.0441152 0.0338444 0.0335964 0.0288702 0.0294376 0.0426404 0.0311532 0.0359744 0.0269362 0.0395624 0.0236408 0.0354976 0.0384129 0.0243849 0.0413599 0.0370391 0.0493143 0.0399879 0.0389237 0.0417169 0.0347932 0.0291594 0.0358486 0.0403570 0.0341958 0.0434040 0.0309375 0.0356049 0.0361667 0.0368797 0.0437931 0.0279333 0.0335467 0.0405993 0.0326261 0.0452359 0.0390514 0.0389688 0.0336754 0.0377030 0.0388048 0.0322195 0.0207584 0.0339346 0.0406298 0.0437277 0.0310401 0.0441948 0.0286665 0.0454661 0.0393291 0.0307641 0.0352371 0.0387615 
pop1.indv6  0.0286674 0.0348009 0.0285186 0.0349724 0.0247117 0.0275593 0.0349312 0.0401478 0.0417647 0.0372162 0.0275145 0.0330966 0.0367158 0.0348902 0.0337483 0.0331608 0.0254624 0.0258803 0.0392808 0.0432554 0.0441152 0.0000000 0.0333118 0.0336087 0.0377087 0.0270621 0.0381082 0.0504267 0.0321033 0.0405784 0.0394961 0.0326105 0.0335200 0.0386076 0.0460464 0.0329164 0.0284416 0.0498574 0.0299414 0.0407232 0.0415390 0.0397070 0.0322088 0.0422626 0.0303888 0.0258606 0.0417793 0.0455647 0.0300465 0.0407093 0.0428150 0.0319896 0.0305485 0.0401894 0.0373409 0.0426070 0.0274438 0.0386978 0.0385487 0.0416401 0.0391026 0.0322292 0.0437730 0.0273084 0.0353094 0.0338610 0.0438226 0.0289317 0.0437795 0.0310089 0.0336375 0.0405866 0.0396109 0.0364125 0.0373203 
pop1.indv7  0.0165032 0.0331509 0.0238408 0.0281949 0.0339282 0.0335545 0.0318178 0.0252782 0.0360893 0.0254101 0.0226154 0.0409087 0.0283822 0.0329027 0.0434357 0.0283107 0.0358316 0.0285046 0.0343331 0.0364054 0.0338444 0.0333118 0.0000000 0.0299686 0.0344659 0.0330916 0.0295096 0.0318154 0.0347669 0.0387615 0.0236845 0.0307859 0.0359969 0.0314991 0.0408754 0.0261695 0.0283921 0.0279239 0.0223277 0.0289096 0.0332453 0.0237277 0.0239214 0.0319111 0.0319575 0.0225046 0.0313641 0.0366450 0.0348190 0.0323545 0.0315843 0.0330645 0.0303441 0.0240059 0.0350204 0.0288925 0.0225682 0.0287086 0.0335258 0.0206540 0.0289198 0.0352458 0.0500163 0.0334726 0.0273414 0.0314183 0.0362656 0.0331294 0.0380707 0.0360449 0.0430129 0.0403702 0.0346050 0.0346169 0.0300985 
pop1.indv8  0.0253706 0.0393967 0.0256669 0.0361261 0.0212358 0.0138620 0.0298883 0.0251929 0.0297982 0.0321974 0.0285445 0.0441511 0.0296304 0.0377507 0.0261959 0.0314944 0.0343516 0.0413397 0.0342593 0.0270926 0.0335964 0.0336087 0.0299686 0.0000000 0.0327666 0.0345001 0.0309526 0.0452655 0.0378230 0.0292257 0.0343311 0.0339058 0.0238691 0.0283829 0.0355595 0.0275298 0.0280945 0.0408609 0.0326838 0.0368351 0.0300183 0.0265670 0.0315655 0.0322056 0.0349586 0.0335537 0.0312020 0.0315498 0.0223887 0.0303707 0.0379220 0.0301179 0.0330071 0.0442303 0.0385172 0.0351863 0.0416205 0.0314610 0.0313858 0.0312586 0.0226199 0.0335047 0.0362074 0.0286900 0.0316494 0.0272635 0.0381024 0.0256900 0.0225785 0.0354986 0.0479582 0.0293509 0.0344830 0.0377694 0.0382258 
pop1.indv9  0.0265695 0.0370406 0.0310159 0.0344446 0.0319792 0.0333544 0.0325773 0.0297939 0.0341833 0.0283378 0.0302956 0.0415829 0.0281511 0.0341615 0.0412716 0.0265131 0.0354140 0.0410033 0.0310340 0.0372208 0.0288702 0.0377087 0.0344659 0.0327666 0.0000000 0.0339692 0.0446611 0.0397471 0.0443698 0.0351770 0.0403179 0.0317670 0.0312234 0.0311091 0.0385055 0.0275054 0.0387878 0.0470307 0.0376534 0.0350549 0.0313009 0.0311508 0.0359651 0.0366852 0.0330481 0.0377522 0.0422370 0.0300383 0.0409015 0.0368487 0.0387431 0.0315357 0.0347399 0.0359256 0.0397151 0.0298093 0.0284945 0.0360240 0.0373400 0.0438624 0.0349648 0.0283155 0.0359241 0.0347174 0.0283871 0.0237053 0.0379096 0.0331015 0.0444069 0.0336241 0.0488379 0.0365680 0.0279644 0.0339411 0.0331815 
pop2.indv1  0.0236350 0.0374131 0.0279510 0.0371874 0.0304949 0.0382280 0.0345507 0.0220316 0.0327763 0.0313009 0.0223574 0.0402093 0.0330916 0.0357244 0.0522419 0.0406126 0.0355556 0.0379294 0.0382493 0.0359651 0.0294376 0.0270621 0.0330916 0.0345001 0.0339692 0.0000000 0.0275909 0.0343040 0.0315287 0.0318869 0.0353646 0.0304337 0.0345320 0.0265749 0.0354388 0.0386972 0.0338310 0.0321409 0.0295859 0.0299998 0.0326181 0.0219506 0.0283041 0.0270219 0.0281527 0.0253196 0.0309232 0.0375766 0.0277299 0.0317242 0.0356634 0.0270187 0.0297160 0.0238867 0.0318353 0.0268952 0.0331245 0.0251276 0.0315217 0.0326006 0.0298561 0.0302792 0.0357871 0.0221520 0.0208561 0.0300993 0.0427374 0.0279828 0.0361510 0.0268572 0.0410295 0.0316179 0.0265778 0.0373359 0.0329491 
pop2.indv10 0.0218421 0.0534271 0.0264049 0.0349511 0.0305785 0.0348637 0.0264612 0.0320196 0.0405651 0.0296817 0.0267636 0.0368515 0.0233355 0.0351882 0.0464388 0.0368445 0.0318877 0.0374437 0.0335858 0.0310923 0.0426404 0.0381082 0.0295096 0.0309526 0.0446611 0.0275909 0.0000000 0.0326533 0.0251913 0.0436458 0.0305935 0.0271299 0.0326983 0.0244893 0.0347947 0.0353726 0.0262389 0.0445830 0.0384549 0.0281811 0.0308029 0.0147559 0.0292816 0.0313742 0.0388872 0.0250504 0.0419783 0.0234028 0.0247737 0.0298186 0.0398387 0.0354426 0.0265845 0.0322413 0.0425841 0.0296723 0.0378360 0.0206313 0.0281924 0.0400660 0.0267598 0.0360450 0.0407216 0.0265285 0.0265361 0.0249561 0.0389057 0.0423342 0.0392918 0.0254849 0.0438347 0.0428030 0.0205795 0.0370502 0.0419920 
pop2.indv11 0.0240550 0.0416696 0.0316864 0.0373465 0.0340757 0.0307587 0.0441675 0.0313102 0.0431200 0.0333986 0.0371508 0.0476086 0.0409828 0.0313063 0.0437366 0.0237190 0.0405327 0.0378391 0.0389806 0.0446781 0.0311532 0.0504267 0.0318154 0.0452655 0.0397471 0.0343040 0.0326533 0.0000000 0.0319984 0.0446056 0.0362963 0.0338223 0.0399966 0.0301483 0.0280429 0.0531427 0.0207822 0.0376979 0.0253875 0.0302898 0.0397084 0.0327820 0.0381896 0.0336572 0.0397594 0.0317440 0.0328661 0.0365264 0.0394961 0.0273823 0.0390745 0.0354374 0.0414222 0.0301095 0.0421589 0.0270777 0.0352691 0.0380480 0.0319583 0.0297851 0.0338059 0.0393016 0.0446348 0.0288983 0.0351086 0.0366040 0.0384729 0.0399713 0.0466181 0.0305777 0.0398406 0.0415469 0.0380547 0.0477928 0.0332477 
pop2.indv12 0.0210768 0.0358939 0.0209544 0.0360628 0.0406123 0.0307151 0.0316958 0.0345156 0.0316533 0.0213279 0.0287542 0.0375857 0.0239467 0.0300412 0.0354193 0.0299126 0.0411677 0.0365383 0.0345886 0.0285445 0.0359744 0.0321033 0.0347669 0.0378230 0.0443698 0.0315287 0.0251913 0.0319984 0.0000000 0.0404064 0.0377685 0.0286691 0.0300597 0.0283034 0.0311075 0.0363446 0.0252116 0.0331543 0.0330702 0.0337273 0.0316203 0.0250895 0.0271505 0.0322750 0.0371221 0.0256512 0.0345283 0.0243599 0.0238040 0.0310699 0.0346940 0.0211667 0.0180025 0.0298135 0.0291560 0.0200697 0.0243137 0.0286648 0.0332561 0.0328047 0.0322317 0.0320355 0.0301994 0.0272539 0.0272548 0.0255057 0.0354123 0.0319880 0.0284598 0.0213941 0.0333695 0.0291091 0.0316046 0.0361713 0.0298832 
pop2.indv13 0.0323055 0.0365793 0.0247506 0.0379846 0.0238182 0.0312717 0.0383834 0.0397499 0.0257792 0.0249802 0.0293728 0.0286464 0.0381587 0.0287916 0.0411719 0.0410317 0.0361832 0.0322304 0.0347282 0.0337065 0.0269362 0.0405784 0.0387615 0.0292257 0.0351770 0.0318869 0.0436458 0.0446056 0.0404064 0.0000000 0.0241522 0.0205627 0.0232609 0.0287168 0.0213867 0.0313641 0.0274399 0.0457486 0.0409244 0.0336402 0.0350619 0.0304888 0.0245765 0.0389733 0.0296919 0.0263892 0.0479348 0.0233064 0.0348484 0.0266112 0.0305320 0.0429336 0.0292217 0.0334258 0.0295528 0.0342424 0.0371810 0.0341463 0.0295247 0.0301825 0.0295190 0.0309954 0.0397072 0.0248055 0.0205508 0.0372864 0.0324172 0.0367540 0.0466491 0.0207427 0.0353938 0.0371578 0.0367711 0.0289499 0.0369793 
pop2.indv14 0.0221882 0.0311379 0.0264350 0.0263877 0.0386455 0.0302890 0.0341892 0.0370970 0.0293636 0.0235873 0.0179750 0.0430507 0.0358894 0.0373820 0.0272164 0.0325862 0.0354923 0.0297444 0.0366085 0.0345602 0.0395624 0.0394961 0.0236845 0.0343311 0.0403179 0.0353646 0.0305935 0.0362963 0.0377685 0.0241522 0.0000000 0.0194401 0.0309277 0.0234927 0.0245731 0.0338498 0.0293963 0.0448648 0.0337570 0.0298136 0.0370691 0.0262083 0.0248140 0.0429409 0.0266112 0.0223604 0.0402215 0.0297057 0.0310151 0.0331007 0.0322616 0.0266807 0.0340167 0.0374316 0.0316062 0.0328014 0.0329548 0.0315256 0.0298472 0.0306119 0.0300658 0.0363729 0.0250518 0.0345001 0.0313888 0.0330481 0.0282266 0.0327884 0.0410567 0.0321592 0.0461526 0.0358623 0.0358440 0.0309481 0.0311959 
pop2.indv15 0.0226353 0.0305844 0.0169021 0.0285119 0.0345860 0.0280415 0.0419815 0.0271148 0.0288832 0.0229449 0.0243826 0.0366434 0.0351224 0.0213119 0.0374954 0.0353484 0.0463201 0.0404902 0.0300115 0.0336505 0.0236408 0.0326105 0.0307859 0.0339058 0.0317670 0.0304337 0.0271299 0.0338223 0.0286691 0.0205627 0.0194401 0.0000000 0.0272931 0.0318655 0.0254307 0.0296669 0.0257451 0.0333788 0.0302038 0.0387338 0.0319263 0.0224076 0.0257007 0.0340944 0.0321910 0.0260441 0.0317369 0.0276741 0.0288882 0.0344366 0.0289584 0.0229819 0.0226731 0.0270912 0.0292982 0.0185852 0.0259672 0.0319431 0.0339162 0.0379709 0.0232562 0.0357764 0.0229071 0.0246623 0.0337007 0.0200468 0.0292921 0.0291456 0.0261656 0.0311670 0.0292081 0.0310350 0.0288142 0.0257653 0.0289481 
pop2.indv16 0.0224785 0.0324924 0.0253654 0.0361667 0.0293369 0.0337467 0.0345938 0.0330942 0.0361307 0.0254859 0.0209779 0.0359635 0.0314773 0.0312602 0.0387474 0.0346828 0.0341600 0.0318488 0.0295692 0.0409673 0.0354976 0.0335200 0.0359969 0.0238691 0.0312234 0.0345320 0.0326983 0.0399966 0.0300597 0.0232609 0.0309277 0.0272931 0.0000000 0.0283887 0.0311478 0.0278540 0.0331658 0.0375435 0.0252149 0.0271749 0.0284539 0.0249849 0.0285552 0.0318027 0.0349297 0.0238734 0.0373111 0.0334930 0.0316698 0.0274365 0.0309661 0.0285893 0.0283107 0.0341607 0.0274836 0.0240654 0.0152639 0.0270022 0.0269489 0.0312043 0.0198102 0.0305177 0.0428561 0.0272723 0.0225452 0.0180372 0.0258886 0.0298848 0.0350166 0.0214185 0.0336308 0.0333870 0.0268291 0.0312005 0.0224123 
pop2.indv17 0.0191527 0.0438654 0.0235415 0.0326085 0.0259026 0.0286589 0.0268588 0.0325950 0.0324844 0.0255435 0.0224879 0.0374630 0.0281649 0.0324804 0.0258463 0.0363722 0.0339700 0.0299464 0.0293685 0.0281779 0.0384129 0.0386076 0.0314991 0.0283829 0.0311091 0.0265749 0.0244893 0.0301483 0.0283034 0.0287168 0.0234927 0.0318655 0.0283887 0.0000000 0.0293551 0.0338686 0.0221484 0.0370398 0.0389496 0.0252804 0.0341958 0.0250910 0.0329344 0.0299508 0.0443192 0.0254572 0.0342958 0.0270462 0.0249660 0.0242550 0.0361556 0.0281981 0.0297866 0.0296928 0.0332327 0.0209734 0.0349549 0.0314571 0.0361283 0.0309963 0.0180436 0.0285377 0.0344957 0.0241157 0.0238861 0.0252928 0.0239457 0.0347588 0.0316172 0.0304742 0.0393486 0.0303380 0.0314160 0.0377709 0.0314687 
pop2.indv18 0.0324995 0.0353983 0.0221791 0.0382371 0.0379981 0.0363514 0.0356513 0.0417912 0.0307360 0.0252297 0.0328094 0.0447495 0.0388564 0.0355051 0.0348941 0.0277835 0.0263011 0.0410850 0.0289262 0.0420531 0.0243849 0.0460464 0.0408754 0.0355595 0.0385055 0.0354388 0.0347947 0.0280429 0.0311075 0.0213867 0.0245731 0.0254307 0.0311478 0.0293551 0.0000000 0.0336182 0.0277228 0.0430922 0.0336198 0.0297480 0.0335159 0.0306354 0.0388247 0.0330440 0.0341623 0.0298965 0.0402024 0.0282184 0.0265527 0.0375321 0.0354260 0.0313217 0.0325105 0.0307992 0.0409765 0.0236927 0.0387635 0.0310712 0.0372049 0.0305832 0.0298568 0.0327529 0.0264087 0.0267682 0.0250961 0.0281300 0.0402804 0.0359372 0.0498241 0.0226089 0.0358963 0.0380597 0.0260273 0.0320119 0.0309774 
pop2.indv19 0.0227691 0.0304102 0.0230232 0.0302964 0.0329591 0.0329275 0.0426589 0.0406538 0.0321220 0.0359214 0.0215899 0.0368317 0.0340733 0.0353438 0.0364627 0.0361489 0.0307508 0.0328460 0.0450591 0.0371470 0.0413599 0.0329164 0.0261695 0.0275298 0.0275054 0.0386972 0.0353726 0.0531427 0.0363446 0.0313641 0.0338498 0.0296669 0.0278540 0.0338686 0.0336182 0.0000000 0.0258203 0.0371790 0.0306269 0.0232221 0.0327691 0.0259672 0.0377298 0.0349667 0.0408863 0.0278957 0.0455561 0.0326925 0.0336044 0.0296281 0.0342609 0.0328766 0.0289454 0.0246549 0.0375898 0.0295782 0.0295065 0.0274486 0.0359142 0.0290226 0.0313859 0.0343866 0.0445287 0.0277766 0.0201020 0.0247467 0.0309780 0.0296714 0.0326256 0.0282030 0.0374901 0.0472952 0.0290046 0.0338059 0.0376278 
pop2.indv2  0.0193353 0.0283394 0.0295867 0.0236046 0.0181814 0.0240414 0.0322109 0.0311722 0.0263310 0.0238355 0.0240815 0.0353481 0.0219929 0.0264131 0.0301239 0.0294418 0.0264862 0.0220818 0.0202371 0.0297000 0.0370391 0.0284416 0.0283921 0.0280945 0.0387878 0.0338310 0.0262389 0.0207822 0.0252116 0.0274399 0.0293963 0.0257451 0.0331658 0.0221484 0.0277228 0.0258203 0.0000000 0.0341943 0.0341296 0.0287421 0.0321860 0.0263235 0.0193494 0.0334239 0.0221907 0.0151457 0.0312319 0.0254939 0.0205430 0.0240739 0.0249074 0.0297910 0.0223464 0.0268828 0.0343539 0.0210153 0.0271299 0.0251276 0.0236383 0.0220491 0.0271632 0.0269413 0.0317694 0.0192515 0.0220979 0.0222617 0.0286413 0.0347302 0.0392091 0.0254822 0.0297022 0.0366239 0.0249145 0.0206370 0.0296586 
pop2.indv20 0.0192542 0.0401882 0.0296500 0.0372146 0.0399503 0.0273044 0.0390061 0.0420122 0.0357565 0.0281212 0.0299081 0.0480428 0.0489085 0.0436504 0.0436046 0.0422439 0.0403561 0.0441070 0.0430214 0.0509974 0.0493143 0.0498574 0.0279239 0.0408609 0.0470307 0.0321409 0.0445830 0.0376979 0.0331543 0.0457486 0.0448648 0.0333788 0.0375435 0.0370398 0.0430922 0.0371790 0.0341943 0.0000000 0.0384123 0.0378485 0.0418426 0.0204699 0.0313587 0.0266829 0.0547980 0.0251929 0.0419046 0.0392325 0.0357420 0.0499342 0.0357183 0.0341455 0.0339993 0.0357856 0.0397676 0.0345216 0.0329908 0.0237732 0.0313587 0.0261222 0.0346498 0.0459227 0.0454494 0.0284945 0.0326358 0.0299752 0.0375692 0.0345447 0.0379791 0.0348289 0.0410821 0.0395089 0.0423197 0.0418909 0.0408080 
pop2.indv21 0.0207685 0.0344667 0.0207734 0.0323887 0.0335655 0.0270400 0.0423542 0.0375500 0.0422027 0.0286521 0.0251075 0.0417164 0.0404816 0.0236554 0.0322357 0.0406064 0.0339793 0.0375578 0.0385890 0.0408552 0.0399879 0.0299414 0.0223277 0.0326838 0.0376534 0.0295859 0.0384549 0.0253875 0.0330702 0.0409244 0.0337570 0.0302038 0.0252149 0.0389496 0.0336198 0.0306269 0.0341296 0.0384123 0.0000000 0.0328394 0.0417495 0.0353078 0.0374737 0.0319303 0.0295843 0.0298193 0.0250838 0.0475538 0.0266470 0.0285601 0.0405784 0.0356338 0.0437502 0.0354877 0.0486009 0.0285261 0.0194090 0.0283171 0.0329450 0.0367876 0.0316187 0.0381519 0.0311433 0.0333594 0.0344350 0.0378718 0.0382014 0.0297058 0.0378733 0.0283468 0.0461911 0.0347988 0.0341028 0.0343694 0.0235988 
pop2.indv22 0.0228538 0.0430273 0.0289121 0.0347429 0.0409571 0.0276297 0.0351478 0.0332057 0.0381999 0.0288439 0.0228040 0.0463759 0.0349632 0.0385694 0.0342892 0.0349526 0.0406508 0.0435168 0.0364182 0.0369204 0.0389237 0.0407232 0.0289096 0.0368351 0.0350549 0.0299998 0.0281811 0.0302898 0.0337273 0.0336402 0.0298136 0.0387338 0.0271749 0.0252804 0.0297480 0.0232221 0.0287421 0.0378485 0.0328394 0.0000000 0.0447002 0.0210721 0.0370258 0.0356754 0.0304543 0.0318775 0.0400418 0.0291479 0.0364491 0.0291645 0.0301426 0.0400826 0.0347888 0.0361965 0.0338059 0.0262325 0.0338239 0.0307929 0.0403691 0.0362838 0.0183494 0.0373544 0.0370800 0.0371799 0.0258076 0.0258590 0.0304193 0.0370809 0.0353601 0.0262833 0.0472032 0.0341597 0.0366861 0.0427936 0.0339171 
pop2.indv23 0.0298136 0.0375029 0.0298394 0.0359504 0.0365566 0.0319695 0.0376531 0.0386749 0.0296552 0.0374663 0.0300658 0.0408031 0.0388872 0.0329408 0.0368258 0.0373415 0.0371213 0.0377897 0.0355534 0.0281738 0.0417169 0.0415390 0.0332453 0.0300183 0.0313009 0.0326181 0.0308029 0.0397084 0.0316203 0.0350619 0.0370691 0.0319263 0.0284539 0.0341958 0.0335159 0.0327691 0.0321860 0.0418426 0.0417495 0.0447002 0.0000000 0.0250334 0.0327981 0.0412098 0.0425408 0.0331459 0.0428437 0.0393987 0.0232969 0.0301290 0.0358570 0.0268952 0.0342263 0.0391132 0.0460923 0.0301576 0.0345670 0.0329140 0.0363610 0.0320258 0.0315240 0.0426058 0.0444869 0.0254711 0.0344793 0.0314944 0.0379294 0.0329352 0.0395608 0.0320097 0.0545759 0.0395037 0.0325614 0.0281300 0.0357695 
pop2.indv24 0.0163013 0.0281640 0.0221828 0.0281445 0.0269851 0.0210317 0.0249299 0.0220142 0.0220538 0.0300211 0.0266707 0.0388787 0.0263413 0.0387014 0.0273421 0.0294537 0.0342746 0.0345008 0.0321433 0.0344822 0.0347932 0.0397070 0.0237277 0.0265670 0.0311508 0.0219506 0.0147559 0.0327820 0.0250895 0.0304888 0.0262083 0.0224076 0.0249849 0.0250910 0.0306354 0.0259672 0.0263235 0.0204699 0.0353078 0.0210721 0.0250334 0.0000000 0.0262653 0.0268719 0.0310779 0.0192555 0.0323040 0.0239111 0.0204671 0.0208233 0.0233620 0.0266997 0.0207398 0.0233313 0.0318289 0.0209486 0.0313888 0.0205155 0.0349244 0.0233771 0.0224085 0.0345662 0.0235531 0.0209491 0.0177832 0.0178386 0.0360715 0.0345128 0.0311677 0.0224999 0.0314245 0.0331203 0.0175636 0.0250674 0.0253144 
pop2.indv25 0.0194085 0.0332577 0.0251805 0.0312740 0.0308281 0.0304444 0.0328661 0.0267083 0.0268526 0.0240329 0.0225005 0.0280470 0.0314291 0.0374318 0.0276610 0.0320435 0.0361096 0.0364140 0.0373167 0.0254101 0.0291594 0.0322088 0.0239214 0.0315655 0.0359651 0.0283041 0.0292816 0.0381896 0.0271505 0.0245765 0.0248140 0.0257007 0.0285552 0.0329344 0.0388247 0.0377298 0.0193494 0.0313587 0.0374737 0.0370258 0.0327981 0.0262653 0.0000000 0.0319719 0.0364953 0.0330653 0.0281697 0.0318544 0.0311372 0.0287194 0.0377398 0.0210744 0.0364070 0.0313804 0.0240355 0.0270903 0.0369169 0.0237904 0.0239610 0.0341179 0.0256954 0.0225149 0.0362608 0.0123564 0.0302543 0.0269413 0.0413190 0.0363967 0.0348872 0.0228716 0.0392852 0.0385496 0.0269077 0.0313263 0.0238399 
pop2.indv3  0.0258485 0.0400558 0.0241494 0.0378230 0.0248443 0.0278491 0.0398772 0.0347428 0.0337992 0.0337852 0.0259842 0.0361949 0.0318385 0.0317622 0.0394540 0.0368372 0.0347775 0.0279462 0.0266707 0.0304855 0.0358486 0.0422626 0.0319111 0.0322056 0.0366852 0.0270219 0.0313742 0.0336572 0.0322750 0.0389733 0.0429409 0.0340944 0.0318027 0.0299508 0.0330440 0.0349667 0.0334239 0.0266829 0.0319303 0.0356754 0.0412098 0.0268719 0.0319719 0.0000000 0.0488392 0.0214762 0.0350610 0.0406068 0.0349267 0.0344196 0.0398911 0.0404166 0.0369375 0.0333160 0.0357540 0.0245155 0.0355985 0.0260057 0.0320863 0.0380318 0.0291881 0.0402616 0.0469542 0.0227958 0.0306517 0.0304375 0.0353951 0.0356104 0.0407079 0.0278842 0.0422001 0.0308273 0.0288839 0.0398179 0.0382020 
pop2.indv4  0.0316998 0.0363184 0.0396505 0.0297990 0.0258355 0.0318098 0.0300383 0.0238651 0.0350204 0.0415525 0.0225977 0.0374045 0.0331600 0.0379959 0.0321179 0.0395527 0.0390490 0.0284689 0.0372026 0.0364475 0.0403570 0.0303888 0.0319575 0.0349586 0.0330481 0.0281527 0.0388872 0.0397594 0.0371221 0.0296919 0.0266112 0.0321910 0.0349297 0.0443192 0.0341623 0.0408863 0.0221907 0.0547980 0.0295843 0.0304543 0.0425408 0.0310779 0.0364953 0.0488392 0.0000000 0.0268325 0.0379352 0.0400630 0.0299031 0.0353538 0.0267107 0.0436116 0.0331551 0.0364134 0.0404366 0.0369456 0.0355710 0.0330981 0.0431186 0.0375563 0.0305507 0.0353141 0.0316565 0.0288482 0.0379966 0.0302858 0.0348742 0.0384496 0.0466010 0.0355701 0.0520974 0.0472275 0.0380091 0.0317006 0.0302776 
pop2.indv5  0.0152275 0.0346731 0.0194970 0.0268114 0.0231675 0.0272795 0.0238867 0.0238508 0.0316368 0.0302981 0.0167003 0.0328491 0.0238114 0.0250716 0.0326246 0.0271941 0.0372287 0.0166492 0.0236195 0.0285902 0.0341958 0.0258606 0.0225046 0.0335537 0.0377522 0.0253196 0.0250504 0.0317440 0.0256512 0.0263892 0.0223604 0.0260441 0.0238734 0.0254572 0.0298965 0.0278957 0.0151457 0.0251929 0.0298193 0.0318775 0.0331459 0.0192555 0.0330653 0.0214762 0.0268325 0.0000000 0.0284654 0.0272947 0.0327529 0.0198215 0.0209222 0.0258622 0.0166567 0.0208792 0.0275463 0.0212741 0.0289634 0.0257233 0.0257947 0.0237034 0.0245756 0.0292649 0.0305539 0.0139367 0.0183314 0.0255664 0.0303912 0.0305048 0.0288813 0.0290149 0.0347399 0.0290795 0.0211278 0.0317124 0.0196469 
pop2.indv6  0.0283468 0.0390067 0.0250212 0.0377015 0.0356706 0.0257347 0.0443641 0.0297713 0.0392898 0.0269343 0.0224911 0.0505838 0.0363010 0.0391060 0.0406890 0.0347225 0.0502663 0.0378185 0.0433685 0.0393918 0.0434040 0.0417793 0.0313641 0.0312020 0.0422370 0.0309232 0.0419783 0.0328661 0.0345283 0.0479348 0.0402215 0.0317369 0.0373111 0.0342958 0.0402024 0.0455561 0.0312319 0.0419046 0.0250838 0.0400418 0.0428437 0.0323040 0.0281697 0.0350610 0.0379352 0.0284654 0.0000000 0.0497647 0.0375271 0.0414968 0.0311967 0.0346559 0.0395280 0.0379227 0.0449552 0.0267543 0.0367424 0.0342009 0.0429571 0.0311760 0.0336461 0.0348962 0.0364562 0.0271552 0.0412850 0.0268913 0.0395724 0.0395602 0.0377507 0.0290856 0.0496565 0.0351486 0.0330611 0.0344476 0.0294494 
pop2.indv7  0.0255264 0.0316509 0.0270786 0.0363596 0.0327354 0.0214699 0.0270006 0.0285902 0.0272371 0.0255916 0.0319631 0.0510158 0.0317519 0.0344446 0.0344853 0.0288175 0.0266761 0.0335560 0.0283328 0.0435224 0.0309375 0.0455647 0.0366450 0.0315498 0.0300383 0.0375766 0.0234028 0.0365264 0.0243599 0.0233064 0.0297057 0.0276741 0.0334930 0.0270462 0.0282184 0.0326925 0.0254939 0.0392325 0.0475538 0.0291479 0.0393987 0.0239111 0.0318544 0.0406068 0.0400630 0.0272947 0.0497647 0.0000000 0.0239298 0.0242822 0.0300553 0.0239696 0.0240926 0.0226505 0.0337681 0.0304970 0.0405255 0.0320669 0.0338075 0.0193394 0.0274243 0.0257404 0.0332403 0.0259221 0.0303312 0.0288465 0.0384398 0.0337296 0.0436636 0.0232155 0.0396301 0.0338522 0.0283328 0.0314999 0.0320186 
pop2.indv8  0.0178578 0.0327715 0.0219974 0.0326165 0.0285545 0.0318648 0.0393486 0.0372279 0.0311372 0.0317432 0.0284473 0.0390440 0.0282136 0.0248989 0.0198124 0.0295929 0.0404745 0.0269007 0.0370092 0.0283970 0.0356049 0.0300465 0.0348190 0.0223887 0.0409015 0.0277299 0.0247737 0.0394961 0.0238040 0.0348484 0.0310151 0.0288882 0.0316698 0.0249660 0.0265527 0.0336044 0.0205430 0.0357420 0.0266470 0.0364491 0.0232969 0.0204671 0.0311372 0.0349267 0.0299031 0.0327529 0.0375271 0.0239298 0.0000000 0.0253437 0.0329083 0.0193340 0.0268448 0.0314005 0.0347136 0.0272077 0.0301284 0.0361462 0.0253758 0.0264575 0.0303896 0.0365383 0.0299658 0.0285244 0.0195394 0.0178436 0.0348312 0.0345247 0.0379556 0.0167521 0.0409770 0.0378761 0.0195270 0.0297866 0.0377628 
pop2.indv9  0.0227148 0.0400889 0.0244481 0.0367401 0.0310715 0.0295404 0.0336359 0.0333846 0.0333877 0.0322701 0.0214554 0.0382280 0.0241794 0.0316816 0.0365991 0.0304718 0.0299370 0.0259285 0.0348614 0.0386510 0.0361667 0.0407093 0.0323545 0.0303707 0.0368487 0.0317242 0.0298186 0.0273823 0.0310699 0.0266112 0.0331007 0.0344366 0.0274365 0.0242550 0.0375321 0.0296281 0.0240739 0.0499342 0.0285601 0.0291645 0.0301290 0.0208233 0.0287194 0.0344196 0.0353538 0.0198215 0.0414968 0.0242822 0.0253437 0.0000000 0.0300264 0.0274738 0.0288754 0.0333377 0.0372287 0.0215735 0.0306818 0.0319495 0.0276248 0.0285620 0.0262364 0.0341923 0.0417802 0.0227397 0.0259483 0.0288372 0.0370135 0.0321405 0.0374163 0.0311735 0.0353561 0.0258956 0.0210188 0.0383597 0.0291031 
pop3.indv1  0.0314687 0.0372920 0.0310893 0.0423058 0.0274082 0.0273446 0.0389620 0.0390544 0.0265930 0.0331881 0.0270479 0.0518894 0.0327561 0.0369142 0.0401894 0.0372272 0.0341338 0.0281536 0.0367977 0.0314144 0.0368797 0.0428150 0.0315843 0.0379220 0.0387431 0.0356634 0.0398387 0.0390745 0.0346940 0.0305320 0.0322616 0.0289584 0.0309661 0.0361556 0.0354260 0.0342609 0.0249074 0.0357183 0.0405784 0.0301426 0.0358570 0.0233620 0.0377398 0.0398911 0.0267107 0.0209222 0.0311967 0.0300553 0.0329083 0.0300264 0.0000000 0.0284275 0.0205881 0.0358955 0.0317037 0.0298891 0.0483373 0.0360240 0.0282364 0.0279805 0.0332619 0.0301957 0.0420803 0.0313904 0.0222494 0.0285212 0.0266800 0.0316415 0.0365017 0.0302686 0.0409228 0.0316274 0.0310794 0.0309835 0.0310924 
pop3.indv10 0.0209530 0.0315944 0.0179020 0.0327046 0.0311073 0.0275764 0.0311867 0.0379395 0.0253029 0.0302160 0.0253691 0.0373969 0.0208046 0.0329117 0.0356650 0.0375671 0.0421967 0.0333435 0.0358324 0.0334609 0.0437931 0.0319896 0.0330645 0.0301179 0.0315357 0.0270187 0.0354426 0.0354374 0.0211667 0.0429336 0.0266807 0.0229819 0.0285893 0.0281981 0.0313217 0.0328766 0.0297910 0.0341455 0.0356338 0.0400826 0.0268952 0.0266997 0.0210744 0.0404166 0.0436116 0.0258622 0.0346559 0.0239696 0.0193340 0.0274738 0.0284275 0.0000000 0.0193944 0.0238074 0.0319391 0.0226561 0.0257246 0.0271346 0.0366811 0.0279181 0.0321235 0.0319832 0.0349876 0.0242378 0.0269428 0.0165876 0.0316344 0.0319952 0.0270572 0.0258530 0.0331253 0.0317844 0.0235800 0.0330611 0.0331642 
