75
pop1.indv1  0.0000000 0.0257392 0.0324894 0.0319970 0.0271236 0.0313852 0.0282772 0.0283173 0.0287326 0.0287895 0.0327063 0.0335723 0.0297202 0.0337355 0.0289779 0.0305570 0.0324149 0.0319744 0.0316841 0.0311625 0.0304179 0.0326011 0.0335918 0.0304012 0.0325265 0.0349616 0.0297543 0.0267485 0.0355414 0.0287245 0.0289696 0.0286592 0.0347000 0.0360769 0.0345485 0.0328079 0.0334753 0.0305402 0.0388589 0.0296608 0.0349514 0.0265475 0.0277490 0.0311779 0.0359825 0.0332445 0.0301407 0.0308631 0.0317066 0.0329083 0.0321812 0.0308985 0.0314932 0.0309826 0.0340378 0.0349738 0.0332034 0.0321600 0.0348908 0.0297032 0.0352473 0.0332804 0.0278657 0.0347606 0.0316111 0.0371115 0.0313938 0.0331555 0.0333288 0.0321165 0.0330320 0.0341815 0.0328553 0.0308014 0.0332350 
pop1.indv2  0.0257392 0.0000000 0.0287901 0.0287737 0.0294062 0.0263081 0.0282162 0.0256157 0.0252969 0.0242512 0.0300036 0.0293030 0.0326590 0.0301407 0.0304266 0.0293995 0.0297117 0.0293978 0.0255849 0.0303493 0.0299517 0.0252827 0.0274576 0.0291975 0.0285766 0.0266455 0.0262840 0.0257463 0.0301983 0.0343255 0.0287491 0.0279373 0.0300818 0.0298226 0.0274262 0.0285032 0.0257974 0.0232669 0.0320577 0.0296016 0.0278499 0.0313673 0.0329177 0.0323395 0.0321720 0.0292889 0.0287819 0.0269154 0.0297695 0.0296016 0.0288230 0.0285602 0.0353761 0.0311422 0.0267366 0.0328205 0.0301809 0.0305584 0.0332419 0.0245805 0.0324804 0.0316841 0.0285032 0.0300683 0.0308044 0.0266531 0.0321881 0.0281921 0.0283294 0.0297457 0.0299554 0.0276716 0.0280013 0.0299909 0.0289121 
pop1.indv3  0.0324894 0.0287901 0.0000000 0.0279613 0.0262765 0.0312316 0.0335918 0.0301548 0.0277787 0.0355414 0.0298944 0.0310642 0.0269824 0.0285113 0.0260264 0.0339397 0.0289388 0.0330653 0.0287908 0.0293642 0.0292578 0.0301375 0.0332878 0.0282970 0.0308846 0.0284027 0.0321291 0.0274027 0.0345252 0.0294982 0.0302767 0.0286093 0.0296452 0.0365350 0.0285751 0.0285357 0.0328110 0.0271542 0.0320114 0.0314300 0.0319701 0.0340817 0.0348923 0.0327373 0.0351690 0.0311395 0.0334161 0.0264049 0.0275091 0.0321321 0.0337288 0.0341815 0.0337583 0.0320577 0.0259595 0.0341669 0.0278812 0.0369746 0.0345674 0.0288407 0.0376391 0.0352103 0.0333073 0.0315034 0.0298424 0.0324239 0.0327756 0.0313477 0.0323290 0.0344983 0.0323468 0.0308795 0.0335725 0.0333869 0.0319468 
pop1.indv4  0.0319970 0.0287737 0.0279613 0.0000000 0.0268897 0.0311511 0.0298542 0.0305927 0.0301493 0.0306454 0.0296360 0.0340321 0.0339628 0.0307487 0.0320577 0.0315465 0.0313035 0.0321134 0.0345787 0.0309737 0.0268129 0.0290771 0.0357291 0.0283575 0.0310587 0.0321134 0.0328110 0.0304705 0.0318680 0.0294651 0.0351345 0.0300425 0.0319236 0.0352989 0.0296018 0.0338054 0.0332901 0.0239312 0.0372846 0.0351345 0.0340476 0.0359929 0.0367227 0.0335626 0.0369799 0.0385072 0.0329409 0.0255413 0.0348104 0.0316932 0.0305056 0.0359194 0.0402885 0.0340378 0.0341216 0.0369229 0.0302331 0.0335823 0.0397642 0.0304617 0.0367025 0.0350762 0.0298312 0.0354999 0.0340619 0.0316293 0.0315851 0.0350454 0.0341415 0.0366217 0.0325474 0.0323087 0.0333675 0.0322183 0.0364518 
pop1.indv5  0.0271236 0.0294062 0.0262765 0.0268897 0.0000000 0.0293283 0.0294982 0.0234511 0.0285847 0.0243308 0.0303900 0.0305859 0.0299118 0.0285684 0.0248262 0.0269460 0.0303909 0.0333757 0.0252720 0.0257974 0.0291777 0.0324333 0.0279456 0.0259818 0.0297560 0.0266553 0.0258052 0.0220316 0.0312643 0.0289998 0.0310642 0.0282111 0.0316050 0.0380516 0.0299466 0.0259299 0.0308255 0.0248689 0.0330611 0.0287328 0.0312931 0.0326779 0.0317298 0.0294896 0.0332683 0.0328205 0.0294641 0.0280264 0.0281039 0.0326874 0.0287078 0.0319000 0.0370645 0.0311485 0.0286247 0.0300429 0.0291901 0.0291182 0.0335823 0.0302219 0.0322613 0.0338498 0.0295677 0.0298510 0.0285092 0.0303821 0.0295330 0.0267167 0.0287078 0.0306115 0.0269962 0.0266654 0.0298510 0.0307181 0.0324616 
pop1.indv6  0.0313852 0.0263081 0.0312316 0.0311511 0.0293283 0.0000000 0.0320062 0.0302181 0.0265400 0.0287573 0.0303293 0.0286339 0.0283538 0.0299823 0.0289305 0.0281496 0.0310230 0.0323007 0.0277296 0.0276923 0.0272322 0.0328079 0.0266095 0.0293894 0.0311333 0.0294230 0.0320670 0.0263379 0.0293368 0.0326779 0.0332708 0.0297628 0.0312568 0.0365305 0.0282727 0.0329028 0.0280173 0.0279373 0.0325835 0.0334656 0.0383470 0.0325835 0.0289285 0.0285766 0.0326117 0.0360034 0.0346089 0.0270922 0.0297948 0.0341068 0.0350045 0.0308489 0.0357728 0.0334173 0.0273636 0.0371521 0.0364877 0.0306736 0.0335529 0.0295848 0.0342556 0.0349024 0.0304705 0.0312568 0.0283864 0.0341365 0.0342718 0.0299172 0.0321600 0.0316475 0.0289494 0.0317418 0.0307778 0.0263828 0.0327512 
pop1.indv7  0.0282772 0.0282162 0.0335918 0.0298542 0.0294982 0.0320062 0.0000000 0.0319929 0.0303133 0.0301923 0.0287080 0.0326226 0.0335137 0.0344383 0.0278012 0.0297864 0.0312116 0.0286421 0.0292946 0.0312405 0.0284190 0.0292106 0.0365350 0.0291020 0.0332515 0.0315211 0.0322443 0.0248786 0.0321414 0.0333967 0.0323301 0.0316749 0.0309293 0.0335529 0.0298078 0.0349942 0.0292777 0.0306630 0.0303118 0.0332130 0.0348314 0.0323301 0.0362017 0.0338769 0.0365091 0.0331650 0.0308757 0.0290974 0.0324616 0.0294398 0.0346291 0.0308400 0.0352989 0.0335723 0.0293368 0.0364812 0.0327919 0.0343020 0.0328301 0.0314391 0.0335235 0.0362779 0.0307601 0.0322349 0.0327443 0.0321134 0.0315403 0.0302855 0.0331388 0.0334258 0.0305770 0.0374845 0.0321321 0.0358145 0.0318916 
pop1.indv8  0.0283173 0.0256157 0.0301548 0.0305927 0.0234511 0.0302181 0.0319929 0.0000000 0.0246969 0.0263081 0.0318958 0.0291479 0.0335431 0.0283092 0.0311215 0.0317090 0.0245042 0.0273012 0.0292946 0.0261894 0.0258201 0.0312495 0.0278812 0.0313035 0.0325271 0.0292106 0.0308668 0.0286011 0.0336118 0.0268129 0.0292441 0.0304529 0.0282193 0.0314937 0.0310462 0.0276583 0.0290388 0.0264353 0.0321134 0.0278578 0.0327633 0.0314482 0.0325638 0.0357291 0.0337780 0.0300167 0.0307449 0.0297302 0.0302354 0.0310140 0.0331714 0.0320855 0.0405877 0.0338741 0.0286998 0.0310011 0.0331520 0.0319887 0.0302070 0.0281301 0.0343656 0.0327919 0.0297905 0.0286915 0.0262991 0.0328363 0.0312460 0.0328110 0.0309025 0.0320670 0.0289998 0.0303013 0.0292609 0.0311305 0.0331076 
pop1.indv9  0.0287326 0.0252969 0.0277787 0.0301493 0.0285847 0.0265400 0.0303133 0.0246969 0.0000000 0.0252330 0.0295153 0.0330749 0.0319929 0.0288629 0.0299258 0.0294161 0.0260752 0.0324145 0.0292357 0.0259625 0.0211804 0.0292390 0.0262091 0.0283414 0.0308543 0.0297884 0.0293199 0.0263379 0.0308846 0.0277932 0.0301983 0.0263230 0.0307717 0.0302505 0.0324804 0.0287655 0.0309695 0.0245042 0.0377002 0.0284220 0.0345084 0.0319239 0.0273229 0.0283782 0.0321535 0.0275325 0.0277455 0.0270228 0.0306003 0.0299737 0.0294230 0.0316293 0.0333385 0.0318366 0.0285520 0.0337780 0.0299085 0.0299517 0.0304092 0.0264579 0.0314391 0.0327728 0.0254978 0.0281462 0.0249280 0.0301202 0.0257019 0.0276110 0.0273263 0.0312675 0.0290082 0.0324521 0.0295074 0.0282001 0.0342101 
pop1.indv10 0.0287895 0.0242512 0.0355414 0.0306454 0.0243308 0.0287573 0.0301923 0.0263081 0.0252330 0.0000000 0.0327277 0.0298337 0.0318126 0.0297526 0.0270845 0.0284892 0.0293642 0.0284950 0.0293621 0.0309561 0.0268129 0.0268393 0.0259669 0.0293558 0.0279533 0.0269843 0.0324051 0.0287901 0.0312297 0.0325835 0.0291437 0.0215228 0.0326703 0.0304968 0.0326023 0.0293810 0.0276741 0.0272160 0.0348010 0.0297117 0.0332323 0.0305664 0.0310267 0.0320021 0.0315747 0.0302700 0.0284301 0.0280173 0.0311155 0.0340280 0.0337288 0.0321227 0.0307778 0.0270074 0.0311665 0.0380346 0.0308668 0.0274262 0.0311395 0.0314937 0.0334453 0.0339529 0.0251915 0.0301983 0.0292861 0.0311035 0.0303997 0.0258414 0.0317666 0.0319560 0.0299991 0.0288824 0.0314300 0.0270304 0.0330600 
pop1.indv11 0.0327063 0.0300036 0.0298944 0.0296360 0.0303900 0.0303293 0.0287080 0.0318958 0.0295153 0.0327277 0.0000000 0.0278484 0.0357060 0.0391019 0.0255535 0.0284869 0.0314942 0.0299205 0.0262899 0.0312387 0.0310881 0.0316495 0.0320504 0.0332295 0.0333464 0.0349862 0.0278161 0.0342718 0.0342477 0.0302748 0.0286413 0.0324331 0.0319844 0.0378528 0.0334739 0.0327277 0.0275165 0.0273420 0.0312551 0.0327373 0.0382835 0.0322234 0.0327919 0.0346794 0.0390694 0.0324899 0.0299903 0.0284738 0.0331424 0.0310823 0.0346284 0.0313929 0.0373509 0.0325277 0.0285153 0.0369718 0.0348745 0.0332336 0.0347513 0.0302395 0.0367303 0.0361107 0.0300605 0.0360795 0.0310607 0.0301080 0.0328855 0.0335727 0.0305330 0.0338897 0.0288941 0.0335030 0.0339963 0.0340063 0.0356350 
pop1.indv12 0.0335723 0.0293030 0.0310642 0.0340321 0.0305859 0.0286339 0.0326226 0.0291479 0.0330749 0.0298337 0.0278484 0.0000000 0.0311004 0.0301202 0.0324901 0.0316841 0.0314025 0.0362483 0.0288323 0.0293894 0.0288166 0.0295153 0.0402753 0.0306292 0.0297474 0.0352622 0.0309246 0.0307538 0.0335628 0.0320728 0.0344259 0.0319422 0.0304613 0.0346896 0.0286413 0.0333561 0.0312277 0.0270057 0.0352207 0.0325277 0.0345370 0.0364812 0.0392034 0.0337800 0.0398905 0.0340420 0.0342920 0.0318254 0.0339529 0.0319422 0.0268790 0.0283091 0.0350689 0.0322255 0.0268946 0.0370515 0.0314208 0.0367036 0.0386064 0.0285668 0.0375054 0.0344132 0.0283747 0.0299816 0.0334247 0.0342920 0.0288671 0.0295677 0.0312551 0.0307449 0.0357571 0.0344824 0.0240067 0.0319794 0.0320762 
pop1.indv13 0.0297202 0.0326590 0.0269824 0.0339628 0.0299118 0.0283538 0.0335137 0.0335431 0.0319929 0.0318126 0.0357060 0.0311004 0.0000000 0.0362885 0.0306736 0.0328553 0.0311935 0.0282030 0.0310823 0.0339233 0.0295420 0.0289554 0.0327564 0.0317758 0.0323007 0.0289471 0.0312368 0.0291563 0.0380289 0.0348937 0.0331424 0.0326036 0.0317789 0.0355274 0.0314483 0.0349942 0.0337007 0.0283538 0.0344031 0.0367891 0.0328014 0.0355829 0.0364877 0.0344259 0.0323384 0.0358250 0.0316035 0.0279617 0.0331842 0.0347101 0.0306755 0.0357377 0.0383211 0.0339135 0.0350865 0.0340363 0.0343930 0.0326722 0.0374943 0.0297560 0.0327853 0.0400100 0.0361735 0.0392067 0.0342819 0.0327633 0.0372062 0.0344539 0.0337900 0.0331424 0.0339332 0.0343697 0.0317603 0.0326874 0.0354792 
pop1.indv14 0.0337355 0.0301407 0.0285113 0.0307487 0.0285684 0.0299823 0.0344383 0.0283092 0.0288629 0.0297526 0.0391019 0.0301202 0.0362885 0.0000000 0.0307247 0.0278428 0.0329409 0.0336211 0.0341662 0.0324987 0.0290304 0.0321627 0.0324710 0.0335144 0.0300769 0.0364238 0.0356037 0.0289779 0.0361613 0.0311333 0.0356377 0.0332323 0.0310281 0.0397407 0.0325083 0.0389942 0.0322462 0.0290357 0.0374709 0.0336787 0.0371208 0.0338908 0.0355448 0.0364984 0.0355103 0.0378292 0.0323957 0.0301809 0.0340923 0.0337371 0.0307335 0.0316749 0.0361085 0.0343487 0.0329028 0.0321227 0.0311755 0.0328205 0.0348212 0.0296702 0.0374929 0.0354896 0.0307424 0.0338839 0.0318366 0.0305664 0.0312840 0.0326590 0.0380683 0.0321165 0.0333757 0.0342819 0.0362036 0.0367717 0.0354013 
pop1.indv15 0.0289779 0.0304266 0.0260264 0.0320577 0.0248262 0.0289305 0.0278012 0.0311215 0.0299258 0.0270845 0.0255535 0.0324901 0.0306736 0.0307247 0.0000000 0.0268545 0.0337583 0.0312478 0.0277932 0.0275874 0.0295591 0.0313125 0.0311548 0.0267213 0.0262690 0.0304705 0.0273106 0.0298999 0.0329934 0.0307181 0.0363098 0.0282566 0.0293857 0.0351793 0.0285833 0.0295253 0.0293875 0.0253351 0.0344561 0.0292693 0.0305938 0.0311215 0.0348111 0.0295248 0.0319143 0.0368256 0.0301896 0.0269360 0.0341266 0.0347711 0.0345471 0.0283501 0.0342920 0.0321414 0.0293088 0.0323951 0.0307270 0.0368178 0.0329452 0.0303205 0.0336908 0.0323290 0.0292409 0.0306647 0.0320541 0.0322255 0.0286413 0.0291058 0.0333073 0.0315577 0.0301840 0.0308833 0.0307538 0.0324616 0.0298741 
pop1.indv16 0.0305570 0.0293995 0.0339397 0.0315465 0.0269460 0.0281496 0.0297864 0.0317090 0.0294161 0.0284892 0.0284869 0.0316841 0.0328553 0.0278428 0.0268545 0.0000000 0.0354379 0.0327984 0.0245874 0.0261921 0.0326306 0.0349009 0.0312478 0.0279293 0.0288066 0.0314032 0.0316293 0.0329840 0.0346797 0.0325741 0.0301407 0.0305228 0.0318218 0.0352371 0.0308631 0.0311333 0.0308985 0.0232278 0.0344783 0.0348304 0.0356170 0.0288547 0.0326834 0.0352940 0.0379399 0.0341021 0.0324242 0.0288891 0.0299360 0.0361493 0.0312316 0.0328742 0.0363707 0.0342595 0.0354585 0.0361824 0.0356274 0.0345888 0.0360034 0.0301375 0.0348111 0.0338152 0.0332226 0.0304617 0.0299776 0.0326401 0.0370426 0.0282323 0.0340718 0.0321535 0.0323573 0.0340619 0.0319375 0.0308543 0.0316276 
pop1.indv17 0.0324149 0.0297117 0.0289388 0.0313035 0.0303909 0.0310230 0.0312116 0.0245042 0.0260752 0.0293642 0.0314942 0.0314025 0.0311935 0.0329409 0.0337583 0.0354379 0.0000000 0.0277773 0.0315577 0.0350733 0.0282437 0.0280880 0.0330127 0.0311035 0.0323676 0.0290555 0.0344763 0.0279533 0.0373947 0.0287163 0.0323769 0.0330365 0.0339963 0.0367458 0.0322349 0.0322928 0.0322349 0.0298141 0.0352989 0.0345485 0.0352473 0.0323676 0.0325083 0.0339825 0.0352473 0.0363177 0.0333481 0.0256653 0.0340181 0.0320299 0.0351586 0.0313022 0.0360354 0.0344983 0.0356663 0.0320073 0.0318403 0.0310101 0.0357291 0.0301029 0.0348630 0.0351483 0.0353609 0.0291816 0.0328396 0.0321134 0.0333659 0.0340817 0.0323195 0.0299172 0.0338398 0.0325474 0.0346080 0.0343556 0.0315294 
pop1.indv18 0.0319744 0.0293978 0.0330653 0.0321134 0.0333757 0.0323007 0.0286421 0.0273012 0.0324145 0.0284950 0.0299205 0.0362483 0.0282030 0.0336211 0.0312478 0.0327984 0.0277773 0.0000000 0.0263670 0.0333307 0.0277035 0.0261494 0.0338398 0.0279613 0.0318310 0.0292693 0.0315211 0.0284272 0.0354961 0.0324521 0.0298055 0.0305761 0.0324046 0.0341266 0.0309921 0.0317482 0.0307896 0.0287411 0.0373506 0.0376782 0.0321694 0.0334356 0.0303481 0.0328492 0.0354231 0.0349534 0.0330078 0.0280494 0.0291604 0.0331231 0.0322631 0.0338670 0.0389861 0.0323957 0.0339664 0.0340563 0.0304261 0.0353559 0.0348527 0.0320915 0.0323762 0.0333757 0.0325466 0.0339863 0.0326226 0.0317482 0.0338398 0.0322349 0.0354082 0.0387910 0.0329301 0.0342883 0.0290974 0.0355274 0.0318126 
pop1.indv19 0.0316841 0.0255849 0.0287908 0.0345787 0.0252720 0.0277296 0.0292946 0.0292946 0.0292357 0.0293621 0.0262899 0.0288323 0.0310823 0.0341662 0.0277932 0.0245874 0.0315577 0.0263670 0.0000000 0.0314300 0.0274607 0.0299863 0.0308525 0.0295423 0.0294726 0.0288907 0.0298684 0.0308668 0.0328720 0.0339863 0.0289971 0.0277773 0.0309789 0.0313386 0.0299292 0.0316127 0.0311185 0.0269128 0.0327373 0.0306381 0.0316311 0.0344460 0.0325741 0.0336414 0.0340563 0.0303118 0.0314116 0.0264353 0.0282323 0.0311004 0.0274607 0.0315219 0.0333659 0.0297646 0.0299554 0.0315034 0.0292239 0.0312643 0.0337106 0.0275602 0.0371851 0.0317696 0.0310642 0.0299728 0.0323007 0.0303469 0.0272171 0.0293174 0.0318720 0.0328492 0.0295503 0.0290794 0.0307896 0.0311276 0.0279933 
pop1.indv20 0.0311625 0.0303493 0.0293642 0.0309737 0.0257974 0.0276923 0.0312405 0.0261894 0.0259625 0.0309561 0.0312387 0.0293894 0.0339233 0.0324987 0.0275874 0.0261921 0.0350733 0.0333307 0.0314300 0.0000000 0.0280816 0.0314302 0.0351857 0.0295342 0.0283333 0.0281199 0.0333884 0.0267711 0.0350045 0.0295510 0.0284301 0.0302354 0.0355414 0.0323863 0.0323488 0.0301923 0.0262783 0.0299737 0.0356274 0.0328458 0.0358781 0.0332350 0.0360552 0.0302268 0.0346499 0.0355687 0.0349717 0.0288230 0.0278585 0.0337663 0.0267061 0.0357311 0.0353967 0.0300210 0.0250990 0.0348821 0.0345084 0.0320299 0.0310498 0.0325271 0.0356584 0.0363707 0.0329599 0.0314300 0.0302786 0.0261452 0.0327158 0.0294146 0.0292189 0.0357847 0.0303821 0.0304704 0.0316475 0.0312944 0.0319513 
pop1.indv21 0.0304179 0.0299517 0.0292578 0.0268129 0.0291777 0.0272322 0.0284190 0.0258201 0.0211804 0.0268129 0.0310881 0.0288166 0.0295420 0.0290304 0.0295591 0.0326306 0.0282437 0.0277035 0.0274607 0.0280816 0.0000000 0.0256946 0.0264810 0.0307538 0.0285999 0.0295334 0.0317633 0.0255169 0.0300429 0.0289830 0.0324804 0.0283501 0.0308470 0.0346998 0.0329982 0.0318495 0.0293259 0.0267706 0.0363772 0.0286496 0.0294896 0.0248262 0.0302680 0.0348229 0.0299466 0.0331038 0.0325941 0.0278646 0.0292861 0.0297646 0.0289242 0.0302660 0.0335725 0.0297216 0.0268247 0.0298013 0.0315773 0.0313469 0.0346998 0.0283994 0.0341366 0.0326337 0.0282519 0.0237738 0.0295849 0.0317140 0.0323850 0.0271149 0.0307655 0.0284272 0.0294531 0.0316159 0.0269414 0.0319887 0.0353816 
pop1.indv22 0.0326011 0.0252827 0.0301375 0.0290771 0.0324333 0.0328079 0.0292106 0.0312495 0.0292390 0.0268393 0.0316495 0.0295153 0.0289554 0.0321627 0.0313125 0.0349009 0.0280880 0.0261494 0.0299863 0.0314302 0.0256946 0.0000000 0.0349636 0.0275639 0.0307601 0.0293810 0.0314391 0.0302873 0.0311845 0.0310408 0.0298312 0.0272237 0.0308846 0.0334746 0.0285586 0.0301722 0.0289222 0.0291020 0.0349942 0.0341662 0.0317942 0.0287000 0.0308278 0.0310498 0.0294736 0.0357951 0.0321321 0.0270999 0.0276297 0.0289285 0.0305320 0.0315211 0.0361930 0.0340969 0.0268820 0.0356322 0.0313035 0.0314758 0.0345989 0.0252774 0.0296274 0.0335627 0.0243033 0.0311575 0.0314482 0.0269002 0.0272791 0.0320762 0.0327158 0.0291854 0.0305859 0.0337007 0.0302070 0.0343984 0.0311244 
pop1.indv23 0.0335918 0.0274576 0.0332878 0.0357291 0.0279456 0.0266095 0.0365350 0.0278812 0.0262091 0.0259669 0.0320504 0.0402753 0.0327564 0.0324710 0.0311548 0.0312478 0.0330127 0.0338398 0.0308525 0.0351857 0.0264810 0.0349636 0.0000000 0.0294896 0.0312840 0.0298770 0.0357589 0.0272400 0.0357272 0.0308795 0.0311367 0.0288490 0.0329787 0.0355871 0.0315495 0.0315851 0.0271306 0.0307628 0.0389413 0.0340519 0.0341415 0.0301983 0.0340222 0.0373398 0.0373287 0.0328492 0.0307270 0.0314758 0.0344058 0.0322537 0.0349470 0.0303279 0.0382153 0.0327633 0.0330999 0.0354082 0.0350896 0.0369387 0.0372181 0.0349553 0.0363988 0.0344742 0.0323667 0.0358977 0.0323478 0.0326607 0.0375854 0.0315034 0.0298597 0.0316127 0.0321926 0.0370604 0.0360146 0.0345572 0.0342618 
pop1.indv24 0.0304012 0.0291975 0.0282970 0.0283575 0.0259818 0.0293894 0.0291020 0.0313035 0.0283414 0.0293558 0.0332295 0.0306292 0.0317758 0.0335144 0.0267213 0.0279293 0.0311035 0.0279613 0.0295423 0.0295342 0.0307538 0.0275639 0.0294896 0.0000000 0.0291687 0.0303917 0.0321694 0.0276820 0.0293875 0.0273168 0.0295933 0.0319929 0.0313660 0.0352782 0.0327919 0.0321535 0.0309204 0.0241191 0.0368040 0.0306894 0.0363919 0.0388134 0.0323684 0.0341563 0.0317482 0.0327042 0.0311305 0.0267061 0.0291809 0.0294905 0.0324804 0.0269128 0.0349330 0.0333884 0.0278251 0.0338175 0.0314573 0.0316495 0.0354856 0.0347909 0.0305408 0.0317390 0.0352885 0.0285847 0.0275717 0.0292525 0.0332976 0.0320577 0.0362354 0.0321442 0.0303102 0.0299554 0.0279933 0.0298655 0.0327042 
pop1.indv25 0.0325265 0.0285766 0.0308846 0.0310587 0.0297560 0.0311333 0.0332515 0.0325271 0.0308543 0.0279533 0.0333464 0.0297474 0.0323007 0.0300769 0.0262690 0.0288066 0.0323676 0.0318310 0.0294726 0.0283333 0.0285999 0.0307601 0.0312840 0.0291687 0.0000000 0.0308222 0.0321600 0.0297287 0.0367566 0.0319050 0.0300942 0.0299085 0.0343930 0.0345775 0.0328588 0.0338643 0.0331617 0.0256287 0.0349228 0.0318587 0.0340122 0.0356768 0.0346299 0.0341216 0.0311665 0.0382013 0.0334356 0.0283294 0.0325835 0.0311575 0.0306558 0.0346797 0.0352165 0.0347404 0.0302942 0.0338769 0.0377144 0.0321103 0.0344359 0.0322349 0.0343957 0.0333385 0.0348323 0.0342116 0.0316771 0.0364451 0.0327373 0.0343756 0.0365566 0.0333967 0.0297839 0.0330902 0.0302855 0.0328779 0.0343586 
pop2.indv1  0.0349616 0.0266455 0.0284027 0.0321134 0.0266553 0.0294230 0.0315211 0.0292106 0.0297884 0.0269843 0.0349862 0.0352622 0.0289471 0.0364238 0.0304705 0.0314032 0.0290555 0.0292693 0.0288907 0.0281199 0.0295334 0.0293810 0.0298770 0.0303917 0.0308222 0.0000000 0.0245596 0.0254329 0.0309025 0.0286833 0.0322834 0.0284463 0.0289637 0.0318495 0.0290555 0.0291854 0.0287080 0.0275796 0.0347000 0.0319560 0.0294651 0.0273924 0.0302009 0.0267213 0.0296189 0.0271697 0.0305496 0.0277216 0.0307750 0.0303830 0.0286998 0.0313395 0.0331038 0.0299395 0.0299690 0.0342819 0.0328301 0.0298510 0.0340718 0.0310462 0.0318218 0.0337190 0.0310946 0.0315211 0.0278172 0.0280736 0.0308345 0.0262315 0.0303293 0.0294567 0.0291607 0.0284159 0.0315851 0.0330942 0.0319744 
pop2.indv2  0.0297543 0.0262840 0.0321291 0.0328110 0.0258052 0.0320670 0.0322443 0.0308668 0.0293199 0.0324051 0.0278161 0.0309246 0.0312368 0.0356037 0.0273106 0.0316293 0.0344763 0.0315211 0.0298684 0.0333884 0.0317633 0.0314391 0.0357589 0.0321694 0.0321600 0.0245596 0.0000000 0.0247203 0.0302307 0.0291985 0.0311305 0.0289637 0.0294130 0.0282519 0.0278732 0.0305144 0.0309293 0.0258930 0.0338373 0.0273636 0.0315302 0.0318218 0.0312316 0.0306203 0.0297474 0.0357936 0.0316749 0.0310914 0.0284382 0.0312750 0.0296193 0.0298164 0.0389515 0.0333967 0.0297991 0.0359826 0.0326226 0.0347100 0.0345877 0.0302131 0.0359401 0.0362804 0.0317418 0.0320822 0.0342517 0.0320447 0.0325953 0.0301342 0.0314116 0.0304880 0.0320598 0.0309608 0.0320447 0.0338076 0.0300253 
pop2.indv3  0.0267485 0.0257463 0.0274027 0.0304705 0.0220316 0.0263379 0.0248786 0.0286011 0.0263379 0.0287901 0.0342718 0.0307538 0.0291563 0.0289779 0.0298999 0.0329840 0.0279533 0.0284272 0.0308668 0.0267711 0.0255169 0.0302873 0.0272400 0.0276820 0.0297287 0.0254329 0.0247203 0.0000000 0.0313295 0.0236882 0.0297713 0.0266758 0.0286915 0.0323769 0.0346493 0.0272237 0.0259573 0.0244285 0.0286421 0.0281039 0.0310051 0.0310977 0.0301064 0.0284059 0.0301375 0.0284382 0.0266834 0.0255849 0.0283494 0.0245596 0.0310823 0.0285092 0.0328110 0.0299310 0.0259744 0.0316863 0.0309921 0.0312551 0.0298913 0.0288573 0.0333481 0.0354648 0.0284435 0.0296274 0.0267823 0.0293706 0.0294811 0.0294736 0.0300818 0.0282808 0.0252213 0.0320073 0.0299863 0.0282889 0.0250919 
pop2.indv4  0.0355414 0.0301983 0.0345252 0.0318680 0.0312643 0.0293368 0.0321414 0.0336118 0.0308846 0.0312297 0.0342477 0.0335628 0.0380289 0.0361613 0.0329934 0.0346797 0.0373947 0.0354961 0.0328720 0.0350045 0.0300429 0.0311845 0.0357272 0.0293875 0.0367566 0.0309025 0.0302307 0.0313295 0.0000000 0.0282030 0.0295763 0.0297302 0.0339664 0.0362162 0.0331907 0.0321227 0.0306736 0.0275523 0.0357817 0.0330942 0.0343656 0.0330173 0.0321812 0.0318772 0.0351174 0.0310766 0.0328110 0.0322631 0.0367717 0.0333578 0.0332781 0.0355693 0.0392301 0.0350352 0.0341216 0.0335035 0.0299205 0.0308795 0.0311185 0.0334051 0.0396487 0.0337701 0.0314025 0.0354291 0.0305761 0.0330127 0.0352250 0.0314667 0.0371176 0.0364919 0.0346071 0.0287663 0.0333953 0.0335039 0.0358250 
pop2.indv5  0.0287245 0.0343255 0.0294982 0.0294651 0.0289998 0.0326779 0.0333967 0.0268129 0.0277932 0.0325835 0.0302748 0.0320728 0.0348937 0.0311333 0.0307181 0.0325741 0.0287163 0.0324521 0.0339863 0.0295510 0.0289830 0.0310408 0.0308795 0.0273168 0.0319050 0.0286833 0.0291985 0.0236882 0.0282030 0.0000000 0.0304792 0.0256799 0.0313660 0.0260712 0.0284435 0.0314119 0.0234710 0.0225165 0.0317482 0.0294483 0.0342756 0.0290522 0.0359511 0.0303381 0.0318310 0.0272934 0.0240260 0.0276078 0.0327984 0.0326684 0.0318310 0.0306381 0.0330845 0.0316749 0.0303118 0.0321009 0.0286247 0.0292578 0.0352726 0.0273578 0.0369198 0.0345674 0.0256141 0.0320447 0.0269128 0.0266477 0.0333464 0.0318218 0.0314942 0.0340321 0.0307294 0.0307655 0.0288323 0.0291058 0.0283538 
pop2.indv6  0.0289696 0.0287491 0.0302767 0.0351345 0.0310642 0.0332708 0.0323301 0.0292441 0.0301983 0.0291437 0.0286413 0.0344259 0.0331424 0.0356377 0.0363098 0.0301407 0.0323769 0.0298055 0.0289971 0.0284301 0.0324804 0.0298312 0.0311367 0.0295933 0.0300942 0.0322834 0.0311305 0.0297713 0.0295763 0.0304792 0.0000000 0.0278896 0.0287163 0.0319560 0.0300769 0.0327701 0.0285602 0.0294062 0.0307512 0.0294651 0.0278737 0.0247805 0.0297779 0.0365791 0.0320762 0.0293307 0.0300683 0.0285357 0.0280243 0.0310230 0.0289887 0.0335529 0.0346190 0.0333691 0.0308311 0.0347100 0.0326131 0.0328492 0.0352679 0.0265108 0.0372956 0.0329695 0.0292189 0.0324239 0.0294989 0.0309204 0.0312297 0.0342417 0.0300557 0.0316749 0.0298944 0.0327564 0.0325182 0.0338741 0.0341662 
pop2.indv7  0.0286592 0.0279373 0.0286093 0.0300425 0.0282111 0.0297628 0.0316749 0.0304529 0.0263230 0.0215228 0.0324331 0.0319422 0.0326036 0.0332323 0.0282566 0.0305228 0.0330365 0.0305761 0.0277773 0.0302354 0.0283501 0.0272237 0.0288490 0.0319929 0.0299085 0.0284463 0.0289637 0.0266758 0.0297302 0.0256799 0.0278896 0.0000000 0.0305673 0.0287245 0.0298913 0.0309074 0.0249705 0.0273557 0.0317390 0.0290688 0.0279055 0.0259134 0.0302268 0.0289554 0.0332323 0.0323684 0.0304354 0.0258635 0.0267787 0.0303133 0.0294641 0.0366809 0.0360671 0.0281520 0.0295848 0.0310372 0.0319701 0.0297044 0.0321321 0.0315760 0.0328045 0.0329355 0.0264579 0.0278411 0.0308133 0.0264429 0.0285256 0.0253495 0.0287493 0.0305408 0.0332266 0.0252720 0.0303293 0.0314573 0.0342158 
pop2.indv8  0.0347000 0.0300818 0.0296452 0.0319236 0.0316050 0.0312568 0.0309293 0.0282193 0.0307717 0.0326703 0.0319844 0.0304613 0.0317789 0.0310281 0.0293857 0.0318218 0.0339963 0.0324046 0.0309789 0.0355414 0.0308470 0.0308846 0.0329787 0.0313660 0.0343930 0.0289637 0.0294130 0.0286915 0.0339664 0.0313660 0.0287163 0.0305673 0.0000000 0.0317975 0.0248617 0.0302157 0.0276078 0.0259373 0.0317325 0.0322161 0.0322349 0.0263217 0.0360874 0.0313751 0.0285503 0.0343957 0.0389977 0.0274687 0.0294314 0.0297905 0.0325761 0.0255829 0.0349348 0.0331907 0.0307896 0.0349677 0.0286995 0.0310790 0.0286579 0.0320073 0.0315958 0.0348229 0.0291563 0.0307024 0.0332101 0.0297388 0.0348229 0.0284159 0.0314758 0.0345877 0.0313089 0.0285486 0.0303013 0.0325656 0.0353609 
pop2.indv9  0.0360769 0.0298226 0.0365350 0.0352989 0.0380516 0.0365305 0.0335529 0.0314937 0.0302505 0.0304968 0.0378528 0.0346896 0.0355274 0.0397407 0.0351793 0.0352371 0.0367458 0.0341266 0.0313386 0.0323863 0.0346998 0.0334746 0.0355871 0.0352782 0.0345775 0.0318495 0.0282519 0.0323769 0.0362162 0.0260712 0.0319560 0.0287245 0.0317975 0.0000000 0.0321600 0.0325929 0.0278251 0.0292693 0.0342819 0.0288891 0.0382195 0.0325929 0.0318641 0.0313842 0.0296189 0.0338545 0.0321041 0.0326894 0.0363283 0.0304968 0.0307896 0.0329259 0.0391368 0.0336504 0.0331327 0.0327660 0.0350069 0.0345558 0.0392418 0.0341815 0.0348017 0.0362590 0.0296274 0.0343121 0.0344158 0.0322724 0.0359083 0.0326226 0.0333659 0.0383211 0.0324520 0.0341870 0.0345167 0.0325088 0.0324993 
pop2.indv10 0.0345485 0.0274262 0.0285751 0.0296018 0.0299466 0.0282727 0.0298078 0.0310462 0.0324804 0.0326023 0.0334739 0.0286413 0.0314483 0.0325083 0.0285833 0.0308631 0.0322349 0.0309921 0.0299292 0.0323488 0.0329982 0.0285586 0.0315495 0.0327919 0.0328588 0.0290555 0.0278732 0.0346493 0.0331907 0.0284435 0.0300769 0.0298913 0.0248617 0.0321600 0.0000000 0.0248716 0.0296360 0.0252559 0.0318034 0.0337583 0.0302244 0.0326495 0.0333595 0.0298312 0.0278092 0.0326306 0.0295678 0.0304261 0.0313305 0.0302855 0.0335725 0.0285421 0.0334746 0.0339727 0.0300993 0.0350689 0.0314667 0.0338298 0.0346691 0.0307807 0.0307360 0.0333073 0.0307717 0.0319236 0.0331617 0.0297302 0.0299816 0.0272870 0.0317325 0.0302505 0.0325193 0.0339098 0.0326607 0.0332004 0.0367502 
pop2.indv11 0.0328079 0.0285032 0.0285357 0.0338054 0.0259299 0.0329028 0.0349942 0.0276583 0.0287655 0.0293810 0.0327277 0.0333561 0.0349942 0.0389942 0.0295253 0.0311333 0.0322928 0.0317482 0.0316127 0.0301923 0.0318495 0.0301722 0.0315851 0.0321535 0.0338643 0.0291854 0.0305144 0.0272237 0.0321227 0.0314119 0.0327701 0.0309074 0.0302157 0.0325929 0.0248716 0.0000000 0.0309251 0.0229465 0.0309428 0.0272314 0.0335140 0.0277630 0.0361074 0.0324521 0.0323114 0.0345999 0.0293558 0.0304529 0.0320245 0.0273246 0.0325372 0.0302505 0.0372737 0.0319560 0.0295933 0.0345268 0.0329067 0.0303645 0.0336700 0.0326874 0.0357396 0.0335039 0.0326495 0.0369773 0.0293452 0.0242484 0.0327728 0.0284272 0.0324993 0.0301722 0.0335826 0.0345471 0.0346392 0.0340023 0.0345500 
pop2.indv12 0.0334753 0.0257974 0.0328110 0.0332901 0.0308255 0.0280173 0.0292777 0.0290388 0.0309695 0.0276741 0.0275165 0.0312277 0.0337007 0.0322462 0.0293875 0.0308985 0.0322349 0.0307896 0.0311185 0.0262783 0.0293259 0.0289222 0.0271306 0.0309204 0.0331617 0.0287080 0.0309293 0.0259573 0.0306736 0.0234710 0.0285602 0.0249705 0.0276078 0.0278251 0.0296360 0.0309251 0.0000000 0.0280093 0.0296018 0.0288974 0.0310856 0.0255195 0.0336690 0.0295253 0.0267823 0.0264053 0.0275796 0.0259077 0.0271697 0.0282404 0.0304261 0.0279456 0.0364812 0.0326590 0.0265639 0.0331680 0.0262141 0.0279617 0.0336513 0.0261387 0.0310101 0.0319514 0.0294300 0.0307717 0.0296959 0.0278331 0.0282111 0.0263973 0.0304881 0.0303917 0.0270198 0.0275484 0.0271698 0.0309921 0.0315028 
pop2.indv13 0.0305402 0.0232669 0.0271542 0.0239312 0.0248689 0.0279373 0.0306630 0.0264353 0.0245042 0.0272160 0.0273420 0.0270057 0.0283538 0.0290357 0.0253351 0.0232278 0.0298141 0.0287411 0.0269128 0.0299737 0.0267706 0.0291020 0.0307628 0.0241191 0.0256287 0.0275796 0.0258930 0.0244285 0.0275523 0.0225165 0.0294062 0.0273557 0.0259373 0.0292693 0.0252559 0.0229465 0.0280093 0.0000000 0.0303394 0.0269154 0.0303133 0.0259207 0.0302268 0.0288066 0.0287245 0.0262042 0.0247944 0.0204399 0.0261304 0.0284706 0.0293030 0.0311755 0.0306469 0.0269307 0.0251701 0.0294130 0.0275127 0.0294130 0.0267442 0.0293706 0.0315028 0.0272087 0.0294567 0.0274970 0.0271309 0.0273479 0.0251491 0.0259521 0.0269747 0.0313666 0.0280102 0.0258944 0.0243584 0.0261568 0.0223403 
pop2.indv14 0.0388589 0.0320577 0.0320114 0.0372846 0.0330611 0.0325835 0.0303118 0.0321134 0.0377002 0.0348010 0.0312551 0.0352207 0.0344031 0.0374709 0.0344561 0.0344783 0.0352989 0.0373506 0.0327373 0.0356274 0.0363772 0.0349942 0.0389413 0.0368040 0.0349228 0.0347000 0.0338373 0.0286421 0.0357817 0.0317482 0.0307512 0.0317390 0.0317325 0.0342819 0.0318034 0.0309428 0.0296018 0.0303394 0.0000000 0.0321134 0.0347303 0.0360664 0.0343685 0.0352473 0.0354379 0.0300339 0.0334946 0.0295848 0.0293140 0.0305849 0.0351483 0.0369229 0.0340063 0.0329409 0.0328971 0.0363449 0.0333464 0.0368000 0.0354752 0.0381926 0.0365135 0.0397994 0.0281949 0.0365458 0.0370317 0.0319652 0.0360679 0.0386533 0.0342216 0.0369664 0.0298450 0.0338298 0.0362483 0.0324427 0.0349616 
pop2.indv15 0.0296608 0.0296016 0.0314300 0.0351345 0.0287328 0.0334656 0.0332130 0.0278578 0.0284220 0.0297117 0.0327373 0.0325277 0.0367891 0.0336787 0.0292693 0.0348304 0.0345485 0.0376782 0.0306381 0.0328458 0.0286496 0.0341662 0.0340519 0.0306894 0.0318587 0.0319560 0.0273636 0.0281039 0.0330942 0.0294483 0.0294651 0.0290688 0.0322161 0.0288891 0.0337583 0.0272314 0.0288974 0.0269154 0.0321134 0.0000000 0.0321812 0.0288711 0.0380788 0.0326590 0.0327063 0.0307750 0.0260752 0.0301461 0.0301321 0.0282566 0.0297372 0.0311665 0.0400738 0.0331076 0.0272165 0.0351071 0.0343456 0.0284354 0.0331231 0.0318034 0.0363846 0.0358766 0.0304705 0.0303293 0.0307335 0.0304968 0.0306203 0.0286586 0.0344583 0.0337273 0.0291097 0.0307807 0.0346089 0.0316293 0.0350835 
pop2.indv16 0.0349514 0.0278499 0.0319701 0.0340476 0.0312931 0.0383470 0.0348314 0.0327633 0.0345084 0.0332323 0.0382835 0.0345370 0.0328014 0.0371208 0.0305938 0.0356170 0.0352473 0.0321694 0.0316311 0.0358781 0.0294896 0.0317942 0.0341415 0.0363919 0.0340122 0.0294651 0.0315302 0.0310051 0.0343656 0.0342756 0.0278737 0.0279055 0.0322349 0.0382195 0.0302244 0.0335140 0.0310856 0.0303133 0.0347303 0.0321812 0.0000000 0.0347404 0.0362860 0.0374379 0.0325929 0.0303655 0.0332034 0.0315943 0.0279767 0.0326590 0.0350045 0.0350762 0.0408146 0.0358781 0.0322349 0.0338868 0.0362269 0.0336020 0.0402403 0.0300036 0.0360566 0.0401077 0.0334551 0.0306825 0.0329259 0.0342856 0.0330514 0.0323290 0.0361522 0.0350249 0.0323659 0.0330223 0.0322913 0.0317207 0.0344683 
pop2.indv17 0.0265475 0.0313673 0.0340817 0.0359929 0.0326779 0.0325835 0.0323301 0.0314482 0.0319239 0.0305664 0.0322234 0.0364812 0.0355829 0.0338908 0.0311215 0.0288547 0.0323676 0.0334356 0.0344460 0.0332350 0.0248262 0.0287000 0.0301983 0.0388134 0.0356768 0.0273924 0.0318218 0.0310977 0.0330173 0.0290522 0.0247805 0.0259134 0.0263217 0.0325929 0.0326495 0.0277630 0.0255195 0.0259207 0.0360664 0.0288711 0.0347404 0.0000000 0.0345400 0.0309074 0.0359825 0.0320796 0.0272934 0.0246712 0.0285053 0.0284382 0.0283213 0.0375039 0.0339135 0.0346399 0.0282970 0.0387910 0.0345586 0.0369990 0.0332515 0.0337190 0.0350968 0.0349738 0.0308044 0.0348527 0.0318126 0.0308489 0.0337583 0.0320484 0.0335725 0.0354173 0.0337701 0.0273657 0.0333869 0.0332323 0.0349413 
pop2.indv18 0.0277490 0.0329177 0.0348923 0.0367227 0.0317298 0.0289285 0.0362017 0.0325638 0.0273229 0.0310267 0.0327919 0.0392034 0.0364877 0.0355448 0.0348111 0.0326834 0.0325083 0.0303481 0.0325741 0.0360552 0.0302680 0.0308278 0.0340222 0.0323684 0.0346299 0.0302009 0.0312316 0.0301064 0.0321812 0.0359511 0.0297779 0.0302268 0.0360874 0.0318641 0.0333595 0.0361074 0.0336690 0.0302268 0.0343685 0.0380788 0.0362860 0.0345400 0.0000000 0.0303220 0.0360034 0.0344704 0.0352634 0.0316202 0.0333041 0.0294578 0.0355621 0.0316658 0.0413150 0.0335432 0.0353967 0.0375370 0.0370340 0.0350147 0.0381296 0.0319100 0.0332804 0.0369691 0.0335334 0.0342856 0.0335432 0.0388247 0.0305938 0.0338446 0.0362036 0.0378513 0.0329837 0.0338769 0.0338250 0.0333980 0.0379792 
pop2.indv19 0.0311779 0.0323395 0.0327373 0.0335626 0.0294896 0.0285766 0.0338769 0.0357291 0.0283782 0.0320021 0.0346794 0.0337800 0.0344259 0.0364984 0.0295248 0.0352940 0.0339825 0.0328492 0.0336414 0.0302268 0.0348229 0.0310498 0.0373398 0.0341563 0.0341216 0.0267213 0.0306203 0.0284059 0.0318772 0.0303381 0.0365791 0.0289554 0.0313751 0.0313842 0.0298312 0.0324521 0.0295253 0.0288066 0.0352473 0.0326590 0.0374379 0.0309074 0.0303220 0.0000000 0.0329791 0.0341365 0.0304442 0.0313295 0.0274935 0.0310051 0.0257904 0.0322819 0.0362885 0.0312495 0.0337879 0.0389646 0.0333073 0.0302572 0.0364275 0.0313477 0.0380346 0.0362483 0.0319607 0.0387220 0.0298078 0.0318310 0.0327949 0.0300210 0.0324141 0.0345989 0.0297230 0.0293600 0.0328301 0.0319422 0.0325553 
pop2.indv20 0.0359825 0.0321720 0.0351690 0.0369799 0.0332683 0.0326117 0.0365091 0.0337780 0.0321535 0.0315747 0.0390694 0.0398905 0.0323384 0.0355103 0.0319143 0.0379399 0.0352473 0.0354231 0.0340563 0.0346499 0.0299466 0.0294736 0.0373287 0.0317482 0.0311665 0.0296189 0.0297474 0.0301375 0.0351174 0.0318310 0.0320762 0.0332323 0.0285503 0.0296189 0.0278092 0.0323114 0.0267823 0.0287245 0.0354379 0.0327063 0.0325929 0.0359825 0.0360034 0.0329791 0.0000000 0.0337957 0.0282970 0.0302680 0.0274467 0.0310766 0.0363205 0.0334161 0.0347304 0.0354173 0.0311215 0.0373842 0.0293199 0.0366917 0.0341415 0.0319514 0.0373616 0.0346797 0.0336602 0.0332489 0.0342015 0.0323208 0.0314025 0.0344259 0.0327564 0.0333288 0.0316793 0.0354396 0.0300036 0.0343556 0.0391109 
pop2.indv21 0.0332445 0.0292889 0.0311395 0.0385072 0.0328205 0.0360034 0.0331650 0.0300167 0.0275325 0.0302700 0.0324899 0.0340420 0.0358250 0.0378292 0.0368256 0.0341021 0.0363177 0.0349534 0.0303118 0.0355687 0.0331038 0.0357951 0.0328492 0.0327042 0.0382013 0.0271697 0.0357936 0.0284382 0.0310766 0.0272934 0.0293307 0.0323684 0.0343957 0.0338545 0.0326306 0.0345999 0.0264053 0.0262042 0.0300339 0.0307750 0.0303655 0.0320796 0.0344704 0.0341365 0.0337957 0.0000000 0.0284544 0.0285194 0.0298372 0.0317727 0.0282404 0.0341365 0.0355310 0.0355345 0.0291020 0.0378261 0.0314119 0.0358132 0.0363283 0.0346493 0.0354689 0.0338545 0.0318641 0.0317574 0.0291687 0.0315929 0.0310011 0.0304792 0.0328396 0.0320114 0.0298337 0.0316403 0.0311779 0.0336981 0.0315376 
pop2.indv22 0.0301407 0.0287819 0.0334161 0.0329409 0.0294641 0.0346089 0.0308757 0.0307449 0.0277455 0.0284301 0.0299903 0.0342920 0.0316035 0.0323957 0.0301896 0.0324242 0.0333481 0.0330078 0.0314116 0.0349717 0.0325941 0.0321321 0.0307270 0.0311305 0.0334356 0.0305496 0.0316749 0.0266834 0.0328110 0.0240260 0.0300683 0.0304354 0.0389977 0.0321041 0.0295678 0.0293558 0.0275796 0.0247944 0.0334946 0.0260752 0.0332034 0.0272934 0.0352634 0.0304442 0.0282970 0.0284544 0.0000000 0.0279693 0.0290440 0.0276504 0.0355274 0.0306026 0.0352989 0.0329886 0.0324616 0.0372954 0.0344158 0.0351000 0.0315943 0.0313386 0.0332004 0.0319329 0.0293114 0.0297560 0.0306914 0.0312116 0.0326703 0.0285009 0.0352414 0.0314573 0.0314114 0.0334345 0.0303909 0.0264881 0.0306894 
pop2.indv23 0.0308631 0.0269154 0.0264049 0.0255413 0.0280264 0.0270922 0.0290974 0.0297302 0.0270228 0.0280173 0.0284738 0.0318254 0.0279617 0.0301809 0.0269360 0.0288891 0.0256653 0.0280494 0.0264353 0.0288230 0.0278646 0.0270999 0.0314758 0.0267061 0.0283294 0.0277216 0.0310914 0.0255849 0.0322631 0.0276078 0.0285357 0.0258635 0.0274687 0.0326894 0.0304261 0.0304529 0.0259077 0.0204399 0.0295848 0.0301461 0.0315943 0.0246712 0.0316202 0.0313295 0.0302680 0.0285194 0.0279693 0.0000000 0.0230174 0.0277058 0.0298164 0.0301868 0.0296959 0.0297628 0.0227020 0.0277276 0.0270524 0.0271541 0.0314850 0.0260488 0.0292748 0.0341065 0.0274340 0.0323857 0.0275602 0.0287742 0.0270680 0.0242802 0.0321573 0.0268129 0.0267664 0.0229168 0.0299690 0.0281462 0.0292022 
pop2.indv24 0.0317066 0.0297695 0.0275091 0.0348104 0.0281039 0.0297948 0.0324616 0.0302354 0.0306003 0.0311155 0.0331424 0.0339529 0.0331842 0.0340923 0.0341266 0.0299360 0.0340181 0.0291604 0.0282323 0.0278585 0.0292861 0.0276297 0.0344058 0.0291809 0.0325835 0.0307750 0.0284382 0.0283494 0.0367717 0.0327984 0.0280243 0.0267787 0.0294314 0.0363283 0.0313305 0.0320245 0.0271697 0.0261304 0.0293140 0.0301321 0.0279767 0.0285053 0.0333041 0.0274935 0.0274467 0.0298372 0.0290440 0.0230174 0.0000000 0.0275752 0.0281279 0.0297713 0.0330790 0.0319604 0.0287000 0.0334551 0.0297457 0.0268206 0.0315929 0.0275717 0.0325083 0.0312585 0.0312944 0.0344983 0.0290357 0.0314752 0.0307424 0.0334173 0.0304004 0.0316909 0.0306914 0.0283782 0.0319008 0.0294578 0.0288302 
pop2.indv25 0.0329083 0.0296016 0.0321321 0.0316932 0.0326874 0.0341068 0.0294398 0.0310140 0.0299737 0.0340280 0.0310823 0.0319422 0.0347101 0.0337371 0.0347711 0.0361493 0.0320299 0.0331231 0.0311004 0.0337663 0.0297646 0.0289285 0.0322537 0.0294905 0.0311575 0.0303830 0.0312750 0.0245596 0.0333578 0.0326684 0.0310230 0.0303133 0.0297905 0.0304968 0.0302855 0.0273246 0.0282404 0.0284706 0.0305849 0.0282566 0.0326590 0.0284382 0.0294578 0.0310051 0.0310766 0.0317727 0.0276504 0.0277058 0.0275752 0.0000000 0.0372737 0.0357187 0.0350045 0.0347606 0.0328014 0.0339365 0.0324427 0.0305503 0.0336700 0.0325182 0.0334258 0.0334648 0.0309383 0.0330127 0.0342856 0.0286586 0.0337502 0.0337682 0.0378598 0.0310051 0.0296279 0.0271384 0.0377925 0.0365840 0.0327230 
pop3.indv1  0.0321812 0.0288230 0.0337288 0.0305056 0.0287078 0.0350045 0.0346291 0.0331714 0.0294230 0.0337288 0.0346284 0.0268790 0.0306755 0.0307335 0.0345471 0.0312316 0.0351586 0.0322631 0.0274607 0.0267061 0.0289242 0.0305320 0.0349470 0.0324804 0.0306558 0.0286998 0.0296193 0.0310823 0.0332781 0.0318310 0.0289887 0.0294641 0.0325761 0.0307896 0.0335725 0.0325372 0.0304261 0.0293030 0.0351483 0.0297372 0.0350045 0.0283213 0.0355621 0.0257904 0.0363205 0.0282404 0.0355274 0.0298164 0.0281279 0.0372737 0.0000000 0.0273184 0.0363739 0.0279294 0.0269360 0.0324521 0.0310191 0.0266630 0.0320634 0.0299603 0.0365243 0.0303205 0.0288240 0.0313751 0.0296873 0.0280494 0.0258126 0.0268974 0.0298164 0.0315028 0.0303456 0.0291097 0.0292861 0.0268436 0.0301115 
pop3.indv2  0.0308985 0.0285602 0.0341815 0.0359194 0.0319000 0.0308489 0.0308400 0.0320855 0.0316293 0.0321227 0.0313929 0.0283091 0.0357377 0.0316749 0.0283501 0.0328742 0.0313022 0.0338670 0.0315219 0.0357311 0.0302660 0.0315211 0.0303279 0.0269128 0.0346797 0.0313395 0.0298164 0.0285092 0.0355693 0.0306381 0.0335529 0.0366809 0.0255829 0.0329259 0.0285421 0.0302505 0.0279456 0.0311755 0.0369229 0.0311665 0.0350762 0.0375039 0.0316658 0.0322819 0.0334161 0.0341365 0.0306026 0.0301868 0.0297713 0.0357187 0.0273184 0.0000000 0.0280173 0.0306982 0.0293368 0.0337800 0.0310823 0.0305236 0.0332683 0.0306647 0.0346291 0.0306381 0.0244277 0.0290723 0.0322631 0.0311575 0.0274687 0.0257535 0.0302307 0.0335918 0.0301751 0.0289516 0.0284027 0.0308489 0.0291520 
