75
pop1.indv1  0.0000000 0.0261677 0.0220576 0.0208946 0.0217666 0.0308393 0.0162423 0.0203407 0.0277572 0.0192811 0.0235836 0.0191491 0.0246521 0.0178046 0.0297972 0.0236979 0.0206535 0.0290601 0.0202625 0.0309400 0.0238539 0.0219112 0.0179368 0.0219460 0.0250516 0.0203640 0.0250004 0.0223399 0.0219112 0.0190789 0.0261316 0.0195591 0.0173884 0.0147133 0.0310205 0.0251643 0.0192363 0.0205314 0.0174621 0.0339282 0.0175476 0.0263186 0.0216735 0.0121134 0.0324807 0.0221752 0.0145309 0.0189457 0.0280579 0.0255159 0.0250187 0.0283028 0.0255828 0.0236216 0.0150352 0.0204326 0.0205358 0.0263609 0.0221897 0.0268398 0.0135171 0.0269280 0.0231654 0.0248459 0.0310644 0.0220064 0.0174820 0.0194275 0.0223810 0.0159825 0.0262400 0.0291750 0.0178498 0.0299180 0.0239442 
pop1.indv10 0.0261677 0.0000000 0.0251181 0.0304696 0.0265336 0.0250996 0.0235234 0.0279834 0.0449885 0.0221541 0.0177560 0.0234635 0.0322669 0.0253888 0.0252406 0.0281558 0.0221945 0.0262821 0.0206730 0.0250004 0.0300535 0.0267204 0.0193077 0.0357341 0.0308668 0.0220272 0.0390513 0.0135623 0.0203554 0.0279648 0.0248513 0.0271083 0.0262038 0.0216873 0.0469376 0.0281558 0.0296573 0.0264965 0.0279257 0.0294142 0.0232706 0.0265278 0.0351636 0.0267006 0.0358122 0.0285650 0.0262266 0.0173688 0.0344418 0.0271654 0.0358988 0.0285456 0.0320083 0.0235990 0.0179484 0.0312786 0.0311154 0.0294970 0.0253775 0.0239495 0.0251236 0.0316704 0.0326804 0.0311315 0.0236216 0.0310644 0.0204430 0.0268518 0.0255216 0.0294077 0.0322525 0.0325729 0.0195318 0.0207105 0.0271083 
pop1.indv11 0.0220576 0.0251181 0.0000000 0.0321886 0.0361675 0.0380890 0.0195737 0.0283282 0.0298619 0.0334836 0.0225021 0.0208701 0.0310504 0.0197011 0.0318154 0.0269099 0.0269865 0.0327983 0.0255216 0.0330495 0.0273551 0.0312786 0.0193653 0.0393481 0.0268398 0.0163753 0.0269220 0.0194107 0.0254380 0.0330571 0.0251292 0.0287992 0.0406344 0.0311757 0.0329223 0.0257467 0.0179236 0.0333706 0.0312716 0.0286405 0.0236700 0.0317089 0.0313772 0.0334270 0.0298821 0.0255216 0.0283091 0.0237538 0.0269482 0.0229320 0.0315865 0.0272971 0.0385811 0.0379041 0.0226516 0.0254911 0.0315174 0.0282291 0.0336723 0.0336802 0.0209485 0.0256674 0.0346994 0.0285113 0.0316777 0.0316704 0.0236164 0.0271083 0.0271921 0.0265082 0.0193880 0.0344497 0.0272826 0.0302567 0.0326114 
pop1.indv12 0.0208946 0.0304696 0.0321886 0.0000000 0.0336151 0.0257099 0.0319153 0.0317767 0.0350901 0.0336151 0.0302567 0.0323233 0.0329869 0.0278175 0.0393115 0.0439266 0.0336565 0.0382487 0.0167178 0.0315411 0.0342329 0.0226195 0.0262554 0.0305070 0.0287294 0.0380980 0.0335816 0.0323959 0.0320647 0.0334602 0.0254324 0.0276956 0.0254021 0.0299404 0.0518703 0.0374633 0.0288891 0.0384187 0.0239780 0.0363871 0.0349017 0.0406263 0.0300761 0.0262494 0.0418635 0.0291780 0.0326287 0.0253305 0.0334447 0.0343786 0.0272517 0.0227807 0.0394912 0.0322833 0.0244561 0.0240173 0.0269421 0.0383528 0.0326931 0.0328555 0.0365750 0.0260770 0.0300535 0.0384574 0.0373510 0.0225289 0.0194149 0.0293428 0.0357718 0.0271737 0.0367367 0.0352015 0.0323308 0.0407075 0.0359782 
pop1.indv13 0.0217666 0.0265336 0.0361675 0.0336151 0.0000000 0.0373127 0.0297482 0.0221638 0.0310944 0.0178705 0.0326656 0.0280372 0.0339129 0.0300467 0.0331853 0.0314200 0.0221752 0.0404765 0.0221541 0.0373041 0.0256559 0.0296993 0.0255408 0.0343587 0.0373213 0.0204152 0.0280041 0.0345412 0.0311827 0.0307892 0.0355913 0.0351147 0.0219318 0.0259940 0.0405143 0.0363701 0.0250831 0.0343587 0.0389585 0.0296573 0.0220367 0.0296022 0.0386518 0.0283960 0.0407223 0.0313915 0.0275276 0.0296287 0.0358204 0.0347074 0.0253361 0.0269482 0.0306244 0.0462586 0.0346732 0.0340731 0.0407319 0.0388461 0.0331776 0.0336151 0.0268718 0.0301400 0.0386320 0.0360712 0.0361151 0.0311455 0.0247720 0.0255387 0.0477129 0.0369405 0.0416471 0.0294904 0.0383324 0.0270047 0.0398823 
pop1.indv14 0.0308393 0.0250996 0.0380890 0.0257099 0.0373127 0.0000000 0.0301104 0.0251106 0.0396566 0.0269542 0.0253285 0.0254664 0.0275716 0.0195403 0.0285306 0.0256172 0.0179275 0.0345073 0.0180231 0.0219253 0.0240046 0.0269663 0.0335169 0.0282881 0.0221475 0.0193570 0.0375723 0.0303722 0.0299180 0.0266257 0.0236267 0.0288540 0.0220320 0.0292500 0.0311968 0.0304093 0.0315174 0.0252761 0.0324494 0.0331679 0.0264285 0.0299113 0.0325876 0.0225021 0.0282291 0.0253473 0.0232287 0.0236042 0.0394728 0.0257953 0.0237818 0.0244672 0.0325301 0.0350715 0.0272826 0.0266257 0.0248965 0.0312857 0.0287577 0.0242629 0.0241883 0.0239601 0.0296773 0.0270371 0.0269986 0.0298956 0.0236267 0.0225388 0.0225071 0.0249949 0.0251643 0.0281829 0.0241755 0.0271982 0.0373779 
pop1.indv15 0.0162423 0.0235234 0.0195737 0.0319153 0.0297482 0.0301104 0.0000000 0.0252816 0.0312130 0.0285177 0.0221187 0.0256480 0.0266690 0.0225120 0.0286405 0.0349772 0.0166092 0.0311898 0.0193695 0.0380042 0.0288058 0.0239264 0.0223565 0.0315031 0.0178820 0.0234858 0.0283219 0.0241250 0.0268398 0.0315865 0.0293795 0.0243783 0.0251643 0.0310504 0.0427339 0.0289310 0.0180020 0.0269280 0.0362453 0.0329621 0.0312483 0.0240173 0.0294970 0.0273551 0.0374919 0.0321640 0.0371694 0.0282480 0.0349772 0.0258695 0.0316849 0.0288342 0.0307378 0.0254437 0.0290218 0.0193737 0.0316010 0.0297770 0.0301262 0.0290084 0.0271348 0.0274614 0.0252948 0.0296993 0.0398422 0.0314722 0.0266572 0.0167411 0.0320945 0.0361759 0.0347154 0.0313680 0.0179810 0.0383983 0.0353136 
pop1.indv16 0.0203407 0.0279834 0.0283282 0.0317767 0.0221638 0.0251106 0.0252816 0.0000000 0.0327983 0.0237590 0.0177393 0.0236371 0.0246575 0.0207392 0.0255387 0.0225170 0.0207150 0.0281349 0.0250571 0.0279319 0.0271266 0.0176835 0.0179407 0.0264654 0.0252629 0.0174694 0.0312109 0.0254854 0.0178536 0.0249894 0.0294818 0.0369152 0.0278090 0.0146831 0.0293449 0.0317213 0.0207634 0.0331200 0.0220929 0.0375267 0.0204648 0.0266316 0.0364975 0.0222612 0.0234413 0.0284493 0.0261429 0.0161935 0.0311968 0.0227909 0.0298821 0.0224340 0.0336544 0.0296839 0.0254303 0.0250407 0.0224272 0.0313233 0.0431707 0.0225388 0.0180192 0.0240046 0.0324181 0.0326561 0.0235234 0.0222515 0.0204648 0.0178781 0.0269401 0.0280041 0.0344655 0.0235939 0.0268578 0.0318594 0.0271798 
pop1.indv17 0.0277572 0.0449885 0.0298619 0.0350901 0.0310944 0.0396566 0.0312130 0.0327983 0.0000000 0.0298194 0.0425674 0.0445352 0.0408628 0.0254134 0.0331297 0.0429800 0.0267641 0.0539539 0.0267959 0.0340654 0.0400221 0.0263494 0.0256078 0.0248802 0.0373751 0.0250536 0.0263976 0.0239780 0.0376925 0.0390625 0.0340576 0.0419997 0.0306534 0.0294424 0.0419887 0.0347074 0.0312574 0.0476531 0.0277958 0.0376094 0.0356666 0.0423801 0.0448032 0.0345491 0.0484633 0.0312928 0.0351478 0.0375919 0.0460404 0.0337376 0.0361675 0.0329718 0.0319079 0.0459256 0.0362812 0.0282228 0.0328677 0.0341880 0.0342760 0.0431395 0.0266829 0.0334192 0.0339053 0.0292306 0.0360357 0.0381721 0.0279134 0.0316393 0.0430648 0.0295188 0.0402617 0.0247433 0.0348752 0.0312483 0.0349364 
pop1.indv18 0.0192811 0.0221541 0.0334836 0.0336151 0.0178705 0.0269542 0.0285177 0.0237590 0.0298194 0.0000000 0.0225607 0.0228011 0.0294621 0.0225438 0.0212135 0.0337376 0.0151484 0.0330744 0.0239780 0.0239833 0.0228785 0.0334680 0.0271859 0.0329148 0.0238874 0.0208166 0.0316393 0.0304023 0.0225607 0.0317234 0.0283155 0.0421800 0.0252705 0.0329148 0.0364041 0.0256000 0.0269865 0.0269340 0.0333376 0.0328602 0.0266947 0.0287098 0.0343095 0.0257409 0.0331853 0.0287229 0.0324807 0.0207347 0.0432144 0.0230259 0.0255886 0.0290728 0.0291489 0.0274280 0.0225656 0.0253831 0.0237258 0.0299608 0.0354098 0.0270513 0.0305514 0.0258520 0.0332739 0.0360025 0.0285929 0.0284493 0.0251941 0.0258951 0.0290640 0.0251588 0.0398043 0.0269039 0.0197202 0.0352865 0.0258892 
pop1.indv19 0.0235836 0.0177560 0.0225021 0.0302567 0.0326656 0.0253285 0.0221187 0.0177393 0.0425674 0.0225607 0.0000000 0.0151628 0.0356748 0.0240747 0.0367627 0.0286881 0.0136678 0.0293665 0.0209220 0.0344893 0.0245247 0.0253116 0.0225338 0.0267760 0.0253944 0.0280309 0.0283346 0.0226496 0.0252593 0.0281099 0.0147285 0.0243324 0.0250996 0.0279648 0.0406038 0.0254720 0.0222466 0.0270047 0.0221072 0.0347154 0.0222612 0.0164653 0.0280703 0.0239654 0.0312341 0.0271654 0.0293039 0.0147058 0.0330896 0.0182984 0.0331929 0.0257409 0.0457518 0.0299316 0.0226295 0.0253004 0.0330972 0.0270371 0.0335659 0.0274217 0.0255465 0.0259699 0.0296706 0.0347578 0.0241358 0.0315174 0.0179445 0.0197289 0.0287992 0.0313986 0.0376094 0.0344655 0.0275201 0.0335069 0.0290640 
pop1.indv2  0.0191491 0.0234635 0.0208701 0.0323233 0.0280372 0.0254664 0.0256480 0.0236371 0.0445352 0.0228011 0.0151628 0.0000000 0.0298531 0.0196691 0.0288189 0.0286470 0.0180059 0.0253473 0.0165177 0.0252517 0.0386849 0.0209962 0.0210164 0.0300535 0.0267939 0.0122453 0.0239707 0.0184404 0.0150448 0.0268458 0.0192852 0.0244727 0.0220272 0.0307960 0.0297060 0.0352159 0.0196648 0.0249202 0.0282480 0.0281621 0.0219554 0.0303213 0.0232706 0.0226076 0.0377188 0.0334913 0.0219507 0.0163342 0.0253662 0.0211443 0.0254077 0.0181158 0.0309939 0.0253473 0.0256732 0.0192894 0.0254550 0.0240279 0.0256423 0.0356014 0.0194774 0.0181411 0.0238927 0.0316922 0.0267442 0.0301972 0.0177242 0.0288474 0.0241069 0.0280828 0.0237362 0.0315267 0.0241069 0.0272764 0.0305140 
pop1.indv20 0.0246521 0.0322669 0.0310504 0.0329869 0.0339129 0.0275716 0.0266690 0.0246575 0.0408628 0.0294621 0.0356748 0.0298531 0.0000000 0.0192852 0.0295802 0.0324348 0.0162609 0.0291750 0.0205640 0.0291473 0.0209916 0.0250242 0.0251885 0.0248405 0.0218354 0.0202685 0.0420083 0.0269280 0.0219969 0.0372227 0.0276802 0.0381811 0.0353391 0.0348530 0.0352631 0.0220881 0.0324588 0.0293991 0.0384575 0.0436990 0.0292286 0.0295802 0.0307597 0.0328207 0.0309490 0.0316320 0.0201138 0.0262380 0.0340170 0.0287163 0.0279463 0.0328602 0.0383233 0.0425451 0.0268718 0.0249365 0.0246628 0.0294490 0.0378024 0.0331374 0.0251477 0.0328998 0.0434551 0.0296507 0.0268898 0.0308758 0.0295386 0.0282480 0.0344814 0.0215902 0.0276037 0.0264538 0.0363065 0.0286124 0.0335247 
pop1.indv21 0.0178046 0.0253888 0.0197011 0.0278175 0.0300467 0.0195403 0.0225120 0.0207392 0.0254134 0.0225438 0.0240747 0.0196691 0.0192852 0.0000000 0.0227635 0.0257525 0.0138381 0.0193302 0.0240908 0.0238204 0.0247696 0.0181411 0.0211303 0.0256115 0.0150718 0.0223761 0.0305119 0.0274802 0.0165526 0.0238821 0.0283091 0.0311321 0.0222418 0.0177803 0.0224340 0.0321490 0.0213505 0.0196458 0.0300037 0.0384279 0.0270310 0.0274405 0.0397057 0.0229597 0.0285048 0.0290707 0.0247774 0.0285306 0.0319079 0.0310180 0.0255522 0.0197716 0.0264670 0.0289024 0.0257409 0.0178989 0.0239264 0.0301834 0.0290439 0.0340057 0.0274426 0.0213857 0.0268079 0.0238927 0.0290506 0.0242792 0.0237206 0.0291983 0.0226295 0.0299180 0.0316248 0.0254021 0.0184626 0.0339794 0.0275075 
pop1.indv22 0.0297972 0.0252406 0.0318154 0.0393115 0.0331853 0.0285306 0.0286405 0.0255387 0.0331297 0.0212135 0.0367627 0.0288189 0.0295802 0.0227635 0.0000000 0.0416538 0.0198127 0.0376290 0.0301400 0.0316299 0.0327319 0.0488218 0.0256925 0.0347739 0.0301104 0.0206162 0.0353742 0.0243031 0.0224025 0.0414879 0.0332180 0.0357439 0.0363956 0.0192363 0.0236700 0.0335972 0.0272517 0.0335403 0.0313680 0.0486968 0.0396285 0.0320945 0.0406133 0.0289376 0.0429780 0.0373779 0.0311898 0.0193119 0.0367259 0.0276817 0.0255636 0.0305281 0.0307593 0.0306386 0.0243085 0.0333277 0.0318059 0.0237590 0.0259009 0.0373309 0.0336644 0.0288606 0.0330571 0.0332739 0.0336129 0.0333355 0.0315483 0.0289930 0.0404725 0.0297060 0.0346572 0.0301400 0.0338689 0.0290908 0.0309482 
pop1.indv23 0.0236979 0.0281558 0.0269099 0.0439266 0.0314200 0.0256172 0.0349772 0.0225170 0.0429800 0.0337376 0.0286881 0.0286470 0.0324348 0.0257525 0.0416538 0.0000000 0.0151693 0.0296839 0.0165369 0.0361402 0.0276002 0.0301262 0.0353053 0.0269280 0.0254360 0.0164462 0.0284493 0.0256616 0.0270961 0.0269482 0.0330020 0.0372105 0.0280766 0.0233395 0.0393943 0.0418008 0.0272641 0.0315031 0.0251643 0.0395587 0.0359484 0.0319691 0.0315031 0.0288891 0.0414581 0.0308045 0.0296906 0.0313894 0.0363256 0.0276616 0.0348590 0.0434851 0.0327730 0.0350797 0.0288342 0.0298531 0.0376904 0.0361675 0.0386664 0.0341819 0.0268278 0.0238486 0.0377826 0.0350120 0.0256308 0.0346390 0.0253060 0.0244783 0.0335481 0.0327271 0.0299248 0.0345412 0.0275264 0.0386664 0.0439266 
pop1.indv24 0.0206535 0.0221945 0.0269865 0.0336565 0.0221752 0.0179275 0.0166092 0.0207150 0.0267641 0.0151484 0.0136678 0.0180059 0.0162609 0.0138381 0.0198127 0.0151693 0.0000000 0.0191754 0.0151935 0.0207437 0.0258637 0.0225656 0.0181665 0.0254190 0.0222090 0.0163788 0.0208302 0.0153419 0.0122813 0.0208546 0.0207923 0.0228940 0.0236441 0.0218559 0.0393851 0.0240279 0.0239105 0.0151549 0.0179066 0.0179028 0.0178329 0.0194774 0.0220159 0.0241647 0.0178459 0.0194774 0.0235612 0.0149723 0.0301331 0.0243783 0.0284770 0.0336723 0.0293564 0.0208928 0.0227756 0.0207392 0.0208211 0.0122478 0.0257467 0.0289796 0.0240908 0.0138795 0.0267006 0.0238874 0.0195088 0.0191918 0.0207302 0.0225756 0.0196968 0.0266572 0.0253775 0.0193570 0.0240727 0.0241701 0.0245846 
pop1.indv25 0.0290601 0.0262821 0.0327983 0.0382487 0.0404765 0.0345073 0.0311898 0.0281349 0.0539539 0.0330744 0.0293665 0.0253473 0.0291750 0.0193302 0.0376290 0.0296839 0.0191754 0.0000000 0.0263918 0.0390422 0.0366094 0.0386786 0.0348855 0.0373299 0.0321150 0.0307529 0.0422441 0.0426302 0.0263802 0.0358286 0.0415968 0.0417060 0.0413682 0.0306310 0.0484150 0.0396869 0.0373127 0.0249547 0.0402430 0.0472291 0.0275336 0.0316393 0.0417675 0.0408511 0.0469171 0.0316393 0.0289334 0.0341139 0.0457893 0.0352782 0.0359402 0.0394057 0.0435719 0.0327419 0.0347497 0.0378201 0.0250168 0.0371523 0.0375375 0.0397760 0.0344655 0.0331374 0.0403293 0.0342036 0.0282291 0.0293104 0.0264654 0.0281349 0.0377562 0.0404367 0.0418788 0.0418984 0.0412938 0.0425978 0.0415938 
pop1.indv3  0.0202625 0.0206730 0.0255216 0.0167178 0.0221541 0.0180231 0.0193695 0.0250571 0.0267959 0.0239780 0.0209220 0.0165177 0.0205640 0.0240908 0.0301400 0.0165369 0.0151935 0.0263918 0.0000000 0.0265746 0.0181959 0.0191352 0.0254494 0.0236875 0.0250921 0.0134835 0.0165511 0.0136678 0.0207061 0.0268958 0.0189025 0.0242391 0.0162830 0.0205684 0.0478058 0.0272971 0.0226245 0.0254324 0.0250646 0.0328677 0.0177841 0.0180481 0.0248911 0.0195634 0.0332564 0.0241250 0.0232756 0.0177393 0.0222874 0.0274467 0.0222776 0.0257525 0.0275538 0.0255444 0.0225925 0.0179313 0.0166092 0.0268778 0.0268578 0.0196605 0.0209083 0.0239887 0.0309469 0.0206730 0.0164758 0.0313823 0.0176835 0.0180850 0.0302914 0.0252761 0.0133697 0.0224340 0.0210008 0.0242100 0.0303004 
pop1.indv4  0.0309400 0.0250004 0.0330495 0.0315411 0.0373041 0.0219253 0.0380042 0.0279319 0.0340654 0.0239833 0.0344893 0.0252517 0.0291473 0.0238204 0.0316299 0.0361402 0.0207437 0.0390422 0.0265746 0.0000000 0.0318447 0.0341527 0.0282691 0.0268258 0.0281016 0.0345730 0.0265140 0.0315627 0.0296706 0.0280766 0.0310783 0.0302477 0.0370631 0.0335010 0.0519722 0.0330647 0.0347235 0.0325950 0.0404064 0.0423380 0.0279257 0.0445782 0.0382564 0.0361402 0.0310135 0.0331200 0.0322741 0.0235663 0.0376094 0.0271327 0.0277308 0.0361675 0.0453221 0.0360191 0.0254360 0.0309033 0.0442693 0.0357259 0.0348245 0.0414362 0.0330972 0.0252928 0.0384202 0.0426505 0.0266947 0.0358018 0.0264401 0.0313751 0.0378378 0.0390332 0.0375723 0.0357526 0.0331908 0.0301972 0.0349609 
pop1.indv5  0.0238539 0.0300535 0.0273551 0.0342329 0.0256559 0.0240046 0.0288058 0.0271266 0.0400221 0.0228785 0.0245247 0.0386849 0.0209916 0.0247696 0.0327319 0.0276002 0.0258637 0.0366094 0.0181959 0.0318447 0.0000000 0.0258892 0.0229772 0.0181784 0.0320306 0.0242228 0.0352782 0.0139961 0.0255636 0.0337297 0.0241358 0.0325608 0.0285585 0.0314272 0.0445674 0.0184626 0.0273759 0.0305352 0.0335559 0.0421574 0.0318836 0.0242337 0.0395100 0.0185152 0.0367259 0.0262736 0.0333939 0.0209558 0.0370446 0.0312470 0.0273033 0.0325861 0.0396022 0.0386457 0.0216015 0.0256000 0.0270432 0.0304535 0.0274824 0.0230820 0.0275348 0.0374903 0.0367172 0.0211350 0.0290151 0.0226989 0.0180945 0.0260949 0.0356545 0.0284706 0.0242575 0.0352180 0.0261388 0.0292907 0.0346989 
pop1.indv6  0.0219112 0.0267204 0.0312786 0.0226195 0.0296993 0.0269663 0.0239264 0.0176835 0.0263494 0.0334680 0.0253116 0.0209962 0.0250242 0.0181411 0.0488218 0.0301262 0.0225656 0.0386786 0.0191352 0.0341527 0.0258892 0.0000000 0.0314959 0.0409304 0.0267442 0.0264965 0.0280828 0.0287163 0.0284301 0.0377738 0.0266080 0.0370446 0.0323434 0.0294555 0.0341704 0.0286210 0.0312716 0.0298821 0.0342447 0.0443476 0.0250996 0.0301194 0.0356320 0.0255943 0.0371247 0.0270047 0.0281036 0.0313751 0.0344418 0.0354160 0.0346572 0.0333706 0.0288825 0.0380131 0.0288408 0.0298889 0.0237870 0.0393388 0.0449153 0.0334292 0.0271348 0.0254190 0.0280309 0.0343923 0.0240566 0.0360441 0.0235785 0.0240386 0.0394728 0.0359942 0.0264907 0.0344576 0.0271144 0.0366094 0.0367909 
pop1.indv7  0.0179368 0.0193077 0.0193653 0.0262554 0.0255408 0.0335169 0.0223565 0.0179407 0.0256078 0.0271859 0.0225338 0.0210164 0.0251885 0.0211303 0.0256925 0.0353053 0.0181665 0.0348855 0.0254494 0.0282691 0.0229772 0.0314959 0.0000000 0.0270635 0.0287360 0.0165755 0.0257099 0.0212596 0.0210164 0.0315577 0.0240693 0.0274740 0.0314436 0.0235785 0.0411936 0.0245081 0.0240406 0.0450617 0.0299113 0.0284770 0.0164392 0.0242520 0.0283155 0.0323308 0.0283833 0.0288957 0.0237102 0.0195275 0.0301993 0.0278239 0.0301262 0.0213106 0.0360411 0.0337635 0.0227534 0.0238980 0.0287774 0.0270635 0.0229165 0.0259581 0.0183122 0.0211948 0.0301834 0.0285521 0.0287511 0.0270757 0.0252239 0.0167447 0.0274342 0.0237766 0.0239336 0.0285391 0.0323460 0.0245846 0.0276553 
pop1.indv8  0.0219460 0.0357341 0.0393481 0.0305070 0.0343587 0.0282881 0.0315031 0.0264654 0.0248802 0.0329148 0.0267760 0.0300535 0.0248405 0.0256115 0.0347739 0.0269280 0.0254190 0.0373299 0.0236875 0.0268258 0.0181784 0.0409304 0.0270635 0.0000000 0.0281809 0.0264285 0.0394428 0.0223976 0.0237258 0.0342682 0.0249256 0.0384553 0.0262209 0.0279648 0.0326414 0.0288408 0.0313986 0.0253229 0.0236267 0.0316922 0.0312624 0.0350283 0.0389112 0.0302269 0.0312857 0.0254077 0.0279524 0.0279772 0.0312786 0.0288540 0.0361927 0.0269663 0.0440152 0.0381361 0.0257467 0.0220719 0.0267561 0.0279586 0.0401297 0.0352346 0.0252239 0.0350879 0.0298039 0.0340576 0.0348915 0.0297194 0.0311596 0.0256365 0.0369064 0.0343430 0.0341704 0.0279195 0.0334503 0.0300604 0.0288408 
pop1.indv9  0.0250516 0.0308668 0.0268398 0.0287294 0.0373213 0.0221475 0.0178820 0.0252629 0.0373751 0.0238874 0.0253944 0.0267939 0.0218354 0.0150718 0.0301104 0.0254360 0.0222090 0.0321150 0.0250921 0.0281016 0.0320306 0.0267442 0.0287360 0.0281809 0.0000000 0.0281683 0.0238237 0.0272228 0.0293579 0.0264750 0.0277826 0.0285564 0.0309469 0.0307734 0.0354455 0.0300898 0.0314343 0.0358884 0.0312179 0.0330322 0.0311806 0.0346390 0.0277683 0.0269905 0.0312483 0.0289090 0.0264149 0.0281078 0.0344397 0.0273406 0.0423160 0.0255636 0.0323135 0.0285435 0.0241123 0.0236526 0.0223644 0.0345810 0.0315844 0.0335403 0.0194732 0.0302775 0.0309469 0.0297616 0.0193368 0.0325708 0.0161649 0.0318594 0.0332235 0.0340401 0.0357505 0.0280558 0.0151372 0.0287708 0.0306906 
pop2.indv1  0.0203640 0.0220272 0.0163753 0.0380980 0.0204152 0.0193570 0.0234858 0.0174694 0.0250536 0.0208166 0.0280309 0.0122453 0.0202685 0.0223761 0.0206162 0.0164462 0.0163788 0.0307529 0.0134835 0.0345730 0.0242228 0.0264965 0.0165755 0.0264285 0.0281683 0.0000000 0.0205596 0.0253305 0.0279916 0.0291622 0.0305390 0.0272044 0.0160286 0.0214986 0.0277450 0.0269542 0.0147787 0.0282354 0.0218214 0.0279978 0.0189794 0.0192240 0.0292844 0.0223350 0.0293665 0.0255273 0.0291686 0.0203450 0.0324348 0.0254550 0.0178459 0.0269099 0.0238539 0.0266139 0.0209714 0.0309192 0.0191836 0.0206162 0.0282965 0.0209284 0.0221849 0.0190749 0.0262400 0.0326435 0.0191976 0.0265140 0.0190012 0.0164914 0.0253831 0.0218859 0.0291899 0.0203364 0.0180270 0.0221945 0.0270635 
pop2.indv10 0.0250004 0.0390513 0.0269220 0.0335816 0.0280041 0.0375723 0.0283219 0.0312109 0.0263976 0.0316393 0.0283346 0.0239707 0.0420083 0.0305119 0.0353742 0.0284493 0.0208302 0.0422441 0.0165511 0.0265140 0.0352782 0.0280828 0.0257099 0.0394428 0.0238237 0.0205596 0.0000000 0.0269784 0.0391558 0.0264887 0.0308166 0.0334248 0.0263416 0.0323123 0.0438272 0.0331755 0.0312857 0.0297616 0.0205121 0.0340808 0.0250407 0.0298531 0.0276600 0.0315174 0.0291879 0.0179143 0.0368775 0.0313070 0.0295716 0.0286319 0.0344655 0.0271532 0.0210552 0.0331124 0.0317068 0.0296906 0.0358183 0.0282334 0.0329847 0.0314058 0.0254190 0.0268958 0.0276600 0.0284899 0.0238361 0.0329299 0.0219951 0.0270675 0.0346812 0.0308393 0.0323869 0.0282207 0.0225270 0.0314179 0.0307213 
pop2.indv11 0.0223399 0.0135623 0.0194107 0.0323959 0.0345412 0.0303722 0.0241250 0.0254854 0.0239780 0.0304023 0.0226496 0.0184404 0.0269280 0.0274802 0.0243031 0.0256616 0.0153419 0.0426302 0.0136678 0.0315627 0.0139961 0.0287163 0.0212596 0.0223976 0.0272228 0.0253305 0.0269784 0.0000000 0.0237485 0.0255636 0.0250297 0.0230363 0.0297281 0.0191009 0.0536818 0.0243619 0.0253775 0.0272311 0.0222825 0.0313304 0.0269663 0.0227210 0.0269099 0.0210054 0.0298754 0.0289730 0.0281161 0.0252872 0.0267700 0.0246616 0.0304163 0.0228234 0.0311563 0.0257409 0.0271593 0.0254968 0.0287360 0.0164618 0.0301468 0.0245081 0.0195148 0.0244024 0.0298329 0.0269805 0.0269602 0.0300173 0.0253060 0.0226516 0.0304093 0.0300037 0.0192322 0.0238874 0.0230591 0.0241809 0.0213457 
pop2.indv12 0.0219112 0.0203554 0.0254380 0.0320647 0.0311827 0.0299180 0.0268398 0.0178536 0.0376925 0.0225607 0.0252593 0.0150448 0.0219969 0.0165526 0.0224025 0.0270961 0.0122813 0.0263802 0.0207061 0.0296706 0.0255636 0.0284301 0.0210164 0.0237258 0.0293579 0.0279916 0.0391558 0.0237485 0.0000000 0.0296154 0.0173920 0.0287643 0.0219018 0.0231703 0.0420913 0.0224922 0.0223301 0.0205834 0.0221235 0.0357014 0.0189201 0.0237206 0.0324807 0.0192628 0.0340576 0.0135383 0.0175292 0.0190708 0.0266829 0.0166020 0.0266829 0.0196286 0.0275875 0.0237258 0.0255102 0.0251402 0.0268138 0.0162795 0.0283833 0.0288058 0.0194689 0.0180867 0.0294555 0.0251830 0.0282691 0.0177765 0.0120435 0.0240333 0.0301262 0.0326192 0.0248116 0.0281432 0.0182470 0.0240459 0.0290795 
pop2.indv13 0.0190789 0.0279648 0.0330571 0.0334602 0.0307892 0.0266257 0.0315865 0.0249894 0.0390625 0.0317234 0.0281099 0.0268458 0.0372227 0.0238821 0.0414879 0.0269482 0.0208546 0.0358286 0.0268958 0.0280766 0.0337297 0.0377738 0.0315577 0.0342682 0.0264750 0.0291622 0.0264887 0.0255636 0.0296154 0.0000000 0.0249256 0.0319691 0.0293319 0.0201180 0.0403876 0.0365643 0.0251292 0.0344655 0.0220367 0.0248621 0.0280041 0.0375549 0.0369743 0.0281286 0.0277572 0.0254247 0.0383567 0.0278867 0.0293449 0.0318689 0.0313162 0.0368627 0.0444796 0.0285929 0.0286470 0.0266257 0.0327494 0.0314579 0.0298173 0.0318763 0.0208655 0.0298754 0.0389766 0.0359484 0.0237766 0.0192628 0.0249256 0.0224705 0.0299472 0.0308324 0.0309400 0.0295320 0.0272167 0.0330571 0.0241593 
pop2.indv14 0.0261316 0.0248513 0.0251292 0.0254324 0.0355913 0.0236267 0.0293795 0.0294818 0.0340576 0.0283155 0.0147285 0.0192852 0.0276802 0.0283091 0.0332180 0.0330020 0.0207923 0.0415968 0.0189025 0.0310783 0.0241358 0.0266080 0.0240693 0.0249256 0.0277826 0.0305390 0.0308166 0.0250297 0.0173920 0.0249256 0.0000000 0.0166749 0.0290621 0.0275596 0.0321764 0.0268398 0.0203088 0.0262038 0.0202728 0.0307167 0.0274320 0.0236441 0.0276479 0.0221849 0.0339282 0.0281224 0.0271417 0.0218056 0.0279134 0.0137082 0.0295254 0.0253173 0.0332892 0.0340247 0.0193570 0.0219601 0.0263976 0.0324567 0.0329944 0.0330095 0.0205640 0.0283028 0.0385766 0.0178459 0.0312999 0.0325027 0.0203831 0.0254247 0.0224075 0.0261981 0.0261790 0.0234210 0.0238697 0.0313233 0.0209916 
pop2.indv15 0.0195591 0.0271083 0.0287992 0.0276956 0.0351147 0.0288540 0.0243783 0.0369152 0.0419997 0.0421800 0.0243324 0.0244727 0.0381811 0.0311321 0.0357439 0.0372105 0.0228940 0.0417060 0.0242391 0.0302477 0.0325608 0.0370446 0.0274740 0.0384553 0.0285564 0.0272044 0.0334248 0.0230363 0.0287643 0.0319691 0.0166749 0.0000000 0.0332815 0.0329944 0.0569252 0.0323709 0.0273946 0.0275812 0.0223234 0.0288957 0.0332006 0.0291287 0.0314722 0.0373959 0.0366546 0.0338291 0.0364851 0.0224754 0.0353742 0.0230643 0.0288540 0.0245323 0.0402068 0.0309482 0.0213505 0.0242391 0.0338871 0.0366805 0.0260570 0.0261970 0.0306692 0.0275938 0.0348488 0.0322757 0.0337038 0.0348245 0.0192935 0.0342492 0.0389079 0.0364659 0.0257778 0.0352098 0.0277756 0.0198084 0.0233518 
pop2.indv16 0.0173884 0.0262038 0.0406344 0.0254021 0.0219318 0.0220320 0.0251643 0.0278090 0.0306534 0.0252705 0.0250996 0.0220272 0.0353391 0.0222418 0.0363956 0.0280766 0.0236441 0.0413682 0.0162830 0.0370631 0.0285585 0.0323434 0.0314436 0.0262209 0.0309469 0.0160286 0.0263416 0.0297281 0.0219018 0.0293319 0.0290621 0.0332815 0.0000000 0.0259997 0.0419788 0.0396963 0.0297281 0.0294970 0.0276540 0.0309261 0.0306670 0.0266080 0.0348199 0.0266198 0.0370292 0.0327345 0.0200064 0.0232656 0.0340576 0.0318763 0.0325047 0.0254021 0.0334836 0.0342036 0.0313680 0.0205077 0.0263551 0.0359506 0.0330419 0.0380801 0.0297482 0.0360629 0.0323506 0.0264596 0.0297348 0.0329772 0.0132161 0.0193469 0.0375832 0.0381587 0.0264169 0.0263128 0.0300037 0.0312271 0.0349446 
pop2.indv17 0.0147133 0.0216873 0.0311757 0.0299404 0.0259940 0.0292500 0.0310504 0.0146831 0.0294424 0.0329148 0.0279648 0.0307960 0.0348530 0.0177803 0.0192363 0.0233395 0.0218559 0.0306310 0.0205684 0.0335010 0.0314272 0.0294555 0.0235785 0.0279648 0.0307734 0.0214986 0.0323123 0.0191009 0.0231703 0.0201180 0.0275596 0.0329944 0.0259997 0.0000000 0.0396599 0.0281558 0.0343095 0.0307960 0.0202540 0.0290199 0.0230544 0.0266395 0.0287683 0.0293795 0.0291004 0.0235990 0.0186427 0.0231122 0.0218513 0.0253473 0.0294904 0.0329320 0.0240566 0.0263358 0.0251699 0.0340886 0.0247701 0.0247486 0.0265082 0.0314579 0.0234159 0.0375549 0.0337294 0.0311014 0.0176797 0.0216735 0.0262152 0.0176557 0.0326340 0.0262821 0.0203003 0.0278284 0.0266572 0.0331526 0.0180481 
pop2.indv18 0.0310205 0.0469376 0.0329223 0.0518703 0.0405143 0.0311968 0.0427339 0.0293449 0.0419887 0.0364041 0.0406038 0.0297060 0.0352631 0.0224340 0.0236700 0.0393943 0.0393851 0.0484150 0.0478058 0.0519722 0.0445674 0.0341704 0.0411936 0.0326414 0.0354455 0.0277450 0.0438272 0.0536818 0.0420913 0.0403876 0.0321764 0.0569252 0.0419788 0.0396599 0.0000000 0.0331602 0.0375549 0.0471121 0.0326730 0.0488217 0.0356993 0.0409110 0.0385479 0.0311525 0.0453295 0.0414780 0.0398023 0.0338226 0.0405448 0.0333608 0.0408917 0.0382758 0.0369348 0.0377013 0.0363510 0.0390513 0.0326635 0.0523101 0.0394635 0.0466898 0.0347578 0.0332410 0.0467088 0.0420596 0.0392609 0.0423060 0.0390241 0.0442375 0.0481083 0.0337770 0.0422242 0.0356238 0.0535167 0.0447224 0.0436164 
pop2.indv19 0.0251643 0.0281558 0.0257467 0.0374633 0.0363701 0.0304093 0.0289310 0.0317213 0.0347074 0.0256000 0.0254720 0.0352159 0.0220881 0.0321490 0.0335972 0.0418008 0.0240279 0.0396869 0.0272971 0.0330647 0.0184626 0.0286210 0.0245081 0.0288408 0.0300898 0.0269542 0.0331755 0.0243619 0.0224922 0.0365643 0.0268398 0.0323709 0.0396963 0.0281558 0.0331602 0.0000000 0.0303304 0.0366094 0.0312786 0.0346230 0.0299744 0.0210802 0.0341937 0.0317162 0.0330419 0.0212248 0.0361318 0.0238080 0.0334270 0.0275327 0.0211443 0.0370821 0.0356906 0.0350879 0.0211350 0.0347659 0.0271205 0.0300467 0.0241647 0.0289730 0.0242228 0.0306173 0.0427034 0.0313772 0.0239601 0.0331297 0.0237154 0.0227039 0.0243160 0.0250133 0.0411426 0.0365471 0.0213952 0.0306621 0.0355845 
pop2.indv2  0.0192363 0.0296573 0.0179236 0.0288891 0.0250831 0.0315174 0.0180020 0.0207634 0.0312574 0.0269865 0.0222466 0.0196648 0.0324588 0.0213505 0.0272517 0.0272641 0.0239105 0.0373127 0.0226245 0.0347235 0.0273759 0.0312716 0.0240406 0.0313986 0.0314343 0.0147787 0.0312857 0.0253775 0.0223301 0.0251292 0.0203088 0.0273946 0.0297281 0.0343095 0.0375549 0.0303304 0.0000000 0.0349180 0.0326656 0.0328207 0.0315102 0.0301125 0.0425978 0.0303883 0.0409014 0.0305726 0.0263724 0.0251754 0.0376181 0.0276744 0.0195275 0.0256674 0.0353053 0.0411622 0.0257099 0.0281955 0.0312483 0.0239211 0.0368802 0.0339634 0.0284642 0.0242283 0.0327663 0.0333629 0.0285994 0.0326730 0.0262764 0.0255216 0.0301696 0.0297415 0.0328132 0.0313538 0.0318910 0.0367888 0.0354622 
pop2.indv20 0.0205314 0.0264965 0.0333706 0.0384187 0.0343587 0.0252761 0.0269280 0.0331200 0.0476531 0.0269340 0.0270047 0.0249202 0.0293991 0.0196458 0.0335403 0.0315031 0.0151549 0.0249547 0.0254324 0.0325950 0.0305352 0.0298821 0.0450617 0.0253229 0.0358884 0.0282354 0.0297616 0.0272311 0.0205834 0.0344655 0.0262038 0.0275812 0.0294970 0.0307960 0.0471121 0.0366094 0.0349180 0.0000000 0.0251941 0.0327122 0.0330095 0.0254911 0.0324348 0.0360796 0.0407414 0.0334581 0.0276540 0.0293991 0.0378665 0.0226566 0.0346994 0.0337218 0.0388495 0.0268458 0.0367996 0.0360357 0.0296839 0.0265336 0.0364851 0.0413057 0.0303304 0.0348509 0.0341217 0.0345073 0.0415817 0.0208302 0.0295320 0.0303074 0.0319396 0.0311827 0.0296088 0.0443051 0.0273033 0.0359071 0.0307306 
pop2.indv21 0.0174621 0.0279257 0.0312716 0.0239780 0.0389585 0.0324494 0.0362453 0.0220929 0.0277958 0.0333376 0.0221072 0.0282480 0.0384575 0.0300037 0.0313680 0.0251643 0.0179066 0.0402430 0.0250646 0.0404064 0.0335559 0.0342447 0.0299113 0.0236267 0.0312179 0.0218214 0.0205121 0.0222825 0.0221235 0.0220367 0.0202728 0.0223234 0.0276540 0.0202540 0.0326730 0.0312786 0.0326656 0.0251941 0.0000000 0.0295167 0.0292694 0.0238486 0.0276218 0.0236875 0.0324108 0.0266257 0.0202497 0.0190092 0.0373579 0.0349772 0.0251347 0.0269986 0.0352699 0.0297194 0.0267760 0.0264712 0.0295518 0.0233938 0.0330171 0.0238821 0.0191532 0.0329395 0.0278090 0.0236493 0.0249602 0.0249202 0.0247146 0.0252761 0.0330896 0.0247486 0.0261486 0.0250004 0.0268698 0.0346652 0.0238152 
pop2.indv22 0.0339282 0.0294142 0.0286405 0.0363871 0.0296573 0.0331679 0.0329621 0.0375267 0.0376094 0.0328602 0.0347154 0.0281621 0.0436990 0.0384279 0.0486968 0.0395587 0.0179028 0.0472291 0.0328677 0.0423380 0.0421574 0.0443476 0.0284770 0.0316922 0.0330322 0.0279978 0.0340808 0.0313304 0.0357014 0.0248621 0.0307167 0.0288957 0.0309261 0.0290199 0.0488217 0.0346230 0.0328207 0.0327122 0.0295167 0.0000000 0.0245617 0.0382013 0.0337770 0.0366266 0.0451521 0.0222971 0.0417869 0.0385568 0.0374464 0.0289863 0.0448478 0.0384187 0.0422955 0.0391854 0.0383143 0.0220320 0.0221379 0.0411426 0.0364659 0.0302200 0.0330896 0.0334270 0.0404462 0.0425876 0.0411015 0.0361486 0.0217963 0.0301765 0.0398918 0.0263051 0.0406725 0.0345571 0.0332487 0.0419875 0.0368257 
pop2.indv23 0.0175476 0.0232706 0.0236700 0.0349017 0.0220367 0.0264285 0.0312483 0.0204648 0.0356666 0.0266947 0.0222612 0.0219554 0.0292286 0.0270310 0.0396285 0.0359484 0.0178329 0.0275336 0.0177841 0.0279257 0.0318836 0.0250996 0.0164392 0.0312624 0.0311806 0.0189794 0.0250407 0.0269663 0.0189201 0.0280041 0.0274320 0.0332006 0.0306670 0.0230544 0.0356993 0.0299744 0.0315102 0.0330095 0.0292694 0.0245617 0.0000000 0.0224340 0.0244125 0.0266690 0.0471008 0.0252517 0.0247486 0.0216919 0.0252350 0.0241809 0.0281161 0.0298619 0.0288606 0.0330874 0.0223136 0.0279772 0.0220206 0.0295869 0.0300535 0.0210598 0.0268958 0.0252816 0.0278478 0.0328207 0.0265942 0.0313965 0.0189971 0.0239761 0.0268778 0.0246237 0.0233565 0.0189714 0.0284493 0.0316683 0.0306999 
pop2.indv24 0.0263186 0.0265278 0.0317089 0.0406263 0.0296022 0.0299113 0.0240173 0.0266316 0.0423801 0.0287098 0.0164653 0.0303213 0.0295802 0.0274405 0.0320945 0.0319691 0.0194774 0.0316393 0.0180481 0.0445782 0.0242337 0.0301194 0.0242520 0.0350283 0.0346390 0.0192240 0.0298531 0.0227210 0.0237206 0.0375549 0.0236441 0.0291287 0.0266080 0.0266395 0.0409110 0.0210802 0.0301125 0.0254911 0.0238486 0.0382013 0.0224340 0.0000000 0.0294555 0.0227261 0.0377826 0.0225925 0.0262821 0.0178612 0.0267641 0.0258578 0.0254437 0.0288474 0.0339634 0.0195275 0.0196562 0.0361759 0.0221541 0.0328602 0.0335737 0.0351498 0.0241992 0.0181490 0.0341781 0.0254684 0.0283897 0.0346652 0.0204710 0.0181198 0.0287098 0.0284642 0.0295254 0.0285585 0.0289730 0.0183064 0.0245734 
pop2.indv25 0.0216735 0.0351636 0.0313772 0.0300761 0.0386518 0.0325876 0.0294970 0.0364975 0.0448032 0.0343095 0.0280703 0.0232706 0.0307597 0.0397057 0.0406133 0.0315031 0.0220159 0.0417675 0.0248911 0.0382564 0.0395100 0.0356320 0.0283155 0.0389112 0.0277683 0.0292844 0.0276600 0.0269099 0.0324807 0.0369743 0.0276479 0.0314722 0.0348199 0.0287683 0.0385479 0.0341937 0.0425978 0.0324348 0.0276218 0.0337770 0.0244125 0.0294555 0.0000000 0.0359319 0.0481904 0.0345073 0.0335725 0.0260767 0.0324661 0.0329299 0.0457325 0.0282165 0.0448696 0.0280953 0.0250646 0.0262209 0.0293254 0.0249256 0.0375723 0.0463977 0.0330095 0.0377013 0.0352133 0.0370271 0.0249310 0.0492251 0.0292565 0.0377188 0.0362285 0.0386142 0.0278223 0.0370461 0.0252461 0.0361654 0.0364936 
pop2.indv3  0.0121134 0.0267006 0.0334270 0.0262494 0.0283960 0.0225021 0.0273551 0.0222612 0.0345491 0.0257409 0.0239654 0.0226076 0.0328207 0.0229597 0.0289376 0.0288891 0.0241647 0.0408511 0.0195634 0.0361402 0.0185152 0.0255943 0.0323308 0.0302269 0.0269905 0.0223350 0.0315174 0.0210054 0.0192628 0.0281286 0.0221849 0.0373959 0.0266198 0.0293795 0.0311525 0.0317162 0.0303883 0.0360796 0.0236875 0.0366266 0.0266690 0.0227261 0.0359319 0.0000000 0.0331602 0.0242337 0.0295869 0.0221541 0.0314058 0.0310085 0.0387241 0.0321020 0.0324340 0.0369436 0.0240800 0.0240100 0.0225756 0.0398728 0.0287229 0.0288058 0.0255771 0.0306244 0.0313538 0.0268338 0.0270492 0.0256000 0.0165597 0.0225071 0.0274740 0.0206971 0.0295736 0.0268458 0.0213743 0.0306764 0.0198277 
pop2.indv4  0.0324807 0.0358122 0.0298821 0.0418635 0.0407223 0.0282291 0.0374919 0.0234413 0.0484633 0.0331853 0.0312341 0.0377188 0.0309490 0.0285048 0.0429780 0.0414581 0.0178459 0.0469171 0.0332564 0.0310135 0.0367259 0.0371247 0.0283833 0.0312857 0.0312483 0.0293665 0.0291879 0.0298754 0.0340576 0.0277572 0.0339282 0.0366546 0.0370292 0.0291004 0.0453295 0.0330419 0.0409014 0.0407414 0.0324108 0.0451521 0.0471008 0.0377826 0.0481904 0.0331602 0.0000000 0.0193511 0.0467551 0.0293384 0.0390150 0.0301537 0.0267065 0.0346332 0.0349017 0.0378201 0.0269865 0.0313141 0.0279772 0.0313233 0.0346572 0.0328677 0.0331624 0.0302706 0.0436352 0.0357096 0.0266947 0.0266257 0.0277379 0.0316082 0.0382013 0.0324348 0.0308166 0.0248802 0.0253285 0.0282417 0.0224705 
pop2.indv5  0.0221752 0.0285650 0.0255216 0.0291780 0.0313915 0.0253473 0.0321640 0.0284493 0.0312928 0.0287229 0.0271654 0.0334913 0.0316320 0.0290707 0.0373779 0.0308045 0.0194774 0.0316393 0.0241250 0.0331200 0.0262736 0.0270047 0.0288957 0.0254077 0.0289090 0.0255273 0.0179143 0.0289730 0.0135383 0.0254247 0.0281224 0.0338291 0.0327345 0.0235990 0.0414780 0.0212248 0.0305726 0.0334581 0.0266257 0.0222971 0.0252517 0.0225925 0.0345073 0.0242337 0.0193511 0.0000000 0.0327983 0.0239370 0.0332739 0.0155845 0.0429141 0.0276150 0.0411736 0.0336880 0.0225925 0.0224804 0.0180309 0.0209622 0.0306692 0.0338291 0.0228458 0.0272764 0.0314129 0.0302498 0.0304394 0.0196925 0.0121322 0.0244838 0.0258637 0.0279916 0.0269926 0.0284835 0.0197804 0.0273821 0.0359134 
pop2.indv6  0.0145309 0.0262266 0.0283091 0.0326287 0.0275276 0.0232287 0.0371694 0.0261429 0.0351478 0.0324807 0.0293039 0.0219507 0.0201138 0.0247774 0.0311898 0.0296906 0.0235612 0.0289334 0.0232756 0.0322741 0.0333939 0.0281036 0.0237102 0.0279524 0.0264149 0.0291686 0.0368775 0.0281161 0.0175292 0.0383567 0.0271417 0.0364851 0.0200064 0.0186427 0.0398023 0.0361318 0.0263724 0.0276540 0.0202497 0.0417869 0.0247486 0.0262821 0.0335725 0.0295869 0.0467551 0.0327983 0.0000000 0.0260410 0.0262649 0.0281036 0.0263071 0.0221849 0.0381160 0.0294142 0.0236216 0.0290877 0.0231486 0.0308029 0.0294207 0.0378024 0.0205121 0.0347074 0.0367645 0.0276419 0.0309331 0.0294273 0.0230347 0.0267442 0.0296640 0.0259884 0.0244125 0.0276359 0.0361927 0.0372484 0.0207634 
pop2.indv7  0.0189457 0.0173688 0.0237538 0.0253305 0.0296287 0.0236042 0.0282480 0.0161935 0.0375919 0.0207347 0.0147058 0.0163342 0.0262380 0.0285306 0.0193119 0.0313894 0.0149723 0.0341139 0.0177393 0.0235663 0.0209558 0.0313751 0.0195275 0.0279772 0.0281078 0.0203450 0.0313070 0.0252872 0.0190708 0.0278867 0.0218056 0.0224754 0.0232656 0.0231122 0.0338226 0.0238080 0.0251754 0.0293991 0.0190092 0.0385568 0.0216919 0.0178612 0.0260767 0.0221541 0.0293384 0.0239370 0.0260410 0.0000000 0.0354134 0.0195676 0.0208546 0.0268778 0.0337793 0.0283409 0.0193427 0.0236145 0.0310783 0.0277440 0.0236875 0.0196182 0.0279916 0.0379664 0.0322288 0.0295036 0.0266001 0.0220815 0.0147681 0.0270818 0.0385882 0.0234089 0.0232606 0.0248331 0.0255808 0.0266749 0.0286686 
pop2.indv8  0.0280579 0.0344418 0.0269482 0.0334447 0.0358204 0.0394728 0.0349772 0.0311968 0.0460404 0.0432144 0.0330896 0.0253662 0.0340170 0.0319079 0.0367259 0.0363256 0.0301331 0.0457893 0.0222874 0.0376094 0.0370446 0.0344418 0.0301993 0.0312786 0.0344397 0.0324348 0.0295716 0.0267700 0.0266829 0.0293449 0.0279134 0.0353742 0.0340576 0.0218513 0.0405448 0.0334270 0.0376181 0.0378665 0.0373579 0.0374464 0.0252350 0.0267641 0.0324661 0.0314058 0.0390150 0.0332739 0.0262649 0.0354134 0.0000000 0.0319543 0.0410023 0.0224872 0.0455426 0.0315267 0.0346412 0.0379953 0.0358802 0.0358204 0.0332815 0.0353053 0.0284514 0.0287033 0.0391376 0.0375462 0.0299045 0.0361235 0.0341393 0.0367172 0.0433231 0.0310804 0.0295188 0.0425775 0.0272641 0.0303074 0.0333222 
pop2.indv9  0.0255159 0.0271654 0.0229320 0.0343786 0.0347074 0.0257953 0.0258695 0.0227909 0.0337376 0.0230259 0.0182984 0.0211443 0.0287163 0.0310180 0.0276817 0.0276616 0.0243783 0.0352782 0.0274467 0.0271327 0.0312470 0.0354160 0.0278239 0.0288540 0.0273406 0.0254550 0.0286319 0.0246616 0.0166020 0.0318689 0.0137082 0.0230643 0.0318763 0.0253473 0.0333608 0.0275327 0.0276744 0.0226566 0.0349772 0.0289863 0.0241809 0.0258578 0.0329299 0.0310085 0.0301537 0.0155845 0.0281036 0.0195676 0.0319543 0.0000000 0.0212201 0.0290439 0.0345068 0.0273551 0.0213296 0.0287163 0.0368431 0.0241304 0.0356014 0.0295141 0.0228612 0.0214680 0.0381902 0.0356014 0.0260134 0.0226989 0.0195360 0.0231646 0.0374994 0.0320158 0.0270047 0.0289730 0.0245303 0.0243031 0.0314442 
pop3.indv1  0.0250187 0.0358988 0.0315865 0.0272517 0.0253361 0.0237818 0.0316849 0.0298821 0.0361675 0.0255886 0.0331929 0.0254077 0.0279463 0.0255522 0.0255636 0.0348590 0.0284770 0.0359402 0.0222776 0.0277308 0.0273033 0.0346572 0.0301262 0.0361927 0.0423160 0.0178459 0.0344655 0.0304163 0.0266829 0.0313162 0.0295254 0.0288540 0.0325047 0.0294904 0.0408917 0.0211443 0.0195275 0.0346994 0.0251347 0.0448478 0.0281161 0.0254437 0.0457325 0.0387241 0.0267065 0.0429141 0.0263071 0.0208546 0.0410023 0.0212201 0.0000000 0.0225557 0.0407273 0.0315031 0.0272888 0.0295935 0.0251457 0.0329696 0.0269542 0.0256000 0.0211443 0.0194233 0.0407914 0.0376465 0.0255216 0.0392037 0.0190968 0.0287012 0.0352098 0.0264965 0.0267581 0.0264596 0.0240226 0.0166785 0.0369261 
pop3.indv10 0.0283028 0.0285456 0.0272971 0.0227807 0.0269482 0.0244672 0.0288342 0.0224340 0.0329718 0.0290728 0.0257409 0.0181158 0.0328602 0.0197716 0.0305281 0.0434851 0.0336723 0.0394057 0.0257525 0.0361675 0.0325861 0.0333706 0.0213106 0.0269663 0.0255636 0.0269099 0.0271532 0.0228234 0.0196286 0.0368627 0.0253173 0.0245323 0.0254021 0.0329320 0.0382758 0.0370821 0.0256674 0.0337218 0.0269986 0.0384187 0.0298619 0.0288474 0.0282165 0.0321020 0.0346332 0.0276150 0.0221849 0.0268778 0.0224872 0.0290439 0.0225557 0.0000000 0.0409654 0.0257041 0.0212342 0.0209421 0.0360879 0.0314651 0.0319617 0.0276553 0.0209238 0.0256674 0.0350202 0.0331297 0.0288189 0.0399701 0.0134835 0.0337952 0.0352699 0.0254437 0.0315031 0.0253305 0.0243085 0.0286405 0.0243674 
