75
pop1.indv1  0.0000000 0.0320283 0.0325672 0.0379670 0.0325862 0.0324160 0.0289800 0.0345073 0.0291277 0.0360113 0.0307217 0.0361598 0.0308921 0.0323403 0.0384605 0.0313416 0.0306594 0.0332013 0.0364282 0.0318001 0.0328409 0.0354315 0.0314690 0.0367782 0.0300078 0.0400405 0.0360547 0.0304565 0.0395630 0.0403145 0.0349233 0.0381075 0.0384375 0.0340516 0.0434362 0.0380737 0.0331303 0.0316705 0.0359801 0.0397867 0.0418226 0.0348720 0.0366986 0.0348704 0.0292206 0.0380174 0.0404356 0.0335045 0.0351880 0.0396404 0.0352866 0.0371923 0.0337289 0.0357372 0.0312961 0.0337093 0.0345059 0.0380399 0.0383117 0.0348118 0.0326147 0.0332595 0.0348603 0.0340914 0.0361492 0.0376145 0.0370726 0.0332013 0.0360430 0.0348925 0.0339963 0.0367310 0.0351364 0.0347195 0.0367159 
pop1.indv2  0.0320283 0.0000000 0.0347700 0.0358213 0.0319724 0.0329511 0.0290982 0.0323300 0.0317850 0.0308291 0.0357674 0.0320530 0.0340006 0.0354799 0.0315912 0.0316173 0.0292460 0.0341266 0.0301178 0.0324639 0.0353021 0.0367595 0.0333179 0.0336025 0.0341568 0.0402425 0.0399148 0.0328027 0.0324635 0.0343392 0.0327320 0.0334347 0.0320436 0.0371136 0.0414177 0.0330914 0.0280813 0.0291406 0.0356512 0.0347913 0.0341367 0.0350780 0.0314788 0.0384967 0.0296576 0.0322825 0.0361529 0.0327931 0.0306435 0.0324064 0.0401103 0.0368395 0.0435409 0.0323971 0.0301472 0.0323026 0.0368504 0.0325398 0.0349877 0.0320719 0.0332867 0.0345768 0.0323309 0.0388070 0.0403145 0.0347202 0.0331239 0.0351092 0.0341467 0.0371578 0.0342579 0.0317537 0.0346480 0.0269955 0.0320814 
pop1.indv3  0.0325672 0.0347700 0.0000000 0.0368321 0.0285655 0.0308741 0.0340463 0.0329175 0.0286469 0.0308700 0.0288627 0.0350677 0.0367377 0.0344554 0.0357021 0.0288294 0.0314329 0.0333082 0.0293055 0.0358310 0.0326886 0.0331529 0.0330182 0.0321154 0.0332887 0.0362929 0.0383003 0.0310259 0.0338275 0.0386920 0.0290305 0.0347195 0.0306167 0.0328122 0.0372247 0.0389671 0.0352606 0.0318094 0.0323971 0.0370383 0.0351158 0.0310856 0.0335435 0.0378831 0.0344051 0.0322838 0.0360867 0.0351224 0.0365964 0.0375023 0.0375869 0.0345676 0.0378609 0.0363385 0.0397749 0.0329895 0.0316061 0.0331529 0.0299250 0.0313598 0.0376341 0.0328696 0.0383487 0.0314873 0.0360854 0.0351924 0.0387835 0.0325104 0.0390156 0.0359376 0.0339963 0.0362427 0.0306062 0.0344027 0.0346073 
pop1.indv4  0.0379670 0.0358213 0.0368321 0.0000000 0.0342948 0.0384739 0.0351674 0.0329322 0.0323781 0.0361685 0.0325482 0.0380962 0.0372468 0.0325577 0.0381142 0.0302108 0.0328792 0.0342350 0.0380849 0.0397986 0.0383966 0.0354315 0.0357387 0.0341655 0.0277435 0.0400997 0.0446534 0.0358850 0.0402425 0.0392927 0.0432765 0.0398698 0.0390272 0.0395045 0.0401462 0.0357057 0.0385425 0.0405432 0.0380687 0.0421370 0.0433841 0.0346988 0.0384625 0.0327171 0.0338374 0.0384397 0.0370805 0.0351735 0.0338473 0.0407258 0.0377277 0.0399319 0.0398256 0.0419610 0.0410348 0.0369729 0.0355463 0.0412245 0.0403507 0.0388532 0.0355463 0.0368970 0.0401591 0.0356743 0.0415241 0.0418341 0.0408643 0.0351777 0.0407711 0.0437252 0.0331143 0.0425877 0.0410593 0.0405553 0.0362989 
pop1.indv5  0.0325862 0.0319724 0.0285655 0.0342948 0.0000000 0.0348221 0.0341065 0.0343319 0.0267853 0.0322462 0.0297079 0.0333082 0.0329414 0.0330817 0.0338502 0.0300599 0.0336517 0.0341612 0.0321596 0.0331985 0.0323026 0.0376202 0.0340021 0.0274954 0.0316429 0.0416873 0.0372689 0.0347995 0.0351261 0.0380234 0.0309463 0.0366723 0.0324065 0.0327836 0.0345869 0.0353589 0.0318373 0.0295372 0.0334059 0.0334059 0.0324445 0.0353125 0.0340563 0.0339625 0.0304124 0.0321126 0.0388194 0.0374656 0.0323498 0.0347400 0.0379055 0.0394929 0.0372469 0.0337110 0.0360748 0.0367635 0.0323026 0.0330429 0.0342413 0.0355987 0.0369377 0.0337683 0.0307039 0.0346988 0.0365316 0.0365584 0.0363669 0.0327931 0.0335926 0.0380849 0.0292460 0.0367961 0.0342815 0.0333668 0.0344230 
pop1.indv6  0.0324160 0.0329511 0.0308741 0.0384739 0.0348221 0.0000000 0.0288981 0.0300738 0.0294674 0.0338702 0.0325302 0.0353075 0.0351758 0.0351548 0.0306998 0.0293481 0.0323110 0.0354694 0.0357767 0.0366457 0.0356828 0.0363453 0.0362453 0.0304477 0.0285212 0.0382093 0.0386918 0.0289212 0.0316730 0.0398155 0.0334843 0.0329803 0.0312110 0.0344129 0.0401814 0.0355010 0.0320341 0.0334846 0.0377161 0.0319965 0.0365475 0.0361081 0.0340864 0.0317630 0.0360974 0.0334744 0.0365417 0.0340764 0.0317757 0.0355293 0.0362989 0.0348016 0.0345657 0.0329608 0.0353856 0.0337308 0.0326934 0.0336132 0.0338029 0.0363562 0.0374800 0.0402663 0.0343521 0.0341165 0.0326356 0.0358195 0.0353751 0.0408977 0.0355959 0.0346580 0.0327998 0.0374019 0.0291066 0.0321287 0.0383546 
pop1.indv7  0.0289800 0.0290982 0.0340463 0.0351674 0.0341065 0.0288981 0.0000000 0.0308291 0.0325215 0.0322730 0.0324350 0.0335740 0.0331662 0.0342477 0.0343568 0.0303321 0.0321003 0.0297182 0.0279931 0.0305373 0.0362667 0.0348118 0.0291867 0.0326623 0.0272398 0.0351467 0.0378817 0.0295973 0.0336231 0.0347095 0.0337928 0.0344106 0.0332748 0.0344840 0.0362587 0.0365316 0.0310462 0.0313962 0.0341625 0.0393326 0.0326452 0.0342073 0.0350263 0.0305453 0.0285295 0.0341669 0.0336341 0.0323592 0.0304477 0.0359162 0.0351715 0.0354484 0.0384031 0.0345554 0.0350988 0.0354589 0.0367486 0.0370457 0.0386331 0.0367005 0.0342338 0.0372466 0.0354589 0.0357145 0.0373582 0.0328875 0.0332595 0.0340207 0.0352865 0.0361081 0.0355080 0.0384146 0.0325302 0.0325408 0.0327901 
pop1.indv8  0.0345073 0.0323300 0.0329175 0.0329322 0.0343319 0.0300738 0.0308291 0.0000000 0.0280894 0.0278632 0.0294008 0.0361940 0.0349747 0.0359164 0.0365475 0.0275507 0.0301998 0.0377983 0.0337805 0.0315525 0.0365802 0.0336715 0.0308790 0.0307900 0.0331722 0.0412000 0.0367923 0.0292153 0.0365532 0.0335438 0.0354275 0.0333472 0.0332474 0.0331529 0.0369403 0.0383261 0.0309011 0.0319817 0.0374911 0.0371136 0.0368722 0.0410838 0.0365964 0.0308879 0.0320470 0.0350057 0.0350606 0.0305797 0.0279920 0.0325972 0.0374656 0.0365640 0.0387840 0.0345160 0.0392225 0.0388070 0.0345160 0.0379330 0.0331400 0.0376483 0.0364931 0.0306151 0.0312326 0.0302457 0.0361081 0.0358310 0.0342450 0.0359695 0.0405432 0.0388879 0.0369049 0.0404585 0.0361705 0.0375135 0.0317259 
pop1.indv9  0.0291277 0.0317850 0.0286469 0.0323781 0.0267853 0.0294674 0.0325215 0.0280894 0.0000000 0.0261913 0.0253164 0.0315725 0.0324831 0.0323682 0.0317603 0.0248241 0.0281139 0.0308201 0.0302152 0.0304477 0.0309373 0.0303056 0.0292884 0.0317722 0.0262897 0.0402904 0.0359913 0.0279194 0.0342883 0.0311100 0.0274468 0.0291917 0.0293807 0.0303498 0.0326837 0.0336032 0.0325312 0.0313870 0.0328193 0.0376677 0.0319965 0.0294080 0.0328833 0.0337606 0.0259919 0.0323396 0.0353023 0.0267006 0.0294337 0.0326667 0.0350057 0.0364065 0.0338103 0.0310644 0.0369903 0.0313686 0.0333260 0.0318226 0.0335540 0.0337028 0.0334446 0.0318466 0.0277661 0.0313226 0.0368032 0.0353447 0.0325016 0.0315341 0.0310826 0.0311283 0.0308237 0.0390973 0.0275311 0.0299376 0.0330876 
pop1.indv10 0.0360113 0.0308291 0.0308700 0.0361685 0.0322462 0.0338702 0.0322730 0.0278632 0.0261913 0.0000000 0.0316890 0.0390506 0.0369487 0.0340263 0.0315167 0.0340417 0.0293247 0.0307843 0.0299076 0.0341467 0.0322462 0.0325957 0.0353382 0.0315512 0.0264882 0.0337388 0.0350573 0.0317505 0.0339266 0.0361618 0.0321596 0.0340964 0.0334347 0.0347598 0.0369596 0.0319073 0.0312584 0.0305009 0.0401091 0.0349542 0.0315156 0.0322087 0.0348414 0.0353279 0.0291747 0.0329560 0.0328350 0.0349518 0.0339664 0.0332474 0.0373237 0.0311672 0.0380737 0.0329946 0.0333277 0.0327836 0.0303860 0.0314055 0.0335933 0.0322838 0.0312037 0.0315878 0.0318001 0.0294093 0.0403992 0.0349981 0.0368537 0.0323026 0.0326147 0.0373574 0.0267930 0.0365964 0.0306950 0.0330526 0.0382547 
pop1.indv11 0.0307217 0.0357674 0.0288627 0.0325482 0.0297079 0.0325302 0.0324350 0.0294008 0.0253164 0.0316890 0.0000000 0.0341367 0.0359913 0.0362774 0.0309420 0.0295458 0.0301998 0.0377125 0.0344535 0.0341669 0.0311672 0.0326910 0.0307843 0.0305974 0.0265494 0.0383601 0.0371025 0.0294093 0.0337705 0.0394930 0.0297529 0.0321314 0.0299200 0.0316613 0.0365964 0.0331625 0.0318280 0.0325302 0.0357780 0.0353856 0.0358952 0.0388647 0.0348311 0.0319537 0.0318466 0.0340964 0.0366785 0.0274796 0.0292121 0.0342985 0.0326337 0.0325388 0.0359482 0.0335044 0.0340163 0.0348311 0.0313963 0.0290558 0.0307154 0.0407993 0.0284218 0.0364026 0.0338572 0.0328122 0.0317815 0.0377614 0.0363065 0.0316890 0.0310675 0.0365856 0.0305810 0.0394167 0.0300686 0.0325302 0.0325493 
pop1.indv12 0.0361598 0.0320530 0.0350677 0.0380962 0.0333082 0.0353075 0.0335740 0.0361940 0.0315725 0.0390506 0.0341367 0.0000000 0.0373582 0.0331367 0.0384701 0.0330583 0.0352606 0.0354484 0.0410338 0.0432029 0.0348531 0.0302879 0.0336123 0.0365208 0.0344840 0.0392418 0.0365475 0.0310675 0.0354065 0.0412636 0.0357127 0.0367885 0.0324831 0.0349747 0.0400130 0.0379105 0.0320719 0.0332474 0.0368105 0.0382283 0.0377800 0.0383117 0.0327484 0.0332498 0.0342514 0.0344027 0.0339137 0.0301384 0.0329511 0.0361205 0.0346073 0.0396998 0.0353647 0.0403145 0.0361189 0.0387151 0.0371689 0.0371911 0.0346066 0.0337327 0.0370679 0.0351299 0.0344230 0.0355672 0.0378703 0.0383286 0.0378431 0.0348016 0.0402177 0.0381325 0.0339603 0.0402663 0.0329511 0.0347095 0.0356383 
pop1.indv13 0.0308921 0.0340006 0.0367377 0.0372468 0.0329414 0.0351758 0.0331662 0.0349747 0.0324831 0.0369487 0.0359913 0.0373582 0.0000000 0.0362263 0.0366848 0.0246957 0.0305014 0.0374800 0.0343493 0.0363160 0.0350397 0.0351548 0.0318933 0.0344535 0.0362587 0.0368613 0.0322525 0.0364777 0.0300650 0.0385758 0.0392972 0.0325215 0.0296500 0.0332181 0.0384605 0.0392972 0.0301178 0.0321192 0.0364651 0.0342782 0.0386453 0.0379270 0.0361725 0.0344027 0.0301531 0.0313870 0.0363160 0.0339664 0.0332083 0.0325030 0.0361403 0.0320719 0.0386689 0.0342073 0.0361618 0.0377575 0.0326741 0.0358630 0.0351024 0.0343697 0.0337127 0.0300211 0.0334846 0.0377013 0.0372022 0.0345117 0.0375560 0.0369792 0.0378251 0.0395999 0.0328387 0.0363419 0.0327611 0.0369903 0.0354128 
pop1.indv14 0.0323403 0.0354799 0.0344554 0.0325577 0.0330817 0.0351548 0.0342477 0.0359164 0.0323682 0.0340263 0.0362774 0.0331367 0.0362263 0.0000000 0.0337728 0.0316358 0.0322162 0.0370805 0.0346066 0.0327320 0.0359482 0.0329511 0.0346276 0.0335435 0.0322257 0.0407103 0.0382283 0.0311875 0.0344942 0.0358204 0.0366129 0.0348016 0.0313686 0.0362989 0.0362263 0.0385769 0.0319683 0.0332376 0.0339603 0.0375583 0.0361081 0.0321690 0.0360440 0.0314604 0.0306167 0.0360867 0.0338834 0.0371697 0.0300914 0.0380523 0.0342012 0.0389458 0.0384511 0.0359058 0.0348944 0.0350160 0.0372689 0.0322351 0.0383086 0.0349461 0.0358310 0.0367268 0.0320003 0.0314238 0.0363419 0.0339441 0.0375560 0.0371468 0.0383086 0.0392458 0.0350780 0.0377648 0.0390389 0.0310098 0.0377687 
pop1.indv15 0.0384605 0.0315912 0.0357021 0.0381142 0.0338502 0.0306998 0.0343568 0.0365475 0.0317603 0.0315167 0.0309420 0.0384701 0.0366848 0.0337728 0.0000000 0.0307514 0.0388202 0.0360557 0.0370790 0.0376969 0.0375023 0.0358195 0.0363019 0.0323015 0.0335241 0.0392146 0.0417682 0.0321879 0.0397473 0.0383170 0.0305654 0.0357981 0.0353553 0.0386221 0.0399869 0.0381711 0.0332946 0.0328485 0.0407414 0.0360450 0.0369461 0.0362288 0.0346477 0.0336430 0.0321192 0.0363779 0.0331531 0.0398668 0.0308691 0.0374267 0.0355431 0.0394575 0.0368910 0.0381325 0.0384123 0.0340712 0.0397194 0.0390062 0.0373694 0.0343568 0.0419863 0.0380295 0.0378068 0.0419989 0.0401564 0.0332427 0.0394812 0.0408403 0.0413717 0.0419096 0.0316474 0.0441256 0.0361421 0.0357981 0.0311165 
pop1.indv16 0.0313416 0.0316173 0.0288294 0.0302108 0.0300599 0.0293481 0.0303321 0.0275507 0.0248241 0.0340417 0.0295458 0.0330583 0.0246957 0.0316358 0.0307514 0.0000000 0.0324255 0.0273328 0.0315341 0.0311218 0.0250995 0.0315248 0.0275824 0.0268043 0.0293396 0.0357372 0.0355642 0.0293416 0.0310585 0.0357039 0.0323110 0.0299599 0.0294166 0.0314329 0.0323781 0.0323687 0.0305720 0.0252509 0.0339403 0.0293225 0.0344433 0.0329753 0.0279678 0.0332595 0.0264501 0.0295801 0.0315446 0.0297681 0.0326910 0.0223954 0.0320875 0.0294774 0.0298469 0.0313507 0.0340864 0.0314604 0.0334452 0.0281384 0.0303765 0.0271453 0.0299774 0.0304212 0.0284001 0.0324445 0.0360974 0.0314332 0.0289688 0.0349131 0.0273802 0.0318094 0.0286802 0.0362667 0.0295116 0.0324635 0.0265111 
pop1.indv17 0.0306594 0.0292460 0.0314329 0.0328792 0.0336517 0.0323110 0.0321003 0.0301998 0.0281139 0.0293247 0.0301998 0.0352606 0.0305014 0.0322162 0.0388202 0.0324255 0.0000000 0.0334452 0.0329997 0.0329997 0.0345666 0.0328157 0.0309775 0.0290606 0.0308831 0.0336320 0.0367595 0.0309416 0.0318840 0.0375023 0.0318038 0.0285295 0.0330290 0.0349747 0.0371578 0.0342514 0.0278063 0.0299163 0.0302863 0.0365040 0.0390622 0.0314788 0.0298286 0.0307664 0.0306077 0.0315710 0.0322430 0.0286386 0.0300650 0.0351443 0.0337584 0.0412069 0.0344230 0.0334059 0.0316613 0.0323026 0.0305453 0.0310098 0.0338902 0.0309735 0.0303321 0.0304566 0.0319817 0.0348311 0.0356197 0.0331269 0.0327741 0.0286386 0.0330236 0.0387035 0.0307154 0.0328061 0.0270514 0.0329997 0.0310098 
pop1.indv18 0.0332013 0.0341266 0.0333082 0.0342350 0.0341612 0.0354694 0.0297182 0.0377983 0.0308201 0.0307843 0.0377125 0.0354484 0.0374800 0.0370805 0.0360557 0.0273328 0.0334452 0.0000000 0.0352813 0.0342985 0.0407832 0.0385081 0.0278392 0.0341113 0.0346073 0.0400745 0.0366129 0.0347394 0.0329368 0.0395167 0.0358098 0.0398668 0.0329414 0.0405917 0.0400130 0.0375783 0.0338103 0.0311763 0.0364498 0.0377913 0.0392341 0.0341712 0.0368395 0.0349314 0.0339565 0.0354484 0.0387851 0.0313143 0.0321032 0.0359163 0.0403622 0.0406498 0.0351055 0.0379443 0.0414960 0.0362881 0.0337407 0.0376341 0.0362587 0.0389342 0.0334354 0.0329079 0.0325672 0.0384511 0.0366941 0.0349773 0.0362852 0.0358098 0.0427077 0.0363742 0.0338902 0.0323403 0.0362346 0.0359907 0.0418720 
pop1.indv19 0.0364282 0.0301178 0.0293055 0.0380849 0.0321596 0.0357767 0.0279931 0.0337805 0.0302152 0.0299076 0.0344535 0.0410338 0.0343493 0.0346066 0.0370790 0.0315341 0.0329997 0.0352813 0.0000000 0.0357234 0.0321879 0.0352446 0.0334846 0.0353751 0.0301266 0.0377125 0.0348026 0.0364133 0.0320845 0.0353495 0.0360450 0.0343392 0.0364105 0.0401814 0.0429800 0.0382283 0.0337227 0.0335537 0.0353706 0.0404720 0.0342782 0.0344840 0.0338203 0.0372137 0.0332474 0.0336928 0.0360127 0.0352294 0.0384720 0.0339542 0.0360974 0.0330236 0.0379218 0.0322825 0.0357356 0.0373797 0.0355115 0.0343392 0.0357767 0.0389359 0.0350085 0.0364606 0.0330914 0.0370254 0.0387034 0.0346578 0.0362667 0.0341972 0.0404367 0.0407045 0.0318602 0.0373020 0.0302879 0.0317383 0.0353075 
pop1.indv20 0.0318001 0.0324639 0.0358310 0.0397986 0.0331985 0.0366457 0.0305373 0.0315525 0.0304477 0.0341467 0.0341669 0.0432029 0.0363160 0.0327320 0.0376969 0.0311218 0.0329997 0.0342985 0.0357234 0.0000000 0.0339664 0.0366347 0.0350366 0.0365748 0.0326934 0.0345869 0.0383776 0.0319027 0.0296749 0.0339805 0.0351024 0.0370346 0.0290852 0.0362453 0.0372355 0.0377125 0.0279849 0.0330485 0.0359162 0.0360235 0.0362587 0.0377575 0.0325589 0.0346582 0.0292859 0.0330779 0.0352073 0.0321408 0.0345964 0.0342032 0.0348944 0.0392146 0.0392853 0.0306974 0.0312493 0.0354379 0.0329997 0.0356489 0.0330290 0.0370901 0.0349066 0.0307843 0.0367050 0.0332083 0.0369020 0.0385747 0.0372578 0.0334354 0.0366129 0.0389593 0.0338129 0.0364065 0.0336430 0.0328875 0.0314332 
pop1.indv21 0.0328409 0.0353021 0.0326886 0.0383966 0.0323026 0.0356828 0.0362667 0.0365802 0.0309373 0.0322462 0.0311672 0.0348531 0.0350397 0.0359482 0.0375023 0.0250995 0.0345666 0.0407832 0.0321879 0.0339664 0.0000000 0.0339067 0.0329895 0.0317689 0.0324065 0.0400879 0.0320470 0.0314327 0.0338077 0.0367814 0.0360654 0.0332789 0.0325972 0.0329175 0.0363705 0.0336123 0.0340864 0.0295973 0.0328446 0.0356512 0.0339465 0.0370710 0.0335435 0.0346887 0.0313689 0.0349542 0.0329706 0.0328218 0.0351195 0.0331985 0.0364026 0.0346685 0.0343850 0.0336123 0.0328696 0.0333082 0.0331432 0.0375783 0.0322068 0.0325111 0.0302702 0.0345978 0.0344957 0.0340021 0.0396286 0.0351924 0.0320875 0.0276540 0.0360333 0.0356512 0.0347502 0.0390480 0.0318094 0.0319120 0.0311491 
pop1.indv22 0.0354315 0.0367595 0.0331529 0.0354315 0.0376202 0.0363453 0.0348118 0.0336715 0.0303056 0.0325957 0.0326910 0.0302879 0.0351548 0.0329511 0.0358195 0.0315248 0.0328157 0.0385081 0.0352446 0.0366347 0.0339067 0.0000000 0.0310495 0.0344453 0.0366506 0.0336114 0.0379669 0.0339823 0.0349131 0.0367486 0.0307604 0.0366020 0.0310098 0.0332206 0.0354627 0.0392302 0.0329317 0.0265494 0.0332083 0.0355115 0.0350263 0.0348311 0.0353693 0.0366017 0.0313781 0.0332769 0.0353390 0.0341013 0.0286552 0.0347508 0.0366555 0.0387265 0.0352398 0.0369706 0.0377125 0.0335239 0.0321807 0.0352028 0.0365801 0.0321785 0.0302702 0.0350644 0.0333777 0.0358635 0.0410898 0.0411333 0.0372579 0.0337011 0.0367050 0.0383231 0.0297529 0.0391176 0.0310766 0.0346580 0.0321785 
pop1.indv23 0.0314690 0.0333179 0.0330182 0.0357387 0.0340021 0.0362453 0.0291867 0.0308790 0.0292884 0.0353382 0.0307843 0.0336123 0.0318933 0.0346276 0.0363019 0.0275824 0.0309775 0.0278392 0.0334846 0.0350366 0.0329895 0.0310495 0.0000000 0.0301240 0.0294604 0.0383065 0.0369925 0.0338738 0.0318795 0.0344738 0.0372578 0.0351715 0.0325780 0.0325009 0.0393933 0.0384304 0.0378543 0.0323120 0.0321785 0.0355358 0.0335533 0.0349131 0.0327646 0.0349314 0.0313689 0.0329079 0.0378477 0.0313964 0.0327388 0.0333063 0.0358535 0.0342649 0.0340219 0.0340063 0.0351570 0.0360854 0.0370492 0.0326528 0.0335834 0.0318373 0.0355882 0.0367419 0.0376312 0.0317689 0.0411330 0.0284714 0.0339922 0.0342012 0.0349233 0.0401942 0.0345869 0.0368970 0.0333972 0.0331205 0.0314146 
pop1.indv24 0.0367782 0.0336025 0.0321154 0.0341655 0.0274954 0.0304477 0.0326623 0.0307900 0.0317722 0.0315512 0.0305974 0.0365208 0.0344535 0.0335435 0.0323015 0.0268043 0.0290606 0.0341113 0.0353751 0.0365748 0.0317689 0.0344453 0.0301240 0.0000000 0.0306239 0.0313512 0.0377125 0.0316316 0.0343148 0.0355882 0.0319027 0.0305453 0.0316823 0.0347700 0.0354836 0.0352351 0.0387725 0.0327005 0.0353647 0.0335632 0.0357897 0.0369295 0.0359586 0.0307103 0.0263817 0.0349131 0.0329317 0.0313964 0.0295630 0.0324540 0.0356143 0.0292321 0.0342649 0.0345565 0.0308522 0.0350952 0.0325104 0.0311400 0.0324350 0.0310224 0.0320845 0.0343950 0.0309058 0.0401234 0.0383828 0.0342376 0.0386242 0.0334556 0.0371697 0.0373567 0.0295116 0.0412613 0.0329946 0.0333765 0.0348311 
pop1.indv25 0.0300078 0.0341568 0.0332887 0.0277435 0.0316429 0.0285212 0.0272398 0.0331722 0.0262897 0.0264882 0.0265494 0.0344840 0.0362587 0.0322257 0.0335241 0.0293396 0.0308831 0.0346073 0.0301266 0.0326934 0.0324065 0.0366506 0.0294604 0.0306239 0.0000000 0.0377983 0.0362479 0.0325388 0.0342012 0.0307875 0.0323015 0.0301620 0.0301885 0.0311582 0.0388994 0.0346174 0.0331985 0.0280650 0.0339603 0.0313042 0.0325493 0.0364133 0.0314696 0.0288211 0.0276779 0.0331790 0.0320719 0.0290355 0.0309644 0.0364541 0.0309864 0.0304920 0.0341568 0.0358635 0.0337507 0.0315617 0.0358310 0.0355326 0.0362371 0.0303587 0.0335537 0.0392108 0.0332887 0.0375895 0.0328543 0.0374367 0.0315695 0.0322162 0.0309282 0.0347195 0.0293566 0.0372357 0.0295887 0.0311009 0.0339202 
pop2.indv1  0.0400405 0.0402425 0.0362929 0.0400997 0.0416873 0.0382093 0.0351467 0.0412000 0.0402904 0.0337388 0.0383601 0.0392418 0.0368613 0.0407103 0.0392146 0.0357372 0.0336320 0.0400745 0.0377125 0.0345869 0.0400879 0.0336114 0.0383065 0.0313512 0.0377983 0.0000000 0.0356743 0.0333117 0.0371929 0.0348107 0.0349927 0.0325672 0.0332498 0.0353943 0.0378609 0.0362718 0.0339664 0.0359902 0.0372251 0.0383034 0.0371269 0.0332328 0.0354562 0.0361791 0.0307103 0.0397903 0.0365100 0.0327521 0.0312236 0.0304477 0.0350612 0.0335142 0.0408962 0.0411755 0.0373127 0.0412907 0.0380511 0.0412982 0.0378768 0.0369947 0.0354523 0.0344073 0.0365910 0.0360526 0.0436603 0.0376006 0.0407879 0.0340417 0.0375869 0.0440683 0.0373788 0.0401472 0.0336212 0.0370929 0.0378207 
pop2.indv2  0.0360547 0.0399148 0.0383003 0.0446534 0.0372689 0.0386918 0.0378817 0.0367923 0.0359913 0.0350573 0.0371025 0.0365475 0.0322525 0.0382283 0.0417682 0.0355642 0.0367595 0.0366129 0.0348026 0.0383776 0.0320470 0.0379669 0.0369925 0.0377125 0.0362479 0.0356743 0.0000000 0.0350952 0.0359695 0.0367923 0.0329317 0.0312767 0.0373358 0.0310405 0.0390039 0.0371367 0.0310735 0.0317074 0.0339403 0.0346073 0.0350780 0.0350988 0.0356723 0.0288961 0.0269737 0.0298729 0.0308691 0.0347394 0.0310007 0.0342338 0.0374451 0.0360227 0.0371800 0.0350988 0.0346480 0.0362774 0.0336912 0.0351820 0.0333063 0.0316916 0.0344230 0.0316521 0.0368940 0.0354940 0.0355431 0.0319168 0.0369078 0.0315617 0.0333162 0.0343086 0.0349151 0.0406282 0.0305720 0.0375696 0.0286381 
pop2.indv3  0.0304565 0.0328027 0.0310259 0.0358850 0.0347995 0.0289212 0.0295973 0.0292153 0.0279194 0.0317505 0.0294093 0.0310675 0.0364777 0.0311875 0.0321879 0.0293416 0.0309416 0.0347394 0.0364133 0.0319027 0.0314327 0.0339823 0.0338738 0.0316316 0.0325388 0.0333117 0.0350952 0.0000000 0.0374547 0.0319073 0.0247002 0.0286146 0.0287381 0.0287541 0.0310170 0.0340568 0.0299041 0.0287869 0.0290857 0.0350131 0.0286474 0.0351019 0.0264648 0.0318294 0.0276801 0.0325659 0.0299559 0.0295290 0.0271297 0.0278712 0.0332136 0.0310886 0.0360736 0.0340021 0.0342052 0.0291068 0.0369186 0.0350541 0.0332984 0.0358108 0.0347598 0.0335919 0.0310886 0.0359166 0.0377609 0.0318746 0.0356246 0.0354975 0.0323131 0.0359060 0.0300686 0.0364733 0.0316681 0.0348414 0.0325767 
pop2.indv4  0.0395630 0.0324635 0.0338275 0.0402425 0.0351261 0.0316730 0.0336231 0.0365532 0.0342883 0.0339266 0.0337705 0.0354065 0.0300650 0.0344942 0.0397473 0.0310585 0.0318840 0.0329368 0.0320845 0.0296749 0.0338077 0.0349131 0.0318795 0.0343148 0.0342012 0.0371929 0.0359695 0.0374547 0.0000000 0.0327965 0.0321032 0.0308651 0.0304654 0.0331239 0.0373127 0.0343749 0.0282333 0.0292573 0.0323309 0.0309416 0.0350029 0.0274167 0.0308790 0.0340516 0.0300512 0.0346685 0.0274356 0.0332713 0.0281197 0.0310098 0.0328983 0.0335239 0.0374340 0.0346078 0.0364348 0.0335533 0.0332498 0.0329272 0.0305009 0.0295458 0.0331985 0.0313325 0.0344756 0.0347700 0.0335142 0.0347405 0.0366124 0.0348414 0.0325198 0.0320564 0.0314696 0.0392418 0.0294093 0.0305542 0.0309101 
pop2.indv5  0.0403145 0.0343392 0.0386920 0.0392927 0.0380234 0.0398155 0.0347095 0.0335438 0.0311100 0.0361618 0.0394930 0.0412636 0.0385758 0.0358204 0.0383170 0.0357039 0.0375023 0.0395167 0.0353495 0.0339805 0.0367814 0.0367486 0.0344738 0.0355882 0.0307875 0.0348107 0.0367923 0.0319073 0.0327965 0.0000000 0.0310371 0.0347297 0.0332083 0.0378431 0.0414177 0.0357372 0.0285212 0.0321879 0.0408238 0.0441503 0.0347297 0.0382054 0.0351984 0.0340163 0.0319589 0.0346888 0.0371012 0.0341213 0.0333961 0.0370014 0.0378319 0.0386689 0.0390973 0.0389458 0.0386804 0.0374019 0.0361081 0.0346683 0.0379043 0.0371911 0.0368910 0.0344554 0.0320564 0.0345565 0.0418089 0.0416811 0.0354627 0.0385065 0.0388542 0.0396118 0.0340409 0.0407870 0.0343290 0.0343493 0.0336529 
pop2.indv6  0.0349233 0.0327320 0.0290305 0.0432765 0.0309463 0.0334843 0.0337928 0.0354275 0.0274468 0.0321596 0.0297529 0.0357127 0.0392972 0.0366129 0.0305654 0.0323110 0.0318038 0.0358098 0.0360450 0.0351024 0.0360654 0.0307604 0.0372578 0.0319027 0.0323015 0.0349927 0.0329317 0.0247002 0.0321032 0.0310371 0.0000000 0.0309554 0.0296326 0.0264196 0.0301910 0.0338473 0.0290727 0.0287052 0.0285462 0.0323396 0.0307039 0.0304389 0.0334556 0.0311672 0.0271453 0.0282986 0.0340207 0.0315329 0.0267621 0.0288728 0.0338103 0.0371136 0.0363204 0.0283560 0.0356617 0.0316797 0.0300036 0.0365366 0.0354905 0.0343799 0.0322636 0.0290052 0.0336320 0.0293140 0.0365475 0.0350085 0.0339266 0.0354905 0.0315987 0.0326260 0.0316358 0.0354484 0.0306256 0.0307694 0.0349669 
pop2.indv7  0.0381075 0.0334347 0.0347195 0.0398698 0.0366723 0.0329803 0.0344106 0.0333472 0.0291917 0.0340964 0.0321314 0.0367885 0.0325215 0.0348016 0.0357981 0.0299599 0.0285295 0.0398668 0.0343392 0.0370346 0.0332789 0.0366020 0.0351715 0.0305453 0.0301620 0.0325672 0.0312767 0.0286146 0.0308651 0.0347297 0.0309554 0.0000000 0.0284880 0.0312507 0.0357687 0.0328792 0.0280407 0.0284983 0.0302526 0.0351467 0.0319537 0.0334848 0.0304831 0.0276880 0.0238030 0.0327293 0.0279522 0.0284737 0.0279597 0.0303498 0.0364348 0.0356934 0.0375005 0.0350263 0.0294080 0.0352502 0.0352709 0.0314329 0.0291747 0.0352760 0.0302438 0.0328027 0.0342916 0.0373574 0.0407380 0.0344926 0.0375227 0.0335142 0.0350057 0.0390039 0.0361189 0.0375116 0.0301910 0.0326548 0.0258425 
pop2.indv8  0.0384375 0.0320436 0.0306167 0.0390272 0.0324065 0.0312110 0.0332748 0.0332474 0.0293807 0.0334347 0.0299200 0.0324831 0.0296500 0.0313686 0.0353553 0.0294166 0.0330290 0.0329414 0.0364105 0.0290852 0.0325972 0.0310098 0.0325780 0.0316823 0.0301885 0.0332498 0.0373358 0.0287381 0.0304654 0.0332083 0.0296326 0.0284880 0.0000000 0.0312767 0.0333765 0.0332303 0.0276193 0.0256424 0.0353811 0.0321785 0.0306077 0.0292460 0.0290897 0.0288961 0.0262291 0.0271688 0.0279686 0.0295458 0.0288223 0.0317414 0.0343622 0.0360120 0.0333457 0.0335438 0.0277420 0.0315433 0.0328639 0.0263126 0.0312018 0.0320814 0.0342579 0.0343392 0.0279441 0.0318560 0.0365584 0.0356039 0.0325016 0.0358098 0.0314610 0.0340107 0.0302863 0.0396523 0.0284714 0.0297703 0.0343086 
pop2.indv9  0.0340516 0.0371136 0.0328122 0.0395045 0.0327836 0.0344129 0.0344840 0.0331529 0.0303498 0.0347598 0.0316613 0.0349747 0.0332181 0.0362989 0.0386221 0.0314329 0.0349747 0.0405917 0.0401814 0.0362453 0.0329175 0.0332206 0.0325009 0.0347700 0.0311582 0.0353943 0.0310405 0.0287541 0.0331239 0.0378431 0.0264196 0.0312507 0.0312767 0.0000000 0.0300252 0.0345575 0.0305364 0.0294093 0.0288627 0.0325009 0.0326147 0.0360536 0.0312961 0.0286228 0.0265632 0.0285065 0.0290897 0.0329322 0.0297681 0.0343319 0.0355909 0.0356848 0.0350131 0.0342649 0.0345261 0.0311694 0.0354523 0.0352813 0.0330914 0.0391324 0.0339664 0.0275111 0.0340616 0.0316153 0.0338275 0.0350085 0.0387492 0.0338572 0.0352398 0.0376118 0.0317908 0.0414340 0.0314873 0.0355882 0.0339963 
pop2.indv10 0.0434362 0.0414177 0.0372247 0.0401462 0.0345869 0.0401814 0.0362587 0.0369403 0.0326837 0.0369596 0.0365964 0.0400130 0.0384605 0.0362263 0.0399869 0.0323781 0.0371578 0.0400130 0.0429800 0.0372355 0.0363705 0.0354627 0.0393933 0.0354836 0.0388994 0.0378609 0.0390039 0.0310170 0.0373127 0.0414177 0.0301910 0.0357687 0.0333765 0.0300252 0.0000000 0.0358002 0.0339963 0.0313325 0.0334256 0.0361812 0.0371039 0.0361685 0.0371378 0.0415117 0.0294178 0.0319166 0.0332474 0.0308433 0.0329272 0.0335043 0.0374437 0.0397867 0.0387036 0.0358635 0.0381075 0.0369078 0.0391758 0.0396404 0.0363742 0.0382397 0.0353334 0.0364993 0.0351158 0.0403023 0.0330526 0.0392264 0.0400524 0.0399771 0.0421118 0.0440301 0.0355045 0.0430688 0.0351777 0.0357250 0.0406160 
pop2.indv11 0.0380737 0.0330914 0.0389671 0.0357057 0.0353589 0.0355010 0.0365316 0.0383261 0.0336032 0.0319073 0.0331625 0.0379105 0.0392972 0.0385769 0.0381711 0.0323687 0.0342514 0.0375783 0.0382283 0.0377125 0.0336123 0.0392302 0.0384304 0.0352351 0.0346174 0.0362718 0.0371367 0.0340568 0.0343749 0.0357372 0.0338473 0.0328792 0.0332303 0.0345575 0.0358002 0.0000000 0.0310856 0.0344655 0.0381753 0.0368069 0.0345274 0.0365267 0.0378831 0.0374437 0.0312779 0.0328888 0.0345768 0.0351838 0.0383261 0.0353751 0.0352043 0.0386921 0.0390480 0.0393881 0.0339067 0.0382019 0.0398579 0.0368395 0.0350160 0.0345059 0.0310947 0.0314327 0.0370492 0.0382921 0.0409982 0.0404113 0.0383740 0.0376534 0.0404827 0.0388301 0.0377687 0.0392766 0.0389441 0.0411084 0.0356617 
pop2.indv12 0.0331303 0.0280813 0.0352606 0.0385425 0.0318373 0.0320341 0.0310462 0.0309011 0.0325312 0.0312584 0.0318280 0.0320719 0.0301178 0.0319683 0.0332946 0.0305720 0.0278063 0.0338103 0.0337227 0.0279849 0.0340864 0.0329317 0.0378543 0.0387725 0.0331985 0.0339664 0.0310735 0.0299041 0.0282333 0.0285212 0.0290727 0.0280407 0.0276193 0.0305364 0.0339963 0.0310856 0.0000000 0.0283806 0.0306704 0.0330526 0.0304566 0.0311854 0.0291446 0.0287629 0.0277741 0.0293396 0.0266650 0.0303069 0.0305810 0.0294595 0.0348823 0.0392810 0.0339067 0.0342916 0.0315248 0.0335044 0.0324350 0.0286968 0.0299024 0.0330974 0.0341367 0.0339963 0.0338302 0.0352087 0.0322162 0.0311834 0.0357162 0.0362453 0.0361833 0.0380801 0.0288644 0.0375227 0.0333863 0.0300299 0.0268472 
pop2.indv13 0.0316705 0.0291406 0.0318094 0.0405432 0.0295372 0.0334846 0.0313962 0.0319817 0.0313870 0.0305009 0.0325302 0.0332474 0.0321192 0.0332376 0.0328485 0.0252509 0.0299163 0.0311763 0.0335537 0.0330485 0.0295973 0.0265494 0.0323120 0.0327005 0.0280650 0.0359902 0.0317074 0.0287869 0.0292573 0.0321879 0.0287052 0.0284983 0.0256424 0.0294093 0.0313325 0.0344655 0.0283806 0.0000000 0.0315433 0.0314421 0.0348925 0.0311582 0.0275269 0.0286968 0.0248130 0.0285477 0.0301090 0.0262536 0.0327388 0.0346786 0.0341612 0.0347903 0.0332789 0.0309775 0.0339565 0.0306505 0.0311128 0.0334059 0.0282533 0.0341669 0.0286138 0.0339067 0.0301297 0.0387265 0.0346276 0.0356065 0.0334166 0.0344332 0.0355987 0.0331108 0.0294681 0.0352709 0.0287547 0.0321314 0.0252509 
pop2.indv14 0.0359801 0.0356512 0.0323971 0.0380687 0.0334059 0.0377161 0.0341625 0.0374911 0.0328193 0.0401091 0.0357780 0.0368105 0.0364651 0.0339603 0.0407414 0.0339403 0.0302863 0.0364498 0.0353706 0.0359162 0.0328446 0.0332083 0.0321785 0.0353647 0.0339603 0.0372251 0.0339403 0.0290857 0.0323309 0.0408238 0.0285462 0.0302526 0.0353811 0.0288627 0.0334256 0.0381753 0.0306704 0.0315433 0.0000000 0.0334452 0.0333472 0.0324921 0.0291699 0.0345059 0.0276859 0.0290897 0.0289150 0.0308879 0.0309011 0.0337227 0.0320283 0.0389574 0.0351195 0.0301178 0.0293737 0.0336715 0.0370254 0.0329608 0.0346477 0.0338129 0.0354905 0.0340563 0.0344230 0.0349644 0.0408238 0.0332649 0.0370820 0.0357886 0.0386574 0.0401694 0.0336330 0.0396404 0.0295801 0.0381369 0.0316916 
pop2.indv15 0.0397867 0.0347913 0.0370383 0.0421370 0.0334059 0.0319965 0.0393326 0.0371136 0.0376677 0.0349542 0.0353856 0.0382283 0.0342782 0.0375583 0.0360450 0.0293225 0.0365040 0.0377913 0.0404720 0.0360235 0.0356512 0.0355115 0.0355358 0.0335632 0.0313042 0.0383034 0.0346073 0.0350131 0.0309416 0.0441503 0.0323396 0.0351467 0.0321785 0.0325009 0.0361812 0.0368069 0.0330526 0.0314421 0.0334452 0.0000000 0.0364670 0.0351880 0.0329560 0.0340417 0.0355987 0.0351570 0.0315433 0.0311875 0.0310495 0.0354799 0.0334653 0.0399675 0.0397040 0.0403742 0.0361705 0.0351261 0.0370492 0.0311945 0.0341972 0.0367923 0.0345350 0.0384625 0.0366986 0.0371587 0.0392341 0.0393445 0.0386464 0.0360440 0.0387613 0.0419483 0.0342275 0.0405189 0.0336517 0.0360120 0.0353960 
pop2.indv16 0.0418226 0.0341367 0.0351158 0.0433841 0.0324445 0.0365475 0.0326452 0.0368722 0.0319965 0.0315156 0.0358952 0.0377800 0.0386453 0.0361081 0.0369461 0.0344433 0.0390622 0.0392341 0.0342782 0.0362587 0.0339465 0.0350263 0.0335533 0.0357897 0.0325493 0.0371269 0.0350780 0.0286474 0.0350029 0.0347297 0.0307039 0.0319537 0.0306077 0.0326147 0.0371039 0.0345274 0.0304566 0.0348925 0.0333472 0.0364670 0.0000000 0.0351570 0.0340616 0.0329895 0.0325293 0.0399771 0.0326164 0.0342549 0.0354523 0.0339102 0.0376091 0.0371587 0.0351055 0.0359058 0.0318094 0.0316797 0.0298026 0.0336813 0.0350366 0.0344230 0.0344535 0.0332789 0.0387955 0.0379390 0.0366615 0.0363670 0.0362109 0.0339465 0.0326433 0.0398817 0.0357356 0.0427355 0.0359801 0.0380687 0.0314702 
pop2.indv17 0.0348720 0.0350780 0.0310856 0.0346988 0.0353125 0.0361081 0.0342073 0.0410838 0.0294080 0.0322087 0.0388647 0.0383117 0.0379270 0.0321690 0.0362288 0.0329753 0.0314788 0.0341712 0.0344840 0.0377575 0.0370710 0.0348311 0.0349131 0.0369295 0.0364133 0.0332328 0.0350988 0.0351019 0.0274167 0.0382054 0.0304389 0.0334848 0.0292460 0.0360536 0.0361685 0.0365267 0.0311854 0.0311582 0.0324921 0.0351880 0.0351570 0.0000000 0.0284328 0.0326791 0.0285477 0.0316797 0.0307064 0.0305092 0.0315237 0.0322636 0.0407554 0.0377202 0.0351880 0.0390133 0.0370383 0.0341912 0.0389210 0.0349439 0.0369241 0.0344129 0.0350160 0.0328792 0.0346582 0.0337979 0.0384169 0.0383086 0.0339132 0.0368831 0.0343926 0.0405674 0.0343521 0.0410961 0.0345261 0.0318560 0.0359801 
pop2.indv18 0.0366986 0.0314788 0.0335435 0.0384625 0.0340563 0.0340864 0.0350263 0.0365964 0.0328833 0.0348414 0.0348311 0.0327484 0.0361725 0.0360440 0.0346477 0.0279678 0.0298286 0.0368395 0.0338203 0.0325589 0.0335435 0.0353693 0.0327646 0.0359586 0.0314696 0.0354562 0.0356723 0.0264648 0.0308790 0.0351984 0.0334556 0.0304831 0.0290897 0.0312961 0.0371378 0.0378831 0.0291446 0.0275269 0.0291699 0.0329560 0.0340616 0.0284328 0.0000000 0.0352145 0.0281440 0.0324537 0.0286304 0.0310975 0.0310947 0.0278305 0.0394462 0.0336897 0.0364562 0.0360008 0.0309416 0.0309326 0.0318795 0.0330817 0.0315802 0.0364173 0.0350057 0.0352145 0.0342151 0.0306062 0.0364670 0.0334846 0.0351735 0.0332303 0.0339365 0.0346684 0.0331011 0.0352294 0.0313963 0.0316358 0.0319120 
pop2.indv19 0.0348704 0.0384967 0.0378831 0.0327171 0.0339625 0.0317630 0.0305453 0.0308879 0.0337606 0.0353279 0.0319537 0.0332498 0.0344027 0.0314604 0.0336430 0.0332595 0.0307664 0.0349314 0.0372137 0.0346582 0.0346887 0.0366017 0.0349314 0.0307103 0.0288211 0.0361791 0.0288961 0.0318294 0.0340516 0.0340163 0.0311672 0.0276880 0.0288961 0.0286228 0.0415117 0.0374437 0.0287629 0.0286968 0.0345059 0.0340417 0.0329895 0.0326791 0.0352145 0.0000000 0.0295628 0.0331432 0.0307396 0.0290985 0.0292405 0.0298113 0.0350816 0.0356534 0.0343148 0.0342649 0.0346280 0.0392766 0.0325009 0.0322368 0.0319352 0.0312779 0.0357477 0.0321154 0.0338640 0.0362427 0.0356639 0.0353180 0.0344273 0.0303332 0.0325388 0.0374229 0.0316153 0.0390133 0.0333082 0.0358952 0.0351467 
pop2.indv20 0.0292206 0.0296576 0.0344051 0.0338374 0.0304124 0.0360974 0.0285295 0.0320470 0.0259919 0.0291747 0.0318466 0.0342514 0.0301531 0.0306167 0.0321192 0.0264501 0.0306077 0.0339565 0.0332474 0.0292859 0.0313689 0.0313781 0.0313689 0.0263817 0.0276779 0.0307103 0.0269737 0.0276801 0.0300512 0.0319589 0.0271453 0.0238030 0.0262291 0.0265632 0.0294178 0.0312779 0.0277741 0.0248130 0.0276859 0.0355987 0.0325293 0.0285477 0.0281440 0.0295628 0.0000000 0.0291193 0.0244635 0.0273854 0.0248912 0.0276353 0.0312145 0.0308433 0.0363385 0.0279355 0.0304036 0.0291277 0.0276619 0.0308201 0.0303765 0.0259244 0.0293055 0.0290355 0.0265404 0.0337093 0.0387610 0.0322636 0.0299386 0.0293652 0.0296404 0.0322351 0.0268550 0.0395106 0.0298113 0.0286802 0.0262442 
pop2.indv21 0.0380174 0.0322825 0.0322838 0.0384397 0.0321126 0.0334744 0.0341669 0.0350057 0.0323396 0.0329560 0.0340964 0.0344027 0.0313870 0.0360867 0.0363779 0.0295801 0.0315710 0.0354484 0.0336928 0.0330779 0.0349542 0.0332769 0.0329079 0.0349131 0.0331790 0.0397903 0.0298729 0.0325659 0.0346685 0.0346888 0.0282986 0.0327293 0.0271688 0.0285065 0.0319166 0.0328888 0.0293396 0.0285477 0.0290897 0.0351570 0.0399771 0.0316797 0.0324537 0.0331432 0.0291193 0.0000000 0.0288644 0.0255924 0.0264348 0.0320059 0.0351261 0.0327580 0.0347496 0.0333082 0.0310405 0.0322556 0.0358846 0.0307485 0.0360654 0.0335933 0.0342376 0.0331625 0.0345565 0.0313963 0.0360120 0.0352389 0.0321433 0.0370474 0.0386920 0.0370035 0.0300124 0.0348516 0.0320003 0.0309644 0.0311491 
pop2.indv22 0.0404356 0.0361529 0.0360867 0.0370805 0.0388194 0.0365417 0.0336341 0.0350606 0.0353023 0.0328350 0.0366785 0.0339137 0.0363160 0.0338834 0.0331531 0.0315446 0.0322430 0.0387851 0.0360127 0.0352073 0.0329706 0.0353390 0.0378477 0.0329317 0.0320719 0.0365100 0.0308691 0.0299559 0.0274356 0.0371012 0.0340207 0.0279522 0.0279686 0.0290897 0.0332474 0.0345768 0.0266650 0.0301090 0.0289150 0.0315433 0.0326164 0.0307064 0.0286304 0.0307396 0.0244635 0.0288644 0.0000000 0.0328504 0.0328930 0.0318979 0.0341568 0.0319027 0.0420882 0.0349358 0.0321596 0.0346169 0.0339603 0.0354022 0.0313218 0.0356039 0.0351024 0.0319027 0.0348737 0.0379043 0.0392617 0.0367513 0.0352087 0.0354484 0.0341669 0.0402173 0.0314147 0.0391911 0.0329608 0.0342032 0.0353811 
pop2.indv23 0.0335045 0.0327931 0.0351224 0.0351735 0.0374656 0.0340764 0.0323592 0.0305797 0.0267006 0.0349518 0.0274796 0.0301384 0.0339664 0.0371697 0.0398668 0.0297681 0.0286386 0.0313143 0.0352294 0.0321408 0.0328218 0.0341013 0.0313964 0.0313964 0.0290355 0.0327521 0.0347394 0.0295290 0.0332713 0.0341213 0.0315329 0.0284737 0.0295458 0.0329322 0.0308433 0.0351838 0.0303069 0.0262536 0.0308879 0.0311875 0.0342549 0.0305092 0.0310975 0.0290985 0.0273854 0.0255924 0.0328504 0.0000000 0.0295373 0.0328983 0.0335919 0.0328846 0.0360947 0.0324161 0.0311334 0.0294359 0.0293162 0.0335730 0.0311128 0.0329946 0.0315878 0.0295204 0.0345776 0.0325753 0.0348823 0.0321502 0.0315408 0.0340715 0.0330470 0.0369512 0.0284983 0.0359586 0.0301414 0.0334458 0.0370710 
pop2.indv24 0.0351880 0.0306435 0.0365964 0.0338473 0.0323498 0.0317757 0.0304477 0.0279920 0.0294337 0.0339664 0.0292121 0.0329511 0.0332083 0.0300914 0.0308691 0.0326910 0.0300650 0.0321032 0.0384720 0.0345964 0.0351195 0.0286552 0.0327388 0.0295630 0.0309644 0.0312236 0.0310007 0.0271297 0.0281197 0.0333961 0.0267621 0.0279597 0.0288223 0.0297681 0.0329272 0.0383261 0.0305810 0.0327388 0.0309011 0.0310495 0.0354523 0.0315237 0.0310947 0.0292405 0.0248912 0.0264348 0.0328930 0.0295373 0.0000000 0.0341871 0.0400388 0.0351674 0.0393816 0.0343622 0.0287052 0.0313598 0.0333765 0.0330914 0.0316173 0.0314055 0.0344332 0.0324160 0.0355045 0.0343749 0.0333961 0.0341117 0.0358745 0.0346990 0.0295544 0.0354905 0.0327320 0.0341065 0.0336517 0.0312676 0.0309644 
pop2.indv25 0.0396404 0.0324064 0.0375023 0.0407258 0.0347400 0.0355293 0.0359162 0.0325972 0.0326667 0.0332474 0.0342985 0.0361205 0.0325030 0.0380523 0.0374267 0.0223954 0.0351443 0.0359163 0.0339542 0.0342032 0.0331985 0.0347508 0.0333063 0.0324540 0.0364541 0.0304477 0.0342338 0.0278712 0.0310098 0.0370014 0.0288728 0.0303498 0.0317414 0.0343319 0.0335043 0.0353751 0.0294595 0.0346786 0.0337227 0.0354799 0.0339102 0.0322636 0.0278305 0.0298113 0.0276353 0.0320059 0.0318979 0.0328983 0.0341871 0.0000000 0.0347605 0.0340764 0.0339102 0.0348634 0.0328446 0.0347605 0.0384490 0.0364931 0.0334744 0.0385065 0.0378930 0.0310644 0.0334944 0.0347400 0.0372022 0.0379209 0.0353647 0.0364173 0.0389125 0.0389359 0.0354762 0.0364606 0.0326068 0.0307785 0.0347612 
pop3.indv1  0.0352866 0.0401103 0.0375869 0.0377277 0.0379055 0.0362989 0.0351715 0.0374656 0.0350057 0.0373237 0.0326337 0.0346073 0.0361403 0.0342012 0.0355431 0.0320875 0.0337584 0.0403622 0.0360974 0.0348944 0.0364026 0.0366555 0.0358535 0.0356143 0.0309864 0.0350612 0.0374451 0.0332136 0.0328983 0.0378319 0.0338103 0.0364348 0.0343622 0.0355909 0.0374437 0.0352043 0.0348823 0.0341612 0.0320283 0.0334653 0.0376091 0.0407554 0.0394462 0.0350816 0.0312145 0.0351261 0.0341568 0.0335919 0.0400388 0.0347605 0.0000000 0.0367998 0.0403735 0.0361791 0.0350336 0.0376835 0.0351838 0.0372798 0.0323687 0.0325577 0.0317138 0.0349314 0.0342450 0.0379782 0.0331369 0.0356092 0.0362296 0.0362852 0.0366555 0.0399794 0.0302806 0.0401116 0.0393116 0.0263364 0.0379166 
pop3.indv2  0.0371923 0.0368395 0.0345676 0.0399319 0.0394929 0.0348016 0.0354484 0.0365640 0.0364065 0.0311672 0.0325388 0.0396998 0.0320719 0.0389458 0.0394575 0.0294774 0.0412069 0.0406498 0.0330236 0.0392146 0.0346685 0.0387265 0.0342649 0.0292321 0.0304920 0.0335142 0.0360227 0.0310886 0.0335239 0.0386689 0.0371136 0.0356934 0.0360120 0.0356848 0.0397867 0.0386921 0.0392810 0.0347903 0.0389574 0.0399675 0.0371587 0.0377202 0.0336897 0.0356534 0.0308433 0.0327580 0.0319027 0.0328846 0.0351674 0.0340764 0.0367998 0.0000000 0.0377498 0.0331625 0.0321154 0.0340417 0.0327551 0.0355493 0.0336221 0.0330042 0.0338275 0.0317047 0.0354149 0.0348096 0.0328792 0.0350988 0.0394407 0.0366555 0.0373457 0.0360430 0.0292994 0.0355493 0.0318795 0.0314604 0.0336320 
