75
pop1.indv1  0.0000000 0.0263497 0.0271995 0.0297751 0.0337283 0.0281821 0.0349558 0.0307385 0.0278826 0.0331788 0.0315015 0.0339041 0.0301034 0.0307921 0.0280523 0.0278096 0.0315116 0.0283599 0.0314429 0.0276923 0.0318644 0.0306021 0.0284321 0.0275181 0.0335507 0.0311091 0.0312965 0.0344574 0.0305923 0.0338261 0.0280252 0.0324648 0.0347149 0.0301034 0.0307870 0.0358798 0.0318658 0.0325869 0.0282062 0.0298273 0.0312171 0.0274086 0.0327389 0.0335114 0.0297320 0.0303840 0.0319479 0.0309152 0.0308968 0.0337789 0.0332811 0.0324394 0.0349862 0.0337396 0.0321338 0.0336356 0.0405623 0.0347179 0.0327572 0.0326540 0.0290567 0.0309567 0.0358241 0.0298333 0.0360501 0.0335055 0.0374344 0.0303885 0.0280504 0.0371030 0.0319708 0.0300645 0.0354952 0.0313603 0.0294923 
pop1.indv2  0.0263497 0.0000000 0.0251893 0.0286924 0.0316794 0.0324056 0.0278016 0.0275096 0.0264071 0.0283678 0.0278205 0.0306804 0.0296490 0.0309145 0.0281036 0.0266842 0.0269973 0.0265900 0.0275389 0.0281456 0.0310393 0.0299258 0.0298333 0.0254511 0.0287461 0.0345632 0.0310513 0.0300603 0.0298333 0.0335192 0.0276819 0.0331390 0.0289398 0.0308316 0.0277934 0.0313127 0.0282185 0.0302559 0.0261815 0.0288827 0.0283687 0.0274576 0.0285578 0.0302473 0.0263273 0.0249442 0.0316207 0.0267022 0.0272621 0.0312791 0.0304577 0.0298212 0.0332198 0.0309329 0.0286216 0.0313650 0.0361222 0.0270639 0.0293870 0.0286376 0.0273352 0.0270352 0.0318493 0.0314446 0.0309594 0.0301093 0.0307679 0.0284510 0.0298514 0.0330472 0.0309696 0.0307644 0.0349963 0.0282938 0.0294895 
pop1.indv3  0.0271995 0.0251893 0.0000000 0.0285175 0.0250729 0.0295857 0.0259692 0.0286677 0.0233123 0.0275782 0.0305587 0.0296788 0.0293492 0.0285576 0.0253889 0.0247333 0.0235883 0.0259076 0.0258551 0.0259802 0.0293993 0.0264123 0.0265887 0.0263135 0.0332025 0.0285976 0.0288875 0.0316172 0.0296943 0.0284568 0.0255937 0.0323745 0.0291493 0.0288791 0.0289466 0.0259011 0.0310726 0.0310342 0.0255529 0.0237299 0.0260934 0.0270809 0.0266970 0.0294382 0.0257434 0.0233331 0.0259296 0.0262572 0.0259605 0.0363190 0.0344907 0.0299838 0.0275974 0.0323898 0.0254379 0.0305059 0.0359844 0.0333059 0.0267399 0.0285601 0.0265200 0.0272738 0.0294059 0.0300922 0.0282640 0.0279616 0.0274335 0.0321218 0.0265450 0.0288470 0.0249750 0.0296859 0.0336934 0.0270254 0.0267043 
pop1.indv4  0.0297751 0.0286924 0.0285175 0.0000000 0.0290562 0.0320743 0.0287804 0.0326232 0.0250986 0.0299081 0.0290582 0.0331796 0.0255108 0.0294233 0.0302269 0.0273112 0.0311817 0.0272889 0.0269900 0.0303025 0.0300666 0.0283791 0.0346420 0.0302716 0.0298785 0.0319103 0.0324918 0.0302088 0.0289817 0.0268682 0.0249645 0.0332467 0.0284063 0.0330851 0.0275718 0.0326323 0.0339094 0.0256205 0.0294693 0.0263163 0.0337276 0.0313467 0.0315273 0.0315209 0.0295062 0.0264234 0.0293096 0.0310433 0.0261063 0.0338607 0.0347557 0.0298706 0.0326819 0.0287890 0.0293101 0.0286289 0.0352856 0.0315177 0.0314101 0.0284170 0.0285790 0.0277850 0.0278986 0.0290228 0.0286610 0.0313901 0.0327187 0.0256472 0.0259206 0.0289689 0.0331983 0.0318428 0.0361668 0.0289269 0.0280946 
pop1.indv5  0.0337283 0.0316794 0.0250729 0.0290562 0.0000000 0.0384103 0.0319303 0.0339999 0.0306663 0.0351627 0.0329603 0.0332739 0.0302236 0.0359055 0.0300259 0.0293159 0.0297265 0.0295654 0.0330208 0.0285328 0.0314449 0.0288575 0.0284778 0.0279885 0.0378053 0.0327708 0.0347366 0.0341991 0.0297734 0.0301402 0.0302487 0.0325610 0.0305882 0.0370283 0.0305375 0.0340666 0.0349811 0.0319993 0.0330222 0.0317203 0.0337077 0.0324205 0.0313303 0.0322753 0.0290508 0.0285726 0.0293726 0.0330833 0.0378810 0.0400397 0.0370190 0.0326384 0.0371187 0.0321569 0.0346136 0.0415772 0.0385885 0.0313499 0.0307565 0.0299727 0.0359663 0.0330542 0.0348337 0.0337779 0.0301263 0.0340751 0.0394965 0.0350335 0.0309173 0.0339277 0.0331458 0.0316236 0.0377881 0.0316596 0.0293243 
pop1.indv6  0.0281821 0.0324056 0.0295857 0.0320743 0.0384103 0.0000000 0.0342542 0.0354813 0.0310636 0.0339841 0.0359249 0.0349778 0.0346842 0.0307519 0.0312804 0.0299140 0.0334170 0.0363770 0.0347622 0.0282102 0.0305050 0.0325820 0.0326304 0.0347371 0.0318896 0.0340658 0.0370780 0.0362261 0.0308886 0.0351559 0.0310277 0.0329595 0.0315362 0.0374699 0.0303622 0.0378894 0.0401546 0.0302367 0.0291669 0.0334229 0.0336340 0.0366622 0.0370375 0.0339402 0.0324493 0.0315732 0.0348922 0.0336826 0.0311964 0.0359896 0.0357708 0.0342875 0.0381227 0.0333270 0.0345476 0.0348110 0.0396102 0.0366815 0.0318935 0.0368819 0.0318531 0.0322924 0.0332600 0.0352406 0.0359714 0.0311067 0.0346467 0.0341833 0.0327336 0.0320168 0.0330758 0.0303762 0.0346927 0.0304337 0.0343792 
pop1.indv7  0.0349558 0.0278016 0.0259692 0.0287804 0.0319303 0.0342542 0.0000000 0.0305571 0.0267436 0.0288463 0.0297179 0.0318975 0.0331236 0.0302974 0.0306360 0.0272218 0.0298990 0.0365536 0.0241782 0.0311597 0.0306839 0.0315693 0.0284756 0.0287478 0.0309054 0.0366466 0.0339423 0.0298078 0.0320434 0.0360428 0.0263256 0.0379321 0.0291748 0.0314914 0.0276056 0.0321019 0.0308308 0.0307592 0.0291509 0.0294947 0.0280885 0.0313469 0.0282645 0.0291898 0.0282095 0.0288570 0.0296613 0.0282511 0.0276169 0.0330753 0.0341488 0.0327224 0.0342610 0.0301512 0.0335093 0.0301079 0.0350773 0.0359224 0.0277879 0.0347919 0.0303969 0.0283495 0.0327716 0.0320940 0.0331074 0.0309441 0.0378676 0.0293157 0.0298935 0.0289345 0.0290377 0.0305737 0.0347372 0.0284663 0.0293016 
pop1.indv8  0.0307385 0.0275096 0.0286677 0.0326232 0.0339999 0.0354813 0.0305571 0.0000000 0.0307594 0.0289720 0.0318063 0.0335966 0.0287328 0.0285927 0.0274479 0.0279241 0.0338231 0.0320651 0.0287538 0.0293551 0.0315471 0.0327195 0.0273365 0.0326757 0.0314315 0.0399703 0.0344028 0.0314883 0.0331370 0.0325563 0.0303704 0.0336560 0.0285900 0.0378062 0.0316682 0.0306967 0.0356309 0.0300830 0.0275335 0.0295189 0.0322185 0.0278389 0.0339785 0.0313684 0.0301830 0.0302796 0.0345119 0.0292303 0.0366450 0.0366508 0.0319019 0.0335156 0.0322039 0.0336875 0.0314246 0.0388956 0.0368246 0.0321339 0.0296268 0.0334552 0.0272667 0.0307899 0.0376668 0.0309445 0.0312317 0.0315859 0.0398364 0.0301249 0.0348864 0.0346211 0.0330175 0.0353998 0.0371210 0.0295121 0.0334191 
pop1.indv9  0.0278826 0.0264071 0.0233123 0.0250986 0.0306663 0.0310636 0.0267436 0.0307594 0.0000000 0.0260035 0.0279120 0.0268915 0.0244095 0.0265591 0.0294307 0.0240751 0.0278407 0.0270946 0.0228210 0.0287451 0.0270731 0.0262818 0.0281561 0.0253299 0.0322755 0.0282279 0.0273950 0.0305464 0.0278560 0.0307899 0.0267982 0.0311303 0.0293551 0.0316548 0.0273409 0.0264276 0.0353363 0.0272051 0.0266053 0.0298191 0.0266525 0.0276682 0.0288049 0.0239686 0.0262454 0.0251344 0.0295421 0.0292850 0.0283587 0.0335374 0.0298540 0.0270669 0.0295217 0.0326874 0.0291768 0.0297567 0.0311418 0.0298780 0.0270562 0.0287262 0.0281165 0.0239254 0.0306433 0.0292416 0.0298139 0.0319816 0.0307613 0.0291646 0.0283200 0.0272025 0.0271982 0.0264824 0.0317649 0.0290380 0.0266425 
pop1.indv10 0.0331788 0.0283678 0.0275782 0.0299081 0.0351627 0.0339841 0.0288463 0.0289720 0.0260035 0.0000000 0.0283701 0.0270589 0.0300162 0.0280187 0.0268918 0.0265753 0.0271921 0.0298738 0.0322988 0.0307415 0.0280760 0.0232305 0.0248146 0.0256471 0.0298019 0.0280543 0.0344523 0.0339168 0.0319041 0.0314671 0.0275014 0.0296733 0.0253273 0.0289401 0.0262016 0.0255513 0.0321905 0.0281596 0.0290027 0.0308484 0.0307732 0.0278398 0.0324021 0.0296761 0.0269833 0.0304773 0.0299816 0.0336865 0.0292416 0.0296229 0.0323536 0.0268227 0.0369739 0.0301385 0.0290258 0.0354073 0.0355926 0.0316402 0.0288866 0.0282610 0.0296395 0.0333324 0.0349404 0.0298691 0.0318040 0.0299550 0.0325078 0.0279157 0.0305159 0.0312436 0.0259408 0.0321398 0.0363013 0.0286981 0.0323449 
pop1.indv11 0.0315015 0.0278205 0.0305587 0.0290582 0.0329603 0.0359249 0.0297179 0.0318063 0.0279120 0.0283701 0.0000000 0.0308353 0.0296904 0.0270375 0.0294418 0.0286268 0.0264138 0.0310697 0.0299876 0.0283793 0.0303157 0.0298257 0.0268953 0.0288161 0.0324605 0.0360322 0.0330472 0.0330703 0.0327337 0.0322209 0.0288307 0.0339576 0.0301840 0.0340044 0.0297957 0.0309369 0.0371068 0.0341128 0.0269739 0.0318603 0.0343931 0.0320136 0.0330184 0.0321431 0.0291725 0.0296132 0.0316507 0.0304439 0.0312258 0.0360945 0.0357486 0.0301552 0.0374261 0.0331387 0.0314369 0.0325409 0.0402194 0.0293094 0.0292931 0.0298361 0.0298509 0.0267781 0.0324135 0.0320245 0.0310470 0.0337841 0.0328210 0.0300372 0.0367352 0.0343252 0.0377284 0.0382897 0.0342378 0.0328720 0.0305137 
pop1.indv12 0.0339041 0.0306804 0.0296788 0.0331796 0.0332739 0.0349778 0.0318975 0.0335966 0.0268915 0.0270589 0.0308353 0.0000000 0.0324347 0.0296292 0.0289986 0.0294658 0.0315148 0.0310911 0.0303577 0.0292645 0.0330283 0.0276259 0.0292614 0.0259465 0.0311043 0.0342825 0.0338369 0.0300362 0.0326624 0.0358324 0.0304607 0.0353256 0.0294236 0.0295889 0.0334843 0.0292023 0.0348721 0.0289750 0.0294052 0.0324959 0.0293636 0.0329173 0.0355984 0.0335601 0.0301132 0.0335042 0.0335060 0.0297010 0.0347296 0.0333948 0.0331646 0.0293477 0.0331269 0.0359436 0.0304588 0.0341289 0.0383267 0.0333422 0.0290193 0.0245376 0.0278849 0.0322087 0.0343033 0.0333144 0.0341485 0.0315656 0.0325702 0.0317305 0.0323091 0.0377574 0.0332556 0.0331612 0.0380750 0.0307381 0.0309755 
pop1.indv13 0.0301034 0.0296490 0.0293492 0.0255108 0.0302236 0.0346842 0.0331236 0.0287328 0.0244095 0.0300162 0.0296904 0.0324347 0.0000000 0.0263184 0.0284300 0.0255188 0.0277748 0.0289778 0.0328458 0.0306486 0.0272874 0.0273964 0.0300162 0.0279268 0.0329880 0.0337777 0.0283267 0.0275646 0.0317118 0.0310678 0.0285592 0.0351844 0.0314711 0.0321745 0.0267684 0.0328080 0.0309735 0.0285444 0.0269259 0.0282312 0.0328040 0.0322644 0.0285931 0.0299817 0.0268354 0.0276999 0.0328420 0.0306555 0.0291688 0.0336549 0.0381090 0.0308138 0.0302896 0.0303587 0.0261888 0.0332584 0.0344649 0.0333853 0.0308594 0.0286308 0.0257341 0.0287145 0.0319008 0.0288555 0.0313358 0.0298266 0.0337923 0.0292724 0.0272692 0.0342520 0.0317722 0.0318925 0.0301110 0.0305918 0.0293783 
pop1.indv14 0.0307921 0.0309145 0.0285576 0.0294233 0.0359055 0.0307519 0.0302974 0.0285927 0.0265591 0.0280187 0.0270375 0.0296292 0.0263184 0.0000000 0.0261695 0.0261471 0.0265484 0.0263961 0.0280598 0.0250190 0.0282092 0.0252789 0.0306790 0.0258750 0.0308383 0.0297787 0.0264703 0.0290110 0.0340280 0.0326038 0.0276375 0.0325716 0.0267349 0.0312692 0.0270702 0.0297319 0.0315152 0.0326677 0.0283372 0.0276616 0.0290883 0.0285398 0.0281585 0.0287475 0.0280652 0.0243731 0.0295200 0.0261563 0.0319388 0.0345879 0.0328391 0.0299267 0.0321312 0.0308020 0.0289203 0.0294787 0.0331380 0.0315469 0.0287118 0.0277124 0.0261254 0.0248703 0.0310718 0.0245058 0.0284364 0.0281119 0.0334750 0.0282972 0.0283212 0.0296020 0.0295032 0.0316589 0.0326847 0.0261128 0.0280159 
pop1.indv15 0.0280523 0.0281036 0.0253889 0.0302269 0.0300259 0.0312804 0.0306360 0.0274479 0.0294307 0.0268918 0.0294418 0.0289986 0.0284300 0.0261695 0.0000000 0.0270699 0.0314875 0.0281760 0.0297675 0.0278280 0.0268980 0.0313612 0.0259456 0.0254945 0.0279395 0.0379152 0.0300178 0.0325354 0.0321693 0.0318197 0.0298970 0.0280163 0.0312057 0.0291500 0.0263719 0.0332071 0.0285745 0.0279408 0.0278953 0.0319462 0.0331021 0.0288490 0.0294113 0.0279971 0.0329945 0.0303289 0.0317712 0.0298677 0.0303023 0.0333606 0.0365104 0.0281494 0.0310709 0.0325300 0.0296765 0.0287027 0.0365728 0.0307923 0.0243441 0.0293478 0.0273668 0.0286966 0.0346867 0.0343284 0.0307814 0.0325917 0.0290723 0.0257567 0.0323802 0.0330507 0.0309017 0.0341085 0.0343570 0.0309093 0.0274765 
pop1.indv16 0.0278096 0.0266842 0.0247333 0.0273112 0.0293159 0.0299140 0.0272218 0.0279241 0.0240751 0.0265753 0.0286268 0.0294658 0.0255188 0.0261471 0.0270699 0.0000000 0.0245741 0.0282015 0.0242850 0.0237829 0.0267466 0.0229505 0.0262725 0.0271781 0.0270915 0.0283890 0.0303074 0.0306845 0.0276220 0.0295980 0.0278034 0.0296262 0.0258183 0.0302388 0.0270556 0.0320863 0.0321832 0.0265974 0.0267575 0.0249531 0.0262696 0.0254579 0.0249156 0.0268459 0.0273851 0.0205264 0.0277404 0.0265599 0.0237233 0.0295607 0.0316015 0.0280300 0.0312964 0.0252402 0.0299106 0.0296918 0.0308223 0.0304819 0.0263141 0.0280934 0.0228313 0.0283537 0.0315229 0.0276134 0.0288769 0.0262944 0.0260291 0.0269498 0.0273049 0.0312710 0.0256125 0.0259876 0.0287361 0.0258434 0.0243954 
pop1.indv17 0.0315116 0.0269973 0.0235883 0.0311817 0.0297265 0.0334170 0.0298990 0.0338231 0.0278407 0.0271921 0.0264138 0.0315148 0.0277748 0.0265484 0.0314875 0.0245741 0.0000000 0.0304322 0.0240976 0.0252270 0.0255507 0.0280277 0.0292235 0.0262441 0.0265201 0.0260996 0.0357252 0.0325352 0.0252719 0.0318351 0.0281093 0.0335640 0.0308640 0.0289287 0.0300144 0.0273879 0.0326074 0.0282220 0.0281283 0.0286286 0.0310438 0.0281116 0.0309299 0.0310914 0.0261693 0.0275241 0.0318047 0.0306620 0.0262033 0.0314032 0.0304103 0.0262628 0.0344781 0.0332755 0.0273173 0.0334603 0.0331168 0.0335122 0.0295974 0.0311321 0.0289792 0.0305680 0.0329738 0.0311129 0.0295169 0.0318862 0.0338225 0.0322529 0.0304667 0.0313076 0.0293645 0.0279075 0.0346922 0.0303356 0.0328281 
pop1.indv18 0.0283599 0.0265900 0.0259076 0.0272889 0.0295654 0.0363770 0.0365536 0.0320651 0.0270946 0.0298738 0.0310697 0.0310911 0.0289778 0.0263961 0.0281760 0.0282015 0.0304322 0.0000000 0.0264272 0.0276926 0.0278743 0.0258814 0.0296875 0.0298025 0.0315568 0.0344330 0.0308183 0.0348399 0.0317588 0.0368318 0.0298725 0.0366945 0.0316052 0.0358609 0.0297216 0.0359220 0.0351776 0.0315222 0.0285885 0.0307116 0.0287395 0.0342828 0.0302288 0.0397573 0.0327135 0.0305907 0.0321258 0.0345356 0.0325513 0.0356055 0.0359893 0.0297904 0.0324800 0.0324603 0.0324985 0.0331603 0.0391363 0.0338477 0.0315871 0.0364718 0.0298260 0.0265106 0.0391062 0.0314928 0.0351586 0.0319380 0.0324841 0.0317969 0.0293331 0.0324072 0.0316242 0.0339790 0.0371742 0.0304740 0.0271327 
pop1.indv19 0.0314429 0.0275389 0.0258551 0.0269900 0.0330208 0.0347622 0.0241782 0.0287538 0.0228210 0.0322988 0.0299876 0.0303577 0.0328458 0.0280598 0.0297675 0.0242850 0.0240976 0.0264272 0.0000000 0.0253749 0.0266664 0.0259041 0.0298933 0.0298111 0.0328916 0.0287488 0.0313236 0.0260855 0.0311192 0.0295039 0.0275521 0.0345565 0.0302232 0.0324715 0.0286115 0.0331225 0.0319519 0.0346763 0.0272283 0.0320100 0.0331320 0.0278879 0.0301800 0.0296677 0.0249595 0.0311445 0.0301961 0.0305059 0.0316183 0.0302453 0.0322745 0.0274851 0.0348108 0.0297630 0.0295693 0.0333469 0.0338970 0.0333180 0.0318962 0.0305138 0.0251705 0.0237404 0.0339466 0.0315729 0.0320076 0.0281659 0.0325550 0.0290181 0.0320054 0.0330183 0.0320173 0.0255631 0.0345424 0.0298044 0.0300123 
pop1.indv20 0.0276923 0.0281456 0.0259802 0.0303025 0.0285328 0.0282102 0.0311597 0.0293551 0.0287451 0.0307415 0.0283793 0.0292645 0.0306486 0.0250190 0.0278280 0.0237829 0.0252270 0.0276926 0.0253749 0.0000000 0.0268070 0.0296927 0.0281960 0.0293276 0.0324980 0.0311149 0.0299661 0.0317967 0.0315196 0.0348734 0.0303176 0.0340395 0.0260072 0.0303854 0.0285607 0.0291008 0.0323913 0.0320958 0.0265087 0.0281249 0.0291754 0.0290304 0.0307018 0.0250529 0.0267430 0.0304673 0.0290584 0.0311570 0.0306155 0.0322729 0.0298183 0.0294769 0.0334603 0.0343005 0.0280880 0.0276028 0.0348445 0.0336584 0.0285774 0.0257987 0.0266745 0.0273206 0.0301253 0.0273891 0.0350052 0.0285124 0.0321476 0.0289370 0.0287159 0.0295739 0.0269379 0.0284473 0.0368850 0.0250633 0.0311435 
pop1.indv21 0.0318644 0.0310393 0.0293993 0.0300666 0.0314449 0.0305050 0.0306839 0.0315471 0.0270731 0.0280760 0.0303157 0.0330283 0.0272874 0.0282092 0.0268980 0.0267466 0.0255507 0.0278743 0.0266664 0.0268070 0.0000000 0.0286794 0.0271999 0.0261791 0.0293733 0.0328698 0.0327258 0.0306449 0.0271557 0.0320537 0.0252772 0.0346345 0.0293593 0.0349076 0.0275655 0.0286246 0.0310577 0.0306065 0.0293274 0.0307736 0.0327521 0.0284749 0.0277952 0.0324477 0.0270744 0.0262345 0.0340468 0.0283232 0.0292427 0.0359626 0.0359589 0.0264982 0.0326255 0.0338190 0.0286478 0.0314863 0.0332695 0.0321300 0.0296113 0.0282891 0.0253234 0.0310930 0.0317882 0.0278213 0.0306973 0.0319483 0.0326272 0.0297410 0.0301884 0.0309820 0.0278501 0.0352991 0.0295000 0.0279689 0.0310208 
pop1.indv22 0.0306021 0.0299258 0.0264123 0.0283791 0.0288575 0.0325820 0.0315693 0.0327195 0.0262818 0.0232305 0.0298257 0.0276259 0.0273964 0.0252789 0.0313612 0.0229505 0.0280277 0.0258814 0.0259041 0.0296927 0.0286794 0.0000000 0.0285917 0.0270246 0.0315918 0.0331265 0.0287967 0.0285268 0.0297129 0.0364829 0.0266340 0.0336445 0.0287884 0.0309974 0.0265361 0.0277538 0.0277130 0.0296843 0.0258495 0.0327497 0.0273160 0.0295481 0.0315901 0.0289217 0.0271069 0.0272939 0.0305777 0.0321693 0.0280039 0.0306576 0.0348244 0.0302418 0.0289577 0.0311674 0.0285674 0.0296349 0.0368331 0.0330584 0.0274702 0.0318264 0.0279633 0.0290619 0.0329357 0.0300597 0.0320136 0.0296891 0.0343595 0.0291669 0.0285574 0.0315697 0.0308245 0.0339492 0.0356290 0.0340337 0.0282020 
pop1.indv23 0.0284321 0.0298333 0.0265887 0.0346420 0.0284778 0.0326304 0.0284756 0.0273365 0.0281561 0.0248146 0.0268953 0.0292614 0.0300162 0.0306790 0.0259456 0.0262725 0.0292235 0.0296875 0.0298933 0.0281960 0.0271999 0.0285917 0.0000000 0.0281249 0.0298077 0.0304607 0.0325796 0.0284767 0.0291824 0.0311946 0.0292965 0.0291534 0.0278612 0.0316345 0.0277143 0.0319186 0.0328086 0.0288731 0.0289608 0.0330050 0.0328549 0.0318537 0.0267317 0.0293425 0.0256907 0.0324593 0.0302931 0.0295779 0.0308492 0.0326755 0.0338071 0.0320554 0.0296335 0.0297048 0.0316403 0.0325700 0.0322564 0.0301065 0.0286664 0.0292516 0.0277962 0.0322616 0.0302869 0.0341559 0.0341118 0.0345032 0.0314725 0.0282148 0.0309243 0.0341516 0.0321613 0.0339097 0.0346253 0.0303321 0.0323118 
pop1.indv24 0.0275181 0.0254511 0.0263135 0.0302716 0.0279885 0.0347371 0.0287478 0.0326757 0.0253299 0.0256471 0.0288161 0.0259465 0.0279268 0.0258750 0.0254945 0.0271781 0.0262441 0.0298025 0.0298111 0.0293276 0.0261791 0.0270246 0.0281249 0.0000000 0.0298181 0.0315447 0.0293280 0.0261971 0.0278201 0.0336829 0.0262002 0.0338914 0.0252995 0.0304643 0.0288803 0.0312361 0.0323216 0.0281834 0.0275805 0.0293376 0.0290602 0.0323143 0.0307534 0.0320503 0.0253192 0.0265229 0.0320701 0.0296509 0.0314452 0.0327461 0.0367824 0.0295063 0.0305224 0.0298723 0.0280431 0.0339138 0.0367333 0.0307700 0.0293894 0.0296804 0.0243138 0.0256036 0.0315100 0.0290622 0.0298914 0.0268106 0.0338379 0.0268739 0.0291128 0.0347123 0.0275325 0.0299871 0.0349390 0.0292064 0.0291337 
pop1.indv25 0.0335507 0.0287461 0.0332025 0.0298785 0.0378053 0.0318896 0.0309054 0.0314315 0.0322755 0.0298019 0.0324605 0.0311043 0.0329880 0.0308383 0.0279395 0.0270915 0.0265201 0.0315568 0.0328916 0.0324980 0.0293733 0.0315918 0.0298077 0.0298181 0.0000000 0.0354306 0.0330963 0.0330907 0.0311528 0.0376668 0.0329144 0.0309765 0.0317567 0.0395557 0.0301064 0.0326933 0.0299889 0.0327045 0.0322116 0.0316874 0.0300351 0.0282678 0.0321553 0.0354811 0.0277499 0.0304980 0.0301939 0.0311267 0.0310692 0.0354636 0.0368812 0.0362110 0.0342962 0.0314637 0.0321004 0.0338504 0.0386760 0.0334424 0.0322283 0.0292224 0.0306706 0.0307908 0.0355442 0.0317642 0.0356884 0.0326125 0.0341269 0.0330309 0.0339390 0.0407007 0.0351415 0.0344596 0.0348892 0.0309562 0.0292726 
pop2.indv1  0.0311091 0.0345632 0.0285976 0.0319103 0.0327708 0.0340658 0.0366466 0.0399703 0.0282279 0.0280543 0.0360322 0.0342825 0.0337777 0.0297787 0.0379152 0.0283890 0.0260996 0.0344330 0.0287488 0.0311149 0.0328698 0.0331265 0.0304607 0.0315447 0.0354306 0.0000000 0.0309341 0.0312020 0.0269823 0.0289608 0.0271347 0.0289184 0.0232654 0.0288051 0.0283860 0.0310108 0.0298758 0.0316688 0.0292248 0.0264921 0.0319581 0.0298646 0.0284661 0.0284291 0.0268111 0.0300874 0.0290766 0.0304528 0.0274079 0.0334760 0.0354600 0.0268734 0.0333008 0.0349046 0.0323167 0.0326257 0.0379613 0.0367588 0.0302526 0.0307220 0.0279082 0.0341049 0.0327412 0.0348032 0.0311192 0.0311888 0.0349707 0.0304924 0.0306217 0.0312445 0.0315740 0.0331162 0.0316896 0.0329670 0.0332537 
pop2.indv2  0.0312965 0.0310513 0.0288875 0.0324918 0.0347366 0.0370780 0.0339423 0.0344028 0.0273950 0.0344523 0.0330472 0.0338369 0.0283267 0.0264703 0.0300178 0.0303074 0.0357252 0.0308183 0.0313236 0.0299661 0.0327258 0.0287967 0.0325796 0.0293280 0.0330963 0.0309341 0.0000000 0.0298350 0.0270807 0.0283283 0.0273789 0.0303056 0.0277183 0.0279614 0.0297414 0.0310518 0.0295565 0.0304712 0.0255703 0.0279431 0.0300713 0.0275796 0.0278143 0.0303727 0.0297920 0.0275342 0.0257805 0.0294398 0.0314265 0.0351714 0.0328229 0.0293754 0.0349126 0.0323161 0.0265065 0.0318484 0.0362061 0.0290428 0.0313970 0.0314205 0.0304985 0.0298677 0.0319462 0.0319026 0.0297722 0.0304166 0.0345634 0.0303189 0.0279959 0.0312662 0.0288581 0.0305559 0.0348341 0.0366131 0.0283538 
pop2.indv3  0.0344574 0.0300603 0.0316172 0.0302088 0.0341991 0.0362261 0.0298078 0.0314883 0.0305464 0.0339168 0.0330703 0.0300362 0.0275646 0.0290110 0.0325354 0.0306845 0.0325352 0.0348399 0.0260855 0.0317967 0.0306449 0.0285268 0.0284767 0.0261971 0.0330907 0.0312020 0.0298350 0.0000000 0.0308788 0.0348979 0.0285741 0.0270079 0.0305531 0.0347383 0.0290482 0.0333454 0.0282940 0.0289873 0.0285143 0.0288441 0.0290024 0.0316956 0.0302396 0.0295291 0.0262261 0.0252359 0.0333627 0.0294901 0.0297615 0.0322456 0.0357625 0.0299050 0.0365994 0.0296432 0.0290185 0.0300528 0.0329327 0.0299807 0.0323875 0.0299856 0.0282026 0.0302890 0.0293871 0.0319378 0.0281433 0.0295548 0.0317062 0.0324579 0.0261642 0.0335647 0.0298747 0.0315522 0.0337624 0.0323591 0.0275051 
pop2.indv4  0.0305923 0.0298333 0.0296943 0.0289817 0.0297734 0.0308886 0.0320434 0.0331370 0.0278560 0.0319041 0.0327337 0.0326624 0.0317118 0.0340280 0.0321693 0.0276220 0.0252719 0.0317588 0.0311192 0.0315196 0.0271557 0.0297129 0.0291824 0.0278201 0.0311528 0.0269823 0.0270807 0.0308788 0.0000000 0.0278197 0.0283154 0.0306477 0.0302948 0.0261012 0.0273515 0.0300194 0.0286229 0.0281162 0.0239386 0.0258462 0.0309843 0.0273418 0.0269264 0.0267513 0.0272470 0.0265266 0.0310475 0.0328466 0.0288565 0.0326885 0.0335164 0.0302403 0.0316781 0.0332963 0.0250408 0.0290964 0.0333728 0.0320869 0.0300008 0.0297138 0.0299324 0.0298272 0.0352278 0.0310494 0.0288432 0.0299898 0.0358769 0.0315635 0.0266584 0.0340826 0.0306124 0.0315755 0.0312366 0.0278391 0.0319194 
pop2.indv5  0.0338261 0.0335192 0.0284568 0.0268682 0.0301402 0.0351559 0.0360428 0.0325563 0.0307899 0.0314671 0.0322209 0.0358324 0.0310678 0.0326038 0.0318197 0.0295980 0.0318351 0.0368318 0.0295039 0.0348734 0.0320537 0.0364829 0.0311946 0.0336829 0.0376668 0.0289608 0.0283283 0.0348979 0.0278197 0.0000000 0.0345677 0.0320587 0.0297976 0.0297010 0.0277409 0.0306079 0.0294753 0.0286605 0.0287000 0.0282230 0.0342975 0.0305856 0.0317241 0.0328775 0.0254914 0.0268222 0.0282555 0.0237873 0.0310142 0.0281744 0.0365470 0.0289758 0.0364259 0.0319261 0.0305239 0.0352972 0.0378121 0.0321908 0.0263327 0.0299788 0.0364158 0.0314368 0.0362746 0.0338012 0.0329038 0.0286078 0.0322160 0.0318448 0.0314593 0.0367851 0.0362552 0.0323410 0.0302154 0.0292558 0.0286439 
pop2.indv6  0.0280252 0.0276819 0.0255937 0.0249645 0.0302487 0.0310277 0.0263256 0.0303704 0.0267982 0.0275014 0.0288307 0.0304607 0.0285592 0.0276375 0.0298970 0.0278034 0.0281093 0.0298725 0.0275521 0.0303176 0.0252772 0.0266340 0.0292965 0.0262002 0.0329144 0.0271347 0.0273789 0.0285741 0.0283154 0.0345677 0.0000000 0.0271494 0.0268913 0.0296274 0.0255519 0.0275081 0.0333620 0.0244787 0.0272874 0.0246393 0.0255422 0.0226752 0.0302222 0.0257656 0.0250780 0.0270140 0.0263838 0.0234206 0.0280317 0.0254462 0.0318982 0.0294955 0.0327164 0.0284999 0.0271294 0.0294849 0.0327003 0.0298464 0.0290376 0.0278337 0.0249345 0.0299423 0.0308140 0.0278334 0.0287317 0.0284510 0.0306425 0.0312643 0.0266382 0.0283100 0.0273716 0.0270693 0.0292409 0.0260741 0.0271612 
pop2.indv7  0.0324648 0.0331390 0.0323745 0.0332467 0.0325610 0.0329595 0.0379321 0.0336560 0.0311303 0.0296733 0.0339576 0.0353256 0.0351844 0.0325716 0.0280163 0.0296262 0.0335640 0.0366945 0.0345565 0.0340395 0.0346345 0.0336445 0.0291534 0.0338914 0.0309765 0.0289184 0.0303056 0.0270079 0.0306477 0.0320587 0.0271494 0.0000000 0.0291540 0.0347826 0.0268261 0.0298095 0.0349211 0.0333524 0.0287160 0.0326722 0.0297632 0.0277082 0.0288760 0.0291915 0.0267571 0.0306573 0.0297073 0.0315561 0.0290612 0.0365082 0.0357088 0.0325383 0.0362898 0.0330539 0.0357250 0.0366043 0.0351286 0.0344931 0.0343123 0.0334687 0.0312766 0.0348211 0.0348948 0.0349005 0.0322738 0.0373914 0.0366247 0.0333335 0.0306147 0.0377927 0.0370194 0.0302035 0.0375564 0.0298632 0.0288653 
pop2.indv8  0.0347149 0.0289398 0.0291493 0.0284063 0.0305882 0.0315362 0.0291748 0.0285900 0.0293551 0.0253273 0.0301840 0.0294236 0.0314711 0.0267349 0.0312057 0.0258183 0.0308640 0.0316052 0.0302232 0.0260072 0.0293593 0.0287884 0.0278612 0.0252995 0.0317567 0.0232654 0.0277183 0.0305531 0.0302948 0.0297976 0.0268913 0.0291540 0.0000000 0.0289593 0.0285516 0.0281802 0.0328804 0.0267512 0.0245688 0.0272810 0.0278187 0.0236588 0.0262440 0.0279463 0.0236772 0.0274155 0.0279444 0.0303731 0.0259992 0.0298776 0.0350490 0.0317234 0.0292374 0.0297699 0.0323577 0.0297420 0.0334113 0.0332213 0.0252958 0.0328293 0.0298694 0.0284179 0.0325756 0.0310939 0.0291337 0.0294687 0.0352579 0.0325040 0.0298085 0.0321664 0.0320889 0.0343509 0.0318317 0.0320310 0.0259660 
pop2.indv9  0.0301034 0.0308316 0.0288791 0.0330851 0.0370283 0.0374699 0.0314914 0.0378062 0.0316548 0.0289401 0.0340044 0.0295889 0.0321745 0.0312692 0.0291500 0.0302388 0.0289287 0.0358609 0.0324715 0.0303854 0.0349076 0.0309974 0.0316345 0.0304643 0.0395557 0.0288051 0.0279614 0.0347383 0.0261012 0.0297010 0.0296274 0.0347826 0.0289593 0.0000000 0.0287871 0.0331771 0.0304087 0.0330678 0.0303191 0.0304313 0.0316096 0.0307875 0.0297116 0.0247370 0.0283799 0.0293965 0.0246156 0.0292639 0.0279382 0.0308144 0.0339577 0.0290529 0.0361054 0.0357639 0.0332599 0.0330924 0.0401905 0.0316444 0.0264291 0.0310311 0.0313452 0.0274894 0.0326516 0.0326170 0.0326779 0.0327699 0.0351128 0.0342087 0.0318305 0.0334500 0.0303540 0.0281843 0.0385343 0.0353997 0.0302371 
pop2.indv10 0.0307870 0.0277934 0.0289466 0.0275718 0.0305375 0.0303622 0.0276056 0.0316682 0.0273409 0.0262016 0.0297957 0.0334843 0.0267684 0.0270702 0.0263719 0.0270556 0.0300144 0.0297216 0.0286115 0.0285607 0.0275655 0.0265361 0.0277143 0.0288803 0.0301064 0.0283860 0.0297414 0.0290482 0.0273515 0.0277409 0.0255519 0.0268261 0.0285516 0.0287871 0.0000000 0.0262462 0.0290917 0.0276661 0.0231312 0.0261197 0.0280482 0.0215324 0.0255500 0.0263287 0.0255854 0.0255057 0.0230080 0.0273092 0.0265218 0.0296136 0.0271230 0.0245344 0.0289902 0.0298393 0.0286220 0.0273567 0.0348792 0.0267308 0.0255716 0.0289934 0.0263197 0.0252124 0.0331746 0.0292299 0.0280210 0.0267293 0.0277999 0.0306726 0.0266963 0.0305272 0.0316433 0.0297869 0.0276719 0.0291100 0.0277577 
pop2.indv11 0.0358798 0.0313127 0.0259011 0.0326323 0.0340666 0.0378894 0.0321019 0.0306967 0.0264276 0.0255513 0.0309369 0.0292023 0.0328080 0.0297319 0.0332071 0.0320863 0.0273879 0.0359220 0.0331225 0.0291008 0.0286246 0.0277538 0.0319186 0.0312361 0.0326933 0.0310108 0.0310518 0.0333454 0.0300194 0.0306079 0.0275081 0.0298095 0.0281802 0.0331771 0.0262462 0.0000000 0.0356127 0.0285812 0.0283021 0.0306187 0.0307134 0.0271563 0.0264641 0.0275752 0.0294292 0.0267942 0.0290956 0.0254116 0.0302117 0.0324432 0.0327578 0.0297611 0.0343338 0.0303580 0.0315363 0.0356989 0.0373327 0.0346462 0.0292874 0.0270221 0.0290344 0.0291684 0.0355146 0.0330018 0.0303753 0.0351909 0.0333811 0.0345398 0.0281643 0.0322521 0.0325463 0.0327138 0.0323038 0.0323356 0.0301939 
pop2.indv12 0.0318658 0.0282185 0.0310726 0.0339094 0.0349811 0.0401546 0.0308308 0.0356309 0.0353363 0.0321905 0.0371068 0.0348721 0.0309735 0.0315152 0.0285745 0.0321832 0.0326074 0.0351776 0.0319519 0.0323913 0.0310577 0.0277130 0.0328086 0.0323216 0.0299889 0.0298758 0.0295565 0.0282940 0.0286229 0.0294753 0.0333620 0.0349211 0.0328804 0.0304087 0.0290917 0.0356127 0.0000000 0.0330126 0.0286746 0.0331236 0.0306145 0.0321047 0.0336234 0.0285850 0.0263674 0.0270539 0.0330686 0.0247789 0.0312024 0.0324988 0.0378315 0.0312727 0.0354776 0.0313221 0.0310030 0.0320330 0.0364675 0.0343359 0.0343670 0.0280308 0.0285200 0.0340154 0.0376644 0.0344942 0.0321041 0.0313085 0.0365435 0.0318684 0.0322290 0.0352279 0.0270484 0.0339815 0.0349632 0.0355537 0.0277398 
pop2.indv13 0.0325869 0.0302559 0.0310342 0.0256205 0.0319993 0.0302367 0.0307592 0.0300830 0.0272051 0.0281596 0.0341128 0.0289750 0.0285444 0.0326677 0.0279408 0.0265974 0.0282220 0.0315222 0.0346763 0.0320958 0.0306065 0.0296843 0.0288731 0.0281834 0.0327045 0.0316688 0.0304712 0.0289873 0.0281162 0.0286605 0.0244787 0.0333524 0.0267512 0.0330678 0.0276661 0.0285812 0.0330126 0.0000000 0.0306521 0.0291774 0.0254536 0.0279688 0.0303571 0.0281767 0.0261375 0.0244703 0.0299307 0.0252956 0.0310400 0.0274134 0.0310918 0.0290135 0.0341683 0.0244981 0.0300228 0.0318435 0.0340978 0.0326598 0.0288269 0.0304471 0.0308547 0.0297264 0.0332704 0.0288825 0.0281769 0.0322278 0.0335964 0.0276034 0.0251074 0.0307078 0.0332112 0.0303857 0.0314951 0.0320100 0.0278797 
pop2.indv14 0.0282062 0.0261815 0.0255529 0.0294693 0.0330222 0.0291669 0.0291509 0.0275335 0.0266053 0.0290027 0.0269739 0.0294052 0.0269259 0.0283372 0.0278953 0.0267575 0.0281283 0.0285885 0.0272283 0.0265087 0.0293274 0.0258495 0.0289608 0.0275805 0.0322116 0.0292248 0.0255703 0.0285143 0.0239386 0.0287000 0.0272874 0.0287160 0.0245688 0.0303191 0.0231312 0.0283021 0.0286746 0.0306521 0.0000000 0.0283593 0.0269817 0.0208155 0.0243616 0.0224485 0.0229855 0.0245221 0.0272615 0.0262473 0.0253545 0.0318080 0.0311796 0.0235322 0.0308933 0.0308102 0.0242574 0.0255100 0.0363140 0.0290730 0.0273654 0.0300587 0.0270019 0.0240669 0.0324672 0.0314053 0.0283631 0.0285202 0.0258763 0.0273905 0.0268712 0.0309431 0.0322272 0.0286984 0.0292377 0.0293743 0.0313775 
pop2.indv15 0.0298273 0.0288827 0.0237299 0.0263163 0.0317203 0.0334229 0.0294947 0.0295189 0.0298191 0.0308484 0.0318603 0.0324959 0.0282312 0.0276616 0.0319462 0.0249531 0.0286286 0.0307116 0.0320100 0.0281249 0.0307736 0.0327497 0.0330050 0.0293376 0.0316874 0.0264921 0.0279431 0.0288441 0.0258462 0.0282230 0.0246393 0.0326722 0.0272810 0.0304313 0.0261197 0.0306187 0.0331236 0.0291774 0.0283593 0.0000000 0.0243307 0.0282219 0.0255234 0.0294866 0.0254230 0.0240698 0.0293698 0.0286681 0.0214715 0.0298712 0.0315475 0.0292449 0.0291119 0.0300537 0.0301582 0.0337986 0.0349648 0.0314009 0.0290314 0.0300633 0.0291065 0.0288978 0.0274744 0.0296080 0.0304061 0.0316702 0.0302967 0.0327978 0.0337798 0.0323986 0.0339923 0.0338183 0.0345373 0.0276901 0.0338447 
pop2.indv16 0.0312171 0.0283687 0.0260934 0.0337276 0.0337077 0.0336340 0.0280885 0.0322185 0.0266525 0.0307732 0.0343931 0.0293636 0.0328040 0.0290883 0.0331021 0.0262696 0.0310438 0.0287395 0.0331320 0.0291754 0.0327521 0.0273160 0.0328549 0.0290602 0.0300351 0.0319581 0.0300713 0.0290024 0.0309843 0.0342975 0.0255422 0.0297632 0.0278187 0.0316096 0.0280482 0.0307134 0.0306145 0.0254536 0.0269817 0.0243307 0.0000000 0.0302131 0.0283663 0.0289706 0.0287193 0.0266457 0.0296392 0.0323669 0.0249035 0.0281586 0.0348253 0.0302532 0.0287623 0.0339773 0.0319573 0.0307157 0.0331797 0.0340256 0.0272787 0.0288066 0.0274787 0.0299623 0.0306637 0.0323141 0.0285396 0.0341073 0.0344902 0.0323412 0.0302622 0.0319482 0.0322492 0.0286969 0.0318345 0.0271078 0.0290552 
pop2.indv17 0.0274086 0.0274576 0.0270809 0.0313467 0.0324205 0.0366622 0.0313469 0.0278389 0.0276682 0.0278398 0.0320136 0.0329173 0.0322644 0.0285398 0.0288490 0.0254579 0.0281116 0.0342828 0.0278879 0.0290304 0.0284749 0.0295481 0.0318537 0.0323143 0.0282678 0.0298646 0.0275796 0.0316956 0.0273418 0.0305856 0.0226752 0.0277082 0.0236588 0.0307875 0.0215324 0.0271563 0.0321047 0.0279688 0.0208155 0.0282219 0.0302131 0.0000000 0.0264428 0.0272686 0.0262096 0.0295065 0.0308582 0.0245710 0.0247490 0.0293991 0.0355787 0.0313170 0.0298442 0.0306181 0.0334047 0.0307329 0.0373650 0.0328390 0.0277477 0.0267346 0.0263712 0.0273463 0.0349981 0.0312629 0.0331074 0.0268796 0.0322017 0.0299348 0.0261114 0.0308599 0.0278746 0.0290338 0.0323885 0.0279133 0.0237786 
pop2.indv18 0.0327389 0.0285578 0.0266970 0.0315273 0.0313303 0.0370375 0.0282645 0.0339785 0.0288049 0.0324021 0.0330184 0.0355984 0.0285931 0.0281585 0.0294113 0.0249156 0.0309299 0.0302288 0.0301800 0.0307018 0.0277952 0.0315901 0.0267317 0.0307534 0.0321553 0.0284661 0.0278143 0.0302396 0.0269264 0.0317241 0.0302222 0.0288760 0.0262440 0.0297116 0.0255500 0.0264641 0.0336234 0.0303571 0.0243616 0.0255234 0.0283663 0.0264428 0.0000000 0.0298138 0.0257449 0.0265289 0.0280822 0.0292000 0.0279784 0.0334479 0.0331984 0.0307705 0.0318979 0.0328783 0.0270411 0.0299696 0.0341962 0.0314428 0.0275568 0.0337054 0.0317513 0.0291897 0.0324664 0.0294536 0.0338401 0.0320468 0.0291539 0.0352736 0.0291578 0.0340452 0.0319075 0.0296827 0.0359433 0.0311366 0.0299871 
pop2.indv19 0.0335114 0.0302473 0.0294382 0.0315209 0.0322753 0.0339402 0.0291898 0.0313684 0.0239686 0.0296761 0.0321431 0.0335601 0.0299817 0.0287475 0.0279971 0.0268459 0.0310914 0.0397573 0.0296677 0.0250529 0.0324477 0.0289217 0.0293425 0.0320503 0.0354811 0.0284291 0.0303727 0.0295291 0.0267513 0.0328775 0.0257656 0.0291915 0.0279463 0.0247370 0.0263287 0.0275752 0.0285850 0.0281767 0.0224485 0.0294866 0.0289706 0.0272686 0.0298138 0.0000000 0.0278682 0.0270808 0.0306596 0.0269589 0.0314581 0.0283630 0.0331519 0.0268130 0.0283448 0.0320100 0.0313054 0.0314728 0.0302866 0.0313317 0.0275125 0.0275297 0.0310209 0.0323866 0.0300046 0.0356748 0.0331006 0.0325468 0.0344458 0.0325418 0.0310110 0.0283747 0.0306338 0.0305549 0.0318109 0.0344468 0.0313650 
pop2.indv20 0.0297320 0.0263273 0.0257434 0.0295062 0.0290508 0.0324493 0.0282095 0.0301830 0.0262454 0.0269833 0.0291725 0.0301132 0.0268354 0.0280652 0.0329945 0.0273851 0.0261693 0.0327135 0.0249595 0.0267430 0.0270744 0.0271069 0.0256907 0.0253192 0.0277499 0.0268111 0.0297920 0.0262261 0.0272470 0.0254914 0.0250780 0.0267571 0.0236772 0.0283799 0.0255854 0.0294292 0.0263674 0.0261375 0.0229855 0.0254230 0.0287193 0.0262096 0.0257449 0.0278682 0.0000000 0.0236674 0.0227853 0.0252161 0.0255743 0.0229864 0.0305524 0.0267699 0.0273224 0.0311250 0.0287260 0.0291238 0.0314071 0.0309343 0.0247423 0.0280455 0.0287541 0.0273929 0.0293267 0.0272713 0.0272397 0.0291721 0.0300836 0.0265633 0.0275977 0.0307652 0.0311040 0.0241160 0.0311883 0.0308184 0.0280800 
pop2.indv21 0.0303840 0.0249442 0.0233331 0.0264234 0.0285726 0.0315732 0.0288570 0.0302796 0.0251344 0.0304773 0.0296132 0.0335042 0.0276999 0.0243731 0.0303289 0.0205264 0.0275241 0.0305907 0.0311445 0.0304673 0.0262345 0.0272939 0.0324593 0.0265229 0.0304980 0.0300874 0.0275342 0.0252359 0.0265266 0.0268222 0.0270140 0.0306573 0.0274155 0.0293965 0.0255057 0.0267942 0.0270539 0.0244703 0.0245221 0.0240698 0.0266457 0.0295065 0.0265289 0.0270808 0.0236674 0.0000000 0.0249445 0.0282513 0.0224207 0.0311058 0.0307095 0.0292624 0.0323813 0.0314360 0.0262467 0.0337667 0.0347395 0.0328026 0.0273158 0.0274825 0.0237394 0.0266691 0.0282038 0.0310743 0.0286153 0.0283766 0.0305153 0.0282388 0.0314650 0.0281483 0.0265720 0.0305788 0.0246780 0.0301793 0.0244621 
pop2.indv22 0.0319479 0.0316207 0.0259296 0.0293096 0.0293726 0.0348922 0.0296613 0.0345119 0.0295421 0.0299816 0.0316507 0.0335060 0.0328420 0.0295200 0.0317712 0.0277404 0.0318047 0.0321258 0.0301961 0.0290584 0.0340468 0.0305777 0.0302931 0.0320701 0.0301939 0.0290766 0.0257805 0.0333627 0.0310475 0.0282555 0.0263838 0.0297073 0.0279444 0.0246156 0.0230080 0.0290956 0.0330686 0.0299307 0.0272615 0.0293698 0.0296392 0.0308582 0.0280822 0.0306596 0.0227853 0.0249445 0.0000000 0.0287163 0.0283924 0.0311154 0.0337083 0.0352335 0.0335110 0.0334788 0.0258057 0.0328232 0.0353131 0.0306177 0.0313889 0.0328752 0.0319475 0.0279237 0.0374103 0.0313189 0.0341170 0.0309618 0.0338920 0.0333426 0.0280375 0.0318593 0.0328741 0.0279411 0.0352092 0.0322384 0.0249422 
pop2.indv23 0.0309152 0.0267022 0.0262572 0.0310433 0.0330833 0.0336826 0.0282511 0.0292303 0.0292850 0.0336865 0.0304439 0.0297010 0.0306555 0.0261563 0.0298677 0.0265599 0.0306620 0.0345356 0.0305059 0.0311570 0.0283232 0.0321693 0.0295779 0.0296509 0.0311267 0.0304528 0.0294398 0.0294901 0.0328466 0.0237873 0.0234206 0.0315561 0.0303731 0.0292639 0.0273092 0.0254116 0.0247789 0.0252956 0.0262473 0.0286681 0.0323669 0.0245710 0.0292000 0.0269589 0.0252161 0.0282513 0.0287163 0.0000000 0.0271791 0.0289216 0.0286381 0.0260241 0.0344940 0.0293696 0.0313208 0.0327095 0.0332442 0.0301075 0.0284777 0.0292711 0.0279719 0.0296633 0.0308835 0.0322339 0.0340381 0.0278006 0.0343451 0.0316893 0.0309881 0.0313425 0.0286482 0.0248986 0.0300209 0.0307972 0.0327639 
pop2.indv24 0.0308968 0.0272621 0.0259605 0.0261063 0.0378810 0.0311964 0.0276169 0.0366450 0.0283587 0.0292416 0.0312258 0.0347296 0.0291688 0.0319388 0.0303023 0.0237233 0.0262033 0.0325513 0.0316183 0.0306155 0.0292427 0.0280039 0.0308492 0.0314452 0.0310692 0.0274079 0.0314265 0.0297615 0.0288565 0.0310142 0.0280317 0.0290612 0.0259992 0.0279382 0.0265218 0.0302117 0.0312024 0.0310400 0.0253545 0.0214715 0.0249035 0.0247490 0.0279784 0.0314581 0.0255743 0.0224207 0.0283924 0.0271791 0.0000000 0.0259953 0.0313155 0.0263411 0.0311221 0.0315353 0.0320262 0.0319126 0.0369244 0.0324419 0.0280461 0.0304355 0.0312735 0.0300324 0.0325838 0.0324530 0.0312118 0.0328575 0.0327956 0.0347842 0.0269216 0.0320860 0.0319388 0.0288720 0.0325832 0.0291445 0.0283744 
pop2.indv25 0.0337789 0.0312791 0.0363190 0.0338607 0.0400397 0.0359896 0.0330753 0.0366508 0.0335374 0.0296229 0.0360945 0.0333948 0.0336549 0.0345879 0.0333606 0.0295607 0.0314032 0.0356055 0.0302453 0.0322729 0.0359626 0.0306576 0.0326755 0.0327461 0.0354636 0.0334760 0.0351714 0.0322456 0.0326885 0.0281744 0.0254462 0.0365082 0.0298776 0.0308144 0.0296136 0.0324432 0.0324988 0.0274134 0.0318080 0.0298712 0.0281586 0.0293991 0.0334479 0.0283630 0.0229864 0.0311058 0.0311154 0.0289216 0.0259953 0.0000000 0.0337399 0.0309733 0.0325602 0.0331084 0.0327128 0.0310848 0.0383661 0.0338119 0.0325481 0.0321790 0.0361490 0.0335753 0.0308921 0.0318524 0.0340655 0.0347809 0.0365999 0.0340686 0.0318947 0.0352491 0.0351867 0.0357376 0.0313604 0.0333526 0.0296098 
pop3.indv1  0.0332811 0.0304577 0.0344907 0.0347557 0.0370190 0.0357708 0.0341488 0.0319019 0.0298540 0.0323536 0.0357486 0.0331646 0.0381090 0.0328391 0.0365104 0.0316015 0.0304103 0.0359893 0.0322745 0.0298183 0.0359589 0.0348244 0.0338071 0.0367824 0.0368812 0.0354600 0.0328229 0.0357625 0.0335164 0.0365470 0.0318982 0.0357088 0.0350490 0.0339577 0.0271230 0.0327578 0.0378315 0.0310918 0.0311796 0.0315475 0.0348253 0.0355787 0.0331984 0.0331519 0.0305524 0.0307095 0.0337083 0.0286381 0.0313155 0.0337399 0.0000000 0.0288866 0.0387845 0.0339588 0.0326316 0.0331717 0.0364557 0.0318219 0.0293407 0.0312981 0.0302436 0.0271660 0.0318759 0.0343830 0.0342293 0.0278199 0.0313480 0.0322001 0.0290779 0.0349875 0.0358581 0.0317810 0.0326705 0.0327686 0.0341821 
pop3.indv2  0.0324394 0.0298212 0.0299838 0.0298706 0.0326384 0.0342875 0.0327224 0.0335156 0.0270669 0.0268227 0.0301552 0.0293477 0.0308138 0.0299267 0.0281494 0.0280300 0.0262628 0.0297904 0.0274851 0.0294769 0.0264982 0.0302418 0.0320554 0.0295063 0.0362110 0.0268734 0.0293754 0.0299050 0.0302403 0.0289758 0.0294955 0.0325383 0.0317234 0.0290529 0.0245344 0.0297611 0.0312727 0.0290135 0.0235322 0.0292449 0.0302532 0.0313170 0.0307705 0.0268130 0.0267699 0.0292624 0.0352335 0.0260241 0.0263411 0.0309733 0.0288866 0.0000000 0.0284649 0.0248133 0.0278784 0.0259534 0.0318688 0.0307799 0.0262767 0.0270253 0.0293793 0.0302110 0.0312822 0.0288135 0.0278311 0.0283484 0.0298632 0.0267470 0.0275816 0.0284436 0.0288758 0.0227511 0.0321389 0.0304234 0.0291785 
