75
pop1.indv1  0.0000000 0.0387327 0.0366118 0.0507321 0.0307392 0.0334940 0.0429372 0.0353525 0.0260928 0.0387227 0.0444187 0.0383211 0.0443350 0.0274514 0.0294736 0.0399340 0.0370926 0.0370599 0.0377108 0.0447027 0.0289909 0.0388006 0.0355454 0.0307989 0.0393099 0.0465822 0.0452279 0.0451825 0.0387130 0.0260595 0.0383886 0.0338424 0.0506657 0.0388716 0.0365972 0.0479100 0.0442353 0.0402609 0.0408023 0.0492237 0.0381566 0.0460664 0.0422795 0.0210531 0.0383341 0.0442386 0.0294422 0.0526198 0.0391824 0.0333326 0.0314194 0.0380284 0.0273893 0.0309686 0.0350563 0.0426940 0.0340162 0.0311059 0.0375985 0.0388539 0.0294115 0.0367069 0.0335847 0.0279897 0.0300138 0.0291052 0.0279651 0.0416211 0.0354939 0.0393585 0.0308512 0.0440388 0.0337923 0.0430910 0.0420118 
pop1.indv10 0.0387327 0.0000000 0.0314193 0.0551828 0.0368182 0.0472582 0.0330216 0.0403580 0.0243725 0.0439255 0.0385491 0.0300196 0.0424431 0.0388091 0.0357724 0.0382708 0.0350950 0.0254865 0.0359617 0.0481323 0.0288143 0.0309601 0.0318817 0.0245453 0.0261090 0.0381215 0.0468898 0.0318464 0.0385179 0.0273986 0.0489699 0.0399734 0.0408290 0.0274045 0.0398635 0.0368682 0.0471718 0.0352156 0.0349962 0.0435618 0.0297233 0.0372245 0.0294639 0.0329853 0.0451784 0.0478998 0.0334699 0.0373948 0.0423700 0.0395674 0.0444138 0.0307596 0.0290047 0.0355223 0.0453284 0.0309537 0.0371728 0.0291794 0.0441554 0.0349626 0.0292338 0.0288464 0.0345591 0.0280300 0.0331343 0.0352372 0.0422689 0.0530299 0.0421143 0.0408010 0.0400432 0.0350118 0.0384015 0.0383505 0.0406527 
pop1.indv11 0.0366118 0.0314193 0.0000000 0.0403785 0.0345063 0.0302474 0.0345156 0.0291008 0.0244067 0.0502947 0.0227897 0.0317180 0.0404205 0.0321830 0.0369106 0.0370499 0.0209308 0.0291034 0.0232727 0.0348541 0.0348703 0.0356626 0.0384080 0.0243374 0.0243076 0.0477856 0.0412600 0.0239310 0.0368224 0.0321602 0.0449168 0.0367689 0.0402745 0.0306329 0.0415173 0.0297628 0.0338125 0.0350459 0.0367498 0.0379407 0.0300496 0.0274375 0.0317023 0.0298546 0.0299381 0.0390549 0.0352184 0.0337662 0.0323655 0.0393730 0.0347897 0.0308271 0.0290643 0.0397454 0.0385025 0.0324563 0.0324012 0.0336527 0.0330121 0.0298537 0.0301985 0.0253944 0.0363826 0.0277893 0.0345831 0.0353974 0.0325296 0.0381247 0.0338121 0.0306785 0.0322269 0.0375213 0.0331991 0.0268876 0.0357472 
pop1.indv12 0.0507321 0.0551828 0.0403785 0.0000000 0.0373865 0.0324155 0.0334816 0.0337767 0.0323021 0.0474183 0.0378713 0.0337003 0.0615220 0.0309641 0.0331324 0.0276429 0.0415999 0.0424336 0.0499138 0.0419601 0.0292283 0.0439175 0.0360416 0.0379897 0.0329865 0.0428055 0.0453758 0.0383841 0.0369590 0.0396757 0.0455323 0.0371288 0.0374056 0.0359868 0.0323539 0.0319374 0.0433420 0.0356217 0.0356312 0.0360723 0.0214850 0.0390763 0.0310001 0.0230944 0.0352482 0.0454856 0.0411478 0.0396432 0.0250983 0.0350646 0.0363355 0.0332704 0.0342085 0.0309577 0.0388717 0.0386616 0.0429441 0.0411844 0.0319932 0.0341463 0.0323915 0.0374806 0.0386578 0.0314799 0.0503584 0.0359636 0.0388211 0.0390313 0.0443514 0.0392733 0.0327874 0.0475270 0.0461720 0.0324571 0.0359339 
pop1.indv13 0.0307392 0.0368182 0.0345063 0.0373865 0.0000000 0.0360692 0.0436518 0.0259175 0.0156824 0.0483108 0.0310735 0.0290141 0.0446857 0.0278496 0.0351077 0.0289040 0.0291822 0.0304785 0.0325650 0.0404257 0.0257768 0.0441567 0.0307225 0.0214450 0.0295046 0.0370038 0.0365625 0.0338014 0.0321279 0.0261727 0.0455935 0.0339925 0.0362650 0.0393153 0.0326093 0.0385817 0.0327255 0.0274585 0.0242573 0.0398639 0.0285411 0.0374952 0.0296836 0.0349030 0.0243119 0.0360401 0.0308864 0.0359793 0.0200025 0.0289424 0.0289475 0.0218340 0.0324526 0.0410170 0.0325705 0.0413066 0.0295203 0.0281166 0.0303784 0.0374029 0.0391189 0.0327626 0.0320655 0.0251625 0.0334632 0.0342878 0.0448862 0.0306272 0.0412234 0.0312717 0.0292876 0.0410556 0.0313577 0.0454506 0.0344792 
pop1.indv14 0.0334940 0.0472582 0.0302474 0.0324155 0.0360692 0.0000000 0.0373946 0.0402874 0.0227732 0.0478148 0.0308487 0.0395947 0.0357398 0.0276902 0.0360064 0.0385678 0.0364660 0.0384500 0.0358704 0.0414724 0.0271482 0.0390806 0.0337014 0.0324791 0.0339067 0.0482759 0.0305693 0.0379530 0.0287680 0.0323699 0.0288103 0.0287408 0.0323973 0.0258835 0.0352208 0.0384570 0.0390557 0.0319521 0.0339985 0.0480330 0.0376792 0.0309154 0.0404343 0.0248482 0.0258240 0.0386310 0.0292143 0.0336508 0.0304959 0.0314154 0.0406764 0.0411676 0.0239751 0.0370947 0.0331902 0.0276568 0.0318985 0.0291548 0.0480394 0.0353110 0.0337584 0.0384057 0.0377188 0.0391527 0.0364423 0.0337336 0.0247596 0.0331033 0.0473024 0.0375702 0.0318649 0.0373818 0.0391364 0.0286585 0.0438239 
pop1.indv15 0.0429372 0.0330216 0.0345156 0.0334816 0.0436518 0.0373946 0.0000000 0.0310642 0.0249392 0.0521788 0.0378271 0.0292371 0.0436097 0.0312120 0.0331977 0.0312520 0.0295220 0.0283691 0.0370462 0.0393577 0.0245519 0.0417254 0.0436789 0.0360652 0.0329474 0.0412063 0.0389818 0.0324339 0.0408598 0.0398189 0.0374275 0.0440637 0.0378614 0.0330891 0.0410714 0.0474356 0.0448562 0.0308068 0.0443001 0.0344075 0.0388421 0.0281658 0.0413836 0.0275893 0.0354899 0.0386350 0.0285269 0.0394909 0.0362579 0.0422295 0.0372126 0.0308561 0.0413105 0.0393561 0.0432507 0.0504871 0.0333926 0.0235522 0.0355484 0.0343866 0.0381532 0.0355999 0.0426828 0.0320134 0.0495806 0.0331830 0.0352784 0.0312622 0.0366995 0.0346275 0.0428496 0.0386542 0.0399351 0.0388625 0.0376452 
pop1.indv16 0.0353525 0.0403580 0.0291008 0.0337767 0.0259175 0.0402874 0.0310642 0.0000000 0.0275461 0.0307807 0.0324417 0.0346992 0.0333661 0.0301240 0.0305407 0.0303490 0.0213283 0.0318658 0.0476925 0.0381416 0.0288253 0.0227293 0.0304828 0.0212180 0.0353997 0.0504205 0.0399882 0.0385690 0.0447425 0.0200022 0.0401230 0.0228605 0.0354506 0.0372983 0.0352500 0.0428106 0.0438889 0.0411195 0.0305498 0.0370738 0.0331740 0.0463705 0.0199026 0.0311661 0.0385822 0.0372383 0.0360325 0.0319383 0.0275445 0.0367474 0.0299528 0.0265812 0.0304120 0.0320896 0.0285006 0.0323042 0.0341679 0.0226197 0.0328342 0.0383610 0.0245210 0.0321949 0.0299311 0.0183731 0.0366557 0.0318655 0.0390822 0.0382631 0.0337153 0.0308473 0.0304895 0.0462198 0.0424306 0.0255707 0.0320976 
pop1.indv17 0.0260928 0.0243725 0.0244067 0.0323021 0.0156824 0.0227732 0.0249392 0.0275461 0.0000000 0.0374653 0.0280200 0.0303760 0.0357074 0.0292634 0.0313467 0.0286319 0.0274339 0.0213786 0.0264505 0.0302078 0.0196123 0.0293785 0.0309822 0.0230605 0.0229386 0.0403402 0.0276559 0.0241897 0.0304288 0.0274828 0.0307181 0.0261649 0.0331846 0.0200138 0.0294739 0.0196597 0.0291479 0.0228632 0.0276559 0.0340763 0.0242412 0.0246721 0.0342725 0.0238407 0.0228257 0.0378956 0.0233633 0.0354878 0.0308218 0.0363682 0.0270431 0.0215698 0.0210721 0.0199568 0.0353438 0.0296098 0.0261540 0.0171350 0.0287768 0.0255441 0.0215103 0.0334506 0.0225453 0.0156849 0.0209941 0.0140452 0.0249391 0.0259003 0.0278127 0.0322470 0.0320487 0.0344842 0.0307423 0.0289833 0.0216053 
pop1.indv18 0.0387227 0.0439255 0.0502947 0.0474183 0.0483108 0.0478148 0.0521788 0.0307807 0.0374653 0.0000000 0.0440171 0.0452874 0.0437551 0.0438687 0.0361046 0.0273148 0.0446369 0.0475318 0.0431424 0.0555170 0.0457132 0.0442451 0.0389296 0.0464804 0.0479290 0.0487359 0.0423455 0.0466576 0.0485892 0.0512496 0.0470440 0.0407087 0.0529586 0.0401812 0.0469542 0.0482056 0.0375899 0.0436251 0.0425412 0.0512685 0.0465089 0.0321021 0.0393452 0.0424038 0.0322401 0.0444305 0.0393549 0.0569146 0.0390447 0.0453374 0.0463746 0.0479179 0.0259401 0.0307597 0.0335498 0.0410012 0.0263138 0.0323319 0.0496529 0.0402516 0.0445463 0.0470258 0.0316366 0.0309535 0.0387111 0.0309249 0.0308695 0.0580419 0.0476615 0.0464304 0.0397363 0.0553802 0.0457542 0.0387247 0.0392516 
pop1.indv19 0.0444187 0.0385491 0.0227897 0.0378713 0.0310735 0.0308487 0.0378271 0.0324417 0.0280200 0.0440171 0.0000000 0.0318847 0.0437125 0.0342659 0.0374117 0.0340910 0.0307270 0.0341960 0.0367314 0.0470438 0.0331938 0.0376264 0.0370762 0.0248454 0.0215874 0.0475483 0.0438772 0.0384933 0.0409104 0.0393407 0.0322112 0.0438441 0.0293855 0.0328662 0.0322795 0.0352049 0.0390051 0.0303246 0.0375219 0.0462414 0.0367274 0.0477914 0.0468564 0.0395480 0.0227111 0.0337732 0.0341555 0.0323143 0.0361433 0.0446960 0.0318901 0.0349127 0.0323349 0.0407795 0.0348843 0.0428481 0.0328998 0.0264509 0.0486893 0.0308235 0.0341339 0.0271145 0.0339746 0.0299840 0.0364504 0.0373034 0.0313436 0.0341843 0.0478933 0.0330719 0.0304825 0.0408315 0.0387919 0.0354545 0.0387667 
pop1.indv2  0.0383211 0.0300196 0.0317180 0.0337003 0.0290141 0.0395947 0.0292371 0.0346992 0.0303760 0.0452874 0.0318847 0.0000000 0.0471803 0.0381587 0.0477026 0.0303011 0.0349354 0.0369579 0.0339461 0.0475690 0.0205891 0.0389050 0.0348556 0.0242133 0.0289613 0.0527676 0.0480238 0.0252862 0.0332531 0.0288829 0.0379028 0.0419819 0.0333112 0.0291451 0.0332895 0.0492422 0.0372687 0.0375749 0.0409518 0.0384325 0.0234783 0.0388742 0.0288917 0.0340590 0.0331400 0.0305524 0.0371849 0.0383981 0.0320491 0.0348665 0.0420830 0.0329324 0.0257223 0.0403525 0.0442159 0.0370323 0.0319020 0.0275873 0.0375063 0.0335718 0.0350191 0.0304559 0.0360866 0.0359180 0.0406940 0.0275200 0.0357582 0.0380047 0.0435808 0.0369944 0.0336251 0.0456884 0.0467148 0.0380485 0.0335424 
pop1.indv20 0.0443350 0.0424431 0.0404205 0.0615220 0.0446857 0.0357398 0.0436097 0.0333661 0.0357074 0.0437551 0.0437125 0.0471803 0.0000000 0.0456802 0.0412359 0.0399526 0.0417076 0.0407241 0.0460585 0.0466289 0.0401797 0.0474599 0.0440679 0.0291022 0.0357260 0.0518469 0.0437291 0.0456428 0.0457327 0.0340805 0.0558666 0.0393380 0.0542881 0.0457984 0.0371202 0.0575085 0.0405230 0.0454093 0.0508826 0.0476077 0.0453453 0.0505018 0.0555363 0.0364394 0.0372344 0.0387035 0.0360190 0.0507775 0.0310255 0.0481970 0.0400744 0.0379900 0.0324714 0.0356038 0.0435471 0.0426722 0.0278221 0.0376106 0.0494954 0.0464261 0.0353094 0.0452368 0.0419006 0.0361503 0.0444875 0.0404558 0.0345590 0.0336746 0.0555083 0.0297582 0.0368742 0.0476364 0.0419454 0.0419203 0.0423882 
pop1.indv21 0.0274514 0.0388091 0.0321830 0.0309641 0.0278496 0.0276902 0.0312120 0.0301240 0.0292634 0.0438687 0.0342659 0.0381587 0.0456802 0.0000000 0.0340359 0.0302603 0.0348779 0.0303876 0.0309838 0.0383076 0.0199067 0.0357060 0.0417659 0.0352902 0.0308147 0.0460505 0.0445873 0.0335236 0.0350758 0.0305510 0.0350085 0.0245279 0.0372987 0.0340948 0.0351833 0.0272167 0.0259122 0.0286439 0.0408848 0.0355958 0.0315777 0.0377237 0.0339435 0.0239058 0.0479559 0.0407310 0.0409537 0.0357635 0.0337100 0.0239440 0.0300921 0.0298788 0.0245669 0.0271772 0.0404170 0.0343371 0.0278479 0.0213258 0.0256157 0.0243068 0.0405333 0.0322226 0.0272175 0.0292522 0.0336585 0.0229012 0.0281929 0.0354598 0.0341273 0.0322617 0.0307508 0.0412684 0.0322607 0.0260284 0.0357598 
pop1.indv22 0.0294736 0.0357724 0.0369106 0.0331324 0.0351077 0.0360064 0.0331977 0.0305407 0.0313467 0.0361046 0.0374117 0.0477026 0.0412359 0.0340359 0.0000000 0.0356184 0.0373245 0.0390176 0.0331784 0.0338196 0.0300725 0.0216577 0.0440522 0.0430477 0.0249679 0.0456321 0.0305778 0.0456786 0.0380361 0.0344670 0.0407694 0.0327038 0.0407901 0.0363501 0.0386586 0.0497407 0.0425022 0.0370975 0.0282142 0.0376040 0.0449739 0.0376639 0.0280349 0.0331144 0.0373473 0.0376540 0.0214986 0.0482563 0.0247491 0.0352602 0.0478708 0.0334218 0.0279725 0.0292723 0.0356592 0.0360972 0.0415905 0.0329155 0.0399756 0.0278397 0.0341260 0.0507096 0.0307833 0.0281223 0.0405744 0.0232361 0.0297837 0.0358154 0.0479140 0.0358966 0.0391759 0.0342043 0.0359526 0.0309702 0.0326055 
pop1.indv23 0.0399340 0.0382708 0.0370499 0.0276429 0.0289040 0.0385678 0.0312520 0.0303490 0.0286319 0.0273148 0.0340910 0.0303011 0.0399526 0.0302603 0.0356184 0.0000000 0.0270840 0.0365722 0.0373335 0.0475878 0.0282719 0.0387883 0.0290152 0.0241222 0.0277208 0.0429325 0.0414799 0.0461754 0.0466458 0.0389571 0.0368367 0.0332654 0.0293232 0.0291563 0.0383257 0.0318651 0.0369694 0.0362749 0.0384373 0.0538129 0.0344797 0.0435065 0.0455249 0.0325748 0.0352043 0.0457312 0.0384092 0.0508953 0.0286627 0.0253515 0.0374691 0.0263879 0.0303842 0.0381865 0.0368076 0.0340391 0.0368502 0.0214534 0.0327873 0.0352805 0.0275458 0.0317014 0.0413153 0.0357345 0.0429294 0.0368799 0.0411687 0.0335145 0.0328341 0.0376271 0.0453370 0.0393403 0.0404286 0.0273470 0.0339338 
pop1.indv24 0.0370926 0.0350950 0.0209308 0.0415999 0.0291822 0.0364660 0.0295220 0.0213283 0.0274339 0.0446369 0.0307270 0.0349354 0.0417076 0.0348779 0.0373245 0.0270840 0.0000000 0.0270922 0.0273765 0.0410475 0.0254539 0.0367747 0.0317611 0.0209892 0.0274496 0.0363981 0.0348906 0.0379275 0.0398108 0.0290378 0.0384615 0.0331402 0.0369398 0.0382598 0.0368824 0.0332391 0.0415494 0.0271473 0.0447264 0.0272189 0.0236652 0.0370815 0.0335506 0.0284532 0.0313571 0.0406890 0.0304064 0.0307343 0.0274039 0.0349701 0.0292129 0.0274741 0.0356639 0.0386111 0.0304382 0.0485186 0.0259422 0.0239823 0.0389646 0.0223284 0.0351070 0.0211274 0.0396059 0.0244550 0.0478038 0.0321349 0.0344017 0.0447257 0.0438360 0.0373170 0.0300247 0.0423829 0.0274581 0.0367243 0.0338540 
pop1.indv25 0.0370599 0.0254865 0.0291034 0.0424336 0.0304785 0.0384500 0.0283691 0.0318658 0.0213786 0.0475318 0.0341960 0.0369579 0.0407241 0.0303876 0.0390176 0.0365722 0.0270922 0.0000000 0.0343367 0.0300958 0.0301449 0.0231161 0.0273213 0.0243156 0.0308609 0.0416241 0.0430976 0.0267775 0.0436685 0.0308667 0.0387437 0.0272848 0.0342649 0.0321374 0.0356572 0.0286097 0.0388825 0.0243036 0.0403439 0.0370047 0.0334223 0.0371950 0.0322591 0.0284122 0.0257628 0.0423652 0.0388016 0.0339033 0.0289158 0.0367044 0.0317287 0.0262932 0.0259184 0.0423465 0.0352168 0.0342292 0.0260967 0.0289313 0.0330331 0.0418384 0.0197686 0.0288069 0.0283191 0.0325048 0.0394945 0.0275122 0.0346597 0.0333734 0.0343270 0.0408130 0.0385871 0.0393848 0.0470545 0.0319852 0.0441506 
pop1.indv3  0.0377108 0.0359617 0.0232727 0.0499138 0.0325650 0.0358704 0.0370462 0.0476925 0.0264505 0.0431424 0.0367314 0.0339461 0.0460585 0.0309838 0.0331784 0.0373335 0.0273765 0.0343367 0.0000000 0.0326216 0.0274542 0.0296258 0.0377070 0.0344644 0.0314579 0.0419298 0.0372677 0.0404173 0.0321001 0.0417359 0.0372850 0.0406204 0.0376680 0.0281131 0.0427858 0.0356141 0.0371293 0.0259858 0.0328442 0.0422589 0.0350740 0.0415585 0.0411362 0.0318697 0.0322129 0.0362507 0.0263459 0.0392010 0.0372175 0.0459465 0.0332129 0.0262769 0.0357925 0.0328473 0.0425066 0.0381952 0.0328000 0.0295853 0.0448206 0.0286985 0.0364073 0.0372051 0.0337582 0.0316530 0.0370148 0.0374999 0.0347331 0.0407063 0.0376987 0.0342849 0.0374701 0.0394489 0.0359101 0.0310379 0.0279193 
pop1.indv4  0.0447027 0.0481323 0.0348541 0.0419601 0.0404257 0.0414724 0.0393577 0.0381416 0.0302078 0.0555170 0.0470438 0.0475690 0.0466289 0.0383076 0.0338196 0.0475878 0.0410475 0.0300958 0.0326216 0.0000000 0.0362199 0.0466188 0.0464407 0.0398355 0.0434434 0.0529133 0.0498502 0.0396034 0.0461809 0.0469305 0.0381397 0.0503450 0.0418564 0.0405346 0.0353145 0.0412329 0.0544832 0.0377562 0.0504105 0.0525599 0.0421576 0.0575445 0.0431717 0.0470066 0.0396670 0.0419262 0.0418703 0.0515644 0.0454306 0.0541059 0.0451228 0.0391610 0.0381009 0.0420365 0.0497309 0.0419346 0.0545401 0.0337619 0.0544417 0.0414384 0.0382939 0.0467930 0.0476054 0.0272469 0.0410201 0.0449504 0.0550326 0.0443826 0.0538465 0.0563001 0.0643873 0.0417510 0.0454614 0.0481445 0.0454684 
pop1.indv5  0.0289909 0.0288143 0.0348703 0.0292283 0.0257768 0.0271482 0.0245519 0.0288253 0.0196123 0.0457132 0.0331938 0.0205891 0.0401797 0.0199067 0.0300725 0.0282719 0.0254539 0.0301449 0.0274542 0.0362199 0.0000000 0.0337230 0.0321099 0.0214930 0.0270946 0.0441773 0.0334867 0.0299117 0.0299381 0.0289137 0.0270539 0.0318976 0.0258151 0.0292054 0.0322625 0.0282322 0.0382878 0.0225104 0.0272616 0.0288825 0.0327293 0.0383368 0.0227167 0.0264239 0.0332871 0.0302492 0.0227819 0.0353449 0.0182135 0.0266608 0.0355714 0.0291383 0.0353467 0.0320763 0.0271562 0.0352763 0.0337953 0.0211896 0.0346109 0.0267847 0.0227848 0.0362703 0.0313055 0.0246692 0.0332057 0.0324727 0.0263188 0.0257328 0.0336472 0.0325558 0.0336502 0.0289715 0.0317942 0.0331487 0.0306285 
pop1.indv6  0.0388006 0.0309601 0.0356626 0.0439175 0.0441567 0.0390806 0.0417254 0.0227293 0.0293785 0.0442451 0.0376264 0.0389050 0.0474599 0.0357060 0.0216577 0.0387883 0.0367747 0.0231161 0.0296258 0.0466188 0.0337230 0.0000000 0.0371660 0.0294922 0.0399603 0.0467967 0.0417143 0.0375028 0.0353288 0.0407629 0.0388205 0.0403699 0.0446045 0.0264354 0.0336699 0.0367177 0.0405988 0.0418183 0.0358251 0.0411132 0.0339978 0.0448227 0.0464408 0.0225656 0.0323809 0.0451955 0.0328666 0.0407372 0.0294735 0.0435584 0.0427787 0.0400674 0.0353523 0.0439996 0.0403467 0.0292638 0.0281175 0.0246540 0.0384313 0.0402683 0.0291140 0.0291250 0.0338102 0.0231049 0.0370015 0.0340840 0.0414704 0.0469129 0.0429280 0.0359455 0.0356695 0.0344125 0.0358081 0.0304313 0.0309482 
pop1.indv7  0.0355454 0.0318817 0.0384080 0.0360416 0.0307225 0.0337014 0.0436789 0.0304828 0.0309822 0.0389296 0.0370762 0.0348556 0.0440679 0.0417659 0.0440522 0.0290152 0.0317611 0.0273213 0.0377070 0.0464407 0.0321099 0.0371660 0.0000000 0.0351628 0.0328431 0.0298109 0.0468042 0.0285630 0.0397311 0.0306964 0.0405229 0.0527390 0.0422535 0.0324915 0.0369880 0.0346145 0.0457171 0.0287865 0.0404992 0.0474624 0.0350713 0.0427044 0.0424027 0.0316965 0.0353078 0.0307667 0.0337784 0.0463827 0.0324331 0.0386951 0.0513152 0.0276797 0.0322759 0.0407371 0.0416716 0.0421658 0.0409880 0.0258363 0.0397738 0.0372624 0.0302714 0.0369363 0.0316001 0.0408561 0.0395989 0.0305213 0.0395302 0.0353286 0.0476417 0.0476185 0.0383887 0.0566041 0.0454204 0.0453295 0.0345711 
pop1.indv8  0.0307989 0.0245453 0.0243374 0.0379897 0.0214450 0.0324791 0.0360652 0.0212180 0.0230605 0.0464804 0.0248454 0.0242133 0.0291022 0.0352902 0.0430477 0.0241222 0.0209892 0.0243156 0.0344644 0.0398355 0.0214930 0.0294922 0.0351628 0.0000000 0.0263062 0.0419998 0.0397875 0.0289940 0.0405440 0.0277235 0.0371772 0.0293386 0.0311490 0.0292416 0.0372406 0.0388874 0.0308296 0.0323466 0.0341975 0.0358138 0.0211094 0.0311788 0.0306371 0.0287605 0.0260932 0.0247217 0.0233466 0.0407998 0.0275667 0.0269770 0.0359524 0.0314753 0.0326666 0.0304479 0.0304390 0.0310680 0.0248719 0.0260875 0.0330799 0.0323718 0.0258995 0.0260437 0.0257868 0.0264252 0.0302435 0.0420495 0.0413576 0.0302024 0.0446817 0.0324460 0.0366802 0.0462945 0.0325812 0.0322228 0.0292057 
pop1.indv9  0.0393099 0.0261090 0.0243076 0.0329865 0.0295046 0.0339067 0.0329474 0.0353997 0.0229386 0.0479290 0.0215874 0.0289613 0.0357260 0.0308147 0.0249679 0.0277208 0.0274496 0.0308609 0.0314579 0.0434434 0.0270946 0.0399603 0.0328431 0.0263062 0.0000000 0.0386921 0.0354338 0.0290874 0.0386792 0.0357170 0.0451138 0.0418502 0.0378361 0.0199813 0.0308529 0.0435083 0.0439357 0.0246423 0.0292193 0.0326245 0.0319186 0.0324677 0.0343347 0.0363187 0.0357087 0.0277975 0.0266040 0.0339242 0.0291770 0.0289948 0.0350768 0.0314516 0.0307290 0.0276237 0.0390613 0.0347975 0.0341174 0.0249143 0.0332249 0.0271994 0.0324533 0.0293241 0.0335566 0.0330205 0.0417948 0.0343592 0.0281929 0.0334580 0.0411649 0.0326311 0.0374987 0.0398304 0.0359685 0.0337503 0.0310490 
pop2.indv1  0.0465822 0.0381215 0.0477856 0.0428055 0.0370038 0.0482759 0.0412063 0.0504205 0.0403402 0.0487359 0.0475483 0.0527676 0.0518469 0.0460505 0.0456321 0.0429325 0.0363981 0.0416241 0.0419298 0.0529133 0.0441773 0.0467967 0.0298109 0.0419998 0.0386921 0.0000000 0.0527839 0.0410262 0.0391338 0.0431239 0.0456055 0.0447515 0.0513341 0.0482578 0.0409570 0.0458112 0.0378370 0.0478156 0.0501038 0.0445300 0.0434349 0.0419723 0.0429588 0.0355788 0.0427299 0.0402418 0.0411928 0.0575949 0.0401642 0.0423438 0.0453013 0.0339833 0.0429914 0.0464301 0.0468093 0.0463827 0.0456274 0.0366962 0.0468268 0.0423502 0.0296286 0.0424814 0.0403116 0.0487596 0.0508733 0.0330401 0.0403144 0.0568515 0.0555078 0.0506674 0.0415471 0.0494621 0.0486013 0.0460088 0.0489915 
pop2.indv10 0.0452279 0.0468898 0.0412600 0.0453758 0.0365625 0.0305693 0.0389818 0.0399882 0.0276559 0.0423455 0.0438772 0.0480238 0.0437291 0.0445873 0.0305778 0.0414799 0.0348906 0.0430976 0.0372677 0.0498502 0.0334867 0.0417143 0.0468042 0.0397875 0.0354338 0.0527839 0.0000000 0.0411215 0.0430486 0.0419585 0.0383739 0.0400965 0.0399256 0.0414960 0.0449609 0.0545779 0.0364919 0.0284861 0.0367864 0.0338345 0.0313839 0.0388989 0.0352116 0.0310675 0.0407285 0.0559744 0.0272797 0.0411567 0.0257972 0.0375402 0.0352092 0.0345179 0.0380812 0.0240040 0.0368423 0.0417126 0.0275886 0.0333934 0.0373324 0.0413929 0.0400625 0.0270433 0.0331563 0.0321248 0.0396503 0.0287408 0.0292137 0.0364684 0.0435123 0.0302633 0.0414907 0.0533278 0.0432528 0.0393960 0.0352145 
pop2.indv11 0.0451825 0.0318464 0.0239310 0.0383841 0.0338014 0.0379530 0.0324339 0.0385690 0.0241897 0.0466576 0.0384933 0.0252862 0.0456428 0.0335236 0.0456786 0.0461754 0.0379275 0.0267775 0.0404173 0.0396034 0.0299117 0.0375028 0.0285630 0.0289940 0.0290874 0.0410262 0.0411215 0.0000000 0.0314904 0.0226964 0.0399856 0.0400975 0.0433726 0.0363115 0.0397163 0.0376259 0.0381255 0.0254374 0.0319759 0.0428030 0.0344819 0.0430805 0.0257999 0.0233114 0.0330469 0.0366652 0.0384281 0.0300778 0.0315000 0.0314399 0.0373723 0.0373072 0.0348776 0.0331249 0.0468212 0.0423957 0.0349540 0.0226141 0.0340716 0.0377527 0.0228556 0.0410669 0.0284010 0.0427475 0.0359073 0.0365691 0.0343756 0.0378062 0.0466418 0.0431093 0.0319332 0.0454042 0.0398941 0.0364253 0.0338070 
pop2.indv12 0.0387130 0.0385179 0.0368224 0.0369590 0.0321279 0.0287680 0.0408598 0.0447425 0.0304288 0.0485892 0.0409104 0.0332531 0.0457327 0.0350758 0.0380361 0.0466458 0.0398108 0.0436685 0.0321001 0.0461809 0.0299381 0.0353288 0.0397311 0.0405440 0.0386792 0.0391338 0.0430486 0.0314904 0.0000000 0.0324172 0.0253078 0.0415331 0.0408006 0.0353312 0.0399928 0.0312412 0.0303870 0.0270574 0.0287061 0.0225394 0.0313804 0.0386423 0.0399567 0.0373693 0.0330954 0.0290091 0.0338341 0.0379621 0.0256730 0.0377598 0.0387676 0.0441704 0.0366431 0.0317255 0.0400016 0.0437076 0.0278021 0.0226321 0.0446353 0.0409680 0.0353147 0.0434351 0.0363780 0.0357307 0.0431793 0.0315909 0.0278030 0.0366250 0.0371525 0.0398526 0.0504210 0.0452037 0.0400573 0.0297381 0.0324414 
pop2.indv13 0.0260595 0.0273986 0.0321602 0.0396757 0.0261727 0.0323699 0.0398189 0.0200022 0.0274828 0.0512496 0.0393407 0.0288829 0.0340805 0.0305510 0.0344670 0.0389571 0.0290378 0.0308667 0.0417359 0.0469305 0.0289137 0.0407629 0.0306964 0.0277235 0.0357170 0.0431239 0.0419585 0.0226964 0.0324172 0.0000000 0.0419804 0.0318651 0.0475128 0.0291903 0.0353201 0.0381244 0.0354975 0.0258714 0.0333930 0.0342528 0.0211364 0.0376034 0.0394408 0.0297691 0.0287024 0.0375256 0.0250083 0.0324171 0.0293651 0.0314715 0.0443773 0.0250710 0.0273247 0.0376168 0.0306290 0.0461178 0.0325673 0.0228099 0.0364620 0.0353971 0.0307864 0.0387243 0.0298631 0.0296302 0.0349136 0.0308266 0.0344105 0.0255875 0.0406855 0.0292057 0.0320375 0.0459659 0.0357258 0.0320704 0.0397003 
pop2.indv14 0.0383886 0.0489699 0.0449168 0.0455323 0.0455935 0.0288103 0.0374275 0.0401230 0.0307181 0.0470440 0.0322112 0.0379028 0.0558666 0.0350085 0.0407694 0.0368367 0.0384615 0.0387437 0.0372850 0.0381397 0.0270539 0.0388205 0.0405229 0.0371772 0.0451138 0.0456055 0.0383739 0.0399856 0.0253078 0.0419804 0.0000000 0.0361326 0.0332009 0.0290015 0.0268888 0.0480433 0.0368106 0.0299478 0.0351947 0.0337087 0.0344023 0.0436327 0.0372034 0.0279086 0.0300166 0.0401023 0.0308895 0.0353111 0.0335831 0.0395883 0.0296659 0.0393963 0.0479724 0.0338204 0.0385434 0.0466561 0.0307114 0.0259888 0.0409674 0.0351189 0.0379275 0.0428413 0.0424331 0.0320878 0.0430394 0.0211872 0.0343110 0.0397398 0.0392044 0.0345989 0.0406232 0.0402181 0.0401788 0.0361261 0.0472302 
pop2.indv15 0.0338424 0.0399734 0.0367689 0.0371288 0.0339925 0.0287408 0.0440637 0.0228605 0.0261649 0.0407087 0.0438441 0.0419819 0.0393380 0.0245279 0.0327038 0.0332654 0.0331402 0.0272848 0.0406204 0.0503450 0.0318976 0.0403699 0.0527390 0.0293386 0.0418502 0.0447515 0.0400965 0.0400975 0.0415331 0.0318651 0.0361326 0.0000000 0.0406787 0.0291568 0.0402168 0.0427496 0.0274261 0.0437233 0.0382572 0.0398634 0.0331517 0.0366271 0.0487483 0.0267955 0.0332287 0.0496866 0.0277840 0.0451471 0.0317932 0.0299552 0.0252107 0.0326099 0.0351465 0.0350770 0.0349920 0.0356807 0.0371682 0.0351624 0.0364101 0.0381241 0.0355075 0.0367623 0.0330240 0.0326832 0.0494015 0.0301799 0.0370219 0.0396447 0.0454746 0.0358708 0.0305626 0.0402450 0.0436320 0.0284581 0.0322142 
pop2.indv16 0.0506657 0.0408290 0.0402745 0.0374056 0.0362650 0.0323973 0.0378614 0.0354506 0.0331846 0.0529586 0.0293855 0.0333112 0.0542881 0.0372987 0.0407901 0.0293232 0.0369398 0.0342649 0.0376680 0.0418564 0.0258151 0.0446045 0.0422535 0.0311490 0.0378361 0.0513341 0.0399256 0.0433726 0.0408006 0.0475128 0.0332009 0.0406787 0.0000000 0.0373974 0.0370273 0.0410279 0.0491856 0.0397913 0.0526158 0.0406397 0.0316707 0.0511764 0.0425886 0.0315110 0.0382721 0.0326096 0.0276328 0.0369339 0.0390006 0.0490817 0.0476762 0.0283038 0.0373422 0.0340272 0.0374596 0.0443099 0.0443882 0.0337848 0.0463254 0.0337639 0.0319185 0.0338484 0.0426058 0.0426669 0.0484756 0.0342933 0.0483654 0.0391201 0.0496541 0.0450091 0.0421950 0.0371975 0.0322755 0.0353907 0.0372402 
pop2.indv17 0.0388716 0.0274045 0.0306329 0.0359868 0.0393153 0.0258835 0.0330891 0.0372983 0.0200138 0.0401812 0.0328662 0.0291451 0.0457984 0.0340948 0.0363501 0.0291563 0.0382598 0.0321374 0.0281131 0.0405346 0.0292054 0.0264354 0.0324915 0.0292416 0.0199813 0.0482578 0.0414960 0.0363115 0.0353312 0.0291903 0.0290015 0.0291568 0.0373974 0.0000000 0.0275217 0.0351079 0.0341777 0.0244860 0.0336076 0.0306817 0.0283407 0.0386310 0.0279312 0.0312155 0.0227212 0.0461208 0.0327465 0.0373994 0.0291855 0.0350622 0.0376660 0.0394967 0.0244384 0.0293030 0.0339037 0.0327079 0.0307830 0.0169696 0.0270823 0.0349834 0.0324422 0.0366867 0.0333103 0.0294893 0.0334129 0.0246640 0.0249566 0.0369836 0.0311475 0.0371950 0.0437869 0.0278528 0.0431922 0.0286616 0.0293039 
pop2.indv18 0.0365972 0.0398635 0.0415173 0.0323539 0.0326093 0.0352208 0.0410714 0.0352500 0.0294739 0.0469542 0.0322795 0.0332895 0.0371202 0.0351833 0.0386586 0.0383257 0.0368824 0.0356572 0.0427858 0.0353145 0.0322625 0.0336699 0.0369880 0.0372406 0.0308529 0.0409570 0.0449609 0.0397163 0.0399928 0.0353201 0.0268888 0.0402168 0.0370273 0.0275217 0.0000000 0.0429357 0.0437982 0.0349531 0.0349625 0.0337930 0.0267160 0.0472309 0.0245976 0.0267505 0.0282998 0.0367924 0.0370101 0.0340474 0.0260836 0.0397700 0.0438147 0.0300759 0.0257149 0.0335771 0.0381446 0.0403816 0.0356096 0.0291571 0.0267288 0.0432761 0.0244561 0.0335195 0.0317716 0.0308072 0.0335347 0.0352072 0.0311773 0.0366127 0.0545996 0.0452586 0.0245940 0.0421358 0.0303469 0.0377963 0.0351723 
pop2.indv19 0.0479100 0.0368682 0.0297628 0.0319374 0.0385817 0.0384570 0.0474356 0.0428106 0.0196597 0.0482056 0.0352049 0.0492422 0.0575085 0.0272167 0.0497407 0.0318651 0.0332391 0.0286097 0.0356141 0.0412329 0.0282322 0.0367177 0.0346145 0.0388874 0.0435083 0.0458112 0.0545779 0.0376259 0.0312412 0.0381244 0.0480433 0.0427496 0.0410279 0.0351079 0.0429357 0.0000000 0.0363066 0.0281092 0.0329776 0.0343925 0.0369911 0.0465306 0.0284634 0.0369644 0.0313566 0.0380557 0.0382268 0.0237417 0.0335761 0.0343585 0.0464747 0.0386770 0.0346649 0.0314551 0.0428210 0.0362731 0.0351759 0.0347732 0.0453970 0.0251270 0.0268492 0.0392903 0.0354438 0.0304013 0.0525372 0.0316582 0.0406509 0.0424304 0.0381244 0.0351349 0.0462931 0.0471048 0.0429128 0.0362817 0.0284655 
pop2.indv2  0.0442353 0.0471718 0.0338125 0.0433420 0.0327255 0.0390557 0.0448562 0.0438889 0.0291479 0.0375899 0.0390051 0.0372687 0.0405230 0.0259122 0.0425022 0.0369694 0.0415494 0.0388825 0.0371293 0.0544832 0.0382878 0.0405988 0.0457171 0.0308296 0.0439357 0.0378370 0.0364919 0.0381255 0.0303870 0.0354975 0.0368106 0.0274261 0.0491856 0.0341777 0.0437982 0.0363066 0.0000000 0.0288195 0.0287081 0.0241664 0.0360888 0.0257155 0.0341535 0.0310916 0.0335739 0.0489240 0.0292388 0.0376466 0.0351131 0.0224606 0.0424184 0.0344008 0.0367680 0.0238971 0.0440311 0.0457216 0.0325449 0.0277366 0.0311741 0.0316760 0.0242060 0.0291797 0.0241245 0.0296164 0.0363948 0.0197849 0.0342009 0.0336175 0.0443962 0.0323485 0.0304291 0.0387014 0.0352753 0.0274624 0.0303709 
pop2.indv20 0.0402609 0.0352156 0.0350459 0.0356217 0.0274585 0.0319521 0.0308068 0.0411195 0.0228632 0.0436251 0.0303246 0.0375749 0.0454093 0.0286439 0.0370975 0.0362749 0.0271473 0.0243036 0.0259858 0.0377562 0.0225104 0.0418183 0.0287865 0.0323466 0.0246423 0.0478156 0.0284861 0.0254374 0.0270574 0.0258714 0.0299478 0.0437233 0.0397913 0.0244860 0.0349531 0.0281092 0.0288195 0.0000000 0.0307349 0.0243185 0.0374429 0.0355928 0.0260668 0.0310317 0.0316035 0.0290290 0.0197714 0.0212061 0.0274448 0.0286775 0.0372302 0.0264966 0.0258055 0.0285289 0.0289992 0.0305533 0.0287474 0.0243006 0.0236595 0.0287966 0.0317643 0.0301139 0.0254683 0.0289083 0.0410383 0.0258422 0.0244387 0.0303039 0.0401219 0.0291062 0.0256987 0.0323917 0.0290832 0.0348349 0.0229725 
pop2.indv21 0.0408023 0.0349962 0.0367498 0.0356312 0.0242573 0.0339985 0.0443001 0.0305498 0.0276559 0.0425412 0.0375219 0.0409518 0.0508826 0.0408848 0.0282142 0.0384373 0.0447264 0.0403439 0.0328442 0.0504105 0.0272616 0.0358251 0.0404992 0.0341975 0.0292193 0.0501038 0.0367864 0.0319759 0.0287061 0.0333930 0.0351947 0.0382572 0.0526158 0.0336076 0.0349625 0.0329776 0.0287081 0.0307349 0.0000000 0.0300989 0.0297314 0.0340129 0.0335033 0.0312497 0.0286640 0.0461322 0.0292174 0.0303876 0.0226655 0.0348776 0.0421527 0.0280383 0.0339798 0.0415116 0.0405237 0.0387283 0.0261863 0.0329334 0.0300029 0.0330700 0.0307599 0.0336765 0.0415040 0.0296803 0.0394331 0.0304548 0.0297217 0.0269948 0.0401154 0.0245450 0.0320327 0.0400039 0.0454486 0.0284344 0.0385665 
pop2.indv22 0.0492237 0.0435618 0.0379407 0.0360723 0.0398639 0.0480330 0.0344075 0.0370738 0.0340763 0.0512685 0.0462414 0.0384325 0.0476077 0.0355958 0.0376040 0.0538129 0.0272189 0.0370047 0.0422589 0.0525599 0.0288825 0.0411132 0.0474624 0.0358138 0.0326245 0.0445300 0.0338345 0.0428030 0.0225394 0.0342528 0.0337087 0.0398634 0.0406397 0.0306817 0.0337930 0.0343925 0.0241664 0.0243185 0.0300989 0.0000000 0.0359914 0.0436581 0.0291484 0.0389092 0.0287263 0.0477496 0.0393085 0.0288110 0.0349073 0.0336723 0.0377463 0.0298269 0.0326694 0.0259585 0.0527879 0.0415760 0.0423371 0.0309556 0.0348081 0.0328482 0.0228701 0.0292360 0.0436155 0.0376377 0.0403203 0.0289452 0.0395939 0.0466256 0.0461022 0.0361173 0.0355843 0.0465692 0.0388681 0.0353006 0.0276516 
pop2.indv23 0.0381566 0.0297233 0.0300496 0.0214850 0.0285411 0.0376792 0.0388421 0.0331740 0.0242412 0.0465089 0.0367274 0.0234783 0.0453453 0.0315777 0.0449739 0.0344797 0.0236652 0.0334223 0.0350740 0.0421576 0.0327293 0.0339978 0.0350713 0.0211094 0.0319186 0.0434349 0.0313839 0.0344819 0.0313804 0.0211364 0.0344023 0.0331517 0.0316707 0.0283407 0.0267160 0.0369911 0.0360888 0.0374429 0.0297314 0.0359914 0.0000000 0.0466080 0.0300953 0.0336110 0.0247864 0.0464459 0.0241391 0.0343089 0.0287037 0.0356923 0.0321595 0.0338776 0.0330848 0.0254687 0.0363716 0.0348466 0.0287801 0.0305192 0.0340666 0.0362575 0.0285760 0.0268986 0.0358950 0.0272283 0.0390945 0.0329906 0.0407956 0.0512619 0.0393693 0.0369501 0.0285682 0.0350322 0.0319059 0.0299633 0.0316714 
pop2.indv24 0.0460664 0.0372245 0.0274375 0.0390763 0.0374952 0.0309154 0.0281658 0.0463705 0.0246721 0.0321021 0.0477914 0.0388742 0.0505018 0.0377237 0.0376639 0.0435065 0.0370815 0.0371950 0.0415585 0.0575445 0.0383368 0.0448227 0.0427044 0.0311788 0.0324677 0.0419723 0.0388989 0.0430805 0.0386423 0.0376034 0.0436327 0.0366271 0.0511764 0.0386310 0.0472309 0.0465306 0.0257155 0.0355928 0.0340129 0.0436581 0.0466080 0.0000000 0.0374957 0.0315024 0.0276477 0.0444254 0.0360501 0.0460528 0.0291933 0.0398304 0.0511892 0.0299032 0.0323754 0.0323099 0.0472797 0.0462814 0.0392152 0.0410139 0.0379789 0.0436517 0.0293013 0.0453719 0.0318774 0.0429476 0.0350889 0.0373893 0.0298337 0.0352478 0.0495660 0.0429340 0.0426499 0.0326902 0.0437838 0.0338668 0.0342744 
pop2.indv25 0.0422795 0.0294639 0.0317023 0.0310001 0.0296836 0.0404343 0.0413836 0.0199026 0.0342725 0.0393452 0.0468564 0.0288917 0.0555363 0.0339435 0.0280349 0.0455249 0.0335506 0.0322591 0.0411362 0.0431717 0.0227167 0.0464408 0.0424027 0.0306371 0.0343347 0.0429588 0.0352116 0.0257999 0.0399567 0.0394408 0.0372034 0.0487483 0.0425886 0.0279312 0.0245976 0.0284634 0.0341535 0.0260668 0.0335033 0.0291484 0.0300953 0.0374957 0.0000000 0.0303166 0.0288319 0.0396882 0.0261866 0.0369167 0.0326565 0.0320810 0.0410432 0.0412854 0.0340935 0.0356672 0.0375324 0.0372220 0.0358260 0.0386143 0.0365071 0.0414724 0.0291354 0.0369066 0.0332054 0.0377993 0.0384990 0.0339066 0.0313633 0.0438339 0.0408195 0.0343379 0.0371864 0.0460784 0.0325489 0.0350741 0.0374024 
pop2.indv3  0.0210531 0.0329853 0.0298546 0.0230944 0.0349030 0.0248482 0.0275893 0.0311661 0.0238407 0.0424038 0.0395480 0.0340590 0.0364394 0.0239058 0.0331144 0.0325748 0.0284532 0.0284122 0.0318697 0.0470066 0.0264239 0.0225656 0.0316965 0.0287605 0.0363187 0.0355788 0.0310675 0.0233114 0.0373693 0.0297691 0.0279086 0.0267955 0.0315110 0.0312155 0.0267505 0.0369644 0.0310916 0.0310317 0.0312497 0.0389092 0.0336110 0.0315024 0.0303166 0.0000000 0.0361278 0.0330068 0.0195147 0.0297522 0.0193515 0.0337345 0.0246875 0.0304995 0.0267054 0.0252161 0.0344932 0.0365232 0.0330300 0.0209093 0.0290466 0.0294052 0.0164407 0.0282903 0.0245584 0.0182918 0.0355719 0.0221001 0.0286581 0.0264322 0.0445316 0.0255165 0.0293697 0.0287160 0.0344997 0.0324512 0.0334230 
pop2.indv4  0.0383341 0.0451784 0.0299381 0.0352482 0.0243119 0.0258240 0.0354899 0.0385822 0.0228257 0.0322401 0.0227111 0.0331400 0.0372344 0.0479559 0.0373473 0.0352043 0.0313571 0.0257628 0.0322129 0.0396670 0.0332871 0.0323809 0.0353078 0.0260932 0.0357087 0.0427299 0.0407285 0.0330469 0.0330954 0.0287024 0.0300166 0.0332287 0.0382721 0.0227212 0.0282998 0.0313566 0.0335739 0.0316035 0.0286640 0.0287263 0.0247864 0.0276477 0.0288319 0.0361278 0.0000000 0.0306931 0.0274441 0.0287760 0.0272542 0.0360810 0.0340486 0.0341000 0.0261156 0.0399194 0.0334170 0.0355155 0.0245410 0.0275696 0.0397701 0.0398914 0.0240702 0.0319057 0.0222662 0.0259874 0.0407478 0.0272581 0.0342753 0.0286391 0.0325499 0.0403368 0.0319383 0.0421933 0.0368176 0.0297296 0.0259780 
pop2.indv5  0.0442386 0.0478998 0.0390549 0.0454856 0.0360401 0.0386310 0.0386350 0.0372383 0.0378956 0.0444305 0.0337732 0.0305524 0.0387035 0.0407310 0.0376540 0.0457312 0.0406890 0.0423652 0.0362507 0.0419262 0.0302492 0.0451955 0.0307667 0.0247217 0.0277975 0.0402418 0.0559744 0.0366652 0.0290091 0.0375256 0.0401023 0.0496866 0.0326096 0.0461208 0.0367924 0.0380557 0.0489240 0.0290290 0.0461322 0.0477496 0.0464459 0.0444254 0.0396882 0.0330068 0.0306931 0.0000000 0.0311606 0.0341449 0.0326558 0.0448974 0.0450349 0.0450938 0.0456381 0.0369514 0.0287383 0.0495620 0.0311697 0.0293418 0.0417385 0.0423459 0.0308567 0.0475491 0.0257692 0.0314524 0.0421538 0.0261026 0.0283885 0.0307599 0.0513532 0.0378896 0.0323981 0.0518008 0.0425110 0.0421590 0.0457023 
pop2.indv6  0.0294422 0.0334699 0.0352184 0.0411478 0.0308864 0.0292143 0.0285269 0.0360325 0.0233633 0.0393549 0.0341555 0.0371849 0.0360190 0.0409537 0.0214986 0.0384092 0.0304064 0.0388016 0.0263459 0.0418703 0.0227819 0.0328666 0.0337784 0.0233466 0.0266040 0.0411928 0.0272797 0.0384281 0.0338341 0.0250083 0.0308895 0.0277840 0.0276328 0.0327465 0.0370101 0.0382268 0.0292388 0.0197714 0.0292174 0.0393085 0.0241391 0.0360501 0.0261866 0.0195147 0.0274441 0.0311606 0.0000000 0.0392215 0.0228919 0.0197133 0.0301582 0.0379071 0.0279831 0.0246952 0.0274538 0.0310623 0.0294467 0.0326651 0.0314661 0.0305140 0.0271570 0.0385033 0.0333266 0.0295345 0.0319576 0.0321479 0.0326912 0.0318192 0.0511699 0.0231554 0.0320188 0.0258656 0.0292954 0.0352238 0.0309658 
pop2.indv7  0.0526198 0.0373948 0.0337662 0.0396432 0.0359793 0.0336508 0.0394909 0.0319383 0.0354878 0.0569146 0.0323143 0.0383981 0.0507775 0.0357635 0.0482563 0.0508953 0.0307343 0.0339033 0.0392010 0.0515644 0.0353449 0.0407372 0.0463827 0.0407998 0.0339242 0.0575949 0.0411567 0.0300778 0.0379621 0.0324171 0.0353111 0.0451471 0.0369339 0.0373994 0.0340474 0.0237417 0.0376466 0.0212061 0.0303876 0.0288110 0.0343089 0.0460528 0.0369167 0.0297522 0.0287760 0.0341449 0.0392215 0.0000000 0.0389263 0.0318221 0.0396218 0.0350863 0.0353226 0.0350687 0.0422824 0.0326638 0.0324017 0.0291477 0.0348659 0.0256903 0.0308351 0.0385047 0.0256209 0.0294254 0.0415324 0.0317482 0.0326049 0.0267776 0.0418684 0.0307924 0.0306990 0.0422857 0.0356194 0.0333805 0.0371974 
pop2.indv8  0.0391824 0.0423700 0.0323655 0.0250983 0.0200025 0.0304959 0.0362579 0.0275445 0.0308218 0.0390447 0.0361433 0.0320491 0.0310255 0.0337100 0.0247491 0.0286627 0.0274039 0.0289158 0.0372175 0.0454306 0.0182135 0.0294735 0.0324331 0.0275667 0.0291770 0.0401642 0.0257972 0.0315000 0.0256730 0.0293651 0.0335831 0.0317932 0.0390006 0.0291855 0.0260836 0.0335761 0.0351131 0.0274448 0.0226655 0.0349073 0.0287037 0.0291933 0.0326565 0.0193515 0.0272542 0.0326558 0.0228919 0.0389263 0.0000000 0.0304565 0.0267563 0.0231334 0.0305789 0.0262315 0.0199624 0.0313219 0.0230163 0.0277767 0.0305642 0.0335647 0.0245449 0.0323970 0.0330989 0.0329508 0.0383040 0.0310065 0.0216366 0.0258613 0.0376070 0.0275588 0.0257164 0.0377790 0.0369927 0.0306192 0.0247526 
pop2.indv9  0.0333326 0.0395674 0.0393730 0.0350646 0.0289424 0.0314154 0.0422295 0.0367474 0.0363682 0.0453374 0.0446960 0.0348665 0.0481970 0.0239440 0.0352602 0.0253515 0.0349701 0.0367044 0.0459465 0.0541059 0.0266608 0.0435584 0.0386951 0.0269770 0.0289948 0.0423438 0.0375402 0.0314399 0.0377598 0.0314715 0.0395883 0.0299552 0.0490817 0.0350622 0.0397700 0.0343585 0.0224606 0.0286775 0.0348776 0.0336723 0.0356923 0.0398304 0.0320810 0.0337345 0.0360810 0.0448974 0.0197133 0.0318221 0.0304565 0.0000000 0.0386503 0.0550957 0.0334580 0.0223263 0.0380033 0.0289178 0.0319080 0.0306117 0.0380063 0.0345196 0.0272993 0.0364901 0.0254165 0.0339674 0.0429413 0.0327089 0.0355204 0.0297762 0.0468958 0.0331446 0.0398340 0.0323404 0.0401660 0.0346916 0.0303483 
pop3.indv1  0.0314194 0.0444138 0.0347897 0.0363355 0.0289475 0.0406764 0.0372126 0.0299528 0.0270431 0.0463746 0.0318901 0.0420830 0.0400744 0.0300921 0.0478708 0.0374691 0.0292129 0.0317287 0.0332129 0.0451228 0.0355714 0.0427787 0.0513152 0.0359524 0.0350768 0.0453013 0.0352092 0.0373723 0.0387676 0.0443773 0.0296659 0.0252107 0.0476762 0.0376660 0.0438147 0.0464747 0.0424184 0.0372302 0.0421527 0.0377463 0.0321595 0.0511892 0.0410432 0.0246875 0.0340486 0.0450349 0.0301582 0.0396218 0.0267563 0.0386503 0.0000000 0.0303343 0.0357538 0.0267059 0.0343519 0.0407582 0.0266986 0.0283625 0.0339388 0.0339099 0.0236538 0.0330738 0.0354942 0.0210288 0.0341021 0.0283328 0.0272296 0.0311270 0.0459705 0.0425461 0.0389709 0.0346405 0.0299181 0.0373888 0.0315132 
pop3.indv10 0.0380284 0.0307596 0.0308271 0.0332704 0.0218340 0.0411676 0.0308561 0.0265812 0.0215698 0.0479179 0.0349127 0.0329324 0.0379900 0.0298788 0.0334218 0.0263879 0.0274741 0.0262932 0.0262769 0.0391610 0.0291383 0.0400674 0.0276797 0.0314753 0.0314516 0.0339833 0.0345179 0.0373072 0.0441704 0.0250710 0.0393963 0.0326099 0.0283038 0.0394967 0.0300759 0.0386770 0.0344008 0.0264966 0.0280383 0.0298269 0.0338776 0.0299032 0.0412854 0.0304995 0.0341000 0.0450938 0.0379071 0.0350863 0.0231334 0.0550957 0.0303343 0.0000000 0.0248274 0.0343536 0.0309952 0.0252121 0.0329026 0.0279694 0.0335322 0.0214750 0.0263868 0.0261513 0.0301821 0.0299238 0.0292588 0.0262038 0.0235687 0.0337635 0.0465619 0.0332289 0.0214261 0.0268401 0.0293756 0.0243712 0.0298278 
