75
pop1.indv1  0.0000000 0.0318143 0.0310589 0.0334112 0.0262060 0.0287815 0.0258072 0.0305386 0.0251944 0.0297667 0.0273647 0.0320073 0.0277861 0.0303808 0.0290300 0.0230218 0.0239283 0.0275455 0.0219438 0.0311275 0.0298287 0.0289325 0.0294387 0.0312462 0.0288949 0.0308514 0.0275693 0.0297734 0.0289135 0.0252804 0.0317170 0.0303808 0.0308108 0.0315818 0.0300234 0.0248959 0.0303099 0.0312552 0.0282972 0.0286256 0.0285928 0.0263622 0.0355356 0.0299588 0.0329451 0.0352389 0.0292686 0.0332651 0.0278583 0.0292938 0.0323537 0.0327014 0.0302400 0.0267033 0.0271091 0.0313174 0.0255731 0.0317686 0.0305122 0.0330949 0.0254177 0.0297263 0.0295487 0.0278020 0.0307516 0.0316987 0.0267230 0.0314896 0.0331689 0.0322510 0.0321398 0.0281682 0.0260289 0.0300021 0.0310468 
pop1.indv2  0.0318143 0.0000000 0.0335747 0.0348422 0.0311678 0.0313457 0.0283252 0.0337208 0.0317050 0.0296992 0.0305727 0.0284566 0.0344209 0.0307809 0.0320293 0.0313189 0.0347620 0.0303546 0.0333342 0.0395204 0.0356616 0.0310379 0.0349836 0.0364474 0.0319195 0.0326128 0.0323636 0.0305916 0.0307985 0.0320660 0.0323915 0.0338839 0.0384708 0.0363497 0.0366796 0.0307020 0.0310500 0.0299848 0.0343046 0.0353467 0.0313726 0.0289524 0.0359308 0.0328215 0.0331908 0.0380877 0.0342027 0.0320752 0.0346125 0.0317323 0.0343834 0.0307546 0.0267876 0.0273257 0.0327177 0.0363922 0.0295318 0.0328556 0.0342817 0.0360250 0.0349128 0.0347120 0.0332099 0.0352138 0.0316347 0.0316165 0.0277950 0.0342948 0.0362833 0.0331623 0.0335753 0.0350011 0.0275490 0.0342225 0.0386069 
pop1.indv3  0.0310589 0.0335747 0.0000000 0.0292737 0.0292161 0.0336227 0.0286507 0.0314977 0.0294983 0.0321265 0.0314896 0.0305801 0.0299719 0.0284647 0.0270634 0.0305282 0.0313462 0.0272557 0.0297836 0.0279995 0.0339485 0.0307753 0.0358997 0.0307517 0.0325296 0.0386527 0.0299339 0.0288556 0.0328838 0.0293897 0.0365315 0.0303038 0.0336419 0.0327365 0.0336997 0.0311943 0.0301471 0.0319510 0.0328238 0.0330770 0.0340263 0.0327431 0.0315425 0.0344626 0.0343440 0.0394515 0.0331528 0.0317834 0.0304334 0.0376626 0.0333547 0.0288621 0.0346821 0.0358684 0.0363148 0.0332863 0.0315246 0.0357762 0.0326145 0.0373712 0.0301815 0.0340361 0.0324471 0.0319469 0.0309044 0.0332863 0.0317473 0.0319872 0.0316753 0.0329828 0.0305888 0.0286349 0.0261029 0.0332576 0.0334120 
pop1.indv4  0.0334112 0.0348422 0.0292737 0.0000000 0.0322249 0.0358788 0.0294135 0.0296838 0.0296583 0.0350011 0.0332554 0.0311300 0.0322976 0.0312193 0.0325410 0.0307721 0.0311033 0.0329451 0.0307575 0.0349633 0.0342323 0.0309536 0.0360145 0.0279216 0.0338644 0.0387989 0.0326541 0.0301590 0.0333715 0.0293883 0.0337989 0.0373166 0.0325786 0.0361619 0.0357218 0.0325880 0.0332362 0.0308779 0.0330543 0.0351568 0.0392656 0.0322231 0.0355768 0.0345209 0.0382774 0.0358892 0.0313092 0.0315438 0.0350919 0.0301617 0.0360565 0.0361619 0.0347930 0.0326257 0.0307045 0.0391655 0.0344909 0.0345023 0.0355324 0.0334298 0.0338773 0.0350140 0.0309755 0.0342984 0.0376024 0.0345813 0.0346721 0.0315695 0.0360145 0.0315076 0.0333342 0.0328932 0.0316621 0.0385484 0.0338479 
pop1.indv5  0.0262060 0.0311678 0.0292161 0.0322249 0.0000000 0.0297836 0.0283171 0.0246377 0.0323079 0.0307952 0.0259156 0.0281574 0.0275602 0.0251439 0.0286996 0.0280862 0.0308476 0.0256109 0.0289359 0.0269872 0.0337867 0.0306692 0.0306409 0.0295652 0.0326685 0.0275835 0.0314355 0.0326163 0.0274009 0.0309177 0.0337867 0.0299424 0.0295318 0.0327837 0.0275137 0.0255317 0.0313636 0.0265626 0.0301328 0.0290808 0.0299933 0.0279216 0.0281099 0.0296583 0.0364684 0.0304854 0.0295066 0.0352093 0.0289091 0.0306148 0.0344131 0.0325213 0.0319834 0.0287815 0.0298684 0.0302419 0.0295823 0.0316395 0.0305290 0.0362361 0.0293045 0.0293482 0.0285452 0.0307634 0.0379937 0.0341195 0.0291467 0.0286591 0.0359619 0.0323917 0.0281495 0.0298737 0.0303986 0.0351731 0.0321605 
pop1.indv6  0.0287815 0.0313457 0.0336227 0.0358788 0.0297836 0.0000000 0.0306340 0.0287733 0.0332767 0.0294899 0.0291429 0.0289853 0.0290930 0.0295318 0.0265342 0.0308956 0.0313100 0.0308553 0.0257050 0.0338644 0.0325213 0.0274351 0.0329310 0.0297667 0.0297667 0.0312298 0.0309577 0.0317904 0.0284868 0.0289689 0.0320936 0.0325128 0.0298175 0.0331785 0.0366430 0.0318234 0.0276591 0.0332194 0.0304593 0.0330448 0.0295823 0.0321675 0.0339621 0.0296168 0.0379048 0.0345621 0.0330543 0.0329783 0.0338255 0.0321953 0.0339132 0.0321860 0.0361076 0.0314995 0.0318325 0.0338184 0.0349128 0.0312832 0.0348640 0.0385143 0.0273179 0.0329404 0.0344708 0.0348133 0.0320258 0.0355844 0.0317595 0.0338937 0.0348422 0.0327177 0.0304941 0.0341437 0.0297433 0.0355428 0.0342620 
pop1.indv7  0.0258072 0.0283252 0.0286507 0.0294135 0.0283171 0.0306340 0.0000000 0.0261963 0.0296923 0.0271862 0.0292686 0.0276354 0.0289467 0.0254140 0.0302138 0.0266926 0.0254500 0.0231847 0.0257268 0.0278742 0.0308337 0.0306625 0.0290681 0.0277084 0.0235592 0.0336430 0.0262113 0.0265215 0.0265355 0.0282245 0.0247627 0.0286585 0.0277622 0.0321186 0.0285356 0.0284787 0.0298459 0.0296329 0.0259522 0.0329451 0.0323172 0.0282325 0.0348944 0.0250520 0.0294472 0.0267382 0.0283134 0.0289384 0.0298260 0.0283296 0.0320443 0.0282568 0.0283134 0.0292404 0.0289716 0.0287492 0.0304507 0.0311389 0.0292517 0.0313630 0.0261037 0.0245700 0.0279219 0.0299761 0.0269222 0.0299070 0.0281361 0.0249540 0.0275490 0.0343184 0.0297177 0.0285193 0.0267611 0.0307841 0.0308691 
pop1.indv8  0.0305386 0.0337208 0.0314977 0.0296838 0.0246377 0.0287733 0.0261963 0.0000000 0.0309222 0.0305639 0.0237796 0.0280642 0.0267687 0.0233431 0.0276749 0.0269321 0.0274631 0.0241804 0.0263697 0.0264743 0.0289113 0.0254614 0.0300062 0.0276849 0.0276928 0.0354944 0.0284138 0.0285918 0.0266850 0.0304946 0.0275255 0.0321490 0.0306516 0.0342187 0.0325222 0.0301097 0.0291680 0.0217418 0.0298950 0.0301703 0.0318783 0.0274553 0.0312732 0.0287079 0.0324100 0.0318600 0.0267458 0.0304593 0.0258136 0.0297603 0.0325316 0.0285275 0.0301443 0.0280419 0.0294472 0.0294122 0.0329165 0.0295234 0.0291179 0.0325895 0.0283784 0.0344808 0.0328500 0.0334201 0.0319942 0.0323350 0.0299462 0.0285533 0.0313452 0.0305464 0.0299719 0.0319926 0.0267687 0.0323443 0.0324380 
pop1.indv9  0.0251944 0.0317050 0.0294983 0.0296583 0.0323079 0.0332767 0.0296923 0.0309222 0.0000000 0.0308249 0.0305916 0.0290930 0.0320443 0.0340603 0.0252373 0.0281041 0.0299291 0.0271013 0.0317812 0.0300320 0.0301385 0.0311996 0.0315167 0.0304333 0.0317686 0.0334694 0.0317629 0.0305217 0.0273257 0.0307809 0.0333823 0.0325880 0.0302592 0.0356573 0.0346922 0.0322696 0.0319796 0.0295570 0.0322510 0.0310111 0.0364134 0.0276433 0.0312372 0.0327014 0.0355532 0.0363922 0.0282568 0.0290764 0.0356616 0.0358051 0.0327837 0.0312462 0.0320443 0.0286914 0.0350344 0.0311906 0.0340406 0.0313189 0.0305210 0.0316001 0.0266420 0.0343412 0.0341393 0.0288969 0.0318735 0.0355324 0.0352546 0.0310589 0.0317686 0.0310022 0.0315438 0.0295150 0.0254788 0.0345109 0.0321490 
pop1.indv10 0.0297667 0.0296992 0.0321265 0.0350011 0.0307952 0.0294899 0.0271862 0.0305639 0.0308249 0.0000000 0.0344608 0.0312743 0.0272325 0.0277241 0.0297413 0.0302352 0.0291467 0.0299805 0.0302246 0.0348523 0.0305888 0.0288969 0.0299035 0.0327431 0.0340654 0.0329922 0.0295570 0.0327204 0.0309577 0.0320109 0.0328462 0.0333342 0.0311925 0.0336624 0.0310678 0.0349735 0.0325772 0.0320418 0.0306671 0.0309133 0.0340361 0.0320109 0.0334024 0.0309933 0.0348221 0.0339915 0.0288540 0.0347420 0.0312387 0.0302419 0.0372406 0.0354944 0.0333630 0.0297945 0.0339523 0.0356491 0.0341929 0.0328180 0.0302073 0.0317353 0.0306165 0.0309177 0.0313995 0.0324008 0.0286256 0.0331020 0.0310500 0.0339679 0.0357543 0.0340458 0.0344328 0.0299254 0.0272790 0.0293129 0.0357957 
pop1.indv11 0.0273647 0.0305727 0.0314896 0.0332554 0.0259156 0.0291429 0.0292686 0.0237796 0.0305916 0.0344608 0.0000000 0.0316712 0.0315635 0.0267230 0.0299848 0.0264072 0.0270011 0.0234687 0.0252948 0.0332554 0.0293380 0.0296607 0.0280499 0.0299891 0.0256542 0.0302246 0.0278420 0.0269904 0.0293868 0.0255150 0.0267458 0.0267154 0.0282891 0.0282442 0.0274902 0.0258807 0.0295487 0.0255150 0.0260257 0.0268222 0.0274666 0.0291513 0.0301703 0.0260066 0.0317537 0.0286749 0.0305827 0.0299588 0.0241565 0.0265127 0.0305474 0.0302138 0.0301877 0.0260887 0.0289301 0.0269686 0.0256314 0.0321121 0.0308910 0.0334291 0.0273198 0.0311906 0.0289384 0.0278340 0.0258525 0.0318034 0.0273647 0.0293547 0.0300751 0.0273959 0.0286256 0.0310290 0.0243759 0.0335765 0.0297263 
pop1.indv12 0.0320073 0.0284566 0.0305801 0.0311300 0.0281574 0.0289853 0.0276354 0.0280642 0.0290930 0.0312743 0.0316712 0.0000000 0.0288144 0.0271477 0.0294135 0.0273082 0.0335271 0.0285030 0.0278108 0.0337110 0.0288540 0.0324288 0.0280086 0.0310944 0.0311413 0.0327899 0.0277950 0.0284356 0.0269321 0.0296329 0.0303372 0.0315711 0.0296245 0.0323350 0.0324567 0.0295654 0.0272480 0.0300444 0.0293967 0.0283252 0.0314355 0.0281121 0.0310678 0.0267154 0.0312372 0.0293296 0.0336819 0.0332671 0.0296656 0.0303546 0.0265642 0.0302419 0.0314896 0.0256022 0.0282690 0.0316165 0.0300148 0.0332099 0.0329737 0.0317353 0.0294809 0.0317595 0.0318051 0.0291763 0.0337620 0.0311365 0.0327271 0.0263850 0.0371429 0.0295907 0.0289113 0.0323079 0.0277477 0.0321213 0.0320844 
pop1.indv13 0.0277861 0.0344209 0.0299719 0.0322976 0.0275602 0.0290930 0.0289467 0.0267687 0.0320443 0.0272325 0.0315635 0.0288144 0.0000000 0.0313182 0.0318365 0.0287077 0.0317595 0.0300891 0.0288804 0.0325880 0.0302851 0.0335569 0.0348133 0.0289771 0.0323543 0.0328026 0.0279060 0.0286831 0.0267458 0.0299243 0.0316621 0.0301617 0.0293463 0.0375250 0.0354250 0.0323724 0.0368255 0.0301901 0.0305989 0.0361619 0.0307310 0.0301270 0.0364940 0.0311815 0.0322603 0.0313092 0.0330312 0.0333726 0.0311300 0.0305562 0.0297348 0.0342585 0.0348538 0.0302487 0.0304332 0.0321559 0.0333037 0.0334112 0.0324476 0.0369201 0.0302400 0.0325598 0.0338577 0.0331081 0.0339700 0.0292854 0.0306780 0.0317232 0.0364666 0.0339463 0.0285193 0.0358580 0.0295148 0.0324194 0.0305464 
pop1.indv14 0.0303808 0.0307809 0.0284647 0.0312193 0.0251439 0.0295318 0.0254140 0.0233431 0.0340603 0.0277241 0.0267230 0.0271477 0.0313182 0.0000000 0.0288226 0.0228421 0.0256036 0.0305386 0.0266698 0.0301643 0.0261470 0.0259991 0.0298684 0.0278822 0.0284968 0.0331718 0.0297518 0.0286581 0.0284300 0.0274164 0.0279216 0.0245145 0.0324941 0.0313362 0.0296499 0.0302592 0.0315620 0.0253424 0.0246585 0.0329355 0.0327177 0.0318143 0.0336624 0.0288804 0.0287405 0.0294051 0.0286914 0.0303112 0.0288621 0.0320443 0.0314986 0.0272403 0.0312283 0.0249737 0.0299291 0.0276433 0.0277635 0.0293399 0.0282164 0.0287824 0.0255803 0.0322894 0.0300062 0.0288969 0.0299761 0.0299070 0.0307045 0.0263406 0.0347627 0.0293799 0.0283332 0.0326426 0.0275568 0.0300579 0.0299206 
pop1.indv15 0.0290300 0.0320293 0.0270634 0.0325410 0.0286996 0.0265342 0.0302138 0.0276749 0.0252373 0.0297413 0.0299848 0.0294135 0.0318365 0.0288226 0.0000000 0.0293463 0.0292628 0.0293614 0.0252660 0.0358268 0.0342916 0.0283096 0.0361514 0.0329499 0.0353775 0.0293715 0.0303982 0.0299281 0.0261590 0.0285928 0.0303459 0.0301643 0.0307753 0.0301183 0.0288391 0.0313092 0.0292098 0.0327365 0.0274631 0.0320907 0.0318234 0.0261367 0.0303546 0.0302662 0.0329165 0.0319703 0.0276118 0.0309310 0.0252853 0.0297945 0.0331306 0.0342088 0.0321768 0.0331370 0.0297007 0.0344994 0.0275882 0.0343910 0.0260626 0.0309178 0.0322683 0.0334401 0.0310916 0.0333327 0.0284847 0.0301617 0.0311455 0.0294899 0.0330312 0.0324754 0.0319335 0.0317050 0.0277701 0.0308642 0.0326801 
pop1.indv16 0.0230218 0.0313189 0.0305282 0.0307721 0.0280862 0.0308956 0.0266926 0.0269321 0.0281041 0.0302352 0.0264072 0.0273082 0.0287077 0.0228421 0.0293463 0.0000000 0.0237542 0.0248537 0.0234999 0.0309265 0.0266372 0.0281873 0.0280722 0.0282211 0.0275214 0.0291220 0.0296583 0.0263314 0.0241498 0.0252853 0.0268103 0.0296583 0.0345920 0.0281762 0.0304680 0.0253424 0.0287733 0.0264073 0.0285776 0.0283896 0.0295486 0.0297836 0.0306933 0.0303633 0.0320752 0.0308161 0.0265492 0.0298090 0.0273005 0.0278187 0.0289936 0.0296160 0.0301901 0.0258807 0.0302851 0.0322324 0.0249820 0.0261544 0.0352240 0.0318735 0.0223952 0.0319377 0.0310412 0.0278742 0.0326635 0.0301443 0.0253996 0.0239078 0.0321860 0.0297667 0.0257485 0.0306077 0.0274709 0.0272868 0.0297751 
pop1.indv17 0.0239283 0.0347620 0.0313462 0.0311033 0.0308476 0.0313100 0.0254500 0.0274631 0.0299291 0.0291467 0.0270011 0.0335271 0.0317595 0.0256036 0.0292628 0.0237542 0.0000000 0.0277950 0.0268331 0.0298855 0.0297160 0.0286749 0.0328838 0.0331433 0.0293399 0.0323733 0.0273932 0.0287492 0.0291013 0.0289359 0.0313995 0.0289606 0.0313457 0.0330733 0.0374247 0.0339915 0.0325222 0.0284486 0.0306062 0.0290101 0.0333054 0.0313816 0.0354739 0.0306516 0.0362546 0.0362230 0.0323915 0.0293715 0.0275602 0.0311925 0.0333534 0.0302505 0.0298599 0.0297689 0.0295992 0.0323443 0.0295654 0.0325027 0.0286263 0.0343184 0.0260330 0.0313726 0.0333726 0.0333726 0.0328405 0.0352389 0.0286181 0.0314351 0.0310589 0.0326707 0.0297751 0.0284888 0.0272325 0.0301385 0.0351021 
pop1.indv18 0.0275455 0.0303546 0.0272557 0.0329451 0.0256109 0.0308553 0.0231847 0.0241804 0.0271013 0.0299805 0.0234687 0.0285030 0.0300891 0.0305386 0.0293614 0.0248537 0.0277950 0.0000000 0.0284029 0.0316530 0.0289301 0.0316922 0.0298984 0.0278345 0.0270395 0.0308426 0.0284765 0.0288505 0.0304066 0.0290467 0.0197950 0.0276670 0.0295912 0.0344490 0.0267763 0.0302400 0.0309806 0.0266698 0.0248186 0.0308374 0.0282891 0.0274744 0.0325786 0.0303362 0.0305122 0.0322214 0.0308197 0.0273647 0.0304244 0.0274823 0.0329833 0.0321746 0.0293445 0.0272963 0.0297023 0.0289633 0.0274823 0.0308691 0.0290719 0.0317662 0.0248937 0.0285928 0.0348032 0.0327870 0.0307874 0.0329306 0.0256607 0.0287159 0.0290050 0.0347930 0.0287079 0.0266547 0.0305386 0.0330888 0.0292182 
pop1.indv19 0.0219438 0.0333342 0.0297836 0.0307575 0.0289359 0.0257050 0.0257268 0.0263697 0.0317812 0.0302246 0.0252948 0.0278108 0.0288804 0.0266698 0.0252660 0.0234999 0.0268331 0.0284029 0.0000000 0.0328500 0.0320844 0.0294718 0.0309666 0.0290019 0.0280007 0.0284727 0.0312267 0.0302468 0.0258512 0.0251873 0.0288144 0.0307045 0.0370659 0.0329833 0.0290101 0.0308464 0.0315892 0.0325959 0.0256109 0.0291513 0.0299977 0.0260404 0.0312642 0.0302662 0.0311906 0.0285438 0.0300406 0.0315892 0.0291302 0.0322696 0.0344708 0.0291847 0.0298802 0.0275139 0.0298630 0.0346519 0.0317261 0.0305377 0.0295233 0.0325705 0.0307664 0.0290598 0.0304332 0.0287079 0.0280902 0.0325326 0.0310647 0.0276771 0.0292014 0.0318234 0.0314986 0.0300492 0.0268299 0.0352286 0.0274553 
pop1.indv20 0.0311275 0.0395204 0.0279995 0.0349633 0.0269872 0.0338644 0.0278742 0.0264743 0.0300320 0.0348523 0.0332554 0.0337110 0.0325880 0.0301643 0.0358268 0.0309265 0.0298855 0.0316530 0.0328500 0.0000000 0.0338061 0.0344490 0.0380212 0.0345322 0.0288540 0.0358476 0.0303895 0.0363353 0.0312642 0.0285438 0.0352342 0.0354187 0.0343115 0.0333133 0.0361705 0.0349633 0.0321675 0.0353921 0.0316688 0.0356595 0.0369686 0.0314265 0.0382806 0.0334006 0.0382774 0.0368503 0.0312283 0.0339230 0.0352498 0.0370659 0.0353262 0.0347829 0.0331402 0.0303633 0.0349229 0.0374920 0.0364834 0.0331718 0.0310200 0.0368795 0.0298459 0.0316507 0.0359413 0.0294219 0.0365522 0.0345209 0.0383448 0.0328744 0.0372948 0.0328215 0.0326614 0.0332576 0.0315167 0.0342984 0.0356491 
pop1.indv21 0.0298287 0.0356616 0.0339485 0.0342323 0.0337867 0.0325213 0.0308337 0.0289113 0.0301385 0.0305888 0.0293380 0.0288540 0.0302851 0.0261470 0.0342916 0.0266372 0.0297160 0.0289301 0.0320844 0.0338061 0.0000000 0.0309933 0.0300785 0.0324009 0.0305022 0.0347820 0.0311567 0.0306004 0.0303721 0.0298175 0.0345322 0.0333823 0.0289195 0.0333630 0.0301557 0.0295318 0.0328784 0.0299508 0.0325213 0.0260183 0.0320017 0.0328462 0.0348523 0.0284543 0.0348624 0.0324474 0.0334401 0.0340406 0.0331149 0.0387875 0.0315785 0.0348724 0.0302678 0.0299291 0.0313189 0.0329929 0.0313636 0.0288458 0.0349431 0.0325504 0.0284949 0.0288867 0.0305377 0.0316165 0.0316347 0.0320844 0.0316416 0.0292985 0.0317778 0.0355561 0.0338450 0.0303038 0.0300234 0.0352955 0.0294983 
pop1.indv22 0.0289325 0.0310379 0.0307753 0.0309536 0.0306692 0.0274351 0.0306625 0.0254614 0.0311996 0.0288969 0.0296607 0.0324288 0.0335569 0.0259991 0.0283096 0.0281873 0.0286749 0.0316922 0.0294718 0.0344490 0.0309933 0.0000000 0.0328538 0.0340800 0.0319980 0.0376768 0.0309716 0.0301033 0.0263920 0.0298575 0.0359836 0.0330270 0.0336060 0.0327999 0.0334298 0.0303362 0.0296595 0.0320350 0.0283053 0.0331950 0.0327204 0.0304862 0.0314540 0.0311886 0.0361107 0.0324859 0.0319477 0.0328156 0.0317720 0.0362387 0.0365736 0.0332727 0.0285176 0.0286332 0.0316737 0.0287749 0.0299281 0.0322324 0.0298575 0.0331046 0.0327135 0.0319663 0.0334981 0.0310707 0.0321912 0.0334291 0.0283134 0.0315711 0.0351093 0.0305916 0.0328443 0.0315818 0.0270697 0.0335274 0.0304946 
pop1.indv23 0.0294387 0.0349836 0.0358997 0.0360145 0.0306409 0.0329310 0.0290681 0.0300062 0.0315167 0.0299035 0.0280499 0.0280086 0.0348133 0.0298684 0.0361514 0.0280722 0.0328838 0.0298984 0.0309666 0.0380212 0.0300785 0.0328538 0.0000000 0.0335367 0.0312743 0.0353513 0.0330638 0.0325895 0.0327931 0.0295317 0.0319743 0.0334208 0.0372404 0.0305298 0.0347224 0.0306428 0.0337403 0.0336900 0.0356821 0.0340899 0.0357738 0.0304770 0.0336140 0.0300281 0.0375997 0.0370768 0.0366216 0.0357010 0.0365046 0.0320907 0.0380544 0.0337403 0.0325598 0.0301617 0.0327837 0.0345813 0.0331115 0.0329688 0.0326541 0.0361514 0.0330600 0.0336043 0.0324101 0.0304157 0.0340651 0.0363105 0.0295907 0.0338255 0.0350547 0.0326520 0.0339425 0.0344626 0.0305727 0.0353159 0.0342126 
pop1.indv24 0.0312462 0.0364474 0.0307517 0.0279216 0.0295652 0.0297667 0.0277084 0.0276849 0.0304333 0.0327431 0.0299891 0.0310944 0.0289771 0.0278822 0.0329499 0.0282211 0.0331433 0.0278345 0.0290019 0.0345322 0.0324009 0.0340800 0.0335367 0.0000000 0.0332787 0.0355591 0.0315076 0.0307159 0.0297518 0.0342620 0.0322525 0.0345421 0.0338644 0.0358996 0.0327711 0.0320201 0.0342521 0.0292161 0.0297329 0.0333630 0.0337576 0.0314986 0.0306845 0.0298716 0.0370442 0.0320936 0.0328838 0.0331528 0.0356513 0.0327083 0.0352648 0.0330353 0.0349836 0.0301964 0.0307283 0.0312911 0.0321398 0.0335367 0.0321768 0.0362361 0.0337013 0.0347320 0.0346822 0.0303546 0.0311006 0.0326730 0.0316959 0.0337383 0.0352852 0.0326426 0.0292213 0.0324009 0.0300665 0.0363497 0.0341241 
pop1.indv25 0.0288949 0.0319195 0.0325296 0.0338644 0.0326685 0.0297667 0.0235592 0.0276928 0.0317686 0.0340654 0.0256542 0.0311413 0.0323543 0.0284968 0.0353775 0.0275214 0.0293399 0.0270395 0.0280007 0.0288540 0.0305022 0.0319980 0.0312743 0.0332787 0.0000000 0.0361269 0.0279453 0.0253525 0.0279927 0.0265417 0.0329121 0.0323543 0.0309617 0.0320936 0.0320201 0.0290726 0.0313100 0.0298653 0.0304333 0.0332958 0.0282530 0.0301213 0.0342817 0.0289218 0.0352648 0.0304506 0.0383698 0.0358268 0.0350112 0.0334401 0.0301901 0.0352852 0.0305727 0.0303895 0.0304159 0.0321028 0.0326333 0.0321056 0.0293212 0.0336344 0.0290764 0.0313368 0.0333534 0.0286181 0.0332554 0.0363922 0.0310767 0.0328238 0.0304680 0.0371213 0.0315965 0.0330581 0.0314265 0.0312283 0.0341437 
pop2.indv1  0.0308514 0.0326128 0.0386527 0.0387989 0.0275835 0.0312298 0.0336430 0.0354944 0.0334694 0.0329922 0.0302246 0.0327899 0.0328026 0.0331718 0.0293715 0.0291220 0.0323733 0.0308426 0.0284727 0.0358476 0.0347820 0.0376768 0.0353513 0.0355591 0.0361269 0.0000000 0.0306235 0.0286256 0.0273082 0.0260371 0.0314351 0.0313995 0.0315156 0.0307283 0.0295153 0.0314798 0.0326707 0.0306910 0.0301924 0.0317232 0.0330581 0.0278586 0.0348908 0.0295654 0.0358688 0.0347620 0.0277882 0.0311855 0.0289091 0.0291798 0.0381254 0.0307985 0.0334503 0.0356077 0.0294481 0.0354944 0.0309529 0.0335652 0.0360763 0.0322976 0.0313905 0.0299508 0.0322802 0.0319013 0.0322046 0.0326989 0.0322249 0.0317293 0.0341773 0.0321056 0.0316663 0.0305801 0.0292047 0.0374465 0.0306737 
pop2.indv2  0.0275693 0.0323636 0.0299339 0.0326541 0.0314355 0.0309577 0.0262113 0.0284138 0.0317629 0.0295570 0.0278420 0.0277950 0.0279060 0.0297518 0.0303982 0.0296583 0.0273932 0.0284765 0.0312267 0.0303895 0.0311567 0.0309716 0.0330638 0.0315076 0.0279453 0.0306235 0.0000000 0.0325705 0.0239215 0.0226129 0.0273159 0.0257050 0.0325316 0.0346216 0.0290681 0.0299548 0.0308779 0.0325585 0.0274709 0.0291763 0.0336237 0.0260257 0.0302332 0.0240027 0.0291096 0.0287815 0.0269168 0.0297667 0.0302073 0.0269627 0.0278504 0.0319703 0.0338381 0.0277940 0.0259156 0.0317445 0.0319703 0.0268558 0.0287979 0.0321466 0.0302400 0.0297007 0.0333534 0.0258586 0.0297453 0.0302225 0.0289853 0.0279137 0.0325598 0.0331306 0.0265042 0.0286914 0.0263997 0.0330984 0.0330162 
pop2.indv3  0.0297734 0.0305916 0.0288556 0.0301590 0.0326163 0.0317904 0.0265215 0.0285918 0.0305217 0.0327204 0.0269904 0.0284356 0.0286831 0.0286581 0.0299281 0.0263314 0.0287492 0.0288505 0.0302468 0.0363353 0.0306004 0.0301033 0.0325895 0.0307159 0.0253525 0.0286256 0.0325705 0.0000000 0.0300891 0.0281144 0.0268299 0.0354666 0.0283053 0.0311613 0.0300803 0.0279464 0.0271945 0.0282972 0.0308108 0.0294633 0.0306270 0.0273277 0.0311455 0.0277608 0.0299934 0.0326562 0.0296680 0.0311996 0.0246257 0.0281711 0.0304774 0.0292999 0.0289577 0.0278415 0.0267494 0.0296779 0.0287081 0.0325137 0.0336454 0.0335771 0.0306736 0.0308999 0.0288990 0.0339203 0.0335771 0.0310039 0.0302924 0.0311096 0.0303714 0.0332047 0.0278420 0.0299848 0.0282198 0.0334193 0.0307427 
pop2.indv4  0.0289135 0.0307985 0.0328838 0.0333715 0.0274009 0.0284868 0.0265355 0.0266850 0.0273257 0.0309577 0.0293868 0.0269321 0.0267458 0.0284300 0.0261590 0.0241498 0.0291013 0.0304066 0.0258512 0.0312642 0.0303721 0.0263920 0.0327931 0.0297518 0.0279927 0.0273082 0.0239215 0.0300891 0.0000000 0.0259229 0.0280882 0.0274787 0.0265567 0.0306868 0.0283977 0.0248186 0.0310647 0.0250454 0.0274553 0.0285112 0.0280642 0.0286669 0.0231412 0.0297945 0.0327109 0.0250524 0.0260404 0.0292878 0.0255748 0.0297092 0.0253781 0.0295063 0.0327271 0.0256753 0.0276039 0.0306093 0.0297263 0.0275255 0.0276354 0.0300629 0.0273257 0.0268634 0.0316804 0.0267687 0.0328538 0.0286996 0.0296414 0.0256253 0.0324660 0.0265492 0.0290847 0.0304854 0.0272712 0.0332458 0.0320936 
pop2.indv5  0.0252804 0.0320660 0.0293897 0.0293883 0.0309177 0.0289689 0.0282245 0.0304946 0.0307809 0.0320109 0.0255150 0.0296329 0.0299243 0.0274164 0.0285928 0.0252853 0.0289359 0.0290467 0.0251873 0.0285438 0.0298175 0.0298575 0.0295317 0.0342620 0.0265417 0.0260371 0.0226129 0.0281144 0.0259229 0.0000000 0.0285776 0.0289771 0.0299291 0.0275804 0.0288132 0.0264519 0.0275021 0.0246101 0.0250312 0.0317504 0.0312565 0.0253067 0.0288949 0.0263473 0.0280245 0.0305902 0.0268711 0.0258500 0.0272621 0.0316145 0.0312552 0.0302592 0.0254716 0.0267993 0.0307809 0.0276197 0.0293631 0.0325585 0.0290432 0.0306536 0.0243759 0.0265642 0.0290681 0.0285112 0.0287658 0.0329642 0.0268179 0.0278273 0.0337403 0.0299035 0.0269092 0.0283654 0.0287815 0.0319243 0.0300492 
pop2.indv6  0.0317170 0.0323915 0.0365315 0.0337989 0.0337867 0.0320936 0.0247627 0.0275255 0.0333823 0.0328462 0.0267458 0.0303372 0.0316621 0.0279216 0.0303459 0.0268103 0.0313995 0.0197950 0.0288144 0.0352342 0.0345322 0.0359836 0.0319743 0.0322525 0.0329121 0.0314351 0.0273159 0.0268299 0.0280882 0.0285776 0.0000000 0.0319286 0.0325399 0.0354125 0.0328462 0.0316597 0.0290267 0.0299339 0.0267687 0.0288949 0.0278194 0.0285291 0.0316959 0.0300148 0.0315515 0.0275099 0.0286669 0.0310944 0.0284005 0.0270558 0.0320660 0.0289524 0.0308337 0.0264599 0.0276536 0.0251516 0.0281441 0.0307195 0.0288458 0.0295063 0.0279618 0.0307370 0.0285695 0.0306604 0.0317261 0.0302851 0.0295150 0.0259353 0.0321582 0.0296414 0.0286019 0.0322894 0.0271631 0.0318508 0.0312032 
pop2.indv7  0.0303808 0.0338839 0.0303038 0.0373166 0.0299424 0.0325128 0.0286585 0.0321490 0.0325880 0.0333342 0.0267154 0.0315711 0.0301617 0.0245145 0.0301643 0.0296583 0.0289606 0.0276670 0.0307045 0.0354187 0.0333823 0.0330270 0.0334208 0.0345421 0.0323543 0.0313995 0.0257050 0.0354666 0.0274787 0.0289771 0.0319286 0.0000000 0.0339915 0.0295066 0.0267800 0.0343910 0.0291596 0.0309793 0.0265775 0.0287979 0.0287405 0.0281041 0.0348121 0.0295907 0.0333054 0.0324101 0.0278029 0.0313636 0.0285210 0.0323172 0.0314896 0.0293212 0.0315257 0.0287327 0.0290184 0.0313452 0.0283977 0.0287562 0.0287979 0.0317812 0.0279219 0.0264445 0.0328026 0.0335759 0.0335079 0.0295827 0.0337598 0.0287157 0.0311033 0.0338450 0.0317050 0.0322710 0.0300062 0.0335176 0.0332194 
pop2.indv8  0.0308108 0.0384708 0.0336419 0.0325786 0.0295318 0.0298175 0.0277622 0.0306516 0.0302592 0.0311925 0.0282891 0.0296245 0.0293463 0.0324941 0.0307753 0.0345920 0.0313457 0.0295912 0.0370659 0.0343115 0.0289195 0.0336060 0.0372404 0.0338644 0.0309617 0.0315156 0.0325316 0.0283053 0.0265567 0.0299291 0.0325399 0.0339915 0.0000000 0.0337403 0.0255820 0.0321121 0.0280007 0.0325213 0.0328368 0.0248116 0.0340210 0.0284138 0.0322710 0.0284624 0.0344209 0.0292712 0.0304941 0.0293648 0.0284888 0.0304420 0.0346421 0.0297348 0.0331020 0.0266115 0.0321213 0.0299243 0.0297859 0.0313995 0.0359622 0.0276749 0.0264599 0.0314625 0.0324941 0.0275647 0.0327014 0.0363319 0.0290349 0.0316869 0.0349330 0.0307133 0.0297920 0.0328368 0.0266850 0.0331593 0.0328180 
pop2.indv9  0.0315818 0.0363497 0.0327365 0.0361619 0.0327837 0.0331785 0.0321186 0.0342187 0.0356573 0.0336624 0.0282442 0.0323350 0.0375250 0.0313362 0.0301183 0.0281762 0.0330733 0.0344490 0.0329833 0.0333133 0.0333630 0.0327999 0.0305298 0.0358996 0.0320936 0.0307283 0.0346216 0.0311613 0.0306868 0.0275804 0.0354125 0.0295066 0.0337403 0.0000000 0.0306516 0.0301987 0.0337324 0.0304333 0.0326333 0.0314086 0.0322046 0.0287733 0.0374356 0.0323631 0.0370226 0.0297518 0.0315892 0.0283977 0.0273854 0.0347325 0.0334401 0.0346418 0.0324100 0.0350990 0.0334103 0.0333424 0.0312462 0.0342521 0.0358365 0.0377357 0.0327109 0.0306516 0.0351159 0.0337817 0.0306625 0.0359204 0.0281281 0.0345720 0.0370118 0.0359936 0.0313995 0.0302765 0.0314995 0.0326257 0.0341889 
pop2.indv10 0.0300234 0.0366796 0.0336997 0.0357218 0.0275137 0.0366430 0.0285356 0.0325222 0.0346922 0.0310678 0.0274902 0.0324567 0.0354250 0.0296499 0.0288391 0.0304680 0.0374247 0.0267763 0.0290101 0.0361705 0.0301557 0.0334298 0.0347224 0.0327711 0.0320201 0.0295153 0.0290681 0.0300803 0.0283977 0.0288132 0.0328462 0.0267800 0.0255820 0.0306516 0.0000000 0.0289442 0.0275490 0.0348908 0.0275292 0.0299891 0.0290644 0.0282291 0.0307865 0.0304070 0.0325128 0.0314535 0.0289277 0.0224435 0.0244391 0.0277163 0.0326707 0.0324660 0.0318508 0.0339364 0.0277241 0.0348538 0.0246377 0.0316416 0.0328879 0.0326919 0.0276354 0.0317232 0.0311657 0.0315529 0.0288969 0.0289135 0.0274475 0.0309001 0.0320109 0.0351325 0.0300614 0.0315336 0.0275568 0.0363603 0.0390362 
pop2.indv11 0.0248959 0.0307020 0.0311943 0.0325880 0.0255317 0.0318234 0.0284787 0.0301097 0.0322696 0.0349735 0.0258807 0.0295654 0.0323724 0.0302592 0.0313092 0.0253424 0.0339915 0.0302400 0.0308464 0.0349633 0.0295318 0.0303362 0.0306428 0.0320201 0.0290726 0.0314798 0.0299548 0.0279464 0.0248186 0.0264519 0.0316597 0.0343910 0.0321121 0.0301987 0.0289442 0.0000000 0.0294894 0.0305541 0.0265492 0.0271631 0.0308073 0.0293212 0.0278822 0.0345009 0.0315711 0.0280642 0.0256615 0.0318051 0.0272315 0.0315801 0.0299291 0.0294640 0.0294387 0.0317170 0.0297007 0.0321675 0.0268863 0.0339523 0.0305989 0.0347839 0.0294979 0.0284381 0.0341988 0.0300751 0.0306004 0.0334498 0.0274631 0.0284888 0.0327460 0.0314625 0.0323729 0.0320660 0.0272790 0.0319888 0.0323822 
pop2.indv12 0.0303099 0.0310500 0.0301471 0.0332362 0.0313636 0.0276591 0.0298459 0.0291680 0.0319796 0.0325772 0.0295487 0.0272480 0.0368255 0.0315620 0.0292098 0.0287733 0.0325222 0.0309806 0.0315892 0.0321675 0.0328784 0.0296595 0.0337403 0.0342521 0.0313100 0.0326707 0.0308779 0.0271945 0.0310647 0.0275021 0.0290267 0.0291596 0.0280007 0.0337324 0.0275490 0.0294894 0.0000000 0.0326520 0.0282530 0.0283332 0.0311211 0.0296414 0.0303468 0.0317904 0.0314086 0.0289689 0.0287979 0.0299805 0.0321422 0.0294303 0.0356906 0.0294640 0.0275882 0.0259694 0.0294809 0.0283621 0.0296753 0.0307108 0.0331593 0.0300891 0.0246187 0.0340210 0.0294135 0.0279378 0.0275693 0.0327109 0.0286507 0.0294564 0.0303025 0.0317413 0.0328784 0.0287323 0.0273725 0.0320536 0.0316869 
pop2.indv13 0.0312552 0.0299848 0.0319510 0.0308779 0.0265626 0.0332194 0.0296329 0.0217418 0.0295570 0.0320418 0.0255150 0.0300444 0.0301901 0.0253424 0.0327365 0.0264073 0.0284486 0.0266698 0.0325959 0.0353921 0.0299508 0.0320350 0.0336900 0.0292161 0.0298653 0.0306910 0.0325585 0.0282972 0.0250454 0.0246101 0.0299339 0.0309793 0.0325213 0.0304333 0.0348908 0.0305541 0.0326520 0.0000000 0.0232782 0.0293897 0.0291715 0.0278743 0.0285947 0.0290101 0.0320873 0.0310500 0.0262522 0.0283925 0.0274135 0.0266372 0.0332099 0.0320476 0.0318922 0.0241837 0.0255102 0.0330068 0.0316145 0.0316753 0.0296076 0.0352546 0.0268482 0.0303038 0.0304333 0.0336624 0.0300148 0.0337013 0.0292628 0.0271399 0.0347320 0.0300988 0.0309177 0.0271095 0.0280802 0.0339034 0.0333547 
pop2.indv14 0.0282972 0.0343046 0.0328238 0.0330543 0.0301328 0.0304593 0.0259522 0.0298950 0.0322510 0.0306671 0.0260257 0.0293967 0.0305989 0.0246585 0.0274631 0.0285776 0.0306062 0.0248186 0.0256109 0.0316688 0.0325213 0.0283053 0.0356821 0.0297329 0.0304333 0.0301924 0.0274709 0.0308108 0.0274553 0.0250312 0.0267687 0.0265775 0.0328368 0.0326333 0.0275292 0.0265492 0.0282530 0.0232782 0.0000000 0.0274164 0.0278822 0.0245209 0.0271933 0.0241430 0.0303554 0.0303986 0.0270405 0.0297160 0.0255837 0.0265552 0.0292712 0.0286914 0.0323265 0.0284787 0.0296414 0.0293129 0.0305814 0.0269190 0.0277871 0.0319888 0.0228932 0.0303727 0.0288458 0.0268331 0.0266471 0.0304070 0.0270100 0.0270792 0.0348322 0.0284486 0.0303296 0.0296824 0.0255964 0.0265717 0.0292820 
pop2.indv15 0.0286256 0.0353467 0.0330770 0.0351568 0.0290808 0.0330448 0.0329451 0.0301703 0.0310111 0.0309133 0.0268222 0.0283252 0.0361619 0.0329355 0.0320907 0.0283896 0.0290101 0.0308374 0.0291513 0.0356595 0.0260183 0.0331950 0.0340899 0.0333630 0.0332958 0.0317232 0.0291763 0.0294633 0.0285112 0.0317504 0.0288949 0.0287979 0.0248116 0.0314086 0.0299891 0.0271631 0.0283332 0.0293897 0.0274164 0.0000000 0.0285938 0.0253781 0.0304506 0.0282648 0.0322883 0.0274787 0.0300700 0.0285776 0.0321148 0.0299291 0.0341097 0.0304070 0.0291596 0.0300281 0.0297177 0.0281063 0.0318783 0.0301128 0.0301877 0.0306181 0.0279378 0.0321213 0.0287323 0.0324100 0.0330120 0.0306868 0.0324660 0.0321789 0.0360355 0.0280882 0.0312014 0.0297667 0.0236856 0.0319611 0.0295486 
pop2.indv16 0.0285928 0.0313726 0.0340263 0.0392656 0.0299933 0.0295823 0.0323172 0.0318783 0.0364134 0.0340361 0.0274666 0.0314355 0.0307310 0.0327177 0.0318234 0.0295486 0.0333054 0.0282891 0.0299977 0.0369686 0.0320017 0.0327204 0.0357738 0.0337576 0.0282530 0.0330581 0.0336237 0.0306270 0.0280642 0.0312565 0.0278194 0.0287405 0.0340210 0.0322046 0.0290644 0.0308073 0.0311211 0.0291715 0.0278822 0.0285938 0.0000000 0.0277006 0.0306235 0.0321490 0.0310323 0.0310767 0.0274164 0.0278665 0.0288376 0.0331115 0.0308073 0.0293463 0.0289031 0.0269704 0.0247627 0.0315711 0.0311211 0.0308039 0.0256832 0.0342187 0.0278345 0.0358481 0.0308779 0.0277556 0.0282487 0.0319243 0.0288949 0.0299933 0.0317778 0.0307370 0.0329310 0.0300956 0.0254428 0.0283540 0.0353309 
pop2.indv17 0.0263622 0.0289524 0.0327431 0.0322231 0.0279216 0.0321675 0.0282325 0.0274553 0.0276433 0.0320109 0.0291513 0.0281121 0.0301270 0.0318143 0.0261367 0.0297836 0.0313816 0.0274744 0.0260404 0.0314265 0.0328462 0.0304862 0.0304770 0.0314986 0.0301213 0.0278586 0.0260257 0.0273277 0.0286669 0.0253067 0.0285291 0.0281041 0.0284138 0.0287733 0.0282291 0.0293212 0.0296414 0.0278743 0.0245209 0.0253781 0.0277006 0.0000000 0.0288867 0.0273412 0.0355356 0.0319519 0.0279137 0.0295486 0.0266821 0.0289853 0.0307985 0.0317778 0.0286507 0.0298202 0.0281843 0.0337695 0.0302246 0.0294815 0.0293212 0.0289966 0.0277224 0.0285857 0.0244938 0.0291179 0.0303275 0.0313905 0.0276615 0.0266222 0.0267498 0.0314265 0.0259229 0.0323636 0.0251374 0.0306516 0.0326052 
pop2.indv18 0.0355356 0.0359308 0.0315425 0.0355768 0.0281099 0.0339621 0.0348944 0.0312732 0.0312372 0.0334024 0.0301703 0.0310678 0.0364940 0.0336624 0.0303546 0.0306933 0.0354739 0.0325786 0.0312642 0.0382806 0.0348523 0.0314540 0.0336140 0.0306845 0.0342817 0.0348908 0.0302332 0.0311455 0.0231412 0.0288949 0.0316959 0.0348121 0.0322710 0.0374356 0.0307865 0.0278822 0.0303468 0.0285947 0.0271933 0.0304506 0.0306235 0.0288867 0.0000000 0.0322138 0.0314175 0.0292047 0.0305975 0.0269190 0.0300188 0.0308161 0.0322710 0.0368289 0.0350039 0.0273647 0.0279927 0.0334885 0.0309001 0.0334407 0.0314265 0.0362892 0.0284868 0.0347820 0.0325959 0.0314445 0.0306780 0.0328879 0.0291798 0.0323273 0.0364200 0.0290316 0.0291467 0.0356616 0.0305464 0.0353057 0.0307721 
pop2.indv19 0.0299588 0.0328215 0.0344626 0.0345209 0.0296583 0.0296168 0.0250520 0.0287079 0.0327014 0.0309933 0.0260066 0.0267154 0.0311815 0.0288804 0.0302662 0.0303633 0.0306516 0.0303362 0.0302662 0.0334006 0.0284543 0.0311886 0.0300281 0.0298716 0.0289218 0.0295654 0.0240027 0.0277608 0.0297945 0.0263473 0.0300148 0.0295907 0.0284624 0.0323631 0.0304070 0.0345009 0.0317904 0.0290101 0.0241430 0.0282648 0.0321490 0.0273412 0.0322138 0.0000000 0.0336638 0.0276670 0.0251944 0.0313543 0.0286996 0.0297433 0.0311545 0.0310827 0.0308019 0.0294974 0.0273412 0.0336454 0.0286092 0.0318783 0.0317720 0.0303890 0.0258586 0.0291680 0.0332169 0.0287741 0.0313174 0.0324948 0.0287733 0.0286507 0.0320165 0.0310558 0.0300234 0.0294640 0.0229789 0.0308910 0.0297945 
pop2.indv20 0.0329451 0.0331908 0.0343440 0.0382774 0.0364684 0.0379048 0.0294472 0.0324100 0.0355532 0.0348221 0.0317537 0.0312372 0.0322603 0.0287405 0.0329165 0.0320752 0.0362546 0.0305122 0.0311906 0.0382774 0.0348624 0.0361107 0.0375997 0.0370442 0.0352648 0.0358688 0.0291096 0.0299934 0.0327109 0.0280245 0.0315515 0.0333054 0.0344209 0.0370226 0.0325128 0.0315711 0.0314086 0.0320873 0.0303554 0.0322883 0.0310323 0.0355356 0.0314175 0.0336638 0.0000000 0.0311835 0.0330448 0.0291633 0.0288867 0.0331402 0.0299805 0.0337110 0.0331881 0.0335564 0.0322603 0.0319888 0.0337891 0.0369067 0.0303895 0.0340353 0.0316165 0.0335753 0.0299805 0.0329355 0.0329929 0.0330312 0.0321305 0.0285372 0.0313636 0.0316145 0.0324008 0.0304246 0.0322790 0.0326163 0.0327083 
pop2.indv21 0.0352389 0.0380877 0.0394515 0.0358892 0.0304854 0.0345621 0.0267382 0.0318600 0.0363922 0.0339915 0.0286749 0.0293296 0.0313092 0.0294051 0.0319703 0.0308161 0.0362230 0.0322214 0.0285438 0.0368503 0.0324474 0.0324859 0.0370768 0.0320936 0.0304506 0.0347620 0.0287815 0.0326562 0.0250524 0.0305902 0.0275099 0.0324101 0.0292712 0.0297518 0.0314535 0.0280642 0.0289689 0.0310500 0.0303986 0.0274787 0.0310767 0.0319519 0.0292047 0.0276670 0.0311835 0.0000000 0.0313100 0.0289689 0.0299424 0.0288144 0.0321675 0.0328689 0.0350344 0.0289633 0.0309044 0.0307575 0.0302938 0.0323636 0.0287405 0.0355532 0.0296424 0.0322987 0.0324754 0.0308779 0.0270627 0.0329451 0.0306516 0.0316326 0.0371754 0.0286100 0.0303372 0.0305902 0.0308553 0.0340552 0.0311389 
pop2.indv22 0.0292686 0.0342027 0.0331528 0.0313092 0.0295066 0.0330543 0.0283134 0.0267458 0.0282568 0.0288540 0.0305827 0.0336819 0.0330312 0.0286914 0.0276118 0.0265492 0.0323915 0.0308197 0.0300406 0.0312283 0.0334401 0.0319477 0.0366216 0.0328838 0.0383698 0.0277882 0.0269168 0.0296680 0.0260404 0.0268711 0.0286669 0.0278029 0.0304941 0.0315892 0.0289277 0.0256615 0.0287979 0.0262522 0.0270405 0.0300700 0.0274164 0.0279137 0.0305975 0.0251944 0.0330448 0.0313100 0.0000000 0.0283573 0.0290808 0.0253710 0.0286588 0.0287241 0.0266169 0.0277701 0.0293212 0.0290886 0.0309666 0.0296740 0.0317078 0.0293107 0.0257487 0.0286263 0.0296499 0.0307664 0.0295487 0.0287244 0.0324474 0.0290808 0.0308514 0.0309222 0.0283412 0.0288703 0.0240366 0.0278345 0.0292878 
pop2.indv23 0.0332651 0.0320752 0.0317834 0.0315438 0.0352093 0.0329783 0.0289384 0.0304593 0.0290764 0.0347420 0.0299588 0.0332671 0.0333726 0.0303112 0.0309310 0.0298090 0.0293715 0.0273647 0.0315892 0.0339230 0.0340406 0.0328156 0.0357010 0.0331528 0.0358268 0.0311855 0.0297667 0.0311996 0.0292878 0.0258500 0.0310944 0.0313636 0.0293648 0.0283977 0.0224435 0.0318051 0.0299805 0.0283925 0.0297160 0.0285776 0.0278665 0.0295486 0.0269190 0.0313543 0.0291633 0.0289689 0.0283573 0.0000000 0.0290480 0.0280245 0.0339327 0.0330829 0.0324194 0.0283134 0.0324567 0.0326707 0.0276224 0.0301901 0.0314535 0.0271556 0.0291096 0.0337673 0.0349229 0.0297518 0.0269857 0.0359517 0.0304246 0.0311413 0.0338742 0.0327365 0.0288458 0.0315156 0.0278583 0.0333037 0.0347020 
pop2.indv24 0.0278583 0.0346125 0.0304334 0.0350919 0.0289091 0.0338255 0.0298260 0.0258136 0.0356616 0.0312387 0.0241565 0.0296656 0.0311300 0.0288621 0.0252853 0.0273005 0.0275602 0.0304244 0.0291302 0.0352498 0.0331149 0.0317720 0.0365046 0.0356513 0.0350112 0.0289091 0.0302073 0.0246257 0.0255748 0.0272621 0.0284005 0.0285210 0.0284888 0.0273854 0.0244391 0.0272315 0.0321422 0.0274135 0.0255837 0.0321148 0.0288376 0.0266821 0.0300188 0.0286996 0.0288867 0.0299424 0.0290808 0.0290480 0.0000000 0.0293980 0.0291385 0.0304593 0.0292213 0.0284787 0.0252357 0.0334305 0.0279453 0.0326965 0.0296245 0.0321121 0.0279299 0.0303727 0.0291964 0.0300614 0.0297433 0.0330733 0.0304420 0.0264811 0.0329310 0.0293731 0.0318015 0.0310356 0.0248981 0.0345023 0.0314888 
pop2.indv25 0.0292938 0.0317323 0.0376626 0.0301617 0.0306148 0.0321953 0.0283296 0.0297603 0.0358051 0.0302419 0.0265127 0.0303546 0.0305562 0.0320443 0.0297945 0.0278187 0.0311925 0.0274823 0.0322696 0.0370659 0.0387875 0.0362387 0.0320907 0.0327083 0.0334401 0.0291798 0.0269627 0.0281711 0.0297092 0.0316145 0.0270558 0.0323172 0.0304420 0.0347325 0.0277163 0.0315801 0.0294303 0.0266372 0.0265552 0.0299291 0.0331115 0.0289853 0.0308161 0.0297433 0.0331402 0.0288144 0.0253710 0.0280245 0.0293980 0.0000000 0.0311925 0.0300837 0.0331211 0.0284683 0.0275412 0.0323724 0.0307398 0.0330448 0.0276512 0.0309985 0.0286338 0.0340702 0.0263622 0.0322417 0.0319570 0.0322696 0.0283011 0.0291881 0.0334015 0.0295570 0.0250736 0.0357957 0.0261070 0.0350751 0.0348322 
pop3.indv1  0.0323537 0.0343834 0.0333547 0.0360565 0.0344131 0.0339132 0.0320443 0.0325316 0.0327837 0.0372406 0.0305474 0.0265642 0.0297348 0.0314986 0.0331306 0.0289936 0.0333534 0.0329833 0.0344708 0.0353262 0.0315785 0.0365736 0.0380544 0.0352648 0.0301901 0.0381254 0.0278504 0.0304774 0.0253781 0.0312552 0.0320660 0.0314896 0.0346421 0.0334401 0.0326707 0.0299291 0.0356906 0.0332099 0.0292712 0.0341097 0.0308073 0.0307985 0.0322710 0.0311545 0.0299805 0.0321675 0.0286588 0.0339327 0.0291385 0.0311925 0.0000000 0.0336140 0.0332385 0.0300320 0.0341831 0.0340998 0.0296245 0.0318015 0.0310235 0.0297263 0.0252925 0.0306758 0.0284543 0.0333054 0.0322883 0.0382886 0.0290973 0.0269039 0.0361181 0.0325213 0.0299593 0.0307108 0.0268634 0.0323357 0.0305801 
pop3.indv2  0.0327014 0.0307546 0.0288621 0.0361619 0.0325213 0.0321860 0.0282568 0.0285275 0.0312462 0.0354944 0.0302138 0.0302419 0.0342585 0.0272403 0.0342088 0.0296160 0.0302505 0.0321746 0.0291847 0.0347829 0.0348724 0.0332727 0.0337403 0.0330353 0.0352852 0.0307985 0.0319703 0.0292999 0.0295063 0.0302592 0.0289524 0.0293212 0.0297348 0.0346418 0.0324660 0.0294640 0.0294640 0.0320476 0.0286914 0.0304070 0.0293463 0.0317778 0.0368289 0.0310827 0.0337110 0.0328689 0.0287241 0.0330829 0.0304593 0.0300837 0.0336140 0.0000000 0.0259962 0.0277463 0.0286669 0.0279458 0.0296329 0.0303210 0.0304858 0.0305034 0.0233497 0.0274865 0.0292628 0.0288061 0.0276039 0.0307930 0.0263025 0.0280783 0.0348322 0.0283735 0.0261691 0.0298855 0.0253925 0.0295992 0.0341437 
