75
pop1.indv1  0.0000000 0.0094015 0.0124140 0.0101161 0.0140935 0.0122220 0.0142179 0.0114233 0.0112474 0.0112037 0.0137402 0.0130934 0.0118994 0.0123657 0.0128592 0.0114155 0.0110613 0.0148873 0.0100814 0.0151669 0.0128680 0.0151148 0.0119404 0.0147071 0.0133400 0.1856435 0.1902162 0.1791304 0.1845788 0.1819504 0.1839661 0.1872280 0.1810854 0.1815320 0.1936182 0.1824076 0.1840179 0.1832438 0.1913149 0.1875052 0.1861986 0.1890255 0.1854749 0.1909537 0.1877197 0.1845241 0.1865422 0.1849713 0.1811650 0.1849710 0.1835758 0.1819364 0.1844112 0.1796335 0.1796208 0.1776831 0.1859288 0.1785193 0.1797416 0.1835618 0.1804881 0.1877435 0.1811650 0.1822220 0.1806112 0.1809270 0.1790857 0.1820650 0.1792382 0.1800437 0.1788769 0.1840738 0.1820427 0.1814948 0.1805839 
pop1.indv2  0.0094015 0.0000000 0.0091859 0.0105809 0.0112397 0.0103283 0.0102975 0.0111986 0.0110232 0.0109728 0.0109828 0.0135436 0.0107577 0.0135623 0.0107651 0.0128004 0.0101022 0.0126251 0.0114626 0.0139965 0.0137717 0.0126020 0.0119486 0.0107651 0.0101161 0.1796875 0.1853645 0.1749403 0.1795456 0.1771788 0.1796335 0.1821114 0.1759746 0.1750032 0.1888529 0.1762767 0.1777788 0.1775995 0.1869463 0.1821709 0.1808076 0.1837406 0.1800743 0.1855898 0.1834629 0.1783047 0.1820145 0.1788613 0.1753983 0.1807468 0.1819047 0.1802000 0.1834029 0.1773629 0.1783286 0.1764083 0.1843538 0.1776831 0.1781334 0.1820938 0.1784246 0.1867817 0.1798802 0.1802074 0.1789405 0.1789120 0.1773749 0.1805566 0.1779619 0.1780364 0.1768208 0.1824474 0.1806939 0.1797550 0.1785122 
pop1.indv3  0.0124140 0.0091859 0.0000000 0.0113098 0.0147613 0.0101115 0.0114678 0.0126164 0.0110511 0.0133400 0.0105445 0.0114995 0.0098286 0.0119541 0.0131296 0.0133278 0.0119679 0.0130904 0.0103259 0.0138129 0.0112526 0.0130934 0.0122136 0.0112397 0.0119624 0.1790672 0.1849721 0.1743843 0.1794283 0.1774994 0.1796792 0.1808784 0.1752489 0.1754211 0.1890255 0.1754436 0.1791028 0.1778127 0.1860441 0.1814452 0.1806925 0.1827315 0.1788517 0.1846913 0.1832388 0.1786268 0.1823447 0.1783047 0.1751719 0.1805771 0.1827901 0.1806389 0.1835121 0.1780691 0.1788734 0.1767804 0.1851419 0.1777252 0.1790580 0.1821451 0.1789120 0.1869568 0.1803168 0.1811472 0.1787049 0.1792929 0.1778014 0.1810492 0.1791120 0.1792474 0.1773027 0.1826101 0.1811353 0.1801377 0.1790563 
pop1.indv4  0.0101161 0.0105809 0.0113098 0.0000000 0.0119844 0.0103568 0.0100860 0.0114942 0.0110562 0.0094058 0.0126454 0.0119761 0.0100791 0.0110106 0.0108022 0.0110486 0.0117607 0.0126396 0.0080237 0.0126396 0.0119404 0.0132911 0.0117498 0.0135717 0.0115393 0.1786068 0.1848036 0.1725401 0.1777985 0.1749294 0.1776717 0.1798015 0.1744010 0.1739672 0.1871709 0.1750296 0.1768079 0.1760236 0.1842952 0.1795371 0.1792382 0.1805428 0.1784451 0.1831171 0.1817804 0.1770597 0.1801058 0.1771788 0.1744749 0.1794003 0.1807752 0.1780465 0.1819364 0.1759422 0.1762171 0.1749822 0.1828295 0.1760484 0.1766075 0.1804457 0.1770506 0.1851442 0.1780144 0.1788928 0.1776254 0.1771458 0.1759565 0.1787492 0.1768208 0.1773321 0.1760591 0.1804120 0.1789281 0.1786107 0.1772414 
pop1.indv5  0.0140935 0.0112397 0.0147613 0.0119844 0.0000000 0.0131145 0.0149215 0.0121352 0.0147784 0.0114521 0.0125703 0.0140481 0.0119021 0.0146868 0.0128828 0.0160791 0.0133523 0.0151878 0.0105228 0.0161384 0.0146868 0.0162734 0.0119076 0.0128385 0.0117120 0.1812430 0.1869358 0.1759990 0.1817253 0.1794543 0.1810794 0.1834585 0.1766991 0.1773575 0.1903144 0.1781015 0.1814506 0.1793187 0.1872240 0.1841319 0.1829711 0.1846358 0.1817452 0.1869358 0.1840785 0.1812430 0.1836313 0.1801436 0.1766339 0.1816955 0.1856983 0.1837897 0.1869393 0.1807947 0.1822051 0.1800667 0.1886996 0.1810128 0.1823487 0.1854258 0.1822773 0.1908768 0.1834006 0.1845222 0.1825065 0.1827213 0.1815761 0.1845795 0.1822345 0.1822220 0.1810492 0.1855911 0.1841264 0.1838473 0.1827179 
pop1.indv6  0.0122220 0.0103283 0.0101115 0.0103568 0.0131145 0.0000000 0.0112371 0.0125991 0.0112967 0.0121715 0.0096055 0.0121771 0.0119541 0.0119404 0.0131115 0.0137780 0.0110308 0.0138066 0.0100768 0.0147682 0.0116986 0.0116452 0.0096187 0.0116959 0.0105931 0.1793374 0.1860420 0.1742629 0.1789758 0.1762748 0.1784017 0.1815998 0.1751288 0.1753537 0.1879008 0.1758122 0.1783166 0.1774695 0.1856503 0.1807139 0.1796335 0.1818906 0.1791752 0.1841857 0.1824550 0.1781764 0.1808364 0.1772443 0.1751564 0.1800743 0.1815604 0.1794021 0.1826692 0.1761295 0.1775785 0.1756098 0.1839018 0.1765011 0.1781657 0.1812401 0.1777332 0.1860502 0.1790843 0.1794654 0.1774221 0.1780034 0.1766870 0.1797088 0.1779398 0.1780684 0.1765142 0.1813736 0.1798949 0.1791839 0.1774280 
pop1.indv7  0.0142179 0.0102975 0.0114678 0.0100860 0.0149215 0.0112371 0.0000000 0.0142179 0.0119294 0.0132426 0.0132577 0.0121492 0.0079780 0.0132972 0.0091480 0.0155944 0.0124226 0.0109603 0.0119158 0.0123459 0.0116612 0.0125732 0.0112320 0.0125847 0.0121547 0.1814614 0.1871632 0.1758794 0.1818906 0.1783375 0.1814068 0.1837371 0.1769629 0.1774634 0.1910019 0.1783152 0.1809458 0.1799738 0.1879059 0.1841308 0.1826348 0.1852520 0.1825176 0.1876149 0.1854749 0.1811280 0.1833520 0.1800819 0.1773924 0.1824114 0.1844682 0.1824953 0.1857591 0.1799040 0.1806805 0.1785630 0.1868892 0.1797876 0.1803457 0.1846339 0.1807073 0.1892273 0.1821114 0.1828915 0.1809944 0.1810921 0.1803529 0.1823959 0.1805635 0.1807073 0.1794283 0.1851414 0.1829411 0.1822178 0.1807490 
pop1.indv8  0.0114233 0.0111986 0.0126164 0.0114942 0.0121352 0.0125991 0.0142179 0.0000000 0.0124169 0.0125962 0.0146700 0.0142506 0.0086392 0.0139805 0.0121297 0.0141886 0.0131115 0.0160939 0.0118967 0.0160606 0.0123544 0.0130038 0.0111909 0.0139901 0.0151808 0.1826348 0.1878288 0.1770033 0.1823447 0.1786904 0.1817501 0.1837962 0.1772110 0.1781442 0.1916587 0.1794349 0.1812919 0.1796045 0.1882912 0.1844682 0.1835837 0.1854738 0.1831912 0.1872690 0.1858075 0.1811942 0.1851940 0.1805365 0.1788517 0.1830838 0.1863674 0.1847474 0.1876104 0.1814122 0.1824915 0.1811826 0.1888020 0.1813521 0.1825763 0.1868961 0.1829532 0.1913736 0.1843553 0.1848036 0.1831808 0.1833426 0.1815267 0.1849155 0.1824076 0.1825619 0.1817804 0.1873340 0.1851984 0.1841297 0.1830029 
pop1.indv9  0.0112474 0.0110232 0.0110511 0.0110562 0.0147784 0.0112967 0.0119294 0.0124169 0.0000000 0.0119294 0.0142834 0.0117040 0.0087045 0.0133308 0.0129664 0.0137875 0.0105687 0.0110257 0.0077828 0.0114784 0.0119048 0.0116932 0.0107972 0.0133554 0.0122305 0.1803313 0.1863827 0.1743508 0.1794741 0.1767544 0.1798338 0.1812575 0.1765940 0.1752860 0.1883025 0.1771788 0.1790843 0.1780691 0.1863879 0.1814894 0.1814013 0.1834542 0.1798881 0.1849163 0.1831782 0.1794999 0.1818906 0.1797795 0.1759135 0.1808428 0.1821157 0.1804599 0.1839593 0.1779398 0.1779588 0.1774221 0.1848036 0.1784888 0.1778861 0.1825921 0.1786751 0.1875319 0.1800282 0.1805770 0.1796376 0.1795575 0.1783375 0.1804811 0.1784888 0.1790112 0.1772905 0.1820427 0.1809570 0.1806872 0.1789281 
pop1.indv10 0.0112037 0.0109728 0.0133400 0.0094058 0.0114521 0.0121715 0.0132426 0.0125962 0.0119294 0.0000000 0.0142506 0.0126251 0.0089101 0.0128327 0.0110030 0.0155837 0.0107849 0.0112166 0.0082238 0.0151425 0.0116665 0.0139613 0.0098241 0.0107380 0.0124112 0.1787539 0.1840204 0.1731016 0.1776181 0.1751503 0.1778239 0.1798338 0.1735878 0.1747430 0.1873258 0.1748152 0.1766870 0.1756455 0.1846352 0.1805635 0.1793812 0.1817353 0.1779305 0.1841887 0.1815761 0.1765543 0.1809644 0.1777706 0.1742629 0.1786030 0.1788076 0.1762610 0.1802297 0.1731533 0.1741077 0.1736719 0.1807752 0.1745054 0.1749038 0.1787937 0.1753832 0.1840153 0.1760095 0.1767674 0.1751348 0.1752621 0.1743135 0.1766339 0.1745054 0.1756627 0.1737405 0.1785529 0.1771830 0.1764877 0.1754057 
pop1.indv11 0.0137402 0.0109828 0.0105445 0.0126454 0.0125703 0.0096055 0.0132577 0.0146700 0.0142834 0.0142506 0.0000000 0.0135374 0.0125531 0.0130724 0.0123742 0.0136994 0.0128592 0.0125588 0.0107430 0.0144456 0.0137307 0.0136869 0.0137875 0.0132245 0.0133186 0.1832438 0.1896375 0.1787539 0.1841308 0.1807882 0.1834672 0.1863209 0.1804354 0.1796128 0.1930866 0.1807533 0.1826243 0.1831361 0.1903905 0.1862054 0.1858059 0.1882855 0.1843018 0.1893569 0.1879377 0.1840229 0.1863135 0.1837457 0.1794003 0.1848593 0.1837457 0.1825028 0.1859796 0.1790949 0.1806389 0.1792472 0.1872770 0.1808555 0.1808012 0.1846344 0.1811101 0.1899515 0.1821201 0.1821157 0.1810674 0.1811591 0.1806991 0.1830727 0.1798578 0.1817804 0.1797795 0.1844671 0.1830586 0.1822262 0.1807621 
pop1.indv12 0.0130934 0.0135436 0.0114995 0.0119761 0.0140481 0.0121771 0.0121492 0.0142506 0.0117040 0.0126251 0.0135374 0.0000000 0.0105397 0.0123600 0.0130874 0.0146364 0.0126513 0.0146969 0.0121715 0.0142473 0.0123685 0.0125560 0.0112346 0.0125933 0.0121855 0.1827382 0.1880675 0.1770846 0.1823920 0.1802223 0.1826830 0.1842977 0.1773986 0.1779525 0.1921382 0.1791933 0.1820606 0.1804143 0.1886996 0.1841308 0.1833567 0.1857576 0.1822386 0.1872201 0.1862595 0.1819596 0.1854760 0.1802444 0.1788865 0.1831886 0.1845241 0.1819918 0.1856462 0.1791843 0.1802324 0.1785630 0.1870033 0.1801210 0.1811221 0.1842380 0.1807073 0.1890532 0.1817204 0.1828359 0.1807752 0.1807006 0.1799660 0.1827315 0.1805635 0.1810431 0.1793740 0.1843538 0.1829411 0.1823287 0.1804120 
pop1.indv13 0.0118994 0.0107577 0.0098286 0.0100791 0.0119021 0.0119541 0.0079780 0.0086392 0.0087045 0.0089101 0.0125531 0.0105397 0.0000000 0.0123572 0.0110030 0.0127945 0.0091397 0.0112397 0.0098017 0.0116399 0.0093436 0.0123346 0.0096121 0.0111909 0.0086846 0.1770970 0.1834607 0.1730311 0.1776065 0.1753081 0.1773217 0.1790487 0.1749354 0.1738637 0.1868224 0.1746948 0.1768998 0.1759079 0.1840738 0.1796168 0.1791576 0.1812862 0.1777593 0.1835163 0.1814068 0.1770439 0.1806247 0.1765543 0.1737583 0.1786565 0.1779839 0.1759810 0.1787882 0.1734304 0.1743358 0.1724762 0.1803859 0.1734122 0.1742967 0.1776793 0.1746133 0.1828915 0.1756774 0.1771006 0.1750296 0.1746495 0.1735520 0.1765278 0.1740713 0.1747874 0.1733052 0.1779398 0.1764607 0.1757157 0.1747387 
pop1.indv14 0.0123657 0.0135623 0.0119541 0.0110106 0.0146868 0.0119404 0.0132972 0.0139805 0.0133308 0.0128327 0.0130724 0.0123600 0.0123572 0.0000000 0.0126367 0.0151460 0.0128710 0.0155837 0.0109628 0.0144755 0.0116399 0.0128209 0.0116959 0.0139677 0.0123770 0.1841341 0.1903814 0.1789688 0.1839620 0.1819550 0.1828549 0.1858156 0.1788898 0.1798277 0.1928645 0.1809706 0.1832918 0.1815813 0.1898271 0.1860380 0.1845810 0.1872730 0.1838550 0.1880050 0.1874353 0.1831308 0.1863160 0.1824664 0.1805021 0.1847479 0.1851946 0.1827247 0.1863184 0.1798578 0.1806321 0.1795170 0.1873382 0.1805159 0.1818498 0.1845213 0.1814397 0.1894447 0.1824512 0.1831755 0.1811709 0.1820517 0.1802518 0.1834607 0.1809037 0.1821114 0.1797714 0.1843545 0.1836198 0.1833426 0.1818763 
pop1.indv15 0.0128592 0.0107651 0.0131296 0.0108022 0.0128828 0.0131115 0.0091480 0.0121297 0.0129664 0.0110030 0.0123742 0.0130874 0.0110030 0.0126367 0.0000000 0.0153809 0.0119734 0.0137812 0.0105276 0.0145089 0.0126078 0.0125789 0.0096253 0.0125703 0.0133955 0.1801828 0.1864316 0.1741233 0.1797714 0.1774577 0.1797416 0.1821114 0.1749354 0.1754361 0.1903233 0.1766072 0.1785529 0.1770563 0.1858173 0.1815055 0.1807533 0.1828454 0.1796335 0.1851403 0.1826830 0.1779729 0.1828486 0.1784758 0.1756246 0.1803601 0.1812372 0.1795831 0.1826761 0.1769783 0.1776561 0.1760236 0.1840166 0.1772443 0.1778014 0.1813071 0.1782521 0.1870105 0.1792654 0.1799813 0.1786068 0.1782955 0.1767660 0.1801679 0.1776831 0.1781442 0.1764877 0.1816050 0.1801301 0.1793108 0.1783934 
pop1.indv16 0.0114155 0.0128004 0.0133278 0.0110486 0.0160791 0.0137780 0.0155944 0.0141886 0.0137875 0.0155837 0.0136994 0.0146364 0.0127945 0.0151460 0.0153809 0.0000000 0.0133125 0.0146767 0.0120937 0.0146197 0.0132305 0.0139326 0.0100103 0.0141530 0.0130874 0.1777513 0.1826383 0.1722476 0.1777706 0.1756979 0.1773166 0.1797497 0.1733333 0.1734538 0.1863624 0.1747071 0.1765675 0.1755327 0.1840785 0.1799815 0.1784301 0.1812000 0.1784097 0.1826932 0.1810431 0.1770406 0.1801046 0.1764493 0.1737252 0.1776568 0.1783566 0.1756014 0.1788268 0.1727981 0.1737927 0.1722276 0.1810794 0.1734847 0.1743117 0.1781119 0.1753385 0.1829039 0.1756308 0.1760518 0.1744862 0.1749928 0.1732970 0.1770687 0.1741395 0.1739672 0.1726699 0.1781548 0.1764613 0.1769252 0.1750821 
pop1.indv17 0.0110613 0.0101022 0.0119679 0.0117607 0.0133523 0.0110308 0.0124226 0.0131115 0.0105687 0.0107849 0.0128592 0.0126513 0.0091397 0.0128710 0.0119734 0.0133125 0.0000000 0.0142966 0.0110080 0.0119486 0.0110005 0.0142440 0.0105614 0.0133308 0.0110613 0.1811709 0.1860420 0.1757978 0.1808171 0.1773269 0.1802841 0.1824953 0.1758937 0.1764486 0.1894874 0.1769125 0.1789852 0.1778549 0.1871214 0.1822773 0.1812975 0.1841857 0.1806180 0.1856476 0.1840191 0.1788421 0.1832337 0.1794543 0.1759279 0.1812372 0.1819504 0.1798481 0.1831171 0.1772321 0.1784165 0.1759953 0.1846908 0.1776065 0.1785529 0.1820291 0.1785665 0.1865049 0.1799188 0.1798562 0.1786950 0.1788928 0.1774043 0.1809882 0.1783271 0.1788480 0.1772367 0.1822136 0.1804528 0.1804120 0.1786006 
pop1.indv18 0.0148873 0.0126251 0.0130904 0.0126396 0.0151878 0.0138066 0.0109603 0.0160939 0.0110257 0.0112166 0.0125588 0.0146969 0.0112397 0.0155837 0.0137812 0.0146767 0.0142966 0.0000000 0.0126049 0.0130544 0.0137213 0.0139421 0.0100514 0.0130664 0.0149455 0.1890050 0.1952052 0.1822428 0.1878958 0.1861489 0.1880463 0.1901581 0.1844704 0.1835287 0.1970151 0.1857514 0.1878386 0.1874268 0.1947175 0.1897529 0.1896636 0.1917283 0.1885538 0.1932635 0.1914840 0.1879946 0.1902476 0.1875968 0.1848597 0.1894419 0.1877671 0.1853099 0.1892417 0.1827998 0.1836179 0.1825176 0.1897032 0.1832991 0.1842462 0.1877435 0.1839620 0.1932003 0.1849157 0.1869428 0.1840761 0.1843538 0.1832464 0.1855310 0.1834650 0.1846913 0.1834029 0.1876720 0.1862145 0.1850845 0.1841275 
pop1.indv19 0.0100814 0.0114626 0.0103259 0.0080237 0.0105228 0.0100768 0.0119158 0.0118967 0.0077828 0.0082238 0.0107430 0.0121715 0.0098017 0.0109628 0.0105276 0.0120937 0.0110080 0.0126049 0.0000000 0.0128621 0.0118940 0.0114051 0.0102928 0.0118858 0.0110333 0.1784120 0.1849159 0.1738457 0.1789310 0.1765676 0.1782512 0.1799891 0.1753688 0.1748311 0.1877815 0.1756161 0.1786068 0.1768848 0.1854228 0.1802223 0.1801436 0.1825655 0.1794090 0.1834029 0.1822936 0.1787441 0.1810674 0.1778127 0.1743508 0.1795878 0.1800743 0.1784142 0.1816154 0.1751658 0.1754817 0.1749245 0.1826137 0.1762493 0.1760377 0.1794567 0.1767544 0.1850859 0.1778212 0.1780364 0.1769404 0.1774101 0.1756687 0.1787246 0.1761963 0.1763143 0.1743864 0.1799891 0.1785122 0.1779176 0.1771706 
pop1.indv20 0.0151669 0.0139965 0.0138129 0.0126396 0.0161384 0.0147682 0.0123459 0.0160606 0.0114784 0.0151425 0.0144456 0.0142473 0.0116399 0.0144755 0.0145089 0.0146197 0.0119486 0.0130544 0.0128621 0.0000000 0.0123093 0.0132486 0.0133033 0.0121214 0.0142375 0.1878288 0.1936182 0.1819047 0.1872811 0.1854208 0.1865365 0.1896032 0.1836370 0.1832514 0.1966325 0.1850827 0.1866017 0.1853618 0.1941084 0.1898768 0.1889982 0.1916811 0.1886171 0.1926549 0.1916115 0.1871555 0.1901407 0.1865930 0.1839062 0.1885538 0.1882227 0.1861577 0.1893643 0.1840217 0.1843508 0.1826243 0.1906234 0.1834629 0.1843010 0.1882620 0.1843538 0.1932141 0.1857591 0.1873995 0.1852528 0.1848600 0.1837440 0.1863184 0.1842444 0.1847474 0.1835121 0.1888085 0.1867278 0.1859873 0.1845213 
pop1.indv21 0.0128680 0.0137717 0.0112526 0.0119404 0.0146868 0.0116986 0.0116612 0.0123544 0.0119048 0.0116665 0.0137307 0.0123685 0.0093436 0.0116399 0.0126078 0.0132305 0.0110005 0.0137213 0.0118940 0.0123093 0.0000000 0.0111731 0.0105204 0.0109303 0.0128356 0.1789339 0.1839661 0.1733968 0.1783479 0.1764881 0.1780589 0.1802297 0.1738295 0.1742767 0.1868724 0.1752119 0.1769783 0.1764226 0.1844677 0.1801828 0.1793362 0.1811339 0.1789339 0.1827415 0.1818047 0.1775579 0.1805297 0.1758172 0.1742276 0.1791131 0.1821921 0.1797170 0.1829070 0.1768975 0.1780144 0.1762239 0.1845236 0.1771093 0.1781548 0.1819364 0.1784451 0.1867753 0.1794003 0.1806112 0.1785193 0.1784349 0.1773456 0.1804616 0.1782617 0.1784451 0.1771788 0.1820650 0.1803168 0.1801058 0.1785326 
pop1.indv22 0.0151148 0.0126020 0.0130934 0.0132911 0.0162734 0.0116452 0.0125732 0.0130038 0.0116932 0.0139613 0.0136869 0.0125560 0.0123346 0.0128209 0.0125789 0.0139326 0.0142440 0.0139421 0.0114051 0.0132486 0.0111731 0.0000000 0.0113869 0.0139326 0.0140319 0.1902388 0.1953076 0.1841907 0.1897032 0.1877767 0.1894495 0.1915167 0.1856367 0.1858026 0.1991912 0.1866998 0.1894145 0.1875922 0.1964298 0.1918452 0.1912307 0.1933676 0.1905762 0.1950858 0.1931772 0.1895643 0.1922193 0.1884907 0.1858124 0.1899998 0.1888839 0.1865478 0.1901407 0.1843026 0.1846908 0.1830755 0.1918567 0.1843018 0.1844137 0.1888216 0.1855898 0.1937066 0.1862054 0.1873340 0.1860924 0.1852535 0.1844143 0.1872690 0.1845806 0.1851403 0.1835163 0.1889104 0.1871176 0.1871670 0.1857056 
pop1.indv23 0.0119404 0.0119486 0.0122136 0.0117498 0.0119076 0.0096187 0.0112320 0.0111909 0.0107972 0.0098241 0.0137875 0.0112346 0.0096121 0.0116959 0.0096253 0.0100103 0.0105614 0.0100514 0.0102928 0.0133033 0.0105204 0.0113869 0.0000000 0.0107577 0.0119294 0.1835739 0.1890324 0.1775763 0.1825582 0.1800514 0.1825727 0.1840166 0.1778883 0.1787733 0.1918567 0.1800201 0.1832893 0.1809644 0.1891550 0.1845792 0.1841907 0.1862643 0.1837979 0.1876149 0.1871025 0.1824588 0.1863184 0.1820738 0.1802149 0.1840229 0.1843002 0.1818763 0.1857591 0.1790133 0.1797769 0.1791120 0.1862122 0.1798961 0.1800124 0.1847470 0.1815446 0.1896851 0.1817755 0.1827213 0.1813297 0.1812575 0.1794090 0.1825619 0.1798961 0.1808720 0.1795371 0.1845222 0.1827704 0.1820472 0.1814178 
pop1.indv24 0.0147071 0.0107651 0.0112397 0.0135717 0.0128385 0.0116959 0.0125847 0.0139901 0.0133554 0.0107380 0.0132245 0.0125933 0.0111909 0.0139677 0.0125703 0.0141530 0.0133308 0.0130664 0.0118858 0.0121214 0.0109303 0.0139326 0.0107577 0.0000000 0.0117228 0.1779525 0.1831334 0.1716761 0.1768721 0.1747470 0.1767518 0.1794629 0.1724912 0.1729894 0.1872045 0.1744672 0.1762767 0.1746392 0.1831834 0.1785930 0.1783034 0.1802518 0.1764753 0.1824114 0.1796583 0.1761987 0.1798198 0.1759363 0.1731533 0.1774222 0.1781761 0.1757449 0.1793099 0.1725546 0.1731637 0.1729656 0.1800743 0.1736216 0.1744507 0.1782088 0.1741062 0.1822855 0.1754436 0.1761963 0.1738112 0.1746985 0.1733301 0.1756308 0.1742782 0.1743320 0.1731864 0.1776946 0.1765543 0.1758650 0.1740718 
pop1.indv25 0.0133400 0.0101161 0.0119624 0.0115393 0.0117120 0.0105931 0.0121547 0.0151808 0.0122305 0.0124112 0.0133186 0.0121855 0.0086846 0.0123770 0.0133955 0.0130874 0.0110613 0.0149455 0.0110333 0.0142375 0.0128356 0.0140319 0.0119294 0.0117228 0.0000000 0.1812805 0.1876241 0.1770064 0.1820472 0.1786508 0.1815604 0.1835638 0.1769908 0.1775462 0.1913043 0.1779619 0.1809882 0.1804001 0.1880312 0.1844661 0.1826278 0.1853099 0.1818953 0.1869463 0.1859835 0.1808911 0.1843545 0.1805635 0.1781981 0.1832942 0.1830671 0.1817557 0.1850290 0.1784451 0.1786997 0.1779825 0.1862738 0.1794913 0.1792744 0.1831595 0.1803022 0.1884414 0.1810370 0.1814786 0.1805908 0.1800675 0.1786707 0.1816050 0.1787688 0.1795746 0.1780144 0.1832819 0.1818063 0.1811965 0.1801699 
pop2.indv1  0.1856435 0.1796875 0.1790672 0.1786068 0.1812430 0.1793374 0.1814614 0.1826348 0.1803313 0.1787539 0.1832438 0.1827382 0.1770970 0.1841341 0.1801828 0.1777513 0.1811709 0.1890050 0.1784120 0.1878288 0.1789339 0.1902388 0.1835739 0.1779525 0.1812805 0.0000000 0.0155054 0.0140870 0.0133955 0.0105784 0.0135530 0.0136534 0.0131508 0.0121352 0.0121855 0.0142999 0.0122503 0.0142867 0.0106200 0.0136218 0.0133339 0.0119761 0.0107626 0.0124570 0.0140675 0.0117174 0.0140935 0.0119596 0.0119624 0.0135374 0.1873869 0.1835058 0.1876767 0.1832918 0.1832719 0.1820606 0.1902428 0.1861533 0.1838519 0.1875896 0.1847472 0.1930171 0.1852542 0.1857070 0.1823327 0.1836179 0.1828486 0.1837371 0.1818953 0.1831702 0.1833402 0.1851978 0.1835036 0.1866706 0.1833330 
pop2.indv2  0.1902162 0.1853645 0.1849721 0.1848036 0.1869358 0.1860420 0.1871632 0.1878288 0.1863827 0.1840204 0.1896375 0.1880675 0.1834607 0.1903814 0.1864316 0.1826383 0.1860420 0.1952052 0.1849159 0.1936182 0.1839661 0.1953076 0.1890324 0.1831334 0.1876241 0.0155054 0.0000000 0.0129036 0.0136882 0.0152828 0.0150424 0.0139478 0.0166227 0.0156952 0.0124484 0.0131266 0.0122872 0.0136093 0.0125118 0.0159833 0.0152193 0.0140968 0.0131721 0.0134048 0.0152898 0.0126717 0.0172039 0.0157826 0.0125002 0.0128621 0.1914214 0.1877580 0.1921273 0.1876814 0.1877195 0.1864965 0.1938104 0.1900679 0.1876241 0.1927123 0.1891254 0.1970343 0.1893436 0.1892928 0.1870678 0.1876473 0.1872811 0.1877435 0.1862122 0.1874698 0.1882098 0.1894017 0.1872519 0.1907302 0.1877678 
pop2.indv3  0.1791304 0.1749403 0.1743843 0.1725401 0.1759990 0.1742629 0.1758794 0.1770033 0.1743508 0.1731016 0.1787539 0.1770846 0.1730311 0.1789688 0.1741233 0.1722476 0.1757978 0.1822428 0.1738457 0.1819047 0.1733968 0.1841907 0.1775763 0.1716761 0.1770064 0.0140870 0.0129036 0.0000000 0.0115446 0.0120232 0.0124369 0.0151264 0.0133616 0.0138225 0.0136218 0.0108271 0.0125263 0.0121883 0.0120010 0.0136155 0.0131296 0.0106102 0.0107824 0.0112785 0.0147955 0.0105711 0.0150494 0.0122503 0.0101418 0.0119651 0.1832337 0.1813624 0.1843531 0.1800514 0.1811728 0.1790936 0.1851991 0.1823881 0.1801604 0.1848036 0.1812518 0.1897597 0.1822136 0.1826030 0.1798642 0.1808527 0.1791661 0.1805428 0.1791028 0.1797386 0.1804120 0.1813736 0.1800048 0.1828821 0.1801699 
pop2.indv4  0.1845788 0.1795456 0.1794283 0.1777985 0.1817253 0.1789758 0.1818906 0.1823447 0.1794741 0.1776181 0.1841308 0.1823920 0.1776065 0.1839620 0.1797714 0.1777706 0.1808171 0.1878958 0.1789310 0.1872811 0.1783479 0.1897032 0.1825582 0.1768721 0.1820472 0.0133955 0.0136882 0.0115446 0.0000000 0.0120455 0.0150494 0.0130176 0.0133831 0.0119679 0.0141393 0.0139154 0.0149162 0.0131478 0.0136946 0.0148746 0.0143329 0.0132026 0.0133893 0.0125147 0.0136628 0.0106077 0.0146234 0.0131721 0.0115687 0.0133646 0.1870641 0.1838378 0.1881520 0.1828884 0.1832618 0.1824915 0.1891325 0.1857654 0.1835638 0.1891026 0.1848036 0.1930717 0.1852004 0.1849172 0.1831061 0.1832694 0.1828915 0.1832794 0.1826065 0.1836120 0.1837830 0.1857115 0.1835516 0.1867981 0.1836647 
pop2.indv5  0.1819504 0.1771788 0.1774994 0.1749294 0.1794543 0.1762748 0.1783375 0.1786904 0.1767544 0.1751503 0.1807882 0.1802223 0.1753081 0.1819550 0.1774577 0.1756979 0.1773269 0.1861489 0.1765676 0.1854208 0.1764881 0.1877767 0.1800514 0.1747470 0.1786508 0.0105784 0.0152828 0.0120232 0.0120455 0.0000000 0.0120121 0.0108596 0.0105857 0.0135936 0.0117688 0.0115180 0.0115794 0.0119844 0.0148263 0.0117770 0.0101138 0.0124656 0.0119651 0.0101511 0.0138704 0.0115154 0.0136376 0.0133986 0.0117661 0.0129185 0.1859306 0.1844067 0.1873506 0.1831171 0.1838346 0.1823842 0.1886672 0.1850294 0.1835100 0.1878888 0.1840101 0.1928785 0.1849735 0.1853140 0.1828853 0.1836120 0.1820561 0.1832260 0.1822178 0.1827670 0.1833330 0.1847471 0.1829881 0.1863384 0.1832131 
pop2.indv6  0.1839661 0.1796335 0.1796792 0.1776717 0.1810794 0.1784017 0.1814068 0.1817501 0.1798338 0.1778239 0.1834672 0.1826830 0.1773217 0.1828549 0.1797416 0.1773166 0.1802841 0.1880463 0.1782512 0.1865365 0.1780589 0.1894495 0.1825727 0.1767518 0.1815604 0.0135530 0.0150424 0.0124369 0.0150494 0.0120121 0.0000000 0.0131690 0.0124369 0.0133186 0.0149973 0.0133523 0.0143197 0.0152088 0.0133770 0.0135842 0.0135561 0.0126746 0.0126513 0.0124398 0.0124340 0.0135654 0.0152545 0.0124169 0.0131508 0.0156482 0.1854198 0.1825509 0.1861533 0.1813410 0.1813511 0.1810005 0.1877387 0.1841867 0.1827901 0.1862786 0.1827770 0.1912882 0.1837913 0.1837897 0.1810492 0.1820982 0.1798498 0.1821709 0.1814506 0.1815446 0.1822178 0.1833426 0.1816448 0.1851991 0.1821494 
pop2.indv7  0.1872280 0.1821114 0.1808784 0.1798015 0.1834585 0.1815998 0.1837371 0.1837962 0.1812575 0.1798338 0.1863209 0.1842977 0.1790487 0.1858156 0.1821114 0.1797497 0.1824953 0.1901581 0.1799891 0.1896032 0.1802297 0.1915167 0.1840166 0.1794629 0.1835638 0.0136534 0.0139478 0.0151264 0.0130176 0.0108596 0.0131690 0.0000000 0.0143362 0.0141066 0.0146064 0.0134017 0.0125351 0.0129364 0.0156030 0.0148435 0.0133831 0.0165195 0.0117688 0.0122843 0.0150843 0.0150598 0.0202823 0.0155703 0.0115821 0.0133955 0.1868927 0.1843494 0.1875804 0.1830586 0.1827502 0.1819872 0.1888414 0.1856517 0.1841837 0.1884655 0.1842361 0.1928320 0.1858810 0.1844633 0.1820382 0.1834972 0.1819964 0.1834497 0.1821026 0.1829911 0.1832183 0.1850868 0.1830414 0.1866254 0.1842343 
pop2.indv8  0.1810854 0.1759746 0.1752489 0.1744010 0.1766991 0.1751288 0.1769629 0.1772110 0.1765940 0.1735878 0.1804354 0.1773986 0.1749354 0.1788898 0.1749354 0.1733333 0.1758937 0.1844704 0.1753688 0.1836370 0.1738295 0.1856367 0.1778883 0.1724912 0.1769908 0.0131508 0.0166227 0.0133616 0.0133831 0.0105857 0.0124369 0.0143362 0.0000000 0.0140126 0.0145592 0.0150111 0.0136187 0.0126454 0.0134234 0.0136187 0.0123884 0.0130994 0.0131085 0.0133646 0.0126746 0.0093821 0.0140578 0.0121715 0.0122023 0.0128238 0.1826313 0.1800982 0.1830145 0.1791395 0.1791748 0.1776946 0.1846352 0.1813466 0.1792472 0.1837880 0.1807139 0.1883659 0.1809458 0.1812748 0.1786168 0.1795915 0.1778772 0.1788517 0.1783047 0.1788228 0.1786068 0.1801134 0.1786950 0.1822773 0.1788577 
pop2.indv9  0.1815320 0.1750032 0.1754211 0.1739672 0.1773575 0.1753537 0.1774634 0.1781442 0.1752860 0.1747430 0.1796128 0.1779525 0.1738637 0.1798277 0.1754361 0.1734538 0.1764486 0.1835287 0.1748311 0.1832514 0.1742767 0.1858026 0.1787733 0.1729894 0.1775462 0.0121352 0.0156952 0.0138225 0.0119679 0.0135936 0.0133186 0.0141066 0.0140126 0.0000000 0.0138320 0.0140448 0.0147716 0.0102952 0.0126746 0.0144922 0.0135312 0.0112346 0.0102764 0.0131175 0.0154304 0.0133308 0.0150007 0.0135842 0.0115260 0.0137685 0.1830232 0.1794370 0.1845241 0.1797497 0.1789024 0.1790226 0.1847476 0.1817950 0.1800278 0.1839018 0.1804405 0.1892708 0.1807271 0.1806659 0.1779084 0.1797088 0.1793725 0.1794090 0.1787002 0.1792744 0.1791661 0.1809520 0.1795915 0.1827836 0.1786950 
pop2.indv10 0.1936182 0.1888529 0.1890255 0.1871709 0.1903144 0.1879008 0.1910019 0.1916587 0.1883025 0.1873258 0.1930866 0.1921382 0.1868224 0.1928645 0.1903233 0.1863624 0.1894874 0.1970151 0.1877815 0.1966325 0.1868724 0.1991912 0.1918567 0.1872045 0.1913043 0.0121855 0.0124484 0.0136218 0.0141393 0.0117688 0.0149973 0.0146064 0.0145592 0.0138320 0.0000000 0.0140319 0.0143761 0.0161198 0.0141294 0.0136093 0.0161384 0.0138704 0.0131054 0.0117282 0.0173940 0.0128858 0.0161982 0.0161794 0.0124685 0.0128533 0.1965093 0.1936004 0.1972376 0.1932458 0.1930717 0.1914910 0.1985413 0.1952136 0.1933051 0.1978739 0.1942300 0.2025765 0.1947830 0.1945148 0.1923638 0.1938402 0.1923267 0.1934380 0.1915974 0.1922107 0.1931823 0.1950069 0.1932698 0.1965454 0.1931640 
pop2.indv11 0.1824076 0.1762767 0.1754436 0.1750296 0.1781015 0.1758122 0.1783152 0.1794349 0.1771788 0.1748152 0.1807533 0.1791933 0.1746948 0.1809706 0.1766072 0.1747071 0.1769125 0.1857514 0.1756161 0.1850827 0.1752119 0.1866998 0.1800201 0.1744672 0.1779619 0.0142999 0.0131266 0.0108271 0.0139154 0.0115180 0.0133523 0.0134017 0.0150111 0.0140448 0.0140319 0.0000000 0.0159907 0.0121603 0.0115446 0.0159427 0.0140222 0.0129007 0.0133033 0.0126892 0.0147818 0.0112371 0.0138512 0.0133308 0.0096452 0.0119404 0.1843560 0.1825509 0.1854218 0.1812862 0.1816344 0.1798881 0.1871176 0.1838504 0.1816205 0.1862786 0.1827770 0.1908868 0.1830615 0.1831144 0.1807687 0.1813680 0.1803457 0.1813354 0.1800047 0.1805359 0.1814343 0.1826137 0.1811965 0.1844086 0.1816448 
pop2.indv12 0.1840179 0.1777788 0.1791028 0.1768079 0.1814506 0.1783166 0.1809458 0.1812919 0.1790843 0.1766870 0.1826243 0.1820606 0.1768998 0.1832918 0.1785529 0.1765675 0.1789852 0.1878386 0.1786068 0.1866017 0.1769783 0.1894145 0.1832893 0.1762767 0.1809882 0.0122503 0.0122872 0.0125263 0.0149162 0.0115794 0.0143197 0.0125351 0.0136187 0.0147716 0.0143761 0.0159907 0.0000000 0.0136534 0.0141033 0.0160502 0.0143131 0.0134390 0.0127127 0.0139413 0.0145861 0.0115526 0.0179539 0.0148470 0.0122957 0.0126717 0.1846912 0.1809632 0.1857638 0.1816602 0.1802024 0.1798642 0.1863905 0.1837337 0.1815499 0.1858863 0.1824281 0.1909760 0.1826030 0.1822051 0.1805839 0.1809016 0.1806044 0.1804811 0.1795915 0.1809080 0.1814732 0.1832235 0.1811788 0.1844067 0.1809507 
pop2.indv13 0.1832438 0.1775995 0.1778127 0.1760236 0.1793187 0.1774695 0.1799738 0.1796045 0.1780691 0.1756455 0.1831361 0.1804143 0.1759079 0.1815813 0.1770563 0.1755327 0.1778549 0.1874268 0.1768848 0.1853618 0.1764226 0.1875922 0.1809644 0.1746392 0.1804001 0.0142867 0.0136093 0.0121883 0.0131478 0.0119844 0.0152088 0.0129364 0.0126454 0.0102952 0.0161198 0.0121603 0.0136534 0.0000000 0.0134048 0.0138640 0.0100354 0.0124112 0.0109803 0.0131266 0.0128740 0.0110030 0.0159833 0.0136030 0.0112837 0.0121325 0.1853636 0.1824953 0.1857591 0.1815108 0.1819176 0.1804475 0.1869463 0.1841308 0.1822896 0.1866194 0.1830586 0.1908280 0.1843538 0.1832844 0.1806592 0.1819872 0.1801285 0.1819504 0.1808974 0.1814894 0.1820517 0.1831755 0.1817607 0.1846908 0.1823206 
pop2.indv14 0.1913149 0.1869463 0.1860441 0.1842952 0.1872240 0.1856503 0.1879059 0.1882912 0.1863879 0.1846352 0.1903905 0.1886996 0.1840738 0.1898271 0.1858173 0.1840785 0.1871214 0.1947175 0.1854228 0.1941084 0.1844677 0.1964298 0.1891550 0.1831834 0.1880312 0.0106200 0.0125118 0.0120010 0.0136946 0.0148263 0.0133770 0.0156030 0.0134234 0.0126746 0.0141294 0.0115446 0.0141033 0.0134048 0.0000000 0.0143562 0.0124426 0.0112941 0.0136376 0.0110792 0.0134017 0.0124570 0.0151159 0.0131751 0.0096986 0.0105687 0.1918441 0.1899439 0.1932419 0.1887124 0.1887057 0.1876380 0.1943058 0.1905444 0.1889953 0.1930855 0.1895416 0.1993552 0.1908479 0.1904551 0.1876427 0.1888031 0.1883083 0.1887188 0.1876908 0.1890813 0.1886218 0.1907302 0.1883489 0.1916168 0.1892127 
pop2.indv15 0.1875052 0.1821709 0.1814452 0.1795371 0.1841319 0.1807139 0.1841308 0.1844682 0.1814894 0.1805635 0.1862054 0.1841308 0.1796168 0.1860380 0.1815055 0.1799815 0.1822773 0.1897529 0.1802223 0.1898768 0.1801828 0.1918452 0.1845792 0.1785930 0.1844661 0.0136218 0.0159833 0.0136155 0.0148746 0.0117770 0.0135842 0.0148435 0.0136187 0.0144922 0.0136093 0.0159427 0.0160502 0.0138640 0.0143562 0.0000000 0.0150459 0.0112993 0.0124169 0.0129694 0.0145423 0.0103401 0.0141294 0.0131873 0.0117688 0.0131296 0.1886996 0.1857685 0.1897353 0.1847474 0.1853747 0.1840714 0.1910632 0.1877435 0.1855358 0.1907005 0.1867915 0.1946678 0.1866164 0.1866767 0.1846341 0.1856559 0.1841857 0.1853115 0.1842969 0.1851436 0.1849735 0.1861051 0.1846900 0.1886736 0.1849174 
pop2.indv16 0.1861986 0.1808076 0.1806925 0.1792382 0.1829711 0.1796335 0.1826348 0.1835837 0.1814013 0.1793812 0.1858059 0.1833567 0.1791576 0.1845810 0.1807533 0.1784301 0.1812975 0.1896636 0.1801436 0.1889982 0.1793362 0.1912307 0.1841907 0.1783034 0.1826278 0.0133339 0.0152193 0.0131296 0.0143329 0.0101138 0.0135561 0.0133831 0.0123884 0.0135312 0.0161384 0.0140222 0.0143131 0.0100354 0.0124426 0.0150459 0.0000000 0.0145155 0.0139965 0.0117013 0.0149387 0.0123799 0.0157424 0.0147274 0.0107972 0.0147138 0.1878288 0.1842969 0.1882339 0.1837423 0.1841242 0.1826795 0.1900012 0.1866554 0.1837423 0.1887768 0.1856489 0.1933926 0.1858722 0.1858739 0.1835142 0.1841275 0.1829651 0.1841319 0.1820145 0.1840726 0.1839606 0.1850283 0.1833378 0.1868356 0.1838441 
pop2.indv17 0.1890255 0.1837406 0.1827315 0.1805428 0.1846358 0.1818906 0.1852520 0.1854738 0.1834542 0.1817353 0.1882855 0.1857576 0.1812862 0.1872730 0.1828454 0.1812000 0.1841857 0.1917283 0.1825655 0.1916811 0.1811339 0.1933676 0.1862643 0.1802518 0.1853099 0.0119761 0.0140968 0.0106102 0.0132026 0.0124656 0.0126746 0.0165195 0.0130994 0.0112346 0.0138704 0.0129007 0.0134390 0.0124112 0.0112941 0.0112993 0.0145155 0.0000000 0.0098692 0.0127127 0.0131629 0.0094231 0.0131508 0.0131447 0.0136660 0.0109778 0.1902832 0.1873014 0.1917262 0.1872280 0.1864585 0.1861009 0.1923170 0.1893287 0.1875096 0.1922476 0.1880418 0.1965649 0.1886030 0.1881520 0.1864993 0.1869064 0.1863776 0.1864965 0.1855358 0.1864477 0.1874123 0.1888861 0.1867948 0.1903870 0.1869675 
pop2.indv18 0.1854749 0.1800743 0.1788517 0.1784451 0.1817452 0.1791752 0.1825176 0.1831912 0.1798881 0.1779305 0.1843018 0.1822386 0.1777593 0.1838550 0.1796335 0.1784097 0.1806180 0.1885538 0.1794090 0.1886171 0.1789339 0.1905762 0.1837979 0.1764753 0.1818953 0.0107626 0.0131721 0.0107824 0.0133893 0.0119651 0.0126513 0.0117688 0.0131085 0.0102764 0.0131054 0.0133033 0.0127127 0.0109803 0.0136376 0.0124169 0.0139965 0.0098692 0.0000000 0.0112993 0.0140513 0.0114968 0.0117770 0.0124426 0.0138384 0.0126135 0.1848597 0.1816499 0.1856476 0.1818403 0.1806737 0.1803859 0.1865535 0.1839620 0.1818403 0.1857685 0.1825509 0.1907204 0.1831729 0.1827770 0.1800982 0.1818161 0.1807882 0.1815002 0.1801679 0.1806457 0.1813184 0.1831171 0.1817557 0.1845777 0.1812460 
pop2.indv19 0.1909537 0.1855898 0.1846913 0.1831171 0.1869358 0.1841857 0.1876149 0.1872690 0.1849163 0.1841887 0.1893569 0.1872201 0.1835163 0.1880050 0.1851403 0.1826932 0.1856476 0.1932635 0.1834029 0.1926549 0.1827415 0.1950858 0.1876149 0.1824114 0.1869463 0.0124570 0.0134048 0.0112785 0.0125147 0.0101511 0.0124398 0.0122843 0.0133646 0.0131175 0.0117282 0.0126892 0.0139413 0.0131266 0.0110792 0.0129694 0.0117013 0.0127127 0.0112993 0.0000000 0.0157534 0.0098783 0.0155234 0.0128858 0.0080495 0.0124312 0.1915387 0.1886736 0.1923046 0.1873423 0.1874339 0.1870069 0.1938702 0.1907010 0.1884752 0.1928320 0.1888996 0.1975659 0.1902607 0.1895843 0.1870105 0.1885055 0.1866046 0.1881987 0.1863258 0.1876427 0.1882677 0.1893436 0.1877099 0.1912505 0.1882267 
pop2.indv20 0.1877197 0.1834629 0.1832388 0.1817804 0.1840785 0.1824550 0.1854749 0.1858075 0.1831782 0.1815761 0.1879377 0.1862595 0.1814068 0.1874353 0.1826830 0.1810431 0.1840191 0.1914840 0.1822936 0.1916115 0.1818047 0.1931772 0.1871025 0.1796583 0.1859835 0.0140675 0.0152898 0.0147955 0.0136628 0.0138704 0.0124340 0.0150843 0.0126746 0.0154304 0.0173940 0.0147818 0.0145861 0.0128740 0.0134017 0.0145423 0.0149387 0.0131629 0.0140513 0.0157534 0.0000000 0.0138288 0.0165234 0.0152475 0.0134110 0.0131175 0.1900422 0.1871251 0.1907985 0.1869393 0.1858845 0.1855911 0.1925288 0.1892056 0.1873340 0.1912505 0.1874080 0.1972382 0.1889884 0.1883140 0.1851978 0.1862762 0.1855322 0.1865478 0.1856462 0.1862738 0.1864423 0.1886483 0.1870178 0.1898017 0.1870178 
pop2.indv21 0.1845241 0.1783047 0.1786268 0.1770597 0.1812430 0.1781764 0.1811280 0.1811942 0.1794999 0.1765543 0.1840229 0.1819596 0.1770439 0.1831308 0.1779729 0.1770406 0.1788421 0.1879946 0.1787441 0.1871555 0.1775579 0.1895643 0.1824588 0.1761987 0.1808911 0.0117174 0.0126717 0.0105711 0.0106077 0.0115154 0.0135654 0.0150598 0.0093821 0.0133308 0.0128858 0.0112371 0.0115526 0.0110030 0.0124570 0.0103401 0.0123799 0.0094231 0.0114968 0.0098783 0.0138288 0.0000000 0.0122333 0.0131085 0.0101208 0.0093886 0.1863750 0.1835058 0.1871138 0.1818403 0.1826482 0.1810553 0.1887060 0.1854782 0.1829562 0.1880472 0.1844086 0.1922700 0.1840153 0.1839579 0.1820517 0.1829970 0.1815657 0.1823367 0.1819504 0.1828327 0.1827213 0.1835100 0.1817557 0.1863879 0.1826552 
pop2.indv22 0.1865422 0.1820145 0.1823447 0.1801058 0.1836313 0.1808364 0.1833520 0.1851940 0.1818906 0.1809644 0.1863135 0.1854760 0.1806247 0.1863160 0.1828486 0.1801046 0.1832337 0.1902476 0.1810674 0.1901407 0.1805297 0.1922193 0.1863184 0.1798198 0.1843545 0.0140935 0.0172039 0.0150494 0.0146234 0.0136376 0.0152545 0.0202823 0.0140578 0.0150007 0.0161982 0.0138512 0.0179539 0.0159833 0.0151159 0.0141294 0.0157424 0.0131508 0.0117770 0.0155234 0.0165234 0.0122333 0.0000000 0.0166805 0.0122616 0.0164506 0.1896533 0.1867309 0.1914910 0.1865478 0.1863434 0.1854793 0.1925415 0.1880207 0.1864910 0.1913796 0.1878109 0.1959747 0.1876334 0.1879788 0.1859324 0.1870178 0.1858140 0.1863258 0.1856476 0.1865592 0.1857085 0.1874611 0.1850873 0.1897515 0.1855418 
pop2.indv23 0.1849713 0.1788613 0.1783047 0.1771788 0.1801436 0.1772443 0.1800819 0.1805365 0.1797795 0.1777706 0.1837457 0.1802444 0.1765543 0.1824664 0.1784758 0.1764493 0.1794543 0.1875968 0.1778127 0.1865930 0.1758172 0.1884907 0.1820738 0.1759363 0.1805635 0.0119596 0.0157826 0.0122503 0.0131721 0.0133986 0.0124169 0.0155703 0.0121715 0.0135842 0.0161794 0.0133308 0.0148470 0.0136030 0.0131751 0.0131873 0.0147274 0.0131447 0.0124426 0.0128858 0.0152475 0.0131085 0.0166805 0.0000000 0.0103687 0.0135811 0.1885147 0.1857085 0.1892635 0.1846915 0.1852017 0.1836256 0.1907010 0.1872811 0.1850841 0.1898182 0.1862738 0.1941099 0.1864965 0.1869533 0.1841847 0.1851430 0.1840204 0.1851408 0.1841867 0.1843523 0.1845218 0.1860441 0.1846339 0.1878635 0.1847470 
pop2.indv24 0.1811650 0.1753983 0.1751719 0.1744749 0.1766339 0.1751564 0.1773924 0.1788517 0.1759135 0.1742629 0.1794003 0.1788865 0.1737583 0.1805021 0.1756246 0.1737252 0.1759279 0.1848597 0.1743508 0.1839062 0.1742276 0.1858124 0.1802149 0.1731533 0.1781981 0.0119624 0.0125002 0.0101418 0.0115687 0.0117661 0.0131508 0.0115821 0.0122023 0.0115260 0.0124685 0.0096452 0.0122957 0.0112837 0.0096986 0.0117688 0.0107972 0.0136660 0.0138384 0.0080495 0.0134110 0.0101208 0.0122616 0.0103687 0.0000000 0.0096165 0.1842408 0.1810124 0.1853124 0.1804263 0.1805353 0.1793563 0.1874166 0.1830000 0.1806524 0.1858881 0.1819734 0.1901790 0.1820382 0.1822566 0.1802399 0.1808398 0.1808235 0.1812575 0.1795285 0.1807357 0.1805701 0.1827145 0.1803279 0.1838958 0.1800442 
pop2.indv25 0.1849710 0.1807468 0.1805771 0.1794003 0.1816955 0.1800743 0.1824114 0.1830838 0.1808428 0.1786030 0.1848593 0.1831886 0.1786565 0.1847479 0.1803601 0.1776568 0.1812372 0.1894419 0.1795878 0.1885538 0.1791131 0.1899998 0.1840229 0.1774222 0.1832942 0.0135374 0.0128621 0.0119651 0.0133646 0.0129185 0.0156482 0.0133955 0.0128238 0.0137685 0.0128533 0.0119404 0.0126717 0.0121325 0.0105687 0.0131296 0.0147138 0.0109778 0.0126135 0.0124312 0.0131175 0.0093886 0.0164506 0.0135811 0.0096165 0.0000000 0.1908273 0.1874611 0.1922090 0.1866554 0.1874209 0.1862076 0.1927990 0.1894798 0.1868791 0.1924482 0.1885390 0.1972177 0.1889816 0.1889884 0.1864369 0.1870678 0.1873827 0.1873911 0.1855322 0.1876287 0.1872319 0.1893792 0.1870142 0.1900766 0.1867309 
pop3.indv1  0.1835758 0.1819047 0.1827901 0.1807752 0.1856983 0.1815604 0.1844682 0.1863674 0.1821157 0.1788076 0.1837457 0.1845241 0.1779839 0.1851946 0.1812372 0.1783566 0.1819504 0.1877671 0.1800743 0.1882227 0.1821921 0.1888839 0.1843002 0.1781761 0.1830671 0.1873869 0.1914214 0.1832337 0.1870641 0.1859306 0.1854198 0.1868927 0.1826313 0.1830232 0.1965093 0.1843560 0.1846912 0.1853636 0.1918441 0.1886996 0.1878288 0.1902832 0.1848597 0.1915387 0.1900422 0.1863750 0.1896533 0.1885147 0.1842408 0.1908273 0.0000000 0.0155776 0.0133955 0.0162320 0.0144667 0.0162357 0.0165234 0.0159353 0.0176322 0.0161027 0.0155776 0.0186778 0.0148401 0.0136407 0.0137073 0.0136882 0.0145693 0.0174061 0.0163823 0.0160652 0.0156139 0.0160502 0.0158711 0.0162584 0.0169970 
pop3.indv2  0.1819364 0.1802000 0.1806389 0.1780465 0.1837897 0.1794021 0.1824953 0.1847474 0.1804599 0.1762610 0.1825028 0.1819918 0.1759810 0.1827247 0.1795831 0.1756014 0.1798481 0.1853099 0.1784142 0.1861577 0.1797170 0.1865478 0.1818763 0.1757449 0.1817557 0.1835058 0.1877580 0.1813624 0.1838378 0.1844067 0.1825509 0.1843494 0.1800982 0.1794370 0.1936004 0.1825509 0.1809632 0.1824953 0.1899439 0.1857685 0.1842969 0.1873014 0.1816499 0.1886736 0.1871251 0.1835058 0.1867309 0.1857085 0.1810124 0.1874611 0.0155776 0.0000000 0.0120539 0.0155667 0.0140261 0.0120819 0.0154293 0.0127392 0.0137232 0.0151901 0.0123329 0.0173695 0.0101958 0.0135141 0.0123100 0.0114152 0.0137424 0.0134639 0.0113622 0.0130632 0.0125818 0.0142250 0.0147501 0.0123387 0.0126024 
