75
pop1.indv1  0.0000000 0.0160541 0.0160173 0.0171111 0.0205638 0.0148151 0.0171896 0.0161280 0.0126678 0.0079629 0.0161840 0.0160910 0.0125522 0.0171307 0.0170722 0.0149171 0.0159807 0.0114046 0.0126242 0.0115097 0.0149171 0.0125093 0.0148829 0.0160910 0.0148151 0.1790345 0.1617398 0.1640803 0.1632272 0.1757787 0.1588148 0.1787696 0.1626641 0.1571991 0.1660076 0.1556163 0.1609568 0.1716082 0.1569710 0.1649273 0.1768686 0.1543160 0.1735135 0.1731971 0.1731971 0.1542848 0.1674576 0.1687851 0.1686856 0.1726213 0.1918825 0.1956738 0.1661285 0.1970664 0.1752562 0.2032358 0.1830277 0.1827872 0.1992882 0.1803836 0.1881204 0.1950846 0.1841469 0.1887375 0.1798446 0.1798446 0.1919944 0.1822664 0.2000416 0.1953788 0.1846965 0.1806446 0.1928580 0.1908549 0.1959012 
pop1.indv10 0.0160541 0.0000000 0.0160173 0.0125522 0.0148489 0.0136688 0.0126242 0.0114700 0.0080638 0.0126824 0.0138103 0.0137786 0.0126097 0.0102360 0.0113271 0.0114438 0.0090840 0.0103063 0.0079993 0.0173286 0.0149514 0.0125809 0.0091255 0.0103300 0.0126097 0.1691819 0.1536400 0.1545174 0.1551884 0.1677318 0.1511741 0.1689334 0.1531927 0.1492084 0.1578875 0.1461864 0.1516475 0.1618948 0.1492084 0.1553928 0.1685846 0.1449213 0.1654057 0.1634652 0.1634652 0.1449439 0.1596299 0.1591685 0.1607952 0.1628440 0.1781941 0.1803706 0.1514293 0.1817139 0.1603949 0.1874432 0.1697085 0.1677018 0.1852495 0.1651662 0.1730086 0.1795665 0.1689334 0.1737073 0.1666139 0.1650383 0.1782423 0.1664966 0.1841469 0.1795665 0.1710249 0.1650383 0.1774271 0.1756078 0.1809172 
pop1.indv11 0.0160173 0.0160173 0.0000000 0.0137000 0.0160910 0.0160725 0.0150379 0.0126678 0.0126242 0.0126532 0.0137786 0.0161095 0.0137945 0.0172291 0.0137156 0.0138103 0.0196360 0.0186006 0.0114832 0.0197272 0.0161653 0.0185145 0.0173086 0.0149686 0.0138103 0.1675934 0.1520753 0.1529721 0.1536358 0.1661307 0.1496071 0.1673475 0.1516618 0.1476634 0.1563200 0.1446606 0.1501048 0.1603270 0.1476634 0.1538522 0.1669885 0.1433645 0.1638425 0.1618948 0.1618948 0.1434321 0.1580721 0.1576156 0.1592250 0.1612661 0.1784617 0.1822664 0.1534139 0.1835811 0.1622164 0.1893684 0.1717594 0.1695251 0.1874432 0.1672142 0.1748396 0.1817226 0.1707731 0.1755628 0.1684386 0.1668577 0.1785056 0.1685846 0.1863231 0.1817226 0.1712775 0.1671022 0.1793001 0.1774572 0.1827743 
pop1.indv12 0.0171111 0.0125522 0.0137000 0.0000000 0.0149000 0.0148320 0.0208497 0.0195457 0.0151254 0.0149171 0.0137156 0.0137000 0.0114046 0.0114569 0.0159990 0.0161280 0.0172687 0.0173486 0.0162215 0.0161840 0.0138103 0.0171699 0.0091047 0.0137945 0.0159990 0.1625172 0.1472384 0.1481849 0.1488194 0.1607952 0.1445809 0.1622820 0.1469322 0.1429334 0.1514293 0.1400200 0.1449439 0.1553928 0.1412138 0.1490702 0.1618948 0.1382471 0.1588856 0.1569358 0.1569358 0.1386526 0.1514456 0.1510150 0.1542950 0.1562907 0.1710249 0.1731971 0.1449439 0.1748898 0.1536358 0.1803772 0.1614265 0.1626641 0.1763829 0.1601949 0.1663646 0.1724374 0.1622820 0.1682953 0.1582537 0.1582537 0.1730086 0.1600939 0.1771970 0.1726899 0.1658869 0.1602604 0.1706070 0.1704441 0.1738836 
pop1.indv13 0.0205638 0.0148489 0.0160910 0.0149000 0.0000000 0.0171307 0.0171699 0.0125522 0.0115763 0.0184504 0.0196815 0.0183868 0.0160357 0.0113143 0.0192797 0.0125665 0.0159625 0.0149342 0.0091464 0.0208739 0.0173086 0.0159443 0.0125522 0.0148829 0.0148829 0.1690310 0.1520858 0.1545051 0.1536317 0.1660076 0.1494243 0.1687851 0.1531927 0.1477147 0.1562907 0.1462507 0.1516618 0.1618134 0.1492454 0.1553725 0.1668577 0.1449988 0.1637435 0.1633691 0.1633691 0.1450190 0.1595700 0.1591131 0.1589388 0.1627532 0.1779538 0.1801105 0.1514456 0.1814454 0.1603270 0.1871133 0.1695560 0.1693719 0.1849419 0.1668431 0.1728237 0.1793152 0.1687851 0.1753510 0.1664881 0.1649273 0.1798553 0.1663709 0.1838517 0.1793152 0.1726899 0.1667294 0.1771970 0.1772287 0.1806574 
pop1.indv14 0.0148151 0.0136688 0.0160725 0.0148320 0.0171307 0.0000000 0.0125953 0.0067759 0.0080176 0.0068066 0.0138582 0.0149000 0.0125953 0.0114046 0.0136377 0.0103181 0.0114046 0.0102828 0.0079993 0.0126387 0.0137156 0.0079358 0.0114438 0.0079810 0.0102476 0.1650383 0.1498579 0.1505628 0.1514293 0.1635632 0.1487369 0.1647977 0.1492816 0.1454915 0.1540816 0.1423253 0.1472934 0.1578435 0.1435468 0.1514456 0.1646660 0.1405819 0.1615802 0.1593988 0.1593988 0.1409263 0.1538522 0.1534119 0.1585312 0.1587618 0.1717849 0.1739635 0.1472934 0.1774869 0.1558654 0.1830728 0.1656521 0.1636055 0.1809129 0.1611158 0.1686395 0.1766428 0.1645579 0.1690310 0.1604918 0.1604918 0.1719347 0.1639434 0.1814497 0.1769034 0.1647977 0.1625172 0.1731971 0.1696175 0.1746371 
pop1.indv15 0.0171896 0.0126242 0.0150379 0.0208497 0.0171699 0.0125953 0.0000000 0.0126678 0.0092628 0.0173486 0.0198192 0.0150379 0.0160725 0.0149171 0.0159807 0.0150205 0.0159990 0.0161280 0.0138422 0.0139549 0.0114832 0.0103181 0.0207296 0.0080452 0.0114307 0.1819941 0.1663773 0.1668577 0.1678401 0.1789991 0.1636631 0.1817226 0.1654057 0.1617398 0.1706886 0.1583013 0.1618948 0.1744783 0.1578875 0.1677018 0.1817270 0.1552266 0.1782423 0.1760828 0.1760828 0.1567106 0.1684386 0.1697732 0.1752562 0.1755171 0.1953171 0.1974632 0.1673475 0.2004878 0.1768332 0.2068031 0.1840995 0.1860452 0.2005037 0.1833286 0.1914229 0.1965644 0.1874432 0.1904399 0.1811820 0.1814519 0.1970309 0.1850038 0.2032358 0.1985292 0.1896541 0.1833462 0.1962666 0.1942075 0.1976543 
pop1.indv16 0.0161280 0.0114700 0.0126678 0.0195457 0.0125522 0.0067759 0.0126678 0.0000000 0.0046225 0.0068299 0.0127412 0.0114832 0.0091464 0.0102710 0.0090944 0.0114569 0.0114046 0.0103300 0.0080176 0.0139064 0.0150379 0.0068221 0.0079993 0.0114569 0.0114964 0.1752562 0.1597531 0.1603270 0.1612661 0.1741062 0.1588688 0.1749961 0.1589388 0.1552073 0.1640463 0.1518663 0.1571991 0.1678401 0.1549809 0.1611902 0.1749455 0.1504876 0.1716082 0.1694311 0.1694311 0.1503477 0.1655215 0.1632272 0.1685846 0.1688342 0.1844750 0.1866465 0.1571991 0.1878977 0.1663773 0.1938337 0.1756521 0.1737073 0.1915922 0.1711061 0.1790517 0.1858058 0.1749961 0.1798337 0.1726213 0.1710249 0.1844213 0.1728088 0.1904399 0.1858058 0.1771321 0.1712775 0.1836204 0.1817182 0.1870654 
pop1.indv17 0.0126678 0.0080638 0.0126242 0.0151254 0.0115763 0.0080176 0.0092628 0.0046225 0.0000000 0.0092414 0.0069405 0.0162970 0.0116572 0.0034453 0.0045645 0.0046225 0.0091989 0.0091989 0.0069085 0.0140201 0.0116301 0.0069485 0.0092628 0.0057609 0.0138582 0.1689856 0.1516029 0.1540900 0.1531927 0.1656329 0.1486513 0.1687334 0.1527480 0.1471252 0.1559167 0.1456302 0.1509531 0.1615823 0.1469097 0.1549809 0.1667553 0.1441190 0.1635632 0.1631780 0.1631780 0.1443729 0.1574682 0.1588148 0.1586336 0.1625451 0.1798000 0.1836609 0.1543160 0.1852495 0.1632747 0.1911791 0.1713568 0.1709423 0.1872616 0.1685846 0.1763440 0.1831041 0.1722225 0.1768332 0.1679811 0.1679811 0.1800929 0.1700024 0.1880650 0.1833821 0.1727400 0.1684818 0.1809085 0.1790169 0.1841469 
pop1.indv18 0.0079629 0.0126824 0.0126532 0.0149171 0.0184504 0.0068066 0.0173486 0.0068299 0.0092414 0.0000000 0.0127264 0.0149514 0.0114438 0.0149686 0.0067989 0.0126242 0.0102828 0.0091359 0.0068533 0.0091989 0.0138742 0.0068143 0.0126242 0.0114832 0.0125236 0.1771321 0.1613434 0.1621311 0.1628440 0.1757343 0.1588688 0.1768686 0.1607239 0.1567773 0.1656395 0.1536358 0.1592250 0.1696811 0.1567773 0.1629898 0.1765684 0.1525138 0.1731971 0.1712775 0.1712775 0.1523141 0.1673475 0.1668577 0.1685846 0.1706886 0.1922656 0.1960930 0.1662517 0.1971965 0.1754706 0.2034207 0.1849117 0.1828002 0.2014251 0.1803772 0.1881768 0.1954967 0.1841712 0.1890835 0.1817226 0.1801018 0.1920833 0.1822753 0.2001984 0.1954967 0.1847254 0.1806402 0.1929545 0.1909340 0.1963136 
pop1.indv19 0.0161840 0.0138103 0.0137786 0.0137156 0.0196815 0.0138582 0.0198192 0.0127412 0.0069405 0.0127264 0.0000000 0.0162781 0.0198423 0.0139064 0.0114307 0.0162781 0.0126971 0.0115763 0.0115629 0.0162781 0.0115763 0.0197731 0.0115097 0.0115229 0.0151254 0.1744236 0.1570434 0.1594576 0.1585819 0.1713721 0.1543268 0.1741638 0.1580721 0.1525203 0.1613434 0.1509742 0.1565483 0.1669885 0.1540900 0.1603270 0.1722225 0.1497940 0.1689334 0.1685846 0.1685846 0.1496738 0.1646660 0.1641836 0.1640463 0.1679811 0.1836609 0.1874950 0.1581183 0.1887375 0.1671217 0.1947210 0.1766790 0.1760828 0.1927587 0.1737073 0.1798446 0.1869285 0.1757787 0.1822664 0.1733891 0.1717849 0.1852495 0.1735849 0.1915922 0.1869285 0.1779274 0.1736466 0.1844479 0.1841469 0.1878977 
pop1.indv2  0.0160910 0.0137786 0.0161095 0.0137000 0.0183868 0.0149000 0.0150379 0.0114832 0.0162970 0.0149514 0.0162781 0.0000000 0.0184292 0.0161840 0.0091151 0.0138263 0.0149171 0.0091047 0.0138742 0.0161466 0.0151254 0.0136843 0.0161466 0.0115495 0.0161280 0.1655215 0.1502941 0.1509948 0.1518663 0.1642889 0.1493886 0.1652795 0.1497062 0.1459105 0.1545299 0.1427301 0.1481384 0.1583013 0.1457007 0.1518786 0.1651513 0.1413984 0.1620474 0.1598616 0.1598616 0.1415225 0.1560652 0.1556163 0.1589930 0.1592250 0.1781941 0.1803706 0.1514293 0.1817139 0.1603949 0.1874432 0.1697085 0.1677018 0.1852495 0.1651662 0.1730086 0.1795665 0.1689334 0.1737073 0.1666139 0.1650383 0.1782423 0.1667422 0.1841469 0.1795665 0.1710249 0.1652795 0.1774271 0.1756078 0.1809172 
pop1.indv20 0.0125522 0.0126097 0.0137945 0.0114046 0.0160357 0.0125953 0.0160725 0.0091464 0.0116572 0.0114438 0.0198423 0.0184292 0.0000000 0.0160725 0.0149000 0.0114569 0.0114307 0.0126387 0.0150728 0.0199354 0.0162027 0.0183446 0.0114832 0.0103657 0.0091464 0.1696811 0.1540900 0.1549641 0.1556391 0.1682311 0.1516181 0.1694311 0.1536317 0.1496408 0.1583498 0.1466054 0.1520858 0.1623680 0.1496408 0.1558404 0.1690846 0.1453454 0.1658869 0.1639434 0.1639434 0.1453557 0.1600939 0.1596299 0.1612661 0.1633228 0.1844750 0.1866465 0.1571991 0.1878977 0.1663773 0.1938337 0.1756521 0.1753040 0.1915922 0.1726899 0.1790517 0.1858058 0.1749961 0.1814519 0.1726213 0.1710249 0.1860452 0.1728088 0.1904399 0.1858058 0.1787500 0.1728765 0.1836204 0.1833286 0.1870654 
pop1.indv21 0.0171307 0.0102360 0.0172291 0.0114569 0.0113143 0.0114046 0.0149171 0.0102710 0.0034453 0.0149686 0.0139064 0.0161840 0.0160725 0.0000000 0.0089821 0.0067989 0.0125236 0.0091047 0.0091673 0.0104499 0.0126971 0.0126097 0.0114046 0.0068376 0.0103063 0.1684386 0.1529700 0.1538522 0.1545174 0.1669885 0.1505131 0.1681922 0.1525389 0.1485645 0.1571991 0.1455625 0.1509948 0.1611902 0.1485645 0.1547261 0.1678401 0.1442899 0.1646892 0.1627532 0.1627532 0.1443306 0.1589388 0.1584814 0.1600939 0.1621311 0.1811820 0.1833462 0.1542950 0.1846401 0.1633228 0.1904399 0.1725750 0.1706070 0.1882340 0.1680515 0.1759077 0.1825285 0.1718604 0.1766428 0.1695251 0.1679466 0.1811820 0.1694311 0.1871133 0.1825285 0.1739635 0.1679466 0.1803772 0.1785270 0.1838303 
pop1.indv22 0.0170722 0.0113271 0.0137156 0.0159990 0.0192797 0.0136377 0.0159807 0.0090944 0.0045645 0.0067989 0.0114307 0.0091151 0.0149000 0.0089821 0.0000000 0.0079358 0.0079089 0.0079178 0.0090944 0.0079901 0.0125522 0.0147982 0.0090532 0.0101666 0.0125379 0.1742763 0.1587618 0.1595700 0.1602604 0.1728765 0.1563200 0.1740213 0.1582071 0.1542950 0.1629898 0.1512300 0.1567106 0.1669715 0.1542950 0.1604241 0.1737073 0.1500757 0.1704441 0.1685398 0.1685398 0.1499494 0.1646892 0.1642150 0.1658869 0.1679466 0.1814519 0.1852165 0.1564859 0.1864721 0.1652795 0.1922814 0.1746884 0.1740781 0.1903645 0.1717594 0.1777729 0.1846681 0.1737670 0.1801191 0.1714349 0.1698638 0.1830425 0.1716082 0.1892358 0.1846681 0.1758654 0.1716844 0.1822489 0.1819746 0.1856588 
pop1.indv23 0.0149171 0.0114438 0.0138103 0.0161280 0.0125665 0.0103181 0.0150205 0.0114569 0.0046225 0.0126242 0.0162781 0.0138263 0.0114569 0.0067989 0.0079358 0.0000000 0.0091359 0.0068611 0.0080176 0.0115362 0.0092414 0.0126532 0.0126678 0.0091673 0.0103300 0.1649083 0.1493886 0.1503212 0.1509742 0.1634202 0.1469097 0.1646660 0.1490320 0.1449988 0.1536400 0.1420211 0.1474506 0.1576574 0.1449988 0.1512117 0.1642889 0.1406677 0.1611902 0.1592250 0.1592250 0.1408136 0.1554134 0.1549641 0.1565483 0.1585819 0.1757343 0.1795533 0.1507559 0.1809151 0.1595175 0.1866465 0.1691271 0.1668577 0.1847254 0.1645579 0.1721857 0.1790169 0.1680875 0.1728765 0.1657642 0.1641836 0.1758224 0.1661307 0.1836204 0.1790169 0.1685846 0.1646660 0.1766059 0.1747886 0.1801191 
pop1.indv24 0.0159807 0.0090840 0.0196360 0.0172687 0.0159625 0.0114046 0.0159990 0.0114046 0.0091989 0.0102828 0.0126971 0.0149171 0.0114307 0.0125236 0.0079089 0.0091359 0.0000000 0.0079719 0.0102710 0.0056695 0.0138103 0.0148320 0.0148659 0.0090532 0.0172489 0.1589388 0.1422244 0.1447389 0.1438393 0.1556391 0.1393748 0.1587098 0.1435209 0.1379927 0.1463956 0.1366378 0.1417223 0.1518786 0.1377974 0.1456322 0.1567436 0.1350054 0.1538461 0.1534119 0.1534119 0.1354975 0.1479747 0.1492816 0.1490320 0.1527521 0.1728765 0.1713568 0.1432294 0.1767147 0.1536358 0.1822576 0.1631821 0.1628984 0.1782423 0.1569013 0.1663646 0.1724374 0.1622820 0.1667294 0.1582537 0.1582537 0.1714349 0.1600939 0.1771970 0.1726899 0.1643187 0.1587098 0.1724374 0.1670834 0.1720798 
pop1.indv25 0.0114046 0.0103063 0.0186006 0.0173486 0.0149342 0.0102828 0.0161280 0.0103300 0.0091989 0.0091359 0.0115763 0.0091047 0.0126387 0.0091047 0.0079178 0.0068611 0.0079719 0.0000000 0.0091568 0.0150379 0.0092201 0.0125809 0.0068376 0.0103419 0.0137945 0.1776615 0.1618219 0.1626056 0.1633228 0.1762642 0.1593412 0.1773964 0.1611902 0.1572372 0.1661307 0.1540816 0.1594576 0.1701833 0.1572372 0.1634652 0.1770989 0.1527395 0.1737073 0.1717849 0.1717849 0.1525328 0.1678401 0.1655215 0.1690846 0.1711968 0.1869764 0.1891490 0.1594576 0.1903645 0.1687334 0.1963925 0.1780054 0.1760828 0.1941286 0.1734518 0.1814497 0.1882922 0.1773964 0.1822664 0.1749961 0.1733891 0.1868815 0.1752077 0.1929545 0.1882922 0.1795533 0.1736466 0.1860852 0.1841469 0.1895167 
pop1.indv3  0.0126242 0.0079993 0.0114832 0.0162215 0.0091464 0.0079993 0.0138422 0.0080176 0.0069085 0.0068533 0.0115629 0.0138742 0.0150728 0.0091673 0.0090944 0.0080176 0.0102710 0.0091568 0.0000000 0.0150903 0.0115362 0.0103181 0.0103419 0.0103896 0.0069165 0.1633228 0.1478266 0.1487785 0.1494243 0.1615823 0.1451331 0.1630830 0.1475037 0.1434565 0.1520753 0.1404979 0.1457007 0.1560923 0.1417122 0.1496738 0.1626957 0.1389110 0.1596299 0.1576574 0.1576574 0.1393044 0.1520858 0.1534139 0.1549809 0.1570069 0.1757343 0.1779274 0.1489931 0.1795795 0.1579323 0.1852830 0.1657684 0.1655215 0.1811820 0.1629898 0.1708562 0.1771321 0.1667422 0.1712775 0.1626056 0.1626056 0.1760828 0.1626957 0.1819941 0.1773964 0.1688342 0.1612661 0.1752562 0.1734518 0.1785270 
pop1.indv4  0.0115097 0.0173286 0.0197272 0.0161840 0.0208739 0.0126387 0.0139549 0.0139064 0.0140201 0.0091989 0.0162781 0.0161466 0.0199354 0.0104499 0.0079901 0.0115362 0.0056695 0.0150379 0.0150903 0.0000000 0.0198423 0.0198423 0.0197961 0.0126824 0.0173486 0.1781941 0.1623033 0.1630830 0.1638044 0.1748941 0.1579780 0.1779274 0.1616593 0.1576999 0.1666247 0.1545299 0.1583498 0.1706886 0.1540900 0.1639434 0.1776325 0.1516029 0.1742205 0.1722953 0.1722953 0.1531927 0.1646660 0.1678401 0.1695876 0.1717081 0.1914727 0.1916790 0.1617398 0.1967340 0.1727400 0.2029801 0.1803836 0.1822664 0.1966930 0.1776901 0.1873922 0.1924657 0.1833640 0.1863654 0.1771321 0.1773964 0.1929545 0.1811820 0.1991350 0.1944243 0.1855631 0.1795533 0.1924657 0.1885163 0.1919944 
pop1.indv5  0.0149171 0.0149514 0.0161653 0.0138103 0.0173086 0.0137156 0.0114832 0.0150379 0.0116301 0.0138742 0.0115763 0.0151254 0.0162027 0.0126971 0.0125522 0.0092414 0.0138103 0.0092201 0.0115362 0.0198423 0.0000000 0.0115229 0.0092201 0.0092201 0.0138582 0.1741638 0.1583991 0.1592250 0.1599249 0.1708584 0.1540986 0.1739048 0.1578435 0.1538647 0.1626957 0.1507559 0.1545299 0.1667422 0.1502941 0.1600939 0.1735849 0.1477753 0.1702717 0.1683357 0.1683357 0.1494593 0.1607952 0.1639434 0.1656395 0.1677318 0.1795398 0.1814541 0.1525266 0.1865579 0.1629365 0.1924657 0.1709380 0.1739635 0.1866465 0.1697732 0.1774572 0.1825395 0.1733891 0.1779538 0.1673475 0.1675934 0.1828002 0.1711968 0.1890835 0.1844479 0.1755171 0.1712775 0.1822664 0.1801105 0.1819810 
pop1.indv6  0.0125093 0.0125809 0.0185145 0.0171699 0.0159443 0.0079358 0.0103181 0.0068221 0.0069485 0.0068143 0.0197731 0.0136843 0.0183446 0.0126097 0.0147982 0.0126532 0.0148320 0.0125809 0.0103181 0.0198423 0.0115229 0.0000000 0.0103063 0.0091359 0.0149514 0.1793001 0.1635632 0.1643187 0.1650383 0.1776615 0.1608678 0.1790345 0.1628984 0.1589930 0.1678401 0.1558404 0.1611902 0.1718604 0.1571991 0.1651662 0.1787500 0.1545426 0.1753510 0.1734518 0.1734518 0.1545051 0.1677018 0.1690310 0.1707731 0.1728765 0.1941286 0.1962666 0.1663709 0.1976543 0.1757787 0.2038568 0.1832944 0.1833286 0.1995907 0.1806490 0.1886764 0.1953788 0.1846965 0.1893015 0.1803772 0.1803772 0.1942075 0.1825395 0.2003441 0.1956738 0.1868815 0.1809129 0.1934382 0.1914229 0.1964821 
pop1.indv7  0.0148829 0.0091255 0.0173086 0.0091047 0.0125522 0.0114438 0.0207296 0.0079993 0.0092628 0.0126242 0.0115097 0.0161466 0.0114832 0.0114046 0.0090532 0.0126678 0.0148659 0.0068376 0.0103419 0.0197961 0.0092201 0.0103063 0.0000000 0.0091568 0.0161095 0.1744783 0.1572372 0.1596299 0.1587618 0.1714521 0.1545426 0.1742205 0.1582537 0.1527480 0.1615026 0.1512117 0.1567436 0.1671022 0.1543054 0.1604918 0.1722953 0.1500460 0.1690310 0.1686856 0.1686856 0.1499195 0.1647977 0.1643187 0.1641836 0.1680875 0.1836404 0.1858058 0.1565168 0.1870654 0.1656395 0.1929545 0.1748898 0.1729431 0.1907267 0.1703585 0.1782658 0.1849726 0.1742205 0.1790345 0.1718604 0.1702717 0.1836006 0.1717849 0.1895848 0.1849726 0.1763440 0.1702717 0.1828002 0.1809151 0.1862405 
pop1.indv8  0.0160910 0.0103300 0.0149686 0.0137945 0.0148829 0.0079810 0.0080452 0.0114569 0.0057609 0.0114832 0.0115229 0.0115495 0.0103657 0.0068376 0.0101666 0.0091673 0.0090532 0.0103419 0.0103896 0.0126824 0.0092201 0.0091359 0.0091568 0.0000000 0.0079993 0.1589930 0.1421217 0.1446606 0.1437524 0.1558908 0.1394468 0.1587618 0.1434321 0.1378517 0.1463320 0.1364858 0.1418184 0.1518663 0.1393748 0.1455625 0.1567773 0.1350301 0.1538522 0.1534139 0.1534139 0.1353365 0.1496738 0.1492454 0.1489931 0.1527480 0.1677318 0.1715308 0.1433417 0.1730086 0.1518538 0.1784838 0.1615026 0.1591685 0.1766059 0.1569358 0.1644517 0.1710249 0.1603270 0.1650383 0.1580721 0.1565168 0.1679466 0.1583498 0.1755628 0.1710249 0.1607952 0.1569710 0.1686856 0.1669715 0.1722569 
pop1.indv9  0.0148151 0.0126097 0.0138103 0.0159990 0.0148829 0.0102476 0.0114307 0.0114964 0.0138582 0.0125236 0.0151254 0.0161280 0.0091464 0.0103063 0.0125379 0.0103300 0.0172489 0.0137945 0.0069165 0.0173486 0.0138582 0.0149514 0.0161095 0.0079993 0.0000000 0.1707731 0.1536400 0.1560652 0.1551884 0.1677318 0.1509531 0.1705220 0.1547261 0.1492084 0.1578875 0.1477147 0.1531927 0.1634652 0.1507559 0.1569358 0.1685846 0.1464807 0.1654057 0.1650383 0.1650383 0.1464581 0.1611902 0.1607239 0.1605608 0.1644245 0.1874950 0.1877253 0.1583013 0.1908549 0.1690846 0.1968631 0.1785481 0.1766428 0.1946091 0.1721857 0.1817139 0.1885163 0.1776901 0.1825285 0.1753040 0.1737073 0.1871133 0.1755171 0.1931477 0.1885163 0.1798337 0.1739635 0.1866019 0.1827872 0.1881204 
pop2.indv1  0.1790345 0.1691819 0.1675934 0.1625172 0.1690310 0.1650383 0.1819941 0.1752562 0.1689856 0.1771321 0.1744236 0.1655215 0.1696811 0.1684386 0.1742763 0.1649083 0.1589388 0.1776615 0.1633228 0.1781941 0.1741638 0.1793001 0.1744783 0.1589930 0.1707731 0.0000000 0.0188415 0.0163541 0.0165084 0.0164890 0.0189532 0.0174496 0.0163351 0.0212937 0.0154306 0.0115629 0.0223297 0.0163541 0.0140365 0.0163160 0.0287188 0.0106101 0.0198423 0.0223560 0.0236561 0.0245323 0.0174902 0.0282454 0.0224883 0.0189307 0.2085469 0.2124266 0.1831041 0.2132757 0.1912636 0.2162401 0.1983863 0.1947210 0.2117616 0.1918825 0.2041687 0.2138255 0.2002100 0.2049951 0.1936430 0.1959169 0.2101175 0.1937480 0.2145498 0.2076648 0.2065943 0.2002100 0.2053130 0.2071219 0.2082711 
pop2.indv10 0.1617398 0.1536400 0.1520753 0.1472384 0.1520858 0.1498579 0.1663773 0.1597531 0.1516029 0.1613434 0.1570434 0.1502941 0.1540900 0.1529700 0.1587618 0.1493886 0.1422244 0.1618219 0.1478266 0.1623033 0.1583991 0.1635632 0.1572372 0.1421217 0.1536400 0.0188415 0.0000000 0.0165084 0.0141691 0.0166458 0.0130588 0.0116981 0.0175928 0.0117808 0.0165670 0.0117256 0.0129818 0.0176550 0.0129665 0.0164117 0.0142027 0.0095503 0.0117256 0.0129208 0.0152854 0.0116981 0.0165279 0.0153034 0.0082152 0.0129512 0.1919482 0.1958625 0.1653841 0.1969943 0.1747886 0.1992835 0.1822664 0.1784391 0.1932536 0.1757343 0.1880650 0.1969566 0.1839637 0.1867382 0.1773336 0.1795262 0.1937480 0.1773015 0.1960416 0.1909683 0.1901632 0.1836816 0.1889918 0.1889266 0.1918825 
pop2.indv11 0.1640803 0.1545174 0.1529721 0.1481849 0.1545051 0.1505628 0.1668577 0.1603270 0.1540900 0.1621311 0.1594576 0.1509948 0.1549641 0.1538522 0.1595700 0.1503212 0.1447389 0.1626056 0.1487785 0.1630830 0.1592250 0.1643187 0.1596299 0.1446606 0.1560652 0.0163541 0.0165084 0.0000000 0.0212686 0.0140860 0.0140860 0.0127560 0.0149859 0.0080917 0.0081673 0.0104378 0.0151607 0.0151078 0.0127708 0.0011477 0.0140860 0.0094044 0.0151254 0.0092308 0.0139711 0.0163351 0.0104257 0.0127412 0.0164502 0.0092843 0.1900878 0.1942371 0.1658847 0.1953788 0.1735222 0.1975999 0.1809151 0.1771321 0.1933473 0.1744783 0.1863231 0.1953171 0.1822753 0.1872113 0.1760412 0.1781941 0.1918825 0.1762642 0.1960930 0.1894363 0.1883513 0.1822753 0.1872113 0.1890835 0.1906488 
pop2.indv12 0.1632272 0.1551884 0.1536358 0.1488194 0.1536317 0.1514293 0.1678401 0.1612661 0.1531927 0.1628440 0.1585819 0.1518663 0.1556391 0.1545174 0.1602604 0.1509742 0.1438393 0.1633228 0.1494243 0.1638044 0.1599249 0.1650383 0.1587618 0.1437524 0.1551884 0.0165084 0.0141691 0.0212686 0.0000000 0.0166064 0.0117947 0.0116437 0.0174902 0.0081959 0.0238537 0.0104864 0.0142364 0.0200058 0.0094155 0.0176550 0.0141691 0.0130279 0.0175107 0.0092628 0.0201242 0.0188860 0.0081293 0.0175107 0.0164890 0.0189532 0.1992835 0.2031654 0.1741062 0.2041687 0.1822937 0.2069172 0.1895848 0.1855631 0.2025347 0.1830883 0.1951999 0.2042416 0.1908864 0.1959169 0.1847548 0.1866920 0.2009750 0.1847847 0.2049951 0.1985153 0.1954363 0.1911791 0.1962183 0.1980670 0.1973288 
pop2.indv13 0.1757787 0.1677318 0.1661307 0.1607952 0.1660076 0.1635632 0.1789991 0.1741062 0.1656329 0.1757343 0.1713721 0.1642889 0.1682311 0.1669885 0.1728765 0.1634202 0.1556391 0.1762642 0.1615823 0.1748941 0.1708584 0.1776615 0.1714521 0.1558908 0.1677318 0.0164890 0.0166458 0.0140860 0.0166064 0.0000000 0.0166657 0.0104987 0.0175107 0.0153758 0.0129665 0.0164309 0.0213443 0.0163924 0.0140530 0.0199120 0.0176758 0.0119498 0.0164502 0.0163541 0.0165475 0.0200294 0.0129056 0.0175928 0.0177385 0.0213190 0.2094500 0.2137121 0.1817361 0.2148857 0.1916483 0.2172349 0.1971627 0.1954363 0.2088760 0.1925602 0.2053130 0.2144470 0.2013136 0.2041190 0.1923590 0.1963456 0.2113579 0.1947635 0.2137692 0.2085469 0.2077938 0.2009988 0.2064877 0.2062725 0.2091433 
pop2.indv14 0.1588148 0.1511741 0.1496071 0.1445809 0.1494243 0.1487369 0.1636631 0.1588688 0.1486513 0.1588688 0.1543268 0.1493886 0.1516181 0.1505131 0.1563200 0.1469097 0.1393748 0.1593412 0.1451331 0.1579780 0.1540986 0.1608678 0.1545426 0.1394468 0.1509531 0.0189532 0.0130588 0.0140860 0.0117947 0.0166657 0.0000000 0.0165084 0.0212937 0.0118366 0.0106351 0.0153941 0.0129512 0.0152854 0.0106226 0.0105479 0.0215229 0.0071557 0.0152496 0.0141191 0.0238822 0.0176550 0.0104987 0.0165867 0.0094488 0.0166657 0.1908365 0.1947635 0.1661329 0.1962183 0.1739275 0.1988127 0.1798227 0.1778733 0.1924540 0.1751583 0.1872616 0.1961684 0.1831365 0.1876014 0.1748418 0.1786890 0.1929545 0.1767236 0.1972635 0.1904584 0.1893521 0.1831365 0.1881813 0.1900878 0.1910960 
pop2.indv15 0.1787696 0.1689334 0.1673475 0.1622820 0.1687851 0.1647977 0.1817226 0.1749961 0.1687334 0.1768686 0.1741638 0.1652795 0.1694311 0.1681922 0.1740213 0.1646660 0.1587098 0.1773964 0.1630830 0.1779274 0.1739048 0.1790345 0.1742205 0.1587618 0.1705220 0.0174496 0.0116981 0.0127560 0.0116437 0.0104987 0.0165084 0.0000000 0.0150379 0.0081199 0.0128754 0.0115362 0.0163733 0.0140038 0.0081105 0.0104136 0.0129056 0.0153577 0.0115229 0.0151430 0.0163351 0.0222252 0.0115362 0.0186875 0.0128604 0.0140530 0.2123604 0.2165814 0.1864085 0.2173619 0.1949506 0.2200804 0.2020051 0.1980670 0.2155608 0.1954967 0.2078585 0.2172993 0.2036088 0.2090554 0.1972966 0.1992859 0.2138811 0.1977389 0.2180117 0.2114307 0.2083135 0.2039247 0.2090554 0.2108482 0.2102772 
pop2.indv16 0.1626641 0.1531927 0.1516618 0.1469322 0.1531927 0.1492816 0.1654057 0.1589388 0.1527480 0.1607239 0.1580721 0.1497062 0.1536317 0.1525389 0.1582071 0.1490320 0.1435209 0.1611902 0.1475037 0.1616593 0.1578435 0.1628984 0.1582537 0.1434321 0.1547261 0.0163351 0.0175928 0.0149859 0.0174902 0.0175107 0.0212937 0.0150379 0.0000000 0.0128154 0.0116708 0.0115229 0.0235725 0.0114832 0.0081199 0.0103300 0.0187532 0.0129056 0.0174699 0.0161653 0.0150728 0.0092095 0.0139225 0.0184931 0.0188638 0.0187093 0.1922656 0.1944243 0.1662517 0.1955553 0.1754706 0.1994393 0.1827743 0.1790345 0.1935397 0.1763829 0.1884567 0.1971627 0.1844479 0.1855272 0.1779538 0.1801018 0.1940219 0.1763044 0.1962666 0.1913028 0.1905166 0.1841712 0.1893684 0.1893015 0.1905722 
pop2.indv17 0.1571991 0.1492084 0.1476634 0.1429334 0.1477147 0.1454915 0.1617398 0.1552073 0.1471252 0.1567773 0.1525203 0.1459105 0.1496408 0.1485645 0.1542950 0.1449988 0.1379927 0.1572372 0.1434565 0.1576999 0.1538647 0.1589930 0.1527480 0.1378517 0.1492084 0.0212937 0.0117808 0.0080917 0.0081959 0.0153758 0.0118366 0.0081199 0.0128154 0.0000000 0.0118087 0.0128453 0.0117393 0.0105232 0.0105727 0.0105232 0.0141025 0.0083325 0.0187093 0.0081768 0.0176550 0.0152139 0.0188638 0.0116708 0.0117670 0.0105976 0.1907545 0.1949506 0.1662561 0.1960930 0.1739881 0.1983538 0.1814519 0.1776325 0.1940472 0.1749455 0.1869285 0.1960416 0.1828407 0.1878348 0.1765303 0.1787097 0.1925602 0.1767607 0.1968237 0.1900878 0.1889918 0.1828407 0.1878348 0.1897246 0.1913028 
pop2.indv18 0.1660076 0.1578875 0.1563200 0.1514293 0.1562907 0.1540816 0.1706886 0.1640463 0.1559167 0.1656395 0.1613434 0.1545299 0.1583498 0.1571991 0.1629898 0.1536400 0.1463956 0.1661307 0.1520753 0.1666247 0.1626957 0.1678401 0.1615026 0.1463320 0.1578875 0.0154306 0.0165670 0.0081673 0.0238537 0.0129665 0.0106351 0.0128754 0.0116708 0.0118087 0.0000000 0.0069646 0.0165279 0.0069485 0.0105603 0.0116031 0.0203410 0.0071471 0.0163160 0.0128604 0.0117393 0.0141691 0.0128905 0.0128453 0.0117393 0.0129360 0.1985009 0.2024004 0.1735222 0.2034207 0.1814609 0.2061638 0.1887995 0.1850356 0.2017696 0.1822753 0.1944243 0.2038002 0.1903804 0.1951351 0.1839405 0.1861671 0.2002100 0.1839637 0.2045594 0.1977389 0.1966506 0.1903804 0.1954363 0.1972966 0.1985292 
pop2.indv19 0.1556163 0.1461864 0.1446606 0.1400200 0.1462507 0.1423253 0.1583013 0.1518663 0.1456302 0.1536358 0.1509742 0.1427301 0.1466054 0.1455625 0.1512300 0.1420211 0.1366378 0.1540816 0.1404979 0.1545299 0.1507559 0.1558404 0.1512117 0.1364858 0.1477147 0.0115629 0.0117256 0.0104378 0.0104864 0.0164309 0.0153941 0.0115362 0.0115229 0.0128453 0.0069646 0.0000000 0.0175311 0.0151961 0.0057876 0.0127412 0.0189982 0.0118647 0.0115629 0.0127264 0.0152317 0.0186006 0.0126971 0.0163351 0.0188194 0.0117118 0.1906739 0.1948348 0.1661307 0.1959698 0.1740476 0.1982092 0.1814497 0.1773964 0.1939396 0.1749961 0.1868815 0.1956166 0.1825508 0.1877796 0.1765684 0.1784617 0.1924657 0.1767973 0.1963925 0.1900137 0.1869764 0.1828270 0.1877796 0.1896541 0.1893015 
pop2.indv2  0.1609568 0.1516475 0.1501048 0.1449439 0.1516618 0.1472934 0.1618948 0.1571991 0.1509531 0.1592250 0.1565483 0.1481384 0.1520858 0.1509948 0.1567106 0.1474506 0.1417223 0.1594576 0.1457007 0.1583498 0.1545299 0.1611902 0.1567436 0.1418184 0.1531927 0.0223297 0.0129818 0.0151607 0.0142364 0.0213443 0.0129512 0.0163733 0.0235725 0.0117393 0.0165279 0.0175311 0.0000000 0.0211685 0.0129208 0.0150903 0.0164696 0.0118366 0.0211188 0.0164502 0.0250295 0.0198655 0.0188860 0.0139549 0.0201004 0.0165867 0.1828407 0.1869764 0.1590483 0.1885163 0.1665053 0.1905946 0.1724374 0.1704356 0.1844750 0.1678401 0.1795665 0.1880650 0.1754706 0.1800929 0.1674833 0.1711968 0.1850038 0.1694925 0.1891490 0.1825508 0.1814563 0.1754706 0.1803639 0.1822664 0.1836006 
pop2.indv20 0.1716082 0.1618948 0.1603270 0.1553928 0.1618134 0.1578435 0.1744783 0.1678401 0.1615823 0.1696811 0.1669885 0.1583013 0.1623680 0.1611902 0.1669715 0.1576574 0.1518786 0.1701833 0.1560923 0.1706886 0.1667422 0.1718604 0.1671022 0.1518663 0.1634652 0.0163541 0.0176550 0.0151078 0.0200058 0.0163924 0.0152854 0.0140038 0.0114832 0.0105232 0.0069485 0.0151961 0.0211685 0.0000000 0.0116845 0.0186657 0.0190208 0.0117670 0.0127560 0.0186222 0.0175928 0.0175311 0.0162781 0.0151430 0.0200530 0.0175722 0.2024004 0.2045594 0.1773653 0.2055379 0.1853518 0.2100360 0.1925693 0.1888625 0.2056318 0.1860852 0.1982277 0.2076648 0.1942371 0.1972966 0.1877796 0.1900137 0.2040476 0.1861671 0.2084069 0.2015959 0.2005200 0.1942371 0.1992859 0.2011170 0.2006475 
pop2.indv21 0.1569710 0.1492084 0.1476634 0.1412138 0.1492454 0.1435468 0.1578875 0.1549809 0.1469097 0.1567773 0.1540900 0.1457007 0.1496408 0.1485645 0.1542950 0.1449988 0.1377974 0.1572372 0.1417122 0.1540900 0.1502941 0.1571991 0.1543054 0.1393748 0.1507559 0.0140365 0.0129665 0.0127708 0.0094155 0.0140530 0.0106226 0.0081105 0.0081199 0.0105727 0.0105603 0.0057876 0.0129208 0.0116845 0.0000000 0.0081105 0.0153758 0.0082832 0.0092628 0.0128604 0.0128905 0.0163924 0.0081011 0.0128453 0.0129665 0.0140694 0.1845304 0.1887012 0.1586336 0.1918825 0.1677629 0.1937480 0.1734518 0.1733254 0.1839405 0.1706886 0.1828135 0.1895054 0.1787097 0.1798114 0.1684818 0.1724809 0.1883513 0.1724089 0.1905946 0.1855996 0.1847847 0.1784391 0.1836609 0.1836404 0.1849726 
pop2.indv22 0.1649273 0.1553928 0.1538522 0.1490702 0.1553725 0.1514456 0.1677018 0.1611902 0.1549809 0.1629898 0.1603270 0.1518786 0.1558404 0.1547261 0.1604241 0.1512117 0.1456322 0.1634652 0.1496738 0.1639434 0.1600939 0.1651662 0.1604918 0.1455625 0.1569358 0.0163160 0.0164117 0.0011477 0.0176550 0.0199120 0.0105479 0.0104136 0.0103300 0.0105232 0.0116031 0.0127412 0.0150903 0.0186657 0.0081105 0.0000000 0.0200294 0.0130125 0.0186006 0.0138742 0.0151254 0.0137945 0.0127412 0.0175722 0.0104864 0.0116301 0.1968237 0.2009750 0.1720397 0.2020051 0.1800839 0.2043624 0.1873420 0.1833462 0.2000507 0.1809129 0.1928580 0.2017342 0.1885769 0.1938337 0.1825395 0.1844479 0.1985292 0.1828270 0.2024878 0.1960930 0.1930525 0.1888625 0.1938337 0.1956738 0.1952628 
pop2.indv23 0.1768686 0.1685846 0.1669885 0.1618948 0.1668577 0.1646660 0.1817270 0.1749455 0.1667553 0.1765684 0.1722225 0.1651513 0.1690846 0.1678401 0.1737073 0.1642889 0.1567436 0.1770989 0.1626957 0.1776325 0.1735849 0.1787500 0.1722953 0.1567773 0.1685846 0.0287188 0.0142027 0.0140860 0.0141691 0.0176758 0.0215229 0.0129056 0.0187532 0.0141025 0.0203410 0.0189982 0.0164696 0.0190208 0.0153758 0.0200294 0.0000000 0.0131841 0.0211685 0.0177175 0.0188415 0.0177175 0.0129056 0.0223823 0.0165279 0.0202200 0.2105371 0.2147875 0.1825622 0.2156043 0.1927540 0.2179576 0.1998941 0.1959169 0.2116910 0.1933473 0.2060608 0.2151762 0.2017696 0.2051981 0.1951351 0.1971278 0.2120936 0.1955576 0.2141616 0.2092943 0.2064877 0.2017696 0.2072411 0.2070202 0.2081782 
pop2.indv24 0.1543160 0.1449213 0.1433645 0.1382471 0.1449988 0.1405819 0.1552266 0.1504876 0.1441190 0.1525138 0.1497940 0.1413984 0.1453454 0.1442899 0.1500757 0.1406677 0.1350054 0.1527395 0.1389110 0.1516029 0.1477753 0.1545426 0.1500460 0.1350301 0.1464807 0.0106101 0.0095503 0.0094044 0.0130279 0.0119498 0.0071557 0.0153577 0.0129056 0.0083325 0.0071471 0.0118647 0.0118366 0.0117670 0.0082832 0.0130125 0.0131841 0.0000000 0.0117256 0.0129818 0.0143043 0.0129360 0.0094044 0.0142195 0.0107111 0.0131212 0.1761395 0.1803432 0.1522802 0.1820075 0.1597041 0.1839872 0.1658847 0.1637649 0.1778455 0.1611817 0.1730000 0.1814609 0.1687829 0.1734584 0.1607756 0.1645056 0.1784163 0.1627291 0.1825737 0.1759121 0.1747886 0.1687829 0.1737228 0.1756892 0.1770989 
pop2.indv25 0.1735135 0.1654057 0.1638425 0.1588856 0.1637435 0.1615802 0.1782423 0.1716082 0.1635632 0.1731971 0.1689334 0.1620474 0.1658869 0.1646892 0.1704441 0.1611902 0.1538461 0.1737073 0.1596299 0.1742205 0.1702717 0.1753510 0.1690310 0.1538522 0.1654057 0.0198423 0.0117256 0.0151254 0.0175107 0.0164502 0.0152496 0.0115229 0.0174699 0.0187093 0.0163160 0.0115629 0.0211188 0.0127560 0.0092628 0.0186006 0.0211685 0.0117256 0.0000000 0.0186657 0.0174699 0.0149859 0.0150728 0.0234894 0.0175107 0.0212435 0.2062725 0.2104443 0.1771321 0.2113199 0.1872616 0.2118313 0.1943907 0.1904399 0.2054262 0.1879526 0.2020051 0.2091433 0.1977646 0.1991350 0.1896541 0.1915922 0.2078585 0.1900137 0.2078585 0.2034207 0.2023552 0.1960930 0.2031088 0.2009519 0.2024423 
pop2.indv3  0.1731971 0.1634652 0.1618948 0.1569358 0.1633691 0.1593988 0.1760828 0.1694311 0.1631780 0.1712775 0.1685846 0.1598616 0.1639434 0.1627532 0.1685398 0.1592250 0.1534119 0.1717849 0.1576574 0.1722953 0.1683357 0.1734518 0.1686856 0.1534139 0.1650383 0.0223560 0.0129208 0.0092308 0.0092628 0.0163541 0.0141191 0.0151430 0.0161653 0.0081768 0.0128604 0.0127264 0.0164502 0.0186222 0.0128604 0.0138742 0.0177175 0.0129818 0.0186657 0.0000000 0.0104499 0.0210941 0.0187093 0.0150903 0.0128154 0.0128905 0.2020845 0.2059516 0.1770989 0.2069054 0.1850678 0.2097081 0.1922814 0.1885769 0.2053130 0.1858058 0.1979272 0.2073420 0.1939396 0.1986746 0.1874950 0.1897246 0.2037337 0.1875478 0.2080841 0.2012850 0.2002100 0.1939396 0.1989798 0.2008099 0.2020051 
pop2.indv4  0.1731971 0.1634652 0.1618948 0.1569358 0.1633691 0.1593988 0.1760828 0.1694311 0.1631780 0.1712775 0.1685846 0.1598616 0.1639434 0.1627532 0.1685398 0.1592250 0.1534119 0.1717849 0.1576574 0.1722953 0.1683357 0.1734518 0.1686856 0.1534139 0.1650383 0.0236561 0.0152854 0.0139711 0.0201242 0.0165475 0.0238822 0.0163351 0.0150728 0.0176550 0.0117393 0.0152317 0.0250295 0.0175928 0.0128905 0.0151254 0.0188415 0.0143043 0.0174699 0.0104499 0.0000000 0.0175107 0.0199354 0.0186657 0.0176966 0.0213696 0.2061638 0.2103649 0.1787300 0.2112479 0.1887012 0.2134905 0.1958486 0.1918825 0.2073420 0.1893684 0.2018706 0.2107721 0.1975999 0.2009750 0.1910960 0.1930525 0.2077624 0.1914727 0.2097918 0.2049951 0.2022208 0.1975999 0.2029801 0.2027978 0.2039782 
pop2.indv5  0.1542848 0.1449439 0.1434321 0.1386526 0.1450190 0.1409263 0.1567106 0.1503477 0.1443729 0.1523141 0.1496738 0.1415225 0.1453557 0.1443306 0.1499494 0.1408136 0.1354975 0.1525328 0.1393044 0.1531927 0.1494593 0.1545051 0.1499195 0.1353365 0.1464581 0.0245323 0.0116981 0.0163351 0.0188860 0.0200294 0.0176550 0.0222252 0.0092095 0.0152139 0.0141691 0.0186006 0.0198655 0.0175311 0.0163924 0.0137945 0.0177175 0.0129360 0.0149859 0.0210941 0.0175107 0.0000000 0.0209956 0.0187312 0.0200058 0.0163924 0.1889266 0.1927587 0.1594576 0.1939169 0.1706027 0.1944243 0.1780054 0.1723669 0.1882922 0.1716082 0.1852165 0.1902282 0.1792847 0.1819941 0.1731324 0.1733891 0.1907267 0.1730667 0.1890835 0.1863654 0.1833640 0.1792847 0.1860852 0.1841469 0.1835811 
pop2.indv6  0.1674576 0.1596299 0.1580721 0.1514456 0.1595700 0.1538522 0.1684386 0.1655215 0.1574682 0.1673475 0.1646660 0.1560652 0.1600939 0.1589388 0.1646892 0.1554134 0.1479747 0.1678401 0.1520858 0.1646660 0.1607952 0.1677018 0.1647977 0.1496738 0.1611902 0.0174902 0.0165279 0.0104257 0.0081293 0.0129056 0.0104987 0.0115362 0.0139225 0.0188638 0.0128905 0.0126971 0.0188860 0.0162781 0.0081011 0.0127412 0.0129056 0.0094044 0.0150728 0.0187093 0.0199354 0.0209956 0.0000000 0.0175517 0.0163924 0.0140530 0.1977389 0.2019079 0.1728088 0.2049112 0.1809062 0.2073420 0.1862815 0.1860852 0.1989798 0.1836204 0.1956738 0.2026671 0.1913871 0.1947210 0.1814541 0.1852830 0.2014251 0.1855996 0.2054262 0.1989798 0.1959169 0.1916790 0.1966930 0.1985292 0.1961428 
pop2.indv7  0.1687851 0.1591685 0.1576156 0.1510150 0.1591131 0.1534119 0.1697732 0.1632272 0.1588148 0.1668577 0.1641836 0.1556163 0.1596299 0.1584814 0.1642150 0.1549641 0.1492816 0.1655215 0.1534139 0.1678401 0.1639434 0.1690310 0.1643187 0.1492454 0.1607239 0.0282454 0.0153034 0.0127412 0.0175107 0.0175928 0.0165867 0.0186875 0.0184931 0.0116708 0.0128453 0.0163351 0.0139549 0.0151430 0.0128453 0.0175722 0.0223823 0.0142195 0.0234894 0.0150903 0.0186657 0.0187312 0.0175517 0.0000000 0.0175928 0.0176966 0.1931522 0.1969943 0.1669885 0.1980875 0.1762642 0.2003579 0.1835811 0.1798337 0.1944243 0.1771648 0.1893015 0.1980670 0.1852830 0.1880083 0.1787500 0.1809107 0.1949040 0.1787300 0.1971627 0.1921737 0.1913871 0.1850038 0.1902282 0.1901540 0.1930503 
pop2.indv8  0.1686856 0.1607952 0.1592250 0.1542950 0.1589388 0.1585312 0.1752562 0.1685846 0.1586336 0.1685846 0.1640463 0.1589930 0.1612661 0.1600939 0.1658869 0.1565483 0.1490320 0.1690846 0.1549809 0.1695876 0.1656395 0.1707731 0.1641836 0.1489931 0.1605608 0.0224883 0.0082152 0.0164502 0.0164890 0.0177385 0.0094488 0.0128604 0.0188638 0.0117670 0.0117393 0.0188194 0.0201004 0.0200530 0.0129665 0.0104864 0.0165279 0.0107111 0.0175107 0.0128154 0.0176966 0.0200058 0.0163924 0.0175928 0.0000000 0.0237122 0.2054046 0.2096233 0.1798114 0.2105226 0.1881813 0.2130958 0.1953788 0.1913871 0.2086394 0.1888625 0.2011170 0.2103649 0.1968237 0.2022208 0.1905946 0.1925602 0.2070202 0.1909683 0.2111009 0.2045594 0.2014558 0.1971278 0.2022208 0.2040476 0.2035458 
pop2.indv9  0.1726213 0.1628440 0.1612661 0.1562907 0.1627532 0.1587618 0.1755171 0.1688342 0.1625451 0.1706886 0.1679811 0.1592250 0.1633228 0.1621311 0.1679466 0.1585819 0.1527521 0.1711968 0.1570069 0.1717081 0.1677318 0.1728765 0.1680875 0.1527480 0.1644245 0.0189307 0.0129512 0.0092843 0.0189532 0.0213190 0.0166657 0.0140530 0.0187093 0.0105976 0.0129360 0.0117118 0.0165867 0.0175722 0.0140694 0.0116301 0.0202200 0.0131212 0.0212435 0.0128905 0.0213696 0.0163924 0.0140530 0.0176966 0.0237122 0.0000000 0.2016295 0.2055190 0.1765303 0.2064853 0.1845304 0.2092943 0.1917947 0.1880650 0.2048783 0.1852830 0.1974632 0.2069172 0.1934496 0.1982092 0.1869764 0.1892156 0.2032940 0.1870250 0.2076648 0.2008310 0.1997493 0.1934496 0.1985153 0.2003579 0.2015634 
pop3.indv1  0.1918825 0.1781941 0.1784617 0.1710249 0.1779538 0.1717849 0.1953171 0.1844750 0.1798000 0.1922656 0.1836609 0.1781941 0.1844750 0.1811820 0.1814519 0.1757343 0.1728765 0.1869764 0.1757343 0.1914727 0.1795398 0.1941286 0.1836404 0.1677318 0.1874950 0.2085469 0.1919482 0.1900878 0.1992835 0.2094500 0.1908365 0.2123604 0.1922656 0.1907545 0.1985009 0.1906739 0.1828407 0.2024004 0.1845304 0.1968237 0.2105371 0.1761395 0.2062725 0.2020845 0.2061638 0.1889266 0.1977389 0.1931522 0.2054046 0.2016295 0.0000000 0.0093714 0.0164502 0.0127264 0.0104742 0.0128304 0.0173486 0.0103776 0.0105109 0.0198655 0.0104136 0.0164309 0.0141025 0.0139711 0.0081293 0.0116437 0.0139549 0.0153941 0.0223035 0.0152496 0.0081105 0.0152854 0.0127708 0.0127560 0.0184931 
pop3.indv10 0.1956738 0.1803706 0.1822664 0.1731971 0.1801105 0.1739635 0.1974632 0.1866465 0.1836609 0.1960930 0.1874950 0.1803706 0.1866465 0.1833462 0.1852165 0.1795533 0.1713568 0.1891490 0.1779274 0.1916790 0.1814541 0.1962666 0.1858058 0.1715308 0.1877253 0.2124266 0.1958625 0.1942371 0.2031654 0.2137121 0.1947635 0.2165814 0.1944243 0.1949506 0.2024004 0.1948348 0.1869764 0.2045594 0.1887012 0.2009750 0.2147875 0.1803432 0.2104443 0.2059516 0.2103649 0.1927587 0.2019079 0.1969943 0.2096233 0.2055190 0.0093714 0.0000000 0.0152854 0.0172886 0.0081577 0.0175517 0.0150379 0.0139064 0.0115897 0.0162781 0.0186006 0.0189084 0.0187752 0.0175517 0.0163351 0.0175722 0.0152317 0.0164502 0.0247056 0.0199120 0.0151254 0.0163924 0.0212184 0.0175107 0.0196134 
