75
pop1.indv1  0.0000000 0.0165746 0.0146129 0.0135005 0.0126937 0.0136651 0.0124872 0.0143957 0.0141649 0.0122233 0.0101185 0.0134817 0.0121895 0.0179311 0.0150668 0.0162441 0.0115749 0.0134317 0.0129322 0.0153612 0.0118684 0.0141979 0.0127733 0.0156397 0.0137192 0.1815387 0.1783696 0.1816288 0.1825383 0.1821261 0.1857012 0.1828866 0.1866054 0.1787956 0.1860413 0.1810846 0.1843380 0.1853051 0.1772665 0.1871093 0.1828614 0.1846308 0.1818555 0.1818338 0.1853040 0.1798272 0.1815387 0.1832240 0.1848550 0.1868934 0.1828766 0.1775620 0.1809343 0.1831502 0.1780585 0.1774031 0.1838957 0.1805838 0.1785799 0.1810767 0.1839350 0.1839450 0.1810298 0.1792502 0.1866084 0.1779767 0.1836615 0.1810298 0.1816218 0.1811394 0.1865543 0.1830291 0.1836765 0.1820151 0.1802475 
pop1.indv2  0.0165746 0.0000000 0.0162178 0.0130164 0.0147817 0.0162744 0.0134100 0.0163313 0.0111064 0.0164899 0.0129682 0.0151088 0.0142830 0.0176958 0.0145656 0.0160248 0.0153077 0.0124959 0.0124671 0.0130498 0.0123572 0.0141584 0.0155490 0.0163313 0.0132291 0.1933886 0.1902090 0.1943053 0.1956629 0.1952427 0.1969863 0.1948229 0.1985552 0.1916738 0.1989673 0.1932821 0.1963281 0.1984334 0.1890583 0.1986760 0.1955898 0.1966053 0.1942351 0.1939900 0.1981678 0.1921644 0.1938508 0.1956313 0.1965622 0.1985767 0.1959484 0.1893371 0.1934021 0.1963888 0.1903117 0.1902767 0.1966227 0.1925361 0.1914981 0.1930092 0.1971814 0.1980040 0.1939697 0.1917817 0.1994354 0.1906391 0.1960252 0.1932821 0.1927173 0.1935195 0.1995642 0.1958321 0.1956755 0.1937360 0.1917912 
pop1.indv3  0.0146129 0.0162178 0.0000000 0.0131801 0.0109995 0.0156993 0.0133667 0.0138281 0.0142994 0.0147002 0.0138377 0.0152335 0.0116648 0.0161430 0.0154201 0.0133329 0.0161616 0.0126412 0.0135490 0.0138569 0.0113393 0.0167283 0.0147987 0.0136399 0.0148159 0.1920260 0.1887559 0.1934446 0.1942731 0.1941351 0.1971798 0.1949291 0.1971434 0.1901035 0.1974774 0.1914624 0.1944055 0.1966736 0.1883549 0.1979509 0.1948229 0.1956126 0.1931993 0.1916584 0.1958834 0.1902327 0.1927650 0.1952113 0.1955089 0.1974398 0.1937533 0.1878987 0.1911643 0.1937787 0.1887469 0.1873251 0.1940821 0.1912881 0.1887950 0.1918119 0.1951820 0.1951967 0.1914042 0.1902052 0.1964503 0.1888521 0.1937068 0.1910644 0.1911963 0.1924350 0.1976598 0.1943734 0.1934929 0.1914981 0.1899306 
pop1.indv4  0.0135005 0.0130164 0.0131801 0.0000000 0.0108160 0.0141223 0.0090085 0.0120355 0.0113288 0.0136620 0.0106423 0.0130194 0.0143159 0.0139535 0.0117671 0.0113105 0.0155815 0.0113157 0.0125249 0.0139212 0.0104775 0.0132291 0.0137000 0.0134974 0.0116260 0.1822063 0.1783573 0.1835732 0.1844531 0.1839913 0.1859277 0.1832751 0.1866064 0.1794563 0.1865552 0.1820343 0.1846762 0.1860979 0.1782615 0.1882406 0.1846175 0.1850798 0.1822989 0.1823896 0.1853029 0.1804938 0.1825993 0.1844020 0.1845141 0.1864963 0.1832106 0.1773876 0.1808708 0.1838260 0.1779380 0.1773894 0.1831038 0.1804658 0.1788496 0.1806760 0.1838189 0.1847347 0.1809121 0.1798569 0.1865524 0.1787416 0.1831502 0.1806298 0.1803384 0.1804568 0.1869553 0.1829682 0.1833351 0.1815025 0.1797926 
pop1.indv5  0.0126937 0.0147817 0.0109995 0.0108160 0.0000000 0.0124240 0.0119938 0.0133883 0.0124297 0.0117508 0.0110247 0.0124786 0.0137143 0.0164669 0.0109844 0.0140281 0.0152547 0.0117373 0.0133791 0.0124613 0.0099238 0.0138601 0.0140604 0.0124642 0.0131801 0.1888041 0.1849673 0.1900197 0.1910309 0.1901952 0.1929046 0.1902767 0.1936228 0.1863784 0.1936979 0.1889761 0.1913899 0.1931403 0.1851949 0.1944418 0.1912814 0.1916952 0.1892740 0.1886810 0.1926324 0.1875136 0.1895974 0.1910146 0.1918703 0.1934949 0.1897764 0.1844654 0.1879174 0.1905885 0.1848587 0.1846438 0.1905081 0.1877879 0.1854225 0.1879619 0.1913488 0.1916646 0.1875631 0.1864341 0.1937194 0.1856474 0.1898983 0.1879587 0.1884493 0.1892633 0.1943872 0.1904867 0.1910064 0.1886541 0.1868295 
pop1.indv6  0.0136651 0.0162744 0.0156993 0.0141223 0.0124240 0.0000000 0.0119966 0.0148779 0.0115776 0.0171776 0.0129262 0.0157831 0.0105326 0.0188903 0.0128757 0.0131436 0.0145824 0.0138505 0.0140799 0.0125249 0.0128001 0.0152936 0.0143991 0.0153113 0.0124699 0.1858155 0.1822615 0.1862639 0.1874565 0.1860979 0.1896091 0.1866609 0.1905586 0.1831731 0.1899175 0.1846889 0.1875161 0.1889858 0.1814838 0.1899753 0.1879174 0.1883549 0.1856447 0.1845283 0.1886497 0.1833864 0.1855901 0.1872813 0.1882442 0.1901303 0.1862104 0.1804291 0.1845656 0.1868920 0.1811004 0.1809688 0.1857026 0.1840726 0.1813889 0.1841253 0.1871221 0.1883090 0.1835654 0.1831223 0.1895572 0.1817242 0.1854189 0.1835099 0.1844197 0.1847448 0.1903188 0.1863823 0.1873926 0.1849640 0.1835099 
pop1.indv7  0.0124872 0.0134100 0.0133667 0.0090085 0.0119938 0.0119966 0.0000000 0.0131954 0.0131862 0.0138473 0.0110603 0.0153006 0.0126499 0.0141649 0.0129024 0.0110450 0.0129532 0.0126674 0.0101465 0.0118107 0.0125394 0.0134286 0.0129532 0.0136905 0.0141223 0.1901815 0.1870649 0.1917349 0.1920852 0.1919970 0.1945525 0.1924666 0.1957795 0.1881942 0.1958159 0.1889906 0.1923315 0.1944331 0.1859277 0.1961936 0.1915932 0.1934949 0.1914076 0.1897126 0.1941021 0.1884895 0.1903557 0.1924077 0.1932702 0.1953775 0.1895051 0.1833351 0.1879237 0.1903188 0.1838400 0.1838572 0.1893839 0.1871147 0.1839025 0.1872305 0.1898720 0.1913401 0.1868890 0.1860972 0.1928203 0.1846889 0.1888271 0.1872285 0.1865451 0.1881942 0.1926277 0.1890103 0.1903995 0.1879781 0.1860973 
pop1.indv8  0.0143957 0.0163313 0.0138281 0.0120355 0.0133883 0.0148779 0.0131954 0.0000000 0.0141354 0.0150215 0.0141419 0.0157868 0.0166048 0.0148710 0.0136084 0.0153006 0.0155634 0.0136430 0.0138345 0.0156251 0.0120746 0.0149091 0.0129682 0.0129862 0.0144158 0.1840726 0.1808573 0.1855932 0.1861539 0.1859844 0.1888707 0.1865478 0.1898793 0.1824447 0.1891162 0.1839025 0.1867780 0.1882479 0.1800298 0.1899753 0.1867793 0.1879018 0.1851924 0.1841372 0.1881369 0.1829371 0.1848027 0.1868861 0.1877908 0.1901303 0.1861539 0.1804291 0.1847347 0.1869490 0.1816007 0.1814109 0.1868308 0.1842397 0.1821696 0.1842928 0.1879781 0.1888801 0.1846330 0.1827863 0.1902976 0.1823954 0.1869474 0.1842955 0.1848659 0.1852511 0.1910639 0.1870649 0.1873926 0.1853040 0.1836209 
pop1.indv9  0.0141649 0.0111064 0.0142994 0.0113288 0.0124297 0.0115776 0.0131862 0.0141354 0.0000000 0.0141092 0.0111192 0.0139438 0.0135959 0.0143790 0.0113000 0.0134255 0.0122657 0.0110859 0.0124498 0.0113340 0.0128449 0.0120355 0.0129651 0.0120915 0.0122856 0.1833906 0.1806124 0.1842481 0.1855875 0.1850739 0.1878569 0.1855888 0.1892110 0.1824333 0.1883820 0.1828816 0.1865533 0.1883703 0.1797826 0.1894249 0.1850739 0.1872855 0.1841693 0.1838503 0.1875186 0.1820215 0.1837842 0.1858714 0.1875136 0.1891741 0.1851347 0.1790118 0.1828005 0.1853595 0.1801291 0.1791750 0.1845725 0.1815936 0.1807562 0.1824275 0.1845610 0.1865524 0.1828816 0.1818204 0.1885431 0.1806470 0.1850204 0.1828262 0.1822914 0.1818688 0.1888991 0.1852439 0.1859844 0.1831456 0.1817036 
pop1.indv10 0.0122233 0.0164899 0.0147002 0.0136620 0.0117508 0.0171776 0.0138473 0.0150215 0.0141092 0.0000000 0.0119828 0.0157868 0.0147137 0.0143159 0.0130803 0.0133575 0.0141158 0.0117292 0.0145454 0.0125162 0.0130073 0.0154950 0.0148124 0.0129651 0.0141158 0.1869978 0.1834462 0.1881093 0.1886985 0.1882553 0.1910809 0.1894824 0.1924246 0.1846352 0.1920852 0.1864349 0.1891060 0.1911974 0.1833393 0.1921710 0.1894529 0.1901612 0.1873425 0.1861525 0.1907478 0.1849111 0.1873359 0.1898793 0.1904502 0.1923489 0.1893784 0.1829518 0.1868364 0.1895051 0.1837913 0.1834746 0.1901101 0.1863784 0.1842453 0.1871697 0.1898593 0.1909225 0.1875062 0.1856474 0.1920555 0.1842453 0.1891009 0.1871678 0.1866555 0.1881299 0.1928907 0.1896849 0.1895341 0.1872326 0.1857030 
pop1.indv11 0.0101185 0.0129682 0.0138377 0.0106423 0.0110247 0.0129262 0.0110603 0.0141419 0.0111192 0.0119828 0.0000000 0.0132076 0.0133421 0.0131740 0.0100929 0.0131679 0.0099146 0.0122205 0.0101208 0.0122629 0.0139926 0.0103664 0.0118079 0.0129892 0.0134536 0.1865497 0.1825883 0.1873881 0.1871755 0.1871813 0.1903628 0.1883052 0.1915969 0.1834462 0.1912487 0.1856452 0.1893481 0.1908218 0.1818070 0.1922011 0.1885514 0.1889858 0.1873491 0.1859281 0.1899111 0.1837175 0.1865497 0.1883625 0.1892162 0.1916925 0.1899111 0.1833308 0.1872407 0.1899823 0.1844020 0.1845816 0.1901303 0.1867199 0.1854198 0.1871184 0.1905675 0.1918102 0.1875707 0.1860408 0.1928907 0.1845748 0.1887739 0.1871735 0.1877282 0.1876851 0.1940822 0.1901058 0.1899498 0.1879814 0.1864938 
pop1.indv12 0.0134817 0.0151088 0.0152335 0.0130194 0.0124786 0.0157831 0.0153006 0.0157868 0.0139438 0.0157868 0.0132076 0.0000000 0.0135802 0.0175014 0.0138377 0.0141027 0.0132076 0.0117508 0.0139018 0.0129742 0.0164040 0.0139212 0.0144024 0.0116179 0.0144158 0.1915071 0.1881510 0.1930583 0.1944608 0.1940956 0.1972294 0.1938508 0.1974167 0.1892793 0.1976950 0.1915657 0.1951220 0.1972903 0.1878055 0.1982913 0.1946692 0.1950023 0.1925091 0.1923973 0.1956789 0.1905600 0.1918499 0.1943734 0.1945525 0.1961463 0.1918595 0.1859278 0.1885019 0.1918788 0.1860977 0.1857596 0.1917912 0.1886497 0.1873425 0.1892268 0.1928766 0.1933656 0.1899047 0.1884199 0.1949118 0.1869459 0.1914663 0.1895051 0.1892527 0.1894529 0.1961798 0.1928171 0.1916060 0.1898720 0.1880830 
pop1.indv13 0.0121895 0.0142830 0.0116648 0.0143159 0.0137143 0.0105326 0.0126499 0.0166048 0.0135959 0.0147137 0.0133421 0.0135802 0.0000000 0.0161840 0.0109568 0.0139959 0.0114555 0.0126238 0.0140184 0.0145219 0.0111012 0.0137868 0.0150354 0.0128905 0.0147919 0.1863759 0.1831821 0.1876526 0.1881764 0.1881871 0.1909405 0.1881127 0.1921030 0.1843644 0.1917629 0.1855368 0.1892006 0.1909983 0.1821270 0.1923626 0.1884692 0.1898543 0.1871659 0.1865974 0.1909485 0.1850856 0.1867678 0.1885061 0.1897459 0.1917442 0.1864327 0.1806981 0.1842397 0.1864905 0.1819149 0.1809548 0.1867678 0.1845330 0.1813171 0.1846416 0.1875087 0.1875580 0.1838640 0.1827571 0.1899242 0.1819822 0.1868832 0.1841984 0.1843772 0.1848659 0.1897702 0.1862661 0.1873251 0.1852535 0.1831955 
pop1.indv14 0.0179311 0.0176958 0.0161430 0.0139535 0.0164669 0.0188903 0.0141649 0.0148710 0.0143790 0.0143159 0.0131740 0.0175014 0.0161840 0.0000000 0.0169314 0.0152723 0.0148434 0.0126908 0.0150250 0.0151299 0.0126038 0.0134567 0.0160621 0.0180066 0.0153576 0.1943734 0.1911898 0.1956282 0.1965364 0.1958321 0.1978620 0.1969076 0.1991457 0.1919087 0.2003262 0.1942677 0.1969797 0.1990877 0.1896328 0.1992033 0.1961798 0.1975381 0.1959812 0.1942272 0.1978815 0.1927464 0.1943734 0.1969076 0.1970895 0.1983517 0.1941618 0.1866074 0.1906263 0.1931396 0.1883703 0.1876173 0.1928203 0.1896729 0.1884199 0.1906543 0.1935093 0.1952122 0.1901303 0.1894417 0.1967008 0.1879080 0.1924984 0.1901884 0.1910644 0.1904211 0.1972240 0.1934496 0.1933766 0.1919970 0.1897887 
pop1.indv15 0.0150668 0.0145656 0.0154201 0.0117671 0.0109844 0.0128757 0.0129024 0.0136084 0.0113000 0.0130803 0.0100929 0.0138377 0.0109568 0.0169314 0.0000000 0.0142731 0.0131588 0.0124040 0.0133667 0.0122205 0.0136746 0.0136336 0.0129054 0.0124556 0.0157795 0.1889712 0.1851374 0.1897338 0.1904575 0.1903628 0.1935295 0.1911805 0.1941281 0.1866598 0.1944928 0.1884652 0.1913811 0.1932465 0.1846330 0.1949448 0.1906467 0.1921427 0.1901815 0.1891279 0.1924560 0.1872285 0.1897641 0.1914624 0.1919774 0.1940030 0.1875631 0.1817311 0.1849094 0.1878508 0.1815601 0.1820366 0.1870527 0.1844703 0.1835218 0.1845794 0.1881404 0.1894361 0.1851987 0.1841372 0.1909065 0.1830764 0.1871129 0.1849181 0.1843143 0.1843565 0.1913313 0.1872876 0.1876687 0.1855324 0.1841343 
pop1.indv16 0.0162441 0.0160248 0.0133329 0.0113105 0.0140281 0.0131436 0.0110450 0.0153006 0.0134255 0.0133575 0.0131679 0.0141027 0.0139959 0.0152723 0.0142731 0.0000000 0.0150668 0.0122176 0.0129262 0.0122742 0.0122856 0.0129442 0.0155526 0.0150878 0.0158052 0.1938844 0.1911142 0.1955375 0.1961566 0.1970225 0.1974167 0.1960633 0.1991027 0.1920067 0.1995812 0.1934949 0.1975762 0.1986982 0.1900208 0.2004368 0.1957393 0.1976216 0.1940424 0.1942004 0.1974354 0.1918595 0.1946892 0.1971559 0.1973374 0.1994749 0.1925254 0.1866054 0.1898656 0.1928907 0.1871716 0.1860964 0.1923386 0.1893784 0.1880158 0.1895572 0.1927946 0.1936853 0.1901747 0.1891483 0.1959759 0.1883549 0.1920753 0.1897764 0.1895227 0.1893263 0.1964324 0.1927353 0.1933525 0.1908882 0.1894361 
pop1.indv17 0.0115749 0.0153077 0.0161616 0.0155815 0.0152547 0.0145824 0.0129532 0.0155634 0.0122657 0.0141158 0.0099146 0.0132076 0.0114555 0.0148434 0.0131588 0.0150668 0.0000000 0.0115268 0.0129412 0.0127526 0.0113867 0.0146163 0.0157831 0.0139018 0.0148883 0.1853084 0.1817518 0.1861522 0.1867767 0.1862684 0.1897825 0.1867175 0.1901101 0.1822185 0.1902604 0.1844630 0.1878026 0.1895572 0.1809750 0.1905439 0.1872918 0.1880728 0.1857012 0.1851429 0.1887073 0.1836094 0.1852523 0.1869427 0.1879049 0.1896209 0.1863237 0.1804835 0.1843380 0.1866084 0.1817105 0.1807980 0.1865487 0.1839581 0.1814982 0.1841223 0.1873513 0.1874018 0.1836765 0.1825605 0.1896729 0.1813889 0.1866642 0.1840695 0.1841955 0.1846308 0.1899757 0.1864393 0.1867729 0.1850204 0.1828916 
pop1.indv18 0.0134317 0.0124959 0.0126412 0.0113157 0.0117373 0.0138505 0.0126674 0.0136430 0.0110859 0.0117292 0.0122205 0.0117508 0.0126238 0.0126908 0.0124040 0.0122176 0.0115268 0.0000000 0.0145420 0.0122515 0.0099582 0.0115508 0.0136367 0.0118189 0.0139179 0.1912642 0.1876333 0.1924725 0.1930569 0.1929728 0.1954668 0.1925736 0.1964674 0.1883052 0.1963281 0.1909808 0.1945207 0.1957515 0.1871755 0.1967588 0.1933181 0.1940030 0.1915748 0.1914130 0.1950170 0.1895747 0.1915476 0.1929749 0.1938973 0.1959484 0.1905302 0.1846868 0.1890103 0.1906035 0.1851936 0.1852558 0.1910892 0.1881334 0.1859844 0.1883090 0.1915932 0.1924287 0.1886454 0.1874518 0.1941946 0.1855901 0.1905376 0.1886454 0.1886810 0.1892162 0.1947007 0.1907869 0.1910227 0.1893481 0.1871716 
pop1.indv19 0.0129322 0.0124671 0.0135490 0.0125249 0.0133791 0.0140799 0.0101465 0.0138345 0.0124498 0.0145454 0.0101208 0.0139018 0.0140184 0.0150250 0.0133667 0.0129262 0.0129412 0.0145420 0.0000000 0.0141190 0.0094970 0.0139212 0.0143790 0.0120550 0.0131923 0.1837948 0.1813666 0.1853149 0.1869443 0.1857578 0.1881871 0.1871111 0.1892527 0.1825605 0.1899692 0.1839614 0.1870044 0.1891534 0.1809284 0.1897459 0.1853615 0.1877310 0.1853062 0.1840265 0.1878508 0.1824886 0.1849163 0.1870544 0.1879587 0.1894994 0.1873972 0.1818887 0.1855302 0.1881404 0.1824447 0.1818604 0.1880728 0.1854216 0.1832926 0.1851388 0.1888318 0.1896729 0.1858155 0.1839647 0.1914891 0.1832926 0.1881369 0.1850842 0.1855932 0.1854207 0.1912314 0.1875759 0.1882940 0.1864946 0.1848027 
pop1.indv20 0.0153612 0.0130498 0.0138569 0.0139212 0.0124613 0.0125249 0.0118107 0.0156251 0.0113340 0.0125162 0.0122629 0.0129742 0.0145219 0.0151299 0.0122205 0.0122742 0.0127526 0.0122515 0.0141190 0.0000000 0.0125803 0.0118189 0.0125423 0.0135573 0.0153899 0.1867780 0.1831456 0.1880695 0.1892901 0.1893064 0.1912901 0.1884814 0.1914395 0.1846264 0.1921847 0.1868920 0.1902159 0.1916925 0.1830944 0.1927283 0.1891898 0.1902465 0.1875236 0.1878478 0.1910136 0.1853585 0.1874589 0.1888801 0.1897369 0.1917018 0.1841162 0.1783403 0.1818353 0.1845069 0.1792828 0.1793364 0.1843460 0.1814216 0.1797483 0.1819174 0.1855280 0.1860412 0.1814216 0.1807562 0.1889426 0.1800298 0.1833780 0.1818688 0.1820113 0.1827656 0.1889572 0.1842762 0.1857021 0.1835978 0.1814765 
pop1.indv21 0.0118684 0.0123572 0.0113393 0.0104775 0.0099238 0.0128001 0.0125394 0.0120746 0.0128449 0.0130073 0.0139926 0.0164040 0.0111012 0.0126038 0.0136746 0.0122856 0.0113867 0.0099582 0.0094970 0.0125803 0.0000000 0.0130558 0.0137351 0.0090503 0.0142377 0.1803840 0.1765730 0.1816007 0.1815507 0.1813062 0.1841634 0.1819042 0.1852463 0.1773458 0.1847814 0.1795337 0.1828461 0.1839350 0.1757530 0.1856452 0.1819891 0.1829223 0.1808624 0.1799560 0.1834214 0.1783745 0.1804938 0.1821879 0.1828056 0.1846719 0.1826275 0.1764427 0.1802736 0.1833566 0.1773318 0.1771201 0.1832015 0.1799266 0.1781949 0.1800266 0.1836914 0.1845564 0.1799266 0.1792066 0.1870127 0.1785320 0.1822251 0.1796430 0.1801386 0.1809343 0.1871333 0.1824369 0.1835457 0.1814175 0.1796430 
pop1.indv22 0.0141979 0.0141584 0.0167283 0.0132291 0.0138601 0.0152936 0.0134286 0.0149091 0.0120355 0.0154950 0.0103664 0.0139212 0.0137868 0.0134567 0.0136336 0.0129442 0.0146163 0.0115508 0.0139212 0.0118189 0.0130558 0.0000000 0.0134007 0.0139665 0.0139503 0.1886497 0.1845656 0.1895341 0.1892847 0.1897615 0.1919675 0.1892162 0.1929749 0.1854189 0.1932109 0.1880257 0.1910723 0.1924287 0.1834938 0.1942004 0.1907948 0.1913226 0.1886628 0.1883549 0.1921542 0.1862119 0.1885348 0.1903557 0.1908722 0.1935914 0.1891689 0.1833308 0.1872983 0.1895806 0.1841752 0.1839092 0.1894473 0.1867767 0.1840106 0.1868920 0.1898784 0.1907205 0.1865506 0.1854198 0.1933535 0.1845748 0.1888896 0.1868905 0.1877282 0.1878569 0.1933302 0.1894174 0.1903486 0.1882664 0.1861541 
pop1.indv23 0.0127733 0.0155490 0.0147987 0.0137000 0.0140604 0.0143991 0.0129532 0.0129682 0.0129651 0.0148124 0.0118079 0.0144024 0.0150354 0.0160621 0.0129054 0.0155526 0.0157831 0.0136367 0.0143790 0.0125423 0.0137351 0.0134007 0.0000000 0.0120466 0.0129742 0.1850266 0.1818070 0.1859284 0.1867767 0.1860412 0.1884773 0.1864356 0.1894305 0.1822735 0.1897492 0.1852511 0.1871202 0.1880796 0.1806931 0.1902628 0.1870649 0.1881871 0.1854744 0.1845260 0.1877423 0.1829322 0.1853645 0.1867742 0.1872834 0.1896209 0.1872876 0.1812021 0.1854152 0.1888318 0.1820407 0.1821818 0.1883052 0.1849690 0.1832839 0.1846847 0.1891846 0.1899692 0.1857021 0.1839025 0.1917912 0.1835654 0.1876306 0.1850812 0.1852000 0.1863803 0.1922827 0.1882664 0.1885838 0.1861550 0.1843486 
pop1.indv24 0.0156397 0.0163313 0.0136399 0.0134974 0.0124642 0.0153113 0.0136905 0.0129862 0.0120915 0.0129651 0.0129892 0.0116179 0.0128905 0.0180066 0.0124556 0.0150878 0.0139018 0.0118189 0.0120550 0.0135573 0.0090503 0.0139665 0.0120466 0.0000000 0.0144292 0.1887694 0.1852439 0.1899947 0.1910136 0.1905163 0.1937702 0.1909971 0.1943734 0.1864385 0.1943361 0.1887162 0.1917206 0.1934846 0.1847912 0.1947941 0.1913250 0.1923697 0.1903916 0.1887029 0.1926870 0.1878692 0.1895109 0.1916244 0.1923211 0.1942486 0.1908962 0.1850204 0.1886804 0.1916615 0.1844531 0.1855901 0.1908297 0.1882014 0.1860410 0.1874637 0.1916209 0.1928058 0.1886584 0.1867780 0.1947608 0.1859844 0.1906187 0.1885431 0.1884120 0.1884895 0.1941090 0.1911565 0.1914484 0.1889621 0.1871774 
pop1.indv25 0.0137192 0.0132291 0.0148159 0.0116260 0.0131801 0.0124699 0.0141223 0.0144158 0.0122856 0.0141158 0.0134536 0.0144158 0.0147919 0.0153576 0.0157795 0.0158052 0.0148883 0.0139179 0.0131923 0.0153899 0.0142377 0.0139503 0.0129742 0.0144292 0.0000000 0.1881404 0.1842227 0.1889712 0.1892901 0.1891316 0.1908882 0.1892215 0.1925254 0.1847388 0.1922441 0.1873469 0.1906187 0.1916925 0.1834339 0.1930110 0.1899369 0.1906467 0.1886672 0.1868876 0.1909549 0.1860983 0.1881978 0.1899047 0.1905376 0.1924499 0.1912988 0.1847368 0.1886222 0.1916615 0.1855869 0.1856463 0.1915161 0.1877452 0.1872326 0.1882627 0.1920267 0.1936164 0.1893426 0.1875161 0.1950467 0.1863242 0.1909043 0.1886007 0.1883549 0.1883742 0.1952127 0.1915025 0.1909890 0.1889621 0.1871202 
pop2.indv1  0.1815387 0.1933886 0.1920260 0.1822063 0.1888041 0.1858155 0.1901815 0.1840726 0.1833906 0.1869978 0.1865497 0.1915071 0.1863759 0.1943734 0.1889712 0.1938844 0.1853084 0.1912642 0.1837948 0.1867780 0.1803840 0.1886497 0.1850266 0.1887694 0.1881404 0.0000000 0.0119141 0.0138971 0.0146833 0.0116996 0.0139799 0.0134840 0.0132386 0.0139671 0.0128965 0.0123530 0.0116648 0.0153635 0.0135149 0.0152969 0.0096119 0.0151427 0.0139959 0.0146430 0.0128432 0.0123841 0.0146598 0.0116276 0.0158409 0.0135584 0.1659724 0.1612994 0.1669728 0.1665596 0.1633724 0.1612651 0.1694941 0.1659550 0.1615172 0.1667186 0.1678044 0.1698187 0.1655832 0.1617907 0.1721080 0.1649700 0.1684140 0.1634554 0.1666740 0.1639212 0.1721444 0.1678541 0.1664372 0.1662524 0.1658262 
pop2.indv2  0.1783696 0.1902090 0.1887559 0.1783573 0.1849673 0.1822615 0.1870649 0.1808573 0.1806124 0.1834462 0.1825883 0.1881510 0.1831821 0.1911898 0.1851374 0.1911142 0.1817518 0.1876333 0.1813666 0.1831456 0.1765730 0.1845656 0.1818070 0.1852439 0.1842227 0.0119141 0.0000000 0.0111916 0.0112559 0.0101138 0.0098397 0.0117049 0.0104775 0.0100883 0.0117319 0.0117023 0.0098397 0.0123785 0.0114713 0.0132841 0.0131497 0.0126122 0.0119883 0.0121588 0.0118951 0.0112637 0.0100675 0.0107468 0.0128432 0.0128757 0.1691361 0.1636028 0.1697905 0.1690826 0.1654713 0.1635989 0.1712823 0.1686854 0.1646106 0.1695648 0.1702990 0.1719976 0.1679820 0.1645622 0.1742596 0.1674574 0.1709570 0.1665782 0.1694941 0.1670522 0.1756929 0.1694864 0.1688894 0.1686760 0.1682309 
pop2.indv3  0.1816288 0.1943053 0.1934446 0.1835732 0.1900197 0.1862639 0.1917349 0.1855932 0.1842481 0.1881093 0.1873881 0.1930583 0.1876526 0.1956282 0.1897338 0.1955375 0.1861522 0.1924725 0.1853149 0.1880695 0.1816007 0.1895341 0.1859284 0.1899947 0.1889712 0.0138971 0.0111916 0.0000000 0.0123360 0.0123445 0.0148060 0.0104158 0.0143140 0.0132446 0.0102624 0.0118274 0.0095290 0.0134655 0.0118247 0.0144773 0.0123671 0.0143761 0.0144520 0.0129231 0.0118006 0.0139575 0.0106823 0.0134196 0.0152829 0.0127787 0.1717182 0.1665953 0.1723846 0.1719488 0.1680804 0.1662026 0.1742202 0.1713156 0.1675414 0.1720938 0.1731627 0.1748888 0.1706175 0.1674926 0.1768027 0.1700448 0.1735808 0.1692243 0.1721015 0.1695970 0.1775239 0.1721299 0.1714114 0.1713749 0.1711419 
pop2.indv4  0.1825383 0.1956629 0.1942731 0.1844531 0.1910309 0.1874565 0.1920852 0.1861539 0.1855875 0.1886985 0.1871755 0.1944608 0.1881764 0.1965364 0.1904575 0.1961566 0.1867767 0.1930569 0.1869443 0.1892901 0.1815507 0.1892847 0.1867767 0.1910136 0.1892901 0.0146833 0.0112559 0.0123360 0.0000000 0.0121700 0.0121282 0.0159139 0.0123728 0.0126354 0.0114818 0.0112224 0.0121727 0.0128521 0.0100583 0.0160284 0.0136084 0.0123558 0.0138090 0.0135180 0.0128226 0.0114660 0.0146900 0.0142468 0.0151915 0.0142764 0.1738635 0.1673091 0.1735584 0.1730608 0.1692895 0.1671808 0.1753564 0.1724653 0.1685409 0.1728755 0.1736821 0.1761425 0.1716055 0.1682155 0.1779746 0.1714025 0.1754272 0.1702460 0.1735296 0.1702963 0.1790453 0.1731953 0.1728864 0.1723792 0.1721881 
pop2.indv5  0.1821261 0.1952427 0.1941351 0.1839913 0.1901952 0.1860979 0.1919970 0.1859844 0.1850739 0.1882553 0.1871813 0.1940956 0.1881871 0.1958321 0.1903628 0.1970225 0.1862684 0.1929728 0.1857578 0.1893064 0.1813062 0.1897615 0.1860412 0.1905163 0.1891316 0.0116996 0.0101138 0.0123445 0.0121700 0.0000000 0.0116808 0.0112224 0.0142338 0.0110349 0.0098850 0.0110020 0.0105762 0.0137710 0.0131194 0.0128403 0.0131832 0.0133268 0.0129292 0.0100400 0.0126470 0.0124498 0.0117049 0.0121755 0.0142436 0.0142797 0.1733709 0.1686306 0.1741655 0.1733306 0.1694379 0.1681164 0.1759688 0.1724008 0.1687354 0.1731953 0.1747277 0.1763755 0.1726278 0.1684084 0.1790453 0.1716109 0.1749914 0.1704997 0.1734192 0.1709808 0.1797382 0.1746226 0.1734309 0.1734665 0.1728338 
pop2.indv6  0.1857012 0.1969863 0.1971798 0.1859277 0.1929046 0.1896091 0.1945525 0.1888707 0.1878569 0.1910809 0.1903628 0.1972294 0.1909405 0.1978620 0.1935295 0.1974167 0.1897825 0.1954668 0.1881871 0.1912901 0.1841634 0.1919675 0.1884773 0.1937702 0.1908882 0.0139799 0.0098397 0.0148060 0.0121282 0.0116808 0.0000000 0.0153565 0.0150804 0.0154308 0.0138697 0.0132810 0.0112481 0.0153812 0.0126441 0.0157829 0.0137868 0.0128256 0.0147442 0.0113903 0.0123927 0.0119635 0.0130444 0.0149250 0.0160652 0.0142403 0.1754608 0.1699191 0.1762696 0.1754797 0.1715319 0.1701446 0.1780531 0.1746628 0.1712506 0.1755653 0.1763908 0.1783601 0.1743856 0.1707725 0.1810773 0.1737988 0.1774168 0.1725889 0.1754918 0.1730195 0.1817790 0.1759001 0.1756147 0.1747473 0.1749745 
pop2.indv7  0.1828866 0.1948229 0.1949291 0.1832751 0.1902767 0.1866609 0.1924666 0.1865478 0.1855888 0.1894824 0.1883052 0.1938508 0.1881127 0.1969076 0.1911805 0.1960633 0.1867175 0.1925736 0.1871111 0.1884814 0.1819042 0.1892162 0.1864356 0.1909971 0.1892215 0.0134840 0.0117049 0.0104158 0.0159139 0.0112224 0.0153565 0.0000000 0.0148432 0.0100469 0.0156596 0.0104894 0.0109693 0.0126007 0.0107359 0.0136675 0.0119690 0.0130384 0.0137932 0.0128109 0.0135149 0.0140281 0.0135180 0.0111738 0.0114085 0.0137615 0.1735734 0.1681659 0.1743638 0.1735340 0.1696182 0.1680312 0.1768641 0.1728864 0.1694442 0.1736764 0.1741036 0.1768351 0.1728353 0.1696696 0.1791006 0.1722025 0.1757910 0.1714255 0.1747003 0.1711495 0.1794547 0.1743303 0.1737345 0.1735660 0.1730912 
pop2.indv8  0.1866054 0.1985552 0.1971434 0.1866064 0.1936228 0.1905586 0.1957795 0.1898793 0.1892110 0.1924246 0.1915969 0.1974167 0.1921030 0.1991457 0.1941281 0.1991027 0.1901101 0.1964674 0.1892527 0.1914395 0.1852463 0.1929749 0.1894305 0.1943734 0.1925254 0.0132386 0.0104775 0.0143140 0.0123728 0.0142338 0.0150804 0.0148432 0.0000000 0.0151427 0.0131164 0.0135149 0.0118951 0.0129879 0.0139511 0.0166913 0.0123785 0.0144024 0.0142403 0.0141300 0.0114163 0.0117023 0.0113903 0.0143860 0.0122827 0.0155878 0.1764296 0.1706214 0.1765269 0.1760165 0.1728864 0.1697217 0.1786325 0.1753029 0.1711457 0.1761525 0.1769790 0.1793252 0.1749231 0.1714208 0.1812630 0.1750439 0.1786624 0.1724274 0.1760742 0.1732852 0.1815743 0.1764893 0.1762511 0.1745229 0.1751821 
pop2.indv9  0.1787956 0.1916738 0.1901035 0.1794563 0.1863784 0.1831731 0.1881942 0.1824447 0.1824333 0.1846352 0.1834462 0.1892793 0.1843644 0.1919087 0.1866598 0.1920067 0.1822185 0.1883052 0.1825605 0.1846264 0.1773458 0.1854189 0.1822735 0.1864385 0.1847388 0.0139671 0.0100883 0.0132446 0.0126354 0.0110349 0.0154308 0.0100469 0.0151427 0.0000000 0.0126529 0.0119360 0.0095812 0.0123643 0.0125747 0.0127613 0.0124326 0.0113955 0.0126238 0.0155913 0.0151601 0.0119388 0.0130563 0.0114346 0.0139703 0.0132993 0.1684140 0.1633849 0.1687810 0.1689624 0.1648227 0.1625523 0.1716282 0.1680669 0.1639212 0.1680882 0.1698932 0.1722903 0.1673185 0.1634554 0.1735022 0.1666509 0.1705486 0.1651792 0.1687757 0.1652762 0.1734427 0.1691863 0.1685461 0.1680034 0.1682651 
pop2.indv10 0.1860413 0.1989673 0.1974774 0.1865552 0.1936979 0.1899175 0.1958159 0.1891162 0.1883820 0.1920852 0.1912487 0.1976950 0.1917629 0.2003262 0.1944928 0.1995812 0.1902604 0.1963281 0.1899692 0.1921847 0.1847814 0.1932109 0.1897492 0.1943361 0.1922441 0.0128965 0.0117319 0.0102624 0.0114818 0.0098850 0.0138697 0.0156596 0.0131164 0.0126529 0.0000000 0.0105351 0.0112533 0.0128698 0.0122233 0.0142142 0.0153077 0.0119223 0.0124383 0.0137426 0.0131104 0.0119883 0.0116781 0.0133452 0.0140475 0.0161878 0.1754104 0.1703736 0.1762759 0.1757621 0.1718438 0.1694182 0.1780685 0.1747130 0.1711806 0.1762323 0.1767321 0.1788725 0.1747130 0.1711806 0.1811082 0.1737407 0.1777627 0.1729061 0.1765869 0.1736177 0.1810298 0.1759044 0.1763314 0.1747458 0.1749218 
pop2.indv11 0.1810846 0.1932821 0.1914624 0.1820343 0.1889761 0.1846889 0.1889906 0.1839025 0.1828816 0.1864349 0.1856452 0.1915657 0.1855368 0.1942677 0.1884652 0.1934949 0.1844630 0.1909808 0.1839614 0.1868920 0.1795337 0.1880257 0.1852511 0.1887162 0.1873469 0.0123530 0.0117023 0.0118274 0.0112224 0.0110020 0.0132810 0.0104894 0.0135149 0.0119360 0.0105351 0.0000000 0.0086722 0.0114267 0.0100606 0.0125147 0.0128344 0.0100171 0.0135677 0.0118625 0.0121337 0.0119497 0.0123501 0.0130533 0.0121226 0.0154308 0.1698187 0.1640310 0.1702474 0.1697676 0.1656165 0.1645702 0.1727122 0.1691424 0.1656317 0.1692158 0.1703736 0.1727214 0.1683920 0.1648889 0.1749745 0.1677705 0.1713564 0.1669939 0.1702193 0.1670431 0.1755846 0.1702723 0.1699447 0.1694641 0.1696683 
pop2.indv12 0.1843380 0.1963281 0.1944055 0.1846762 0.1913899 0.1875161 0.1923315 0.1867780 0.1865533 0.1891060 0.1893481 0.1951220 0.1892006 0.1969797 0.1913811 0.1975762 0.1878026 0.1945207 0.1870044 0.1902159 0.1828461 0.1910723 0.1871202 0.1917206 0.1906187 0.0116648 0.0098397 0.0095290 0.0121727 0.0105762 0.0112481 0.0109693 0.0118951 0.0095812 0.0112533 0.0086722 0.0000000 0.0095878 0.0084449 0.0116143 0.0096428 0.0095987 0.0112559 0.0097727 0.0093690 0.0112507 0.0100583 0.0111738 0.0086466 0.0119087 0.1749218 0.1689856 0.1753425 0.1752188 0.1705503 0.1686179 0.1774699 0.1738443 0.1705991 0.1745907 0.1761323 0.1775492 0.1737407 0.1699441 0.1797783 0.1731532 0.1764437 0.1716109 0.1745255 0.1724224 0.1797483 0.1750789 0.1746449 0.1737666 0.1747130 
pop2.indv13 0.1853051 0.1984334 0.1966736 0.1860979 0.1931403 0.1889858 0.1944331 0.1882479 0.1883703 0.1911974 0.1908218 0.1972903 0.1909983 0.1990877 0.1932465 0.1986982 0.1895572 0.1957515 0.1891534 0.1916925 0.1839350 0.1924287 0.1880796 0.1934846 0.1916925 0.0153635 0.0123785 0.0134655 0.0128521 0.0137710 0.0153812 0.0126007 0.0129879 0.0123643 0.0128698 0.0114267 0.0095878 0.0000000 0.0121226 0.0141461 0.0136147 0.0141849 0.0149731 0.0120894 0.0130923 0.0112533 0.0137426 0.0116170 0.0100057 0.0158518 0.1721371 0.1673878 0.1736821 0.1732360 0.1689393 0.1672101 0.1757549 0.1721590 0.1683424 0.1726189 0.1741367 0.1765420 0.1714532 0.1686179 0.1780405 0.1711495 0.1744527 0.1696683 0.1732231 0.1704217 0.1783357 0.1729885 0.1729581 0.1725036 0.1730708 
pop2.indv14 0.1772665 0.1890583 0.1883549 0.1782615 0.1851949 0.1814838 0.1859277 0.1800298 0.1797826 0.1833393 0.1818070 0.1878055 0.1821270 0.1896328 0.1846330 0.1900208 0.1809750 0.1871755 0.1809284 0.1830944 0.1757530 0.1834938 0.1806931 0.1847912 0.1834339 0.0135149 0.0114713 0.0118247 0.0100583 0.0131194 0.0126441 0.0107359 0.0139511 0.0125747 0.0122233 0.0100606 0.0084449 0.0121226 0.0000000 0.0106920 0.0110629 0.0111967 0.0112250 0.0123389 0.0132841 0.0093861 0.0107443 0.0107492 0.0128197 0.0133299 0.1672302 0.1621521 0.1672106 0.1664675 0.1633139 0.1613761 0.1693158 0.1664615 0.1619994 0.1669041 0.1677179 0.1707268 0.1657629 0.1626440 0.1722686 0.1647743 0.1690358 0.1643686 0.1676514 0.1640930 0.1725853 0.1675683 0.1666206 0.1668135 0.1655845 
pop2.indv15 0.1871093 0.1986760 0.1979509 0.1882406 0.1944418 0.1899753 0.1961936 0.1899753 0.1894249 0.1921710 0.1922011 0.1982913 0.1923626 0.1992033 0.1949448 0.2004368 0.1905439 0.1967588 0.1897459 0.1927283 0.1856452 0.1942004 0.1902628 0.1947941 0.1930110 0.0152969 0.0132841 0.0144773 0.0160284 0.0128403 0.0157829 0.0136675 0.0166913 0.0127613 0.0142142 0.0125147 0.0116143 0.0141461 0.0106920 0.0000000 0.0146631 0.0148026 0.0156092 0.0120127 0.0129968 0.0132477 0.0129820 0.0134349 0.0150426 0.0148771 0.1773404 0.1710684 0.1777221 0.1765493 0.1727239 0.1712841 0.1801960 0.1755083 0.1723898 0.1763032 0.1771272 0.1798471 0.1755083 0.1722382 0.1824409 0.1752500 0.1785264 0.1733450 0.1768745 0.1740991 0.1827571 0.1770745 0.1773289 0.1758754 0.1767504 
pop2.indv16 0.1828614 0.1955898 0.1948229 0.1846175 0.1912814 0.1879174 0.1915932 0.1867793 0.1850739 0.1894529 0.1885514 0.1946692 0.1884692 0.1961798 0.1906467 0.1957393 0.1872918 0.1933181 0.1853615 0.1891898 0.1819891 0.1907948 0.1870649 0.1913250 0.1899369 0.0096119 0.0131497 0.0123671 0.0136084 0.0131832 0.0137868 0.0119690 0.0123785 0.0124326 0.0153077 0.0128344 0.0096428 0.0136147 0.0110629 0.0146631 0.0000000 0.0112353 0.0129412 0.0109819 0.0122064 0.0117644 0.0124355 0.0107813 0.0130983 0.0124441 0.1708551 0.1657161 0.1722403 0.1715193 0.1678752 0.1659724 0.1744864 0.1708791 0.1670028 0.1716164 0.1728014 0.1745019 0.1704490 0.1662034 0.1771095 0.1691628 0.1734545 0.1686081 0.1712000 0.1690358 0.1770667 0.1719821 0.1713056 0.1708338 0.1710317 
pop2.indv17 0.1846308 0.1966053 0.1956126 0.1850798 0.1916952 0.1883549 0.1934949 0.1879018 0.1872855 0.1901612 0.1889858 0.1950023 0.1898543 0.1975381 0.1921427 0.1976216 0.1880728 0.1940030 0.1877310 0.1902465 0.1829223 0.1913226 0.1881871 0.1923697 0.1906467 0.0151427 0.0126122 0.0143761 0.0123558 0.0133268 0.0128256 0.0130384 0.0144024 0.0113955 0.0119223 0.0100171 0.0095987 0.0141849 0.0111967 0.0148026 0.0112353 0.0000000 0.0142305 0.0141590 0.0135242 0.0119305 0.0120977 0.0127933 0.0164756 0.0149215 0.1763620 0.1703959 0.1767913 0.1762788 0.1720571 0.1703935 0.1781842 0.1752341 0.1717239 0.1760323 0.1771908 0.1789291 0.1748020 0.1713979 0.1812554 0.1742160 0.1779342 0.1734903 0.1763856 0.1735416 0.1822366 0.1764741 0.1757513 0.1756535 0.1754420 
pop2.indv18 0.1818555 0.1942351 0.1931993 0.1822989 0.1892740 0.1856447 0.1914076 0.1851924 0.1841693 0.1873425 0.1873491 0.1925091 0.1871659 0.1959812 0.1901815 0.1940424 0.1857012 0.1915748 0.1853062 0.1875236 0.1808624 0.1886628 0.1854744 0.1903916 0.1886672 0.0139959 0.0119883 0.0144520 0.0138090 0.0129292 0.0147442 0.0137932 0.0142403 0.0126238 0.0124383 0.0135677 0.0112559 0.0149731 0.0112250 0.0156092 0.0129412 0.0142305 0.0000000 0.0151601 0.0130863 0.0124155 0.0140023 0.0135490 0.0130773 0.0140572 0.1711806 0.1665290 0.1720559 0.1712356 0.1673291 0.1657120 0.1738635 0.1702211 0.1673384 0.1717130 0.1725122 0.1742076 0.1708256 0.1673384 0.1768588 0.1698689 0.1732157 0.1687626 0.1717746 0.1691893 0.1768149 0.1720267 0.1714025 0.1709330 0.1707003 
pop2.indv19 0.1818338 0.1939900 0.1916584 0.1823896 0.1886810 0.1845283 0.1897126 0.1841372 0.1838503 0.1861525 0.1859281 0.1923973 0.1865974 0.1942272 0.1891279 0.1942004 0.1851429 0.1914130 0.1840265 0.1878478 0.1799560 0.1883549 0.1845260 0.1887029 0.1868876 0.0146430 0.0121588 0.0129231 0.0135180 0.0100400 0.0113903 0.0128109 0.0141300 0.0155913 0.0137426 0.0118625 0.0097727 0.0120894 0.0123389 0.0120127 0.0109819 0.0141590 0.0151601 0.0000000 0.0123417 0.0116701 0.0125461 0.0127787 0.0134226 0.0153074 0.1710215 0.1652441 0.1714072 0.1705972 0.1671514 0.1650848 0.1734784 0.1699200 0.1664677 0.1710215 0.1715319 0.1738695 0.1695457 0.1663705 0.1764447 0.1689735 0.1728864 0.1678274 0.1714114 0.1685239 0.1764518 0.1710519 0.1714663 0.1695924 0.1701198 
pop2.indv20 0.1853040 0.1981678 0.1958834 0.1853029 0.1926324 0.1886497 0.1941021 0.1881369 0.1875186 0.1907478 0.1899111 0.1956789 0.1909485 0.1978815 0.1924560 0.1974354 0.1887073 0.1950170 0.1878508 0.1910136 0.1834214 0.1921542 0.1877423 0.1926870 0.1909549 0.0128432 0.0118951 0.0118006 0.0128226 0.0126470 0.0123927 0.0135149 0.0114163 0.0151601 0.0131104 0.0121337 0.0093690 0.0130923 0.0132841 0.0129968 0.0122064 0.0135242 0.0130863 0.0123417 0.0000000 0.0105375 0.0114320 0.0130683 0.0132902 0.0130863 0.1762634 0.1708016 0.1766938 0.1769502 0.1725977 0.1706456 0.1799156 0.1755130 0.1723631 0.1763160 0.1775357 0.1798422 0.1755653 0.1719332 0.1821818 0.1748705 0.1788416 0.1733278 0.1766165 0.1734309 0.1818271 0.1770953 0.1767444 0.1754987 0.1764366 
pop2.indv21 0.1798272 0.1921644 0.1902327 0.1804938 0.1875136 0.1833864 0.1884895 0.1829371 0.1820215 0.1849111 0.1837175 0.1905600 0.1850856 0.1927464 0.1872285 0.1918595 0.1836094 0.1895747 0.1824886 0.1853585 0.1783745 0.1862119 0.1829322 0.1878692 0.1860983 0.0123841 0.0112637 0.0139575 0.0114660 0.0124498 0.0119635 0.0140281 0.0117023 0.0119388 0.0119883 0.0119497 0.0112507 0.0112533 0.0093861 0.0132477 0.0117644 0.0119305 0.0124155 0.0116701 0.0105375 0.0000000 0.0109869 0.0135802 0.0130623 0.0135459 0.1701206 0.1646255 0.1705539 0.1700701 0.1665476 0.1646144 0.1729783 0.1695405 0.1659094 0.1706011 0.1713935 0.1729885 0.1689624 0.1658605 0.1756896 0.1686628 0.1720489 0.1676555 0.1713243 0.1681313 0.1760264 0.1705785 0.1709507 0.1698163 0.1696411 
pop2.indv22 0.1815387 0.1938508 0.1927650 0.1825993 0.1895974 0.1855901 0.1903557 0.1848027 0.1837842 0.1873359 0.1865497 0.1918499 0.1867678 0.1943734 0.1897641 0.1946892 0.1852523 0.1915476 0.1849163 0.1874589 0.1804938 0.1885348 0.1853645 0.1895109 0.1881978 0.0146598 0.0100675 0.0106823 0.0146900 0.0117049 0.0130444 0.0135180 0.0113903 0.0130563 0.0116781 0.0123501 0.0100583 0.0137426 0.0107443 0.0129820 0.0124355 0.0120977 0.0140023 0.0125461 0.0114320 0.0109869 0.0000000 0.0114033 0.0125489 0.0137932 0.1733479 0.1675649 0.1738056 0.1729783 0.1687897 0.1674349 0.1759800 0.1720062 0.1691190 0.1727936 0.1739807 0.1756176 0.1722317 0.1680456 0.1785974 0.1712738 0.1749570 0.1701200 0.1730703 0.1705972 0.1785084 0.1734427 0.1734587 0.1722982 0.1728145 
pop2.indv23 0.1832240 0.1956313 0.1952113 0.1844020 0.1910146 0.1872813 0.1924077 0.1868861 0.1858714 0.1898793 0.1883625 0.1943734 0.1885061 0.1969076 0.1914624 0.1971559 0.1869427 0.1929749 0.1870544 0.1888801 0.1821879 0.1903557 0.1867742 0.1916244 0.1899047 0.0116276 0.0107468 0.0134196 0.0142468 0.0121755 0.0149250 0.0111738 0.0143860 0.0114346 0.0133452 0.0130533 0.0111738 0.0116170 0.0107492 0.0134349 0.0107813 0.0127933 0.0135490 0.0127787 0.0130683 0.0135802 0.0114033 0.0000000 0.0114111 0.0142272 0.1739534 0.1688167 0.1746950 0.1746269 0.1703210 0.1683540 0.1771413 0.1735416 0.1696696 0.1736764 0.1752008 0.1778811 0.1728864 0.1700448 0.1793787 0.1726311 0.1765044 0.1709980 0.1742202 0.1711495 0.1794547 0.1747130 0.1739589 0.1731328 0.1736958 
pop2.indv24 0.1848550 0.1965622 0.1955089 0.1845141 0.1918703 0.1882442 0.1932702 0.1877908 0.1875136 0.1904502 0.1892162 0.1945525 0.1897459 0.1970895 0.1919774 0.1973374 0.1879049 0.1938973 0.1879587 0.1897369 0.1828056 0.1908722 0.1872834 0.1923211 0.1905376 0.0158409 0.0128432 0.0152829 0.0151915 0.0142436 0.0160652 0.0114085 0.0122827 0.0139703 0.0140475 0.0121226 0.0086466 0.0100057 0.0128197 0.0150426 0.0130983 0.0164756 0.0130773 0.0134226 0.0132902 0.0130623 0.0125489 0.0114111 0.0000000 0.0149250 0.1755818 0.1703714 0.1770033 0.1758797 0.1726400 0.1699451 0.1783964 0.1747843 0.1706214 0.1759641 0.1767913 0.1795292 0.1747325 0.1716002 0.1818059 0.1741974 0.1784788 0.1729375 0.1762144 0.1730912 0.1810616 0.1767383 0.1760116 0.1747652 0.1746628 
pop2.indv25 0.1868934 0.1985767 0.1974398 0.1864963 0.1934949 0.1901303 0.1953775 0.1901303 0.1891741 0.1923489 0.1916925 0.1961463 0.1917442 0.1983517 0.1940030 0.1994749 0.1896209 0.1959484 0.1894994 0.1917018 0.1846719 0.1935914 0.1896209 0.1942486 0.1924499 0.0135584 0.0128757 0.0127787 0.0142764 0.0142797 0.0142403 0.0137615 0.0155878 0.0132993 0.0161878 0.0154308 0.0119087 0.0158518 0.0133299 0.0148771 0.0124441 0.0149215 0.0140572 0.0153074 0.0130863 0.0135459 0.0137932 0.0142272 0.0149250 0.0000000 0.1743488 0.1687127 0.1750439 0.1739807 0.1699944 0.1683483 0.1764518 0.1728449 0.1693421 0.1736890 0.1748865 0.1769117 0.1731221 0.1693421 0.1795189 0.1725889 0.1758636 0.1710013 0.1739076 0.1715319 0.1801573 0.1747817 0.1740756 0.1731436 0.1734309 
pop3.indv1  0.1828766 0.1959484 0.1937533 0.1832106 0.1897764 0.1862104 0.1895051 0.1861539 0.1851347 0.1893784 0.1899111 0.1918595 0.1864327 0.1941618 0.1875631 0.1925254 0.1863237 0.1905302 0.1873972 0.1841162 0.1826275 0.1891689 0.1872876 0.1908962 0.1912988 0.1659724 0.1691361 0.1717182 0.1738635 0.1733709 0.1754608 0.1735734 0.1764296 0.1684140 0.1754104 0.1698187 0.1749218 0.1721371 0.1672302 0.1773404 0.1708551 0.1763620 0.1711806 0.1710215 0.1762634 0.1701206 0.1733479 0.1739534 0.1755818 0.1743488 0.0000000 0.0107566 0.0117698 0.0089138 0.0105375 0.0137143 0.0114634 0.0100217 0.0128285 0.0112430 0.0122120 0.0149524 0.0119087 0.0107310 0.0149215 0.0104942 0.0082156 0.0111738 0.0118220 0.0135459 0.0128905 0.0108061 0.0116541 0.0115109 0.0128876 
pop3.indv2  0.1775620 0.1893371 0.1878987 0.1773876 0.1844654 0.1804291 0.1833351 0.1804291 0.1790118 0.1829518 0.1833308 0.1859278 0.1806981 0.1866074 0.1817311 0.1866054 0.1804835 0.1846868 0.1818887 0.1783403 0.1764427 0.1833308 0.1812021 0.1850204 0.1847368 0.1612994 0.1636028 0.1665953 0.1673091 0.1686306 0.1699191 0.1681659 0.1706214 0.1633849 0.1703736 0.1640310 0.1689856 0.1673878 0.1621521 0.1710684 0.1657161 0.1703959 0.1665290 0.1652441 0.1708016 0.1646255 0.1675649 0.1688167 0.1703714 0.1687127 0.0107566 0.0000000 0.0108135 0.0105326 0.0117238 0.0111865 0.0155949 0.0118625 0.0128285 0.0126470 0.0087060 0.0121755 0.0111967 0.0111967 0.0128668 0.0118923 0.0091372 0.0102624 0.0102019 0.0121700 0.0123756 0.0112611 0.0113722 0.0119525 0.0114477 
