75
pop1.indv1  0.0000000 0.0112129 0.0100624 0.0123138 0.0078175 0.0146353 0.0078790 0.0044795 0.0112255 0.0114047 0.0090403 0.0113016 0.0101532 0.0067194 0.0067801 0.0125098 0.0101190 0.0067119 0.0067044 0.0112888 0.0112507 0.0090505 0.0157882 0.0112003 0.0112507 0.1833076 0.1911715 0.1709416 0.1819363 0.1875033 0.1855387 0.1941189 0.1883912 0.1819363 0.1771905 0.1955865 0.1802828 0.1885238 0.1992690 0.1880202 0.1793938 0.2017490 0.1849764 0.1813936 0.1931633 0.1786328 0.1640145 0.1838753 0.1752679 0.1781011 0.1740472 0.1714087 0.1617845 0.1603385 0.1664389 0.1689298 0.1540759 0.1760739 0.1730242 0.1585751 0.1640990 0.1702727 0.1632124 0.1529652 0.1819583 0.1453694 0.1629049 0.1670382 0.1617845 0.1590650 0.1754171 0.1472917 0.1665820 0.1527714 0.1724210 
pop1.indv10 0.0112129 0.0000000 0.0135016 0.0135473 0.0146189 0.0146189 0.0160049 0.0090403 0.0124532 0.0149209 0.0125098 0.0125527 0.0068032 0.0135933 0.0101762 0.0137177 0.0067572 0.0055466 0.0101762 0.0158239 0.0159139 0.0090917 0.0147015 0.0078613 0.0147349 0.1960669 0.2024879 0.1816152 0.1945693 0.2007487 0.1983979 0.2073511 0.1997580 0.1945693 0.1898086 0.2068981 0.1911715 0.2014439 0.2106957 0.2007932 0.1921102 0.2152727 0.1959741 0.1922818 0.2062996 0.1911715 0.1745811 0.1964779 0.1881020 0.1889030 0.1866533 0.1838687 0.1739622 0.1722650 0.1788531 0.1813670 0.1660468 0.1885543 0.1855320 0.1705466 0.1763940 0.1825174 0.1755314 0.1648240 0.1947845 0.1570285 0.1750824 0.1796242 0.1739622 0.1711965 0.1880470 0.1588041 0.1788998 0.1644989 0.1849787 
pop1.indv11 0.0100624 0.0135016 0.0000000 0.0123138 0.0078087 0.0134713 0.0101877 0.0033615 0.0100850 0.0137334 0.0113400 0.0090608 0.0101304 0.0112507 0.0113658 0.0090608 0.0101762 0.0055466 0.0055282 0.0123553 0.0135933 0.0113016 0.0112129 0.0067044 0.0146353 0.1849787 0.1928686 0.1725800 0.1835933 0.1891901 0.1872191 0.1957929 0.1901008 0.1835933 0.1788531 0.1972749 0.1819363 0.1901684 0.2009676 0.1896856 0.1810655 0.2034463 0.1866376 0.1830450 0.1948670 0.1802828 0.1656496 0.1855254 0.1766587 0.1797456 0.1721668 0.1711575 0.1599588 0.1565444 0.1627336 0.1668260 0.1520552 0.1742132 0.1711575 0.1567776 0.1604254 0.1682002 0.1629726 0.1511805 0.1797848 0.1418574 0.1610799 0.1632838 0.1615489 0.1572443 0.1716607 0.1472917 0.1663387 0.1492489 0.1684343 
pop1.indv12 0.0123138 0.0135473 0.0123138 0.0000000 0.0123276 0.0180245 0.0160049 0.0067044 0.0123414 0.0137334 0.0135933 0.0112761 0.0102224 0.0112634 0.0125241 0.0183554 0.0170414 0.0111753 0.0078000 0.0147015 0.0146353 0.0125241 0.0135933 0.0145861 0.0146353 0.1775156 0.1852583 0.1653109 0.1761982 0.1816401 0.1797058 0.1882736 0.1824461 0.1761982 0.1714521 0.1896856 0.1745632 0.1828024 0.1933178 0.1822287 0.1736151 0.1957929 0.1792117 0.1756767 0.1872191 0.1729316 0.1584229 0.1781533 0.1695588 0.1724210 0.1686817 0.1676965 0.1565607 0.1532307 0.1592975 0.1633804 0.1487009 0.1707664 0.1676965 0.1534281 0.1570158 0.1648093 0.1595306 0.1478485 0.1762652 0.1385760 0.1576845 0.1598031 0.1581420 0.1538525 0.1681876 0.1440279 0.1629049 0.1459661 0.1649796 
pop1.indv13 0.0078175 0.0146189 0.0078087 0.0123276 0.0000000 0.0111369 0.0136242 0.0033465 0.0123970 0.0148189 0.0147684 0.0147182 0.0079687 0.0089895 0.0101877 0.0147516 0.0090301 0.0066671 0.0078262 0.0158419 0.0146849 0.0136552 0.0123831 0.0089694 0.0111878 0.1869357 0.1948670 0.1744821 0.1855320 0.1911715 0.1891901 0.1977679 0.1921102 0.1855320 0.1807919 0.1992690 0.1838687 0.1921012 0.2029789 0.1916424 0.1830181 0.2054591 0.1885853 0.1849764 0.1968760 0.1822089 0.1675385 0.1874585 0.1788531 0.1816646 0.1721668 0.1727704 0.1615489 0.1583225 0.1661939 0.1705466 0.1536297 0.1742132 0.1711575 0.1583469 0.1622576 0.1716144 0.1629726 0.1527449 0.1797848 0.1451609 0.1626681 0.1667893 0.1615489 0.1590650 0.1754171 0.1470838 0.1679417 0.1525538 0.1719134 
pop1.indv14 0.0146353 0.0146189 0.0134713 0.0180245 0.0111369 0.0000000 0.0147182 0.0134864 0.0157705 0.0148697 0.0147015 0.0230002 0.0078879 0.0157882 0.0158061 0.0124110 0.0101418 0.0111369 0.0146684 0.0135320 0.0227645 0.0147349 0.0215397 0.0135626 0.0146189 0.1959741 0.2040698 0.1833076 0.1944893 0.2003080 0.1982856 0.2068518 0.2013742 0.1944893 0.1897669 0.2084361 0.1928024 0.2010081 0.2122125 0.2006627 0.1920495 0.2146917 0.1975740 0.1939018 0.2061208 0.1911192 0.1763268 0.1963830 0.1858200 0.1905431 0.1808541 0.1797848 0.1684343 0.1666216 0.1731881 0.1773096 0.1604254 0.1828024 0.1797848 0.1651327 0.1707982 0.1785146 0.1715572 0.1594949 0.1885543 0.1518356 0.1695480 0.1738758 0.1700458 0.1657060 0.1822287 0.1536664 0.1749003 0.1592310 0.1789459 
pop1.indv15 0.0078790 0.0160049 0.0101877 0.0160049 0.0136242 0.0147182 0.0000000 0.0067648 0.0056215 0.0068891 0.0102574 0.0079416 0.0079869 0.0113400 0.0091228 0.0114833 0.0079147 0.0078525 0.0078702 0.0102340 0.0101877 0.0033880 0.0113400 0.0033577 0.0101877 0.1755314 0.1816152 0.1616602 0.1742217 0.1799378 0.1777255 0.1866376 0.1787572 0.1742217 0.1694370 0.1860909 0.1709416 0.1811517 0.1897260 0.1802828 0.1716037 0.1941951 0.1756046 0.1720671 0.1852628 0.1709416 0.1547330 0.1761982 0.1675385 0.1688046 0.1648240 0.1622576 0.1527180 0.1514369 0.1572591 0.1597644 0.1450641 0.1669652 0.1638588 0.1496191 0.1549763 0.1612622 0.1540611 0.1440219 0.1726759 0.1364786 0.1538525 0.1577421 0.1527180 0.1499983 0.1661939 0.1385341 0.1574735 0.1439225 0.1632124 
pop1.indv16 0.0044795 0.0090403 0.0033615 0.0067044 0.0033465 0.0134864 0.0067648 0.0000000 0.0056088 0.0114047 0.0056151 0.0079236 0.0045354 0.0090199 0.0067496 0.0114308 0.0079236 0.0055963 0.0067119 0.0067801 0.0067119 0.0091332 0.0090199 0.0055838 0.0078968 0.1646659 0.1722237 0.1526905 0.1634528 0.1686773 0.1667893 0.1754171 0.1693133 0.1634528 0.1586577 0.1767228 0.1618419 0.1701602 0.1802828 0.1694283 0.1607545 0.1827721 0.1664389 0.1629726 0.1741374 0.1602342 0.1458176 0.1654631 0.1568092 0.1597644 0.1595306 0.1586022 0.1475632 0.1446393 0.1504358 0.1545248 0.1397704 0.1617281 0.1586022 0.1445391 0.1482053 0.1561042 0.1504358 0.1389718 0.1670708 0.1299608 0.1487009 0.1508309 0.1491309 0.1448545 0.1592975 0.1337974 0.1538525 0.1374019 0.1561125 
pop1.indv17 0.0112255 0.0124532 0.0100850 0.0123414 0.0123970 0.0157705 0.0056215 0.0056088 0.0000000 0.0102108 0.0090403 0.0136708 0.0090301 0.0159683 0.0125241 0.0148020 0.0102224 0.0066894 0.0088798 0.0113144 0.0044745 0.0124956 0.0112888 0.0158239 0.0192492 0.1780481 0.1858200 0.1658008 0.1767228 0.1821888 0.1802472 0.1888359 0.1830044 0.1767228 0.1719657 0.1902564 0.1750824 0.1833405 0.1939018 0.1827721 0.1741374 0.1963830 0.1797456 0.1761982 0.1877883 0.1734454 0.1588933 0.1786809 0.1700654 0.1729316 0.1707982 0.1681876 0.1586022 0.1572154 0.1632124 0.1657060 0.1509200 0.1728634 0.1697965 0.1554346 0.1608948 0.1671022 0.1599989 0.1498343 0.1786809 0.1422640 0.1597265 0.1637702 0.1586022 0.1558852 0.1721668 0.1442311 0.1633804 0.1496738 0.1691787 
pop1.indv18 0.0114047 0.0149209 0.0137334 0.0137334 0.0148189 0.0148697 0.0068891 0.0114047 0.0102108 0.0000000 0.0126102 0.0080512 0.0068733 0.0126102 0.0127122 0.0092068 0.0114833 0.0091541 0.0056532 0.0103161 0.0126247 0.0080420 0.0102224 0.0114047 0.0137649 0.1751138 0.1810057 0.1605620 0.1735254 0.1810057 0.1773388 0.1880743 0.1778274 0.1737881 0.1686728 0.1855456 0.1702037 0.1824823 0.1892269 0.1799378 0.1711265 0.1954651 0.1730023 0.1713453 0.1846999 0.1704608 0.1537832 0.1757957 0.1686728 0.1680417 0.1677897 0.1670382 0.1554283 0.1540759 0.1603214 0.1645053 0.1476286 0.1701815 0.1670382 0.1506555 0.1579771 0.1659496 0.1586863 0.1467637 0.1755314 0.1390670 0.1568092 0.1608530 0.1572743 0.1528889 0.1694370 0.1409176 0.1621412 0.1466332 0.1661458 
pop1.indv19 0.0090403 0.0125098 0.0113400 0.0135933 0.0147684 0.0147015 0.0102574 0.0056151 0.0090403 0.0126102 0.0000000 0.0102574 0.0068812 0.0102108 0.0091020 0.0115097 0.0068186 0.0101647 0.0067119 0.0090608 0.0136397 0.0056854 0.0160049 0.0090098 0.0171388 0.1844174 0.1924073 0.1718628 0.1830181 0.1886814 0.1866854 0.1953774 0.1895978 0.1830181 0.1782113 0.1968760 0.1813399 0.1896856 0.2006165 0.1891901 0.1804505 0.2031290 0.1861022 0.1824644 0.1944313 0.1796653 0.1648394 0.1849787 0.1762585 0.1791230 0.1752679 0.1742217 0.1628003 0.1610799 0.1675385 0.1717085 0.1547417 0.1773096 0.1742217 0.1595306 0.1651563 0.1730242 0.1658973 0.1538356 0.1830317 0.1461217 0.1639359 0.1681612 0.1644219 0.1600399 0.1766587 0.1480607 0.1693066 0.1536297 0.1733551 
pop1.indv2  0.0113016 0.0125527 0.0090608 0.0112761 0.0147182 0.0230002 0.0079416 0.0079236 0.0136708 0.0080512 0.0102574 0.0000000 0.0102691 0.0102224 0.0138124 0.0185900 0.0124673 0.0124673 0.0067648 0.0125384 0.0079326 0.0102574 0.0136708 0.0113272 0.0159866 0.1875262 0.1938303 0.1732634 0.1861022 0.1921102 0.1898086 0.1987798 0.1910353 0.1861022 0.1813125 0.1982856 0.1827408 0.1930271 0.2020297 0.1922818 0.1835660 0.2065794 0.1875033 0.1838620 0.1975880 0.1827408 0.1662468 0.1880470 0.1796242 0.1805192 0.1709416 0.1715572 0.1602342 0.1570033 0.1649107 0.1693066 0.1522440 0.1730242 0.1699297 0.1570158 0.1609440 0.1704084 0.1616602 0.1513588 0.1786328 0.1437060 0.1613669 0.1654959 0.1602342 0.1577226 0.1742217 0.1456701 0.1666846 0.1511805 0.1706875 
pop1.indv20 0.0101532 0.0068032 0.0101304 0.0102224 0.0079687 0.0078879 0.0079869 0.0045354 0.0090301 0.0068733 0.0068812 0.0102691 0.0000000 0.0079597 0.0091436 0.0080052 0.0056532 0.0056215 0.0090301 0.0091332 0.0113917 0.0079236 0.0136552 0.0113788 0.0091228 0.1818683 0.1881302 0.1676528 0.1804851 0.1864132 0.1841312 0.1931633 0.1852769 0.1804851 0.1756498 0.1926394 0.1771295 0.1874807 0.1963692 0.1866692 0.1778839 0.2009260 0.1818913 0.1782639 0.1918733 0.1771295 0.1606093 0.1824644 0.1739644 0.1749267 0.1768611 0.1757957 0.1642596 0.1624953 0.1690574 0.1732634 0.1561211 0.1788998 0.1757957 0.1609440 0.1666451 0.1745632 0.1673997 0.1551987 0.1846999 0.1474114 0.1654025 0.1697055 0.1658973 0.1614756 0.1782639 0.1493468 0.1708310 0.1549763 0.1749267 
pop1.indv21 0.0067194 0.0135933 0.0112507 0.0112634 0.0089895 0.0157882 0.0113400 0.0090199 0.0159683 0.0126102 0.0102108 0.0102224 0.0079597 0.0000000 0.0078613 0.0126392 0.0136242 0.0112507 0.0078790 0.0148020 0.0124673 0.0067878 0.0205100 0.0078879 0.0147015 0.1769242 0.1846999 0.1646659 0.1756046 0.1810655 0.1791230 0.1877389 0.1818683 0.1756046 0.1708310 0.1891539 0.1739622 0.1822482 0.1928024 0.1816646 0.1730023 0.1952912 0.1786328 0.1750824 0.1866692 0.1723231 0.1577421 0.1775727 0.1689298 0.1718118 0.1680571 0.1670708 0.1558852 0.1543247 0.1604701 0.1645816 0.1479906 0.1701602 0.1670708 0.1527449 0.1581652 0.1660001 0.1588630 0.1471382 0.1756767 0.1395699 0.1570158 0.1609942 0.1574735 0.1531631 0.1694283 0.1415809 0.1622576 0.1470059 0.1661939 
pop1.indv22 0.0067801 0.0101762 0.0113658 0.0125241 0.0101877 0.0158061 0.0091228 0.0067496 0.0125241 0.0127122 0.0091020 0.0138124 0.0091436 0.0078613 0.0000000 0.0138283 0.0114701 0.0090711 0.0079236 0.0113272 0.0124956 0.0068109 0.0148697 0.0056661 0.0125527 0.1790776 0.1869726 0.1666451 0.1777255 0.1832848 0.1813125 0.1900133 0.1841265 0.1777255 0.1729072 0.1914633 0.1760609 0.1844242 0.1951656 0.1838620 0.1751138 0.1976793 0.1807919 0.1771905 0.1889724 0.1743997 0.1596420 0.1797058 0.1709773 0.1738758 0.1719657 0.1709416 0.1595670 0.1579129 0.1642596 0.1684256 0.1515409 0.1740472 0.1709416 0.1563405 0.1619003 0.1697965 0.1626252 0.1506555 0.1797058 0.1429678 0.1607067 0.1648394 0.1611820 0.1568092 0.1733551 0.1449531 0.1660468 0.1504839 0.1700654 
pop1.indv23 0.0125098 0.0137177 0.0090608 0.0183554 0.0147516 0.0124110 0.0114833 0.0114308 0.0148020 0.0092068 0.0115097 0.0185900 0.0080052 0.0126392 0.0138283 0.0000000 0.0126392 0.0102108 0.0091020 0.0114701 0.0160599 0.0102574 0.0114439 0.0067955 0.0113788 0.1909829 0.1973870 0.1765273 0.1895173 0.1956448 0.1933039 0.2023413 0.1945955 0.1895173 0.1846999 0.2018602 0.1861137 0.1964779 0.2056575 0.1957655 0.1869914 0.2102560 0.1909313 0.1872397 0.2011982 0.1861137 0.1694461 0.1914633 0.1827085 0.1838551 0.1741374 0.1747432 0.1632838 0.1599588 0.1680417 0.1724825 0.1551987 0.1761982 0.1730960 0.1599989 0.1640145 0.1735342 0.1647519 0.1542873 0.1819140 0.1465491 0.1644219 0.1686728 0.1632838 0.1607545 0.1774576 0.1484869 0.1698117 0.1540759 0.1738758 
pop1.indv24 0.0101190 0.0067572 0.0101762 0.0170414 0.0090301 0.0101418 0.0079147 0.0079236 0.0102224 0.0114833 0.0068186 0.0124673 0.0056532 0.0136242 0.0114701 0.0126392 0.0000000 0.0090098 0.0113529 0.0125670 0.0148358 0.0102457 0.0136242 0.0067420 0.0136397 0.1901008 0.1964663 0.1757234 0.1886488 0.1947333 0.1924073 0.2014096 0.1936794 0.1886488 0.1838482 0.2009260 0.1852628 0.1955865 0.2047019 0.1948670 0.1861254 0.2092786 0.1900567 0.1863853 0.2002559 0.1852628 0.1686728 0.1905906 0.1818683 0.1830181 0.1769242 0.1758669 0.1644219 0.1610799 0.1675385 0.1717085 0.1563469 0.1789459 0.1758669 0.1611305 0.1651563 0.1730242 0.1675385 0.1554304 0.1846999 0.1461217 0.1655555 0.1681612 0.1660468 0.1616602 0.1766587 0.1498343 0.1709416 0.1536297 0.1733551 
pop1.indv25 0.0067119 0.0055466 0.0055466 0.0111753 0.0066671 0.0111369 0.0078525 0.0055963 0.0066894 0.0091541 0.0101647 0.0124673 0.0056215 0.0112507 0.0090711 0.0102108 0.0090098 0.0000000 0.0055651 0.0124250 0.0135626 0.0102108 0.0112507 0.0078000 0.0112255 0.1808233 0.1869357 0.1669311 0.1794783 0.1852583 0.1830317 0.1918733 0.1841359 0.1794783 0.1747432 0.1913546 0.1761982 0.1863321 0.1949968 0.1855254 0.1769242 0.1994520 0.1808541 0.1773096 0.1905906 0.1761982 0.1600399 0.1814198 0.1730960 0.1740472 0.1665820 0.1672082 0.1561083 0.1530137 0.1606597 0.1649796 0.1482735 0.1686859 0.1656130 0.1529897 0.1567879 0.1661437 0.1574735 0.1474260 0.1741308 0.1399145 0.1572297 0.1611820 0.1561083 0.1536297 0.1697965 0.1419051 0.1624321 0.1472917 0.1663387 
pop1.indv3  0.0067044 0.0101762 0.0055282 0.0078000 0.0078262 0.0146684 0.0078702 0.0067119 0.0088798 0.0056532 0.0067119 0.0067648 0.0090301 0.0078790 0.0079236 0.0091020 0.0113529 0.0055651 0.0000000 0.0067496 0.0056026 0.0056088 0.0112381 0.0044447 0.0123553 0.1763940 0.1841404 0.1641785 0.1750824 0.1805192 0.1785839 0.1871789 0.1813125 0.1750824 0.1703198 0.1885853 0.1734454 0.1817123 0.1922206 0.1811235 0.1724825 0.1947033 0.1781011 0.1745632 0.1861022 0.1718118 0.1572743 0.1770473 0.1684256 0.1713034 0.1673163 0.1647389 0.1552072 0.1538852 0.1597644 0.1622576 0.1475632 0.1694198 0.1663387 0.1520881 0.1574735 0.1637087 0.1565691 0.1465054 0.1751583 0.1389718 0.1563342 0.1602774 0.1552072 0.1524964 0.1686817 0.1409837 0.1599588 0.1463803 0.1657060 
pop1.indv4  0.0112888 0.0158239 0.0123553 0.0147015 0.0158419 0.0135320 0.0102340 0.0067801 0.0113144 0.0103161 0.0090608 0.0125384 0.0091332 0.0148020 0.0113272 0.0114701 0.0125670 0.0124250 0.0067496 0.0000000 0.0112507 0.0091124 0.0170414 0.0101647 0.0136397 0.1940529 0.2021736 0.1813399 0.1925747 0.1983979 0.1963692 0.2050007 0.1994450 0.1925747 0.1878137 0.2065794 0.1908806 0.1991517 0.2103699 0.1987798 0.1901008 0.2128673 0.1956753 0.1919898 0.2042310 0.1891901 0.1743159 0.1944893 0.1855456 0.1886168 0.1805526 0.1778365 0.1680571 0.1664812 0.1728376 0.1753431 0.1602342 0.1825174 0.1794783 0.1647389 0.1704341 0.1765892 0.1695588 0.1590650 0.1885853 0.1513588 0.1691787 0.1735254 0.1680571 0.1653109 0.1819363 0.1532085 0.1729316 0.1588041 0.1788998 
pop1.indv5  0.0112507 0.0159139 0.0135933 0.0146353 0.0146849 0.0227645 0.0101877 0.0067119 0.0044745 0.0126247 0.0136397 0.0079326 0.0113917 0.0124673 0.0124956 0.0160599 0.0148358 0.0135626 0.0056026 0.0112507 0.0000000 0.0068032 0.0193809 0.0124532 0.0136552 0.1835844 0.1914633 0.1711965 0.1822089 0.1877883 0.1858200 0.1944106 0.1886814 0.1822089 0.1774576 0.1958827 0.1805526 0.1888031 0.1995720 0.1883023 0.1796653 0.2020551 0.1852538 0.1816646 0.1934589 0.1788998 0.1642596 0.1841493 0.1755314 0.1783666 0.1726759 0.1732788 0.1620207 0.1587754 0.1666846 0.1710504 0.1540759 0.1747216 0.1716607 0.1588041 0.1627336 0.1721118 0.1634528 0.1531860 0.1803179 0.1455785 0.1631423 0.1672880 0.1620207 0.1595306 0.1759370 0.1475003 0.1684343 0.1529897 0.1724210 
pop1.indv6  0.0090505 0.0090917 0.0113016 0.0125241 0.0136552 0.0147349 0.0033880 0.0091332 0.0124956 0.0080420 0.0056854 0.0102574 0.0079236 0.0067878 0.0068109 0.0102574 0.0102457 0.0102108 0.0056088 0.0091124 0.0068032 0.0000000 0.0159683 0.0101992 0.0113658 0.1846999 0.1927052 0.1721227 0.1832963 0.1889724 0.1869726 0.1956753 0.1898940 0.1832963 0.1784838 0.1971785 0.1816152 0.1899706 0.2009260 0.1894781 0.1807277 0.2034416 0.1863853 0.1827408 0.1947333 0.1799378 0.1650892 0.1852583 0.1762585 0.1793938 0.1755314 0.1744821 0.1630417 0.1613141 0.1677897 0.1719657 0.1549699 0.1775727 0.1744821 0.1597644 0.1654025 0.1732788 0.1661458 0.1540611 0.1833076 0.1463351 0.1641785 0.1684166 0.1646659 0.1602774 0.1769242 0.1482735 0.1695588 0.1538525 0.1736151 
pop1.indv7  0.0157882 0.0147015 0.0112129 0.0135933 0.0123831 0.0215397 0.0113400 0.0090199 0.0112888 0.0102224 0.0160049 0.0136708 0.0136552 0.0205100 0.0148697 0.0114439 0.0136242 0.0112507 0.0112381 0.0170414 0.0193809 0.0159683 0.0000000 0.0112888 0.0182299 0.1819140 0.1877883 0.1676750 0.1805526 0.1880743 0.1841404 0.1947033 0.1849832 0.1805526 0.1757957 0.1922206 0.1769862 0.1890832 0.1958827 0.1866376 0.1779943 0.2023621 0.1816646 0.1781011 0.1917559 0.1772505 0.1607545 0.1825000 0.1757957 0.1748224 0.1764601 0.1737903 0.1640990 0.1626039 0.1688046 0.1713034 0.1563405 0.1784660 0.1754171 0.1608464 0.1664389 0.1726121 0.1655555 0.1552072 0.1844242 0.1475632 0.1652210 0.1694370 0.1640990 0.1613669 0.1778365 0.1494611 0.1689298 0.1549887 0.1748224 
pop1.indv8  0.0112003 0.0078613 0.0067044 0.0145861 0.0089694 0.0135626 0.0033577 0.0055838 0.0158239 0.0114047 0.0090098 0.0113272 0.0113788 0.0078879 0.0056661 0.0067955 0.0067420 0.0078000 0.0044447 0.0101647 0.0124532 0.0101992 0.0112888 0.0000000 0.0135320 0.1802472 0.1861022 0.1658008 0.1786328 0.1861022 0.1824644 0.1930271 0.1830044 0.1788998 0.1738758 0.1905431 0.1753431 0.1874366 0.1941951 0.1849764 0.1763268 0.2003586 0.1781011 0.1764601 0.1897669 0.1756046 0.1591295 0.1808541 0.1738758 0.1731881 0.1691787 0.1684343 0.1570158 0.1556585 0.1618419 0.1659496 0.1493468 0.1715124 0.1684343 0.1523064 0.1595306 0.1673436 0.1602342 0.1484869 0.1767858 0.1409176 0.1583718 0.1623828 0.1588333 0.1545248 0.1707982 0.1427052 0.1636192 0.1483405 0.1675625 
pop1.indv9  0.0112507 0.0147349 0.0146353 0.0146353 0.0111878 0.0146189 0.0101877 0.0078968 0.0192492 0.0137649 0.0171388 0.0159866 0.0091228 0.0147015 0.0125527 0.0113788 0.0136397 0.0112255 0.0123553 0.0136397 0.0136552 0.0113658 0.0182299 0.0135320 0.0000000 0.1911715 0.1992020 0.1785839 0.1897260 0.1954651 0.1934589 0.2020551 0.1964663 0.1897260 0.1849809 0.2035995 0.1880470 0.1962896 0.2073511 0.1958827 0.1872397 0.2098376 0.1928024 0.1891539 0.2012364 0.1863717 0.1716037 0.1916424 0.1830181 0.1858110 0.1816646 0.1805856 0.1691787 0.1657605 0.1723231 0.1764601 0.1611305 0.1836108 0.1805856 0.1658542 0.1699297 0.1776841 0.1723231 0.1601917 0.1894015 0.1509200 0.1702959 0.1730023 0.1707982 0.1664389 0.1813936 0.1545454 0.1756767 0.1583469 0.1781011 
pop2.indv1  0.1833076 0.1960669 0.1849787 0.1775156 0.1869357 0.1959741 0.1755314 0.1646659 0.1780481 0.1751138 0.1844174 0.1875262 0.1818683 0.1769242 0.1790776 0.1909829 0.1901008 0.1808233 0.1763940 0.1940529 0.1835844 0.1846999 0.1819140 0.1802472 0.1911715 0.0000000 0.0127565 0.0129977 0.0164371 0.0153618 0.0129213 0.0150592 0.0166127 0.0128759 0.0141047 0.0139896 0.0212360 0.0103161 0.0187425 0.0139896 0.0117119 0.0223244 0.0161713 0.0212110 0.0152715 0.0176636 0.0082118 0.0151293 0.0129977 0.0175808 0.1927721 0.1953400 0.1855596 0.1793938 0.1867186 0.1869914 0.1770044 0.2004374 0.1936047 0.1798988 0.1841265 0.1920495 0.1770044 0.1700856 0.2071335 0.1694461 0.1867018 0.1815116 0.1812845 0.1806947 0.1901457 0.1710878 0.1864132 0.1675385 0.1867018 
pop2.indv10 0.1911715 0.2024879 0.1928686 0.1852583 0.1948670 0.2040698 0.1816152 0.1722237 0.1858200 0.1810057 0.1924073 0.1938303 0.1881302 0.1846999 0.1869726 0.1973870 0.1964663 0.1869357 0.1841404 0.2021736 0.1914633 0.1927052 0.1877883 0.1861022 0.1992020 0.0127565 0.0000000 0.0058517 0.0115898 0.0092815 0.0081449 0.0138283 0.0094015 0.0104600 0.0070098 0.0127565 0.0103996 0.0114177 0.0080884 0.0128159 0.0105706 0.0162463 0.0138924 0.0092815 0.0057508 0.0069530 0.0058586 0.0162841 0.0094237 0.0151823 0.1948173 0.1973870 0.1895978 0.1793938 0.1907886 0.1910353 0.1789845 0.2045494 0.1976958 0.1818683 0.1881588 0.1920495 0.1809750 0.1739644 0.2113578 0.1733415 0.1887145 0.1855741 0.1852722 0.1806947 0.1901457 0.1730023 0.1904413 0.1713453 0.1887145 
pop2.indv11 0.1709416 0.1816152 0.1725800 0.1653109 0.1744821 0.1833076 0.1616602 0.1526905 0.1658008 0.1605620 0.1718628 0.1732634 0.1676528 0.1646659 0.1666451 0.1765273 0.1757234 0.1669311 0.1641785 0.1813399 0.1711965 0.1721227 0.1676750 0.1658008 0.1785839 0.0129977 0.0058517 0.0000000 0.0164371 0.0190550 0.0093575 0.0199262 0.0070510 0.0128609 0.0117948 0.0199262 0.0105211 0.0162841 0.0175192 0.0139733 0.0154164 0.0223507 0.0141047 0.0105211 0.0105089 0.0081449 0.0082505 0.0116846 0.0118088 0.0128910 0.1751138 0.1798988 0.1684166 0.1628003 0.1711265 0.1720200 0.1601242 0.1852628 0.1765273 0.1628682 0.1691876 0.1736151 0.1620207 0.1540307 0.1895572 0.1549567 0.1709773 0.1661984 0.1645904 0.1639270 0.1731703 0.1563469 0.1714971 0.1517639 0.1695700 
pop2.indv12 0.1819363 0.1945693 0.1835933 0.1761982 0.1855320 0.1944893 0.1742217 0.1634528 0.1767228 0.1735254 0.1830181 0.1861022 0.1804851 0.1756046 0.1777255 0.1895173 0.1886488 0.1794783 0.1750824 0.1925747 0.1822089 0.1832963 0.1805526 0.1786328 0.1897260 0.0164371 0.0115898 0.0164371 0.0000000 0.0140551 0.0260823 0.0233494 0.0153436 0.0199029 0.0152001 0.0199262 0.0173972 0.0160969 0.0161900 0.0199496 0.0141047 0.0245608 0.0186768 0.0199262 0.0104116 0.0162652 0.0154164 0.0161900 0.0164178 0.0127861 0.1944313 0.1958572 0.1858385 0.1797058 0.1887145 0.1895572 0.1787572 0.2012364 0.1958572 0.1799378 0.1864132 0.1925747 0.1793065 0.1726449 0.2093627 0.1703446 0.1883912 0.1838339 0.1835660 0.1810057 0.1906879 0.1714521 0.1889724 0.1684256 0.1886814 
pop2.indv13 0.1875033 0.2007487 0.1891901 0.1816401 0.1911715 0.2003080 0.1799378 0.1686773 0.1821888 0.1810057 0.1886814 0.1921102 0.1864132 0.1810655 0.1832848 0.1956448 0.1947333 0.1852583 0.1805192 0.1983979 0.1877883 0.1889724 0.1880743 0.1861022 0.1954651 0.0153618 0.0092815 0.0190550 0.0140551 0.0000000 0.0176636 0.0092068 0.0178528 0.0152536 0.0165342 0.0222982 0.0116846 0.0150767 0.0176636 0.0152179 0.0106330 0.0162841 0.0152357 0.0128609 0.0176636 0.0187865 0.0083093 0.0188086 0.0117809 0.0140059 0.1948173 0.1976958 0.1895978 0.1796653 0.1910886 0.1913337 0.1789845 0.2048689 0.1980056 0.1801742 0.1884530 0.1923440 0.1812561 0.1742308 0.2113578 0.1736082 0.1890080 0.1858674 0.1855596 0.1809750 0.1904413 0.1730023 0.1907378 0.1716037 0.1890080 
pop2.indv14 0.1855387 0.1983979 0.1872191 0.1797058 0.1891901 0.1982856 0.1777255 0.1667893 0.1802472 0.1773388 0.1866854 0.1898086 0.1841312 0.1791230 0.1813125 0.1933039 0.1924073 0.1830317 0.1785839 0.1963692 0.1858200 0.1869726 0.1841404 0.1824644 0.1934589 0.0129213 0.0081449 0.0093575 0.0260823 0.0176636 0.0000000 0.0185900 0.0106582 0.0116302 0.0141047 0.0152357 0.0140222 0.0126102 0.0223770 0.0151117 0.0142217 0.0186987 0.0164178 0.0092708 0.0199966 0.0176844 0.0105830 0.0198101 0.0141713 0.0200437 0.1945127 0.1956448 0.1858480 0.1793938 0.1887481 0.1893024 0.1787080 0.2010609 0.1956448 0.1815900 0.1861373 0.1923440 0.1789845 0.1722826 0.2095718 0.1699656 0.1884219 0.1835374 0.1832731 0.1806947 0.1904413 0.1713453 0.1887145 0.1680417 0.1884219 
pop2.indv15 0.1941189 0.2073511 0.1957929 0.1882736 0.1977679 0.2068518 0.1866376 0.1754171 0.1888359 0.1880743 0.1953774 0.1987798 0.1931633 0.1877389 0.1900133 0.2023413 0.2014096 0.1918733 0.1871789 0.2050007 0.1944106 0.1956753 0.1947033 0.1930271 0.2020551 0.0150592 0.0138283 0.0199262 0.0233494 0.0092068 0.0185900 0.0000000 0.0188307 0.0138283 0.0139085 0.0267457 0.0196725 0.0193149 0.0219124 0.0172571 0.0186987 0.0195593 0.0160784 0.0149898 0.0198332 0.0162275 0.0152179 0.0183765 0.0163603 0.0209152 0.1974819 0.2003080 0.1906389 0.1825000 0.1918141 0.1920495 0.1816152 0.2056292 0.1985901 0.1846999 0.1892269 0.1949968 0.1821683 0.1752679 0.2120093 0.1749267 0.1914633 0.1867018 0.1863853 0.1838551 0.1931633 0.1761982 0.1914633 0.1729316 0.1914633 
pop2.indv16 0.1883912 0.1997580 0.1901008 0.1824461 0.1921102 0.2013742 0.1787572 0.1693133 0.1830044 0.1778274 0.1895978 0.1910353 0.1852769 0.1818683 0.1841265 0.1945955 0.1936794 0.1841359 0.1813125 0.1994450 0.1886814 0.1898940 0.1849832 0.1830044 0.1964663 0.0166127 0.0094015 0.0070510 0.0153436 0.0178528 0.0106582 0.0188307 0.0000000 0.0153618 0.0166919 0.0164758 0.0129517 0.0141379 0.0164952 0.0177682 0.0167518 0.0225096 0.0177053 0.0117671 0.0142555 0.0094237 0.0107859 0.0164952 0.0095702 0.0166522 0.1996963 0.2029429 0.1905384 0.1844151 0.1941426 0.1964540 0.1835374 0.2084505 0.2011587 0.1846999 0.1914465 0.1994450 0.1841168 0.1789367 0.2169439 0.1765982 0.1937554 0.1888525 0.1884847 0.1858674 0.1976026 0.1776109 0.1958305 0.1744980 0.1937554 
pop2.indv17 0.1819363 0.1945693 0.1835933 0.1761982 0.1855320 0.1944893 0.1742217 0.1634528 0.1767228 0.1737881 0.1830181 0.1861022 0.1804851 0.1756046 0.1777255 0.1895173 0.1886488 0.1794783 0.1750824 0.1925747 0.1822089 0.1832963 0.1805526 0.1788998 0.1897260 0.0128759 0.0104600 0.0128609 0.0199029 0.0152536 0.0116302 0.0138283 0.0153618 0.0000000 0.0093357 0.0186987 0.0151293 0.0149381 0.0198564 0.0174580 0.0153255 0.0138443 0.0127417 0.0163221 0.0152179 0.0092923 0.0118648 0.0174174 0.0118088 0.0164952 0.1950361 0.1961613 0.1861254 0.1816401 0.1890080 0.1895572 0.1793065 0.2012364 0.1958572 0.1821683 0.1864132 0.1945693 0.1793065 0.1726449 0.2096925 0.1703446 0.1889724 0.1838339 0.1835660 0.1829904 0.1927052 0.1719657 0.1889724 0.1684256 0.1889724 
pop2.indv18 0.1771905 0.1898086 0.1788531 0.1714521 0.1807919 0.1897669 0.1694370 0.1586577 0.1719657 0.1686728 0.1782113 0.1813125 0.1756498 0.1708310 0.1729072 0.1846999 0.1838482 0.1747432 0.1703198 0.1878137 0.1774576 0.1784838 0.1757957 0.1738758 0.1849809 0.0141047 0.0070098 0.0117948 0.0152001 0.0165342 0.0141047 0.0139085 0.0166919 0.0093357 0.0000000 0.0116437 0.0081354 0.0149898 0.0104237 0.0128609 0.0094237 0.0115496 0.0092601 0.0152001 0.0117671 0.0152001 0.0034987 0.0152001 0.0058449 0.0117394 0.1818449 0.1849856 0.1750348 0.1675385 0.1763917 0.1767318 0.1666041 0.1903939 0.1832731 0.1676528 0.1738758 0.1799378 0.1668593 0.1601242 0.1962572 0.1596805 0.1761891 0.1711666 0.1711265 0.1685412 0.1778839 0.1609942 0.1761891 0.1579771 0.1761891 
pop2.indv19 0.1955865 0.2068981 0.1972749 0.1896856 0.1992690 0.2084361 0.1860909 0.1767228 0.1902564 0.1855456 0.1968760 0.1982856 0.1926394 0.1891539 0.1914633 0.2018602 0.2009260 0.1913546 0.1885853 0.2065794 0.1958827 0.1971785 0.1922206 0.1905431 0.2035995 0.0139896 0.0127565 0.0199262 0.0199262 0.0222982 0.0152357 0.0267457 0.0164758 0.0186987 0.0116437 0.0000000 0.0139246 0.0243049 0.0233494 0.0270286 0.0139896 0.0280566 0.0185900 0.0162463 0.0175808 0.0185900 0.0153075 0.0196953 0.0187865 0.0186987 0.1990133 0.2015478 0.1921102 0.1838687 0.1933039 0.1935312 0.1830044 0.2068981 0.2001271 0.1861022 0.1906879 0.1964779 0.1835660 0.1765935 0.2136748 0.1759905 0.1929358 0.1881588 0.1878137 0.1852674 0.1946506 0.1772505 0.1929358 0.1739622 0.1929358 
pop2.indv2  0.1802828 0.1911715 0.1819363 0.1745632 0.1838687 0.1928024 0.1709416 0.1618419 0.1750824 0.1702037 0.1813399 0.1827408 0.1771295 0.1739622 0.1760609 0.1861137 0.1852628 0.1761982 0.1734454 0.1908806 0.1805526 0.1816152 0.1769862 0.1753431 0.1880470 0.0212360 0.0103996 0.0105211 0.0173972 0.0116846 0.0140222 0.0196725 0.0129517 0.0151293 0.0081354 0.0139246 0.0000000 0.0160969 0.0068655 0.0163412 0.0117394 0.0197870 0.0175192 0.0115763 0.0153075 0.0104237 0.0070676 0.0210129 0.0093575 0.0092601 0.1832848 0.1878137 0.1782113 0.1701815 0.1810057 0.1815900 0.1676528 0.1948670 0.1861137 0.1724825 0.1787572 0.1810947 0.1714971 0.1633566 0.1996327 0.1643421 0.1790776 0.1758464 0.1740516 0.1714971 0.1807601 0.1641785 0.1810358 0.1609440 0.1773987 
pop2.indv20 0.1885238 0.2014439 0.1901684 0.1828024 0.1921012 0.2010081 0.1811517 0.1701602 0.1833405 0.1824823 0.1896856 0.1930271 0.1874807 0.1822482 0.1844242 0.1964779 0.1955865 0.1863321 0.1817123 0.1991517 0.1888031 0.1899706 0.1890832 0.1874366 0.1962896 0.0103161 0.0114177 0.0162841 0.0160969 0.0150767 0.0126102 0.0193149 0.0141379 0.0149381 0.0149898 0.0243049 0.0160969 0.0000000 0.0137334 0.0195144 0.0139246 0.0217868 0.0137020 0.0148868 0.0173570 0.0160969 0.0127417 0.0231333 0.0139085 0.0185040 0.2017192 0.2025067 0.1948670 0.1866222 0.1960669 0.1962738 0.1861022 0.2077994 0.2028174 0.1888692 0.1934589 0.1991517 0.1863853 0.1794363 0.2162782 0.1771905 0.1956753 0.1909829 0.1905906 0.1880743 0.1973776 0.1784167 0.1956753 0.1751583 0.1956753 
pop2.indv21 0.1992690 0.2106957 0.2009676 0.1933178 0.2029789 0.2122125 0.1897260 0.1802828 0.1939018 0.1892269 0.2006165 0.2020297 0.1963692 0.1928024 0.1951656 0.2056575 0.2047019 0.1949968 0.1922206 0.2103699 0.1995720 0.2009260 0.1958827 0.1941951 0.2073511 0.0187425 0.0080884 0.0175192 0.0161900 0.0176636 0.0223770 0.0219124 0.0164952 0.0198564 0.0104237 0.0233494 0.0068655 0.0137334 0.0000000 0.0210129 0.0128459 0.0208425 0.0114965 0.0186550 0.0162463 0.0080420 0.0141379 0.0233494 0.0188529 0.0174377 0.2048689 0.2091570 0.1996327 0.1911192 0.2008831 0.2010609 0.1886814 0.2145224 0.2059780 0.1934589 0.1985121 0.2021970 0.1909829 0.1821683 0.2196996 0.1832848 0.2004374 0.1957369 0.1935312 0.1930041 0.2021736 0.1844220 0.2004374 0.1794363 0.1987051 
pop2.indv22 0.1880202 0.2007932 0.1896856 0.1822287 0.1916424 0.2006627 0.1802828 0.1694283 0.1827721 0.1799378 0.1891901 0.1922818 0.1866692 0.1816646 0.1838620 0.1957655 0.1948670 0.1855254 0.1811235 0.1987798 0.1883023 0.1894781 0.1866376 0.1849764 0.1958827 0.0139896 0.0128159 0.0139733 0.0199496 0.0152179 0.0151117 0.0172571 0.0177682 0.0174580 0.0128609 0.0270286 0.0163412 0.0195144 0.0210129 0.0000000 0.0140716 0.0221681 0.0162652 0.0128010 0.0163603 0.0163031 0.0093685 0.0162275 0.0175397 0.0150592 0.1993225 0.2039136 0.1941304 0.1855320 0.1970791 0.1975880 0.1835660 0.2110226 0.2021736 0.1880743 0.1947333 0.1967769 0.1872606 0.1788055 0.2161281 0.1798988 0.1949509 0.1919334 0.1898086 0.1872606 0.1966725 0.1794363 0.1969767 0.1761301 0.1932330 
pop2.indv23 0.1793938 0.1921102 0.1810655 0.1736151 0.1830181 0.1920495 0.1716037 0.1607545 0.1741374 0.1711265 0.1804505 0.1835660 0.1778839 0.1730023 0.1751138 0.1869914 0.1861254 0.1769242 0.1724825 0.1901008 0.1796653 0.1807277 0.1779943 0.1763268 0.1872397 0.0117119 0.0105706 0.0154164 0.0141047 0.0106330 0.0142217 0.0186987 0.0167518 0.0153255 0.0094237 0.0139896 0.0117394 0.0139246 0.0128459 0.0140716 0.0000000 0.0140222 0.0129365 0.0117532 0.0142049 0.0117809 0.0035400 0.0140551 0.0107089 0.0094015 0.1844127 0.1869914 0.1775522 0.1696918 0.1786581 0.1789845 0.1688001 0.1924073 0.1855596 0.1717581 0.1761186 0.1821683 0.1690597 0.1622664 0.1989410 0.1615885 0.1784325 0.1734224 0.1733415 0.1707509 0.1801368 0.1631120 0.1784325 0.1598425 0.1784325 
pop2.indv24 0.2017490 0.2152727 0.2034463 0.1957929 0.2054591 0.2146917 0.1941951 0.1827721 0.1963830 0.1954651 0.2031290 0.2065794 0.2009260 0.1952912 0.1976793 0.2102560 0.2092786 0.1994520 0.1947033 0.2128673 0.2020551 0.2034416 0.2023621 0.2003586 0.2098376 0.0223244 0.0162463 0.0223507 0.0245608 0.0162841 0.0186987 0.0195593 0.0225096 0.0138443 0.0115496 0.0280566 0.0197870 0.0217868 0.0208425 0.0221681 0.0140222 0.0000000 0.0161526 0.0207704 0.0162841 0.0162275 0.0176014 0.0255967 0.0186550 0.0210129 0.2070827 0.2102560 0.2001271 0.1919311 0.2013742 0.2018602 0.1915189 0.2156068 0.2085065 0.1922818 0.1990133 0.2046879 0.1918141 0.1846999 0.2218810 0.1844174 0.2009260 0.1965649 0.1960669 0.1935312 0.2029672 0.1852538 0.2012364 0.1822089 0.2012364 
pop2.indv25 0.1849764 0.1959741 0.1866376 0.1792117 0.1885853 0.1975740 0.1756046 0.1664389 0.1797456 0.1730023 0.1861022 0.1875033 0.1818913 0.1786328 0.1807919 0.1909313 0.1900567 0.1808541 0.1781011 0.1956753 0.1852538 0.1863853 0.1816646 0.1781011 0.1928024 0.0161713 0.0138924 0.0141047 0.0186768 0.0152357 0.0164178 0.0160784 0.0177053 0.0127417 0.0092601 0.0185900 0.0175192 0.0137020 0.0114965 0.0162652 0.0129365 0.0161526 0.0000000 0.0139733 0.0187645 0.0162463 0.0081830 0.0197640 0.0117532 0.0127565 0.1941304 0.1987051 0.1872606 0.1810947 0.1901457 0.1906879 0.1801742 0.2040698 0.1972818 0.1793938 0.1878394 0.1936818 0.1807277 0.1737881 0.2087061 0.1731703 0.1898086 0.1852769 0.1849832 0.1824276 0.1918141 0.1725800 0.1901008 0.1711965 0.1901008 
pop2.indv3  0.1813936 0.1922818 0.1830450 0.1756767 0.1849764 0.1939018 0.1720671 0.1629726 0.1761982 0.1713453 0.1824644 0.1838620 0.1782639 0.1750824 0.1771905 0.1872397 0.1863853 0.1773096 0.1745632 0.1919898 0.1816646 0.1827408 0.1781011 0.1764601 0.1891539 0.0212110 0.0092815 0.0105211 0.0199262 0.0128609 0.0092708 0.0149898 0.0117671 0.0163221 0.0152001 0.0162463 0.0115763 0.0148868 0.0186550 0.0128010 0.0117532 0.0207704 0.0139733 0.0000000 0.0140387 0.0115496 0.0105335 0.0185684 0.0057974 0.0175602 0.1906879 0.1915189 0.1855525 0.1756046 0.1867018 0.1869726 0.1751138 0.1985901 0.1935312 0.1779943 0.1841312 0.1880470 0.1770675 0.1702037 0.2069457 0.1679066 0.1846999 0.1815382 0.1813125 0.1767970 0.1861137 0.1676750 0.1863991 0.1660468 0.1846999 
pop2.indv4  0.1931633 0.2062996 0.1948670 0.1872191 0.1968760 0.2061208 0.1852628 0.1741374 0.1877883 0.1846999 0.1944313 0.1975880 0.1918733 0.1866692 0.1889724 0.2011982 0.2002559 0.1905906 0.1861022 0.2042310 0.1934589 0.1947333 0.1917559 0.1897669 0.2012364 0.0152715 0.0057508 0.0105089 0.0104116 0.0176636 0.0199966 0.0198332 0.0142555 0.0152179 0.0117671 0.0175808 0.0153075 0.0173570 0.0162463 0.0163603 0.0142049 0.0162841 0.0187645 0.0140387 0.0000000 0.0128759 0.0154531 0.0162652 0.0130439 0.0223507 0.2000719 0.2032745 0.1930736 0.1866692 0.1963548 0.1968736 0.1844127 0.2087061 0.2015142 0.1869726 0.1939838 0.1980916 0.1864275 0.1778839 0.2152849 0.1772779 0.1959505 0.1911428 0.1890080 0.1884530 0.1980056 0.1782639 0.1962572 0.1735254 0.1942091 
pop2.indv5  0.1786328 0.1911715 0.1802828 0.1729316 0.1822089 0.1911192 0.1709416 0.1602342 0.1734454 0.1704608 0.1796653 0.1827408 0.1771295 0.1723231 0.1743997 0.1861137 0.1852628 0.1761982 0.1718118 0.1891901 0.1788998 0.1799378 0.1772505 0.1756046 0.1863717 0.0176636 0.0069530 0.0081449 0.0162652 0.0187865 0.0176844 0.0162275 0.0094237 0.0092923 0.0152001 0.0185900 0.0104237 0.0160969 0.0080420 0.0163031 0.0117809 0.0162275 0.0162463 0.0115496 0.0128759 0.0000000 0.0154899 0.0151293 0.0128309 0.0199496 0.1872606 0.1883912 0.1787572 0.1725800 0.1812845 0.1821475 0.1714971 0.1937554 0.1883912 0.1746628 0.1790314 0.1852583 0.1720200 0.1654959 0.2020036 0.1631837 0.1810358 0.1763917 0.1762585 0.1736989 0.1832848 0.1646659 0.1815900 0.1614207 0.1813125 
pop2.indv6  0.1640145 0.1745811 0.1656496 0.1584229 0.1675385 0.1763268 0.1547330 0.1458176 0.1588933 0.1537832 0.1648394 0.1662468 0.1606093 0.1577421 0.1596420 0.1694461 0.1686728 0.1600399 0.1572743 0.1743159 0.1642596 0.1650892 0.1607545 0.1591295 0.1716037 0.0082118 0.0058586 0.0082505 0.0154164 0.0083093 0.0105830 0.0152179 0.0107859 0.0118648 0.0034987 0.0153075 0.0070676 0.0127417 0.0141379 0.0093685 0.0035400 0.0176014 0.0081830 0.0105335 0.0154531 0.0154899 0.0000000 0.0140222 0.0094571 0.0081926 0.1704884 0.1733415 0.1637567 0.1563534 0.1645122 0.1651811 0.1551854 0.1787572 0.1716517 0.1582373 0.1623308 0.1685480 0.1554216 0.1488812 0.1846999 0.1483661 0.1644263 0.1595126 0.1596805 0.1570816 0.1663497 0.1501138 0.1646771 0.1468971 0.1646771 
pop2.indv7  0.1838753 0.1964779 0.1855254 0.1781533 0.1874585 0.1963830 0.1761982 0.1654631 0.1786809 0.1757957 0.1849787 0.1880470 0.1824644 0.1775727 0.1797058 0.1914633 0.1905906 0.1814198 0.1770473 0.1944893 0.1841493 0.1852583 0.1825000 0.1808541 0.1916424 0.0151293 0.0162841 0.0116846 0.0161900 0.0188086 0.0198101 0.0183765 0.0164952 0.0174174 0.0152001 0.0196953 0.0210129 0.0231333 0.0233494 0.0162275 0.0140551 0.0255967 0.0197640 0.0185684 0.0162652 0.0151293 0.0140222 0.0000000 0.0104722 0.0175602 0.1952520 0.1980916 0.1881020 0.1819363 0.1892643 0.1895173 0.1793505 0.2031290 0.1960669 0.1824644 0.1866854 0.1944893 0.1796242 0.1727420 0.2094838 0.1723834 0.1892269 0.1841265 0.1838551 0.1832848 0.1926394 0.1739622 0.1889374 0.1704341 0.1892269 
pop2.indv8  0.1752679 0.1881020 0.1766587 0.1695588 0.1788531 0.1858200 0.1675385 0.1568092 0.1700654 0.1686728 0.1762585 0.1796242 0.1739644 0.1689298 0.1709773 0.1827085 0.1818683 0.1730960 0.1684256 0.1855456 0.1755314 0.1762585 0.1757957 0.1738758 0.1830181 0.0129977 0.0094237 0.0118088 0.0164178 0.0117809 0.0141713 0.0163603 0.0095702 0.0118088 0.0058449 0.0187865 0.0093575 0.0139085 0.0188529 0.0175397 0.0107089 0.0186550 0.0117532 0.0057974 0.0130439 0.0128309 0.0094571 0.0104722 0.0000000 0.0141047 0.1818449 0.1846999 0.1750348 0.1675385 0.1761186 0.1767318 0.1666041 0.1901008 0.1832731 0.1676528 0.1738758 0.1799378 0.1668593 0.1601242 0.1962572 0.1594381 0.1759191 0.1711666 0.1711265 0.1685412 0.1778839 0.1607545 0.1761891 0.1577421 0.1761891 
pop2.indv9  0.1781011 0.1889030 0.1797456 0.1724210 0.1816646 0.1905431 0.1688046 0.1597644 0.1729316 0.1680417 0.1791230 0.1805192 0.1749267 0.1718118 0.1738758 0.1838551 0.1830181 0.1740472 0.1713034 0.1886168 0.1783666 0.1793938 0.1748224 0.1731881 0.1858110 0.0175808 0.0151823 0.0128910 0.0127861 0.0140059 0.0200437 0.0209152 0.0166522 0.0164952 0.0117394 0.0186987 0.0092601 0.0185040 0.0174377 0.0150592 0.0094015 0.0210129 0.0127565 0.0175602 0.0223507 0.0199496 0.0081926 0.0175602 0.0141047 0.0000000 0.1830044 0.1875262 0.1779396 0.1701815 0.1790314 0.1793505 0.1676528 0.1928686 0.1841359 0.1722237 0.1767970 0.1808233 0.1695700 0.1612345 0.1972818 0.1624472 0.1788055 0.1738758 0.1721227 0.1714971 0.1804851 0.1639359 0.1788055 0.1590970 0.1771295 
pop3.indv1  0.1740472 0.1866533 0.1721668 0.1686817 0.1721668 0.1808541 0.1648240 0.1595306 0.1707982 0.1677897 0.1752679 0.1709416 0.1768611 0.1680571 0.1719657 0.1741374 0.1769242 0.1665820 0.1673163 0.1805526 0.1726759 0.1755314 0.1764601 0.1691787 0.1816646 0.1927721 0.1948173 0.1751138 0.1944313 0.1948173 0.1945127 0.1974819 0.1996963 0.1950361 0.1818449 0.1990133 0.1832848 0.2017192 0.2048689 0.1993225 0.1844127 0.2070827 0.1941304 0.1906879 0.2000719 0.1872606 0.1704884 0.1952520 0.1818449 0.1830044 0.0000000 0.0187645 0.0162652 0.0103161 0.0104358 0.0174987 0.0093248 0.0115363 0.0127417 0.0150942 0.0175397 0.0160969 0.0116982 0.0140059 0.0151117 0.0081166 0.0163221 0.0057773 0.0128010 0.0140222 0.0140059 0.0163603 0.0174987 0.0150071 0.0187865 
pop3.indv10 0.1714087 0.1838687 0.1711575 0.1676965 0.1727704 0.1797848 0.1622576 0.1586022 0.1681876 0.1670382 0.1742217 0.1715572 0.1757957 0.1670708 0.1709416 0.1747432 0.1758669 0.1672082 0.1647389 0.1778365 0.1732788 0.1744821 0.1737903 0.1684343 0.1805856 0.1953400 0.1973870 0.1798988 0.1958572 0.1976958 0.1956448 0.2003080 0.2029429 0.1961613 0.1849856 0.2015478 0.1878137 0.2025067 0.2091570 0.2039136 0.1869914 0.2102560 0.1987051 0.1915189 0.2032745 0.1883912 0.1733415 0.1980916 0.1846999 0.1875262 0.0187645 0.0000000 0.0164178 0.0138763 0.0057974 0.0163603 0.0129670 0.0173369 0.0116032 0.0127861 0.0093357 0.0172770 0.0093031 0.0116573 0.0223770 0.0141047 0.0092493 0.0093248 0.0139246 0.0104966 0.0127565 0.0186116 0.0199262 0.0080420 0.0139246 
