75
pop1.indv1  0.0000000 0.0141537 0.0129204 0.0124566 0.0126936 0.0138173 0.0127498 0.0124818 0.0138078 0.0128849 0.0155389 0.0136142 0.0158044 0.0133601 0.0134310 0.0122750 0.0160174 0.0134125 0.0127294 0.0147453 0.0161617 0.0145206 0.0122129 0.0115253 0.0099238 0.1786375 0.1747953 0.1776841 0.1779633 0.1763104 0.1712703 0.1716150 0.1816155 0.1705301 0.1732324 0.1728727 0.1755750 0.1760165 0.1690032 0.1798953 0.1766774 0.1696985 0.1795177 0.1751924 0.1778679 0.1703693 0.1744796 0.1788372 0.1746651 0.1774748 0.1858626 0.1825966 0.1882568 0.1882494 0.1883794 0.1875481 0.1918088 0.1865766 0.1883861 0.1874554 0.1806553 0.1857024 0.1836383 0.1932457 0.1813776 0.1850939 0.1919061 0.1894898 0.1893478 0.1851060 0.1823559 0.1891506 0.1793682 0.1899130 0.1821465 
pop1.indv2  0.0141537 0.0000000 0.0124786 0.0136458 0.0115646 0.0156888 0.0144040 0.0101437 0.0129138 0.0124305 0.0136421 0.0129351 0.0125071 0.0126324 0.0115245 0.0124876 0.0132228 0.0129347 0.0115175 0.0136108 0.0113290 0.0117409 0.0129530 0.0120301 0.0084940 0.1777567 0.1739826 0.1770814 0.1765970 0.1753364 0.1703649 0.1707065 0.1810614 0.1695668 0.1731273 0.1716331 0.1750353 0.1759087 0.1685750 0.1792345 0.1760830 0.1686904 0.1789127 0.1749297 0.1780890 0.1705904 0.1732401 0.1782310 0.1745042 0.1769300 0.1823092 0.1782980 0.1845744 0.1845320 0.1851017 0.1842500 0.1881975 0.1832990 0.1848729 0.1842539 0.1767156 0.1813275 0.1797020 0.1898750 0.1778054 0.1815416 0.1882012 0.1857705 0.1856511 0.1818648 0.1787475 0.1864979 0.1754635 0.1862006 0.1785013 
pop1.indv3  0.0129204 0.0124786 0.0000000 0.0124479 0.0154990 0.0156451 0.0119920 0.0126967 0.0110221 0.0107699 0.0150641 0.0138272 0.0134026 0.0131161 0.0138684 0.0119948 0.0138465 0.0151958 0.0138912 0.0147117 0.0140886 0.0131253 0.0105879 0.0122631 0.0124731 0.1725615 0.1684021 0.1719461 0.1720803 0.1709573 0.1649987 0.1659602 0.1761603 0.1644916 0.1679397 0.1671991 0.1698508 0.1709729 0.1635210 0.1740767 0.1709440 0.1639617 0.1736553 0.1701394 0.1725707 0.1651482 0.1687949 0.1733966 0.1695735 0.1720837 0.1777317 0.1734953 0.1793671 0.1793301 0.1806523 0.1786477 0.1832522 0.1796391 0.1803729 0.1790084 0.1719447 0.1769254 0.1756230 0.1849264 0.1734394 0.1770727 0.1831531 0.1816141 0.1811885 0.1775229 0.1747164 0.1819988 0.1711016 0.1821058 0.1736823 
pop1.indv4  0.0124566 0.0136458 0.0124479 0.0000000 0.0153161 0.0152452 0.0160786 0.0141251 0.0150261 0.0121800 0.0138758 0.0138596 0.0146454 0.0138050 0.0115657 0.0134509 0.0148319 0.0152598 0.0134224 0.0164261 0.0136586 0.0105568 0.0117716 0.0105978 0.0134382 0.1759811 0.1719092 0.1749812 0.1748309 0.1733098 0.1676231 0.1689744 0.1785602 0.1679345 0.1705627 0.1703251 0.1727467 0.1733341 0.1660521 0.1768490 0.1739979 0.1669669 0.1771860 0.1718811 0.1748422 0.1674132 0.1711751 0.1757882 0.1720351 0.1747794 0.1824992 0.1787657 0.1850953 0.1850579 0.1855722 0.1844381 0.1887779 0.1832120 0.1846738 0.1840539 0.1769062 0.1819572 0.1798392 0.1905186 0.1779974 0.1825048 0.1879954 0.1860164 0.1862275 0.1820008 0.1786082 0.1856237 0.1756572 0.1871147 0.1790777 
pop1.indv5  0.0126936 0.0115646 0.0154990 0.0153161 0.0000000 0.0128991 0.0131859 0.0136391 0.0124580 0.0156677 0.0143511 0.0141017 0.0167423 0.0149775 0.0133963 0.0124848 0.0146481 0.0138430 0.0131738 0.0155024 0.0131551 0.0112354 0.0134213 0.0129946 0.0101391 0.1807964 0.1765497 0.1801723 0.1807256 0.1791625 0.1726894 0.1741254 0.1847749 0.1729433 0.1760938 0.1753310 0.1783736 0.1788236 0.1719393 0.1823871 0.1791465 0.1724305 0.1823405 0.1777047 0.1807920 0.1728252 0.1766107 0.1813328 0.1771475 0.1799570 0.1868594 0.1824871 0.1891940 0.1881815 0.1893853 0.1884316 0.1928060 0.1871802 0.1883767 0.1867170 0.1801669 0.1859748 0.1835260 0.1934506 0.1813247 0.1860346 0.1917721 0.1903767 0.1895577 0.1853817 0.1829696 0.1889662 0.1792657 0.1905169 0.1826480 
pop1.indv6  0.0138173 0.0156888 0.0156451 0.0152452 0.0128991 0.0000000 0.0145941 0.0147420 0.0142776 0.0172388 0.0173500 0.0184535 0.0168865 0.0128224 0.0149777 0.0126445 0.0140556 0.0168407 0.0135703 0.0174944 0.0154211 0.0165128 0.0156922 0.0140782 0.0128698 0.1853352 0.1807223 0.1847123 0.1837648 0.1828476 0.1771247 0.1777654 0.1878611 0.1771400 0.1794785 0.1791274 0.1817354 0.1826317 0.1756439 0.1868689 0.1829424 0.1761850 0.1864338 0.1810042 0.1852100 0.1777083 0.1800170 0.1854394 0.1816303 0.1836565 0.1917754 0.1873418 0.1941724 0.1937638 0.1951620 0.1931451 0.1982096 0.1933235 0.1954785 0.1938097 0.1861642 0.1908857 0.1889037 0.1999815 0.1870092 0.1922482 0.1979065 0.1955092 0.1949392 0.1911244 0.1887022 0.1952273 0.1846368 0.1955798 0.1884654 
pop1.indv7  0.0127498 0.0144040 0.0119920 0.0160786 0.0131859 0.0145941 0.0000000 0.0108616 0.0146510 0.0121908 0.0158351 0.0127381 0.0136989 0.0127173 0.0136359 0.0111458 0.0125368 0.0148243 0.0130048 0.0101067 0.0145979 0.0112927 0.0101674 0.0127795 0.0092497 0.1826239 0.1787144 0.1816611 0.1814926 0.1806325 0.1751423 0.1755038 0.1848419 0.1744254 0.1767789 0.1768247 0.1798946 0.1800733 0.1726466 0.1838919 0.1806189 0.1731942 0.1835651 0.1791089 0.1826155 0.1753398 0.1779527 0.1824999 0.1790007 0.1810532 0.1903008 0.1867230 0.1927218 0.1924754 0.1933610 0.1912241 0.1959886 0.1910163 0.1926860 0.1917816 0.1854748 0.1898562 0.1877897 0.1982897 0.1861568 0.1907175 0.1968208 0.1947448 0.1938929 0.1896289 0.1869610 0.1940599 0.1834759 0.1943572 0.1872898 
pop1.indv8  0.0124818 0.0101437 0.0126967 0.0141251 0.0136391 0.0147420 0.0108616 0.0000000 0.0133845 0.0124220 0.0129442 0.0146047 0.0144173 0.0126270 0.0120277 0.0129713 0.0132137 0.0145843 0.0134255 0.0127175 0.0138815 0.0145035 0.0119976 0.0113342 0.0120504 0.1783169 0.1745380 0.1770341 0.1771556 0.1762189 0.1706439 0.1713121 0.1807954 0.1705522 0.1725954 0.1725653 0.1752631 0.1764657 0.1687545 0.1795715 0.1767447 0.1689207 0.1794727 0.1748818 0.1779856 0.1711959 0.1734168 0.1785683 0.1747350 0.1771587 0.1829271 0.1793497 0.1853590 0.1849307 0.1858403 0.1849806 0.1892137 0.1843582 0.1858800 0.1849885 0.1778134 0.1820513 0.1807594 0.1909602 0.1789085 0.1832655 0.1888869 0.1876288 0.1871083 0.1829316 0.1794204 0.1868970 0.1765145 0.1872708 0.1796638 
pop1.indv9  0.0138078 0.0129138 0.0110221 0.0150261 0.0124580 0.0142776 0.0146510 0.0133845 0.0000000 0.0135730 0.0138684 0.0126643 0.0138901 0.0135698 0.0138548 0.0110582 0.0155029 0.0152582 0.0124673 0.0119418 0.0138077 0.0133537 0.0124382 0.0113153 0.0124756 0.1735337 0.1701561 0.1729182 0.1727752 0.1712214 0.1663199 0.1665959 0.1764272 0.1658723 0.1682069 0.1676118 0.1708124 0.1710160 0.1647497 0.1751025 0.1719057 0.1646454 0.1747307 0.1698581 0.1738670 0.1667980 0.1687364 0.1733872 0.1699925 0.1720231 0.1818750 0.1782094 0.1840752 0.1840840 0.1849851 0.1837506 0.1877359 0.1829158 0.1840970 0.1834746 0.1763589 0.1813357 0.1800455 0.1898552 0.1778260 0.1818795 0.1877926 0.1857079 0.1859214 0.1814300 0.1787100 0.1864889 0.1757666 0.1861938 0.1784649 
pop1.indv10 0.0128849 0.0124305 0.0107699 0.0121800 0.0156677 0.0172388 0.0121908 0.0124220 0.0135730 0.0000000 0.0140374 0.0128616 0.0126737 0.0130507 0.0138051 0.0142858 0.0129206 0.0180088 0.0126739 0.0125760 0.0126049 0.0144675 0.0126363 0.0131074 0.0119731 0.1776000 0.1738543 0.1766016 0.1772074 0.1756268 0.1703155 0.1709763 0.1801126 0.1698469 0.1729516 0.1722721 0.1741434 0.1757113 0.1677412 0.1795021 0.1763150 0.1689753 0.1790210 0.1751688 0.1768390 0.1705379 0.1734921 0.1784524 0.1748019 0.1767782 0.1828326 0.1781916 0.1847529 0.1844339 0.1857253 0.1840441 0.1886844 0.1843076 0.1858206 0.1841580 0.1777039 0.1822935 0.1806818 0.1904703 0.1788431 0.1825090 0.1887488 0.1866643 0.1855999 0.1825601 0.1801203 0.1871074 0.1764667 0.1868679 0.1793797 
pop1.indv11 0.0155389 0.0136421 0.0150641 0.0138758 0.0143511 0.0173500 0.0158351 0.0129442 0.0138684 0.0140374 0.0000000 0.0138489 0.0150955 0.0128664 0.0143976 0.0132135 0.0127201 0.0134003 0.0140823 0.0131372 0.0171370 0.0149743 0.0148174 0.0153510 0.0132229 0.1771017 0.1737135 0.1760964 0.1769856 0.1747399 0.1698229 0.1703871 0.1802961 0.1696232 0.1728042 0.1712627 0.1747143 0.1759145 0.1678788 0.1790171 0.1765735 0.1683710 0.1788102 0.1747129 0.1770514 0.1703717 0.1730229 0.1779587 0.1741809 0.1766591 0.1824276 0.1784668 0.1847498 0.1847090 0.1848868 0.1847036 0.1886561 0.1837494 0.1853256 0.1843746 0.1772627 0.1817757 0.1801507 0.1900004 0.1783032 0.1816050 0.1887219 0.1858922 0.1857721 0.1819838 0.1791967 0.1869560 0.1759075 0.1863222 0.1785636 
pop1.indv12 0.0136142 0.0129351 0.0138272 0.0138596 0.0141017 0.0184535 0.0127381 0.0146047 0.0126643 0.0128616 0.0138489 0.0000000 0.0145771 0.0138113 0.0141150 0.0145885 0.0174554 0.0152525 0.0155215 0.0121595 0.0150026 0.0140114 0.0140988 0.0141442 0.0148145 0.1763166 0.1725809 0.1749917 0.1752222 0.1732248 0.1683014 0.1693786 0.1782318 0.1679681 0.1717211 0.1703507 0.1731957 0.1737818 0.1658206 0.1771817 0.1740669 0.1669544 0.1764287 0.1729277 0.1756143 0.1685662 0.1722213 0.1761264 0.1727102 0.1754992 0.1808458 0.1772457 0.1828184 0.1824817 0.1836537 0.1821586 0.1864062 0.1820475 0.1831145 0.1821534 0.1746454 0.1793232 0.1775931 0.1877209 0.1762055 0.1805177 0.1860001 0.1847150 0.1839935 0.1794527 0.1770749 0.1837689 0.1734405 0.1852567 0.1768383 
pop1.indv13 0.0158044 0.0125071 0.0134026 0.0146454 0.0167423 0.0168865 0.0136989 0.0144173 0.0138901 0.0126737 0.0150955 0.0145771 0.0000000 0.0140747 0.0136858 0.0129895 0.0148929 0.0183856 0.0134716 0.0136323 0.0134093 0.0171560 0.0143442 0.0120553 0.0127671 0.1770963 0.1725232 0.1758145 0.1756101 0.1747339 0.1690199 0.1697818 0.1792448 0.1690159 0.1713810 0.1707083 0.1732926 0.1753025 0.1672246 0.1780193 0.1755332 0.1673919 0.1779747 0.1733495 0.1767674 0.1699897 0.1721620 0.1769591 0.1732402 0.1755608 0.1831382 0.1788957 0.1851848 0.1847545 0.1861146 0.1841373 0.1887623 0.1843499 0.1858178 0.1845332 0.1776354 0.1819848 0.1799175 0.1905059 0.1780722 0.1832554 0.1890513 0.1875117 0.1863211 0.1821423 0.1797373 0.1861055 0.1757264 0.1868764 0.1797635 
pop1.indv14 0.0133601 0.0126324 0.0131161 0.0138050 0.0149775 0.0128224 0.0127173 0.0126270 0.0135698 0.0130507 0.0128664 0.0138113 0.0140747 0.0000000 0.0124214 0.0114704 0.0126884 0.0156531 0.0145608 0.0123958 0.0130924 0.0140013 0.0140628 0.0101344 0.0131438 0.1773649 0.1736212 0.1760401 0.1759934 0.1746413 0.1700811 0.1700966 0.1800426 0.1690137 0.1728213 0.1710176 0.1747196 0.1752578 0.1678799 0.1786110 0.1758621 0.1680957 0.1786190 0.1744448 0.1769881 0.1695580 0.1729362 0.1776658 0.1737587 0.1767027 0.1822121 0.1786617 0.1852872 0.1848611 0.1846489 0.1842478 0.1885628 0.1826464 0.1848141 0.1838650 0.1774136 0.1817827 0.1796226 0.1902335 0.1778986 0.1819437 0.1885681 0.1858157 0.1856399 0.1821576 0.1786750 0.1850913 0.1754666 0.1857990 0.1791947 
pop1.indv15 0.0134310 0.0115245 0.0138684 0.0115657 0.0133963 0.0149777 0.0136359 0.0120277 0.0138548 0.0138051 0.0143976 0.0141150 0.0136858 0.0124214 0.0000000 0.0120139 0.0134750 0.0157284 0.0141408 0.0138236 0.0131406 0.0140589 0.0122238 0.0136829 0.0127288 0.1836287 0.1797711 0.1822790 0.1821084 0.1804252 0.1753920 0.1750958 0.1866202 0.1754434 0.1778473 0.1771223 0.1804601 0.1803064 0.1732865 0.1852279 0.1812348 0.1744885 0.1844572 0.1790152 0.1824533 0.1749326 0.1786270 0.1838426 0.1792378 0.1824447 0.1890471 0.1853768 0.1917901 0.1921564 0.1923548 0.1907511 0.1951545 0.1901527 0.1916962 0.1911272 0.1844728 0.1889407 0.1865451 0.1976580 0.1842053 0.1891224 0.1954499 0.1930558 0.1928937 0.1891024 0.1856034 0.1924342 0.1822560 0.1935303 0.1859929 
pop1.indv16 0.0122750 0.0124876 0.0119948 0.0134509 0.0124848 0.0126445 0.0111458 0.0129713 0.0110582 0.0142858 0.0132135 0.0145885 0.0129895 0.0114704 0.0120139 0.0000000 0.0122671 0.0126738 0.0127298 0.0108271 0.0122327 0.0119839 0.0136491 0.0118006 0.0125115 0.1833688 0.1791231 0.1820169 0.1824596 0.1808255 0.1751725 0.1754302 0.1866461 0.1751181 0.1779650 0.1770772 0.1801424 0.1811498 0.1739979 0.1849148 0.1813029 0.1744918 0.1844766 0.1790798 0.1825820 0.1757538 0.1786907 0.1831898 0.1799713 0.1821285 0.1887948 0.1855663 0.1912048 0.1915660 0.1917631 0.1902206 0.1949123 0.1899610 0.1918450 0.1913343 0.1842690 0.1883523 0.1862876 0.1974181 0.1844483 0.1888708 0.1960746 0.1924678 0.1927070 0.1885119 0.1853434 0.1926433 0.1820464 0.1929472 0.1854549 
pop1.indv17 0.0160174 0.0132228 0.0138465 0.0148319 0.0146481 0.0140556 0.0125368 0.0132137 0.0155029 0.0129206 0.0127201 0.0174554 0.0148929 0.0126884 0.0134750 0.0122671 0.0000000 0.0152844 0.0139175 0.0115254 0.0106174 0.0131555 0.0127532 0.0123005 0.0108492 0.1739789 0.1699265 0.1726500 0.1732143 0.1709990 0.1650068 0.1669947 0.1758485 0.1656188 0.1693729 0.1680170 0.1697842 0.1710656 0.1633763 0.1752276 0.1720623 0.1640142 0.1737629 0.1702760 0.1729492 0.1666004 0.1698960 0.1731729 0.1711215 0.1725090 0.1804413 0.1765417 0.1828680 0.1828077 0.1833180 0.1821490 0.1867607 0.1819813 0.1837767 0.1824781 0.1753994 0.1803946 0.1786012 0.1885407 0.1757769 0.1801136 0.1868056 0.1843855 0.1839390 0.1808713 0.1776430 0.1841033 0.1743634 0.1841522 0.1771249 
pop1.indv18 0.0134125 0.0129347 0.0151958 0.0152598 0.0138430 0.0168407 0.0148243 0.0145843 0.0152582 0.0180088 0.0134003 0.0152525 0.0183856 0.0156531 0.0157284 0.0126738 0.0152844 0.0000000 0.0145943 0.0145300 0.0164061 0.0140525 0.0149917 0.0099099 0.0131768 0.1850796 0.1808853 0.1841197 0.1842786 0.1822538 0.1772646 0.1779105 0.1880103 0.1768450 0.1804061 0.1788967 0.1811902 0.1824746 0.1753964 0.1866768 0.1830620 0.1758863 0.1861822 0.1815509 0.1847348 0.1778545 0.1804501 0.1852953 0.1815218 0.1838926 0.1904881 0.1872111 0.1928341 0.1932099 0.1930113 0.1921366 0.1964171 0.1914752 0.1933537 0.1924609 0.1852497 0.1906006 0.1882159 0.1982395 0.1863154 0.1896641 0.1973066 0.1941055 0.1939380 0.1901015 0.1873380 0.1944434 0.1839879 0.1944583 0.1870495 
pop1.indv19 0.0127294 0.0115175 0.0138912 0.0134224 0.0131738 0.0135703 0.0130048 0.0134255 0.0124673 0.0126739 0.0140823 0.0155215 0.0134716 0.0145608 0.0141408 0.0127298 0.0139175 0.0145943 0.0000000 0.0147803 0.0138853 0.0133794 0.0146251 0.0120417 0.0101299 0.1839225 0.1797795 0.1826811 0.1828977 0.1823080 0.1764810 0.1764652 0.1862484 0.1754445 0.1781302 0.1777853 0.1808538 0.1810348 0.1736129 0.1856371 0.1816316 0.1745397 0.1844175 0.1804493 0.1831872 0.1764062 0.1796751 0.1838577 0.1807413 0.1824019 0.1893513 0.1850044 0.1917037 0.1913879 0.1918680 0.1917362 0.1953516 0.1900058 0.1919469 0.1906991 0.1840452 0.1887373 0.1867328 0.1967669 0.1844991 0.1885240 0.1954838 0.1929112 0.1924704 0.1885592 0.1861276 0.1930870 0.1824390 0.1930457 0.1854526 
pop1.indv20 0.0147453 0.0136108 0.0147117 0.0164261 0.0155024 0.0174944 0.0101067 0.0127175 0.0119418 0.0125760 0.0131372 0.0121595 0.0136323 0.0123958 0.0138236 0.0108271 0.0115254 0.0145300 0.0147803 0.0000000 0.0159003 0.0149441 0.0105515 0.0129022 0.0136108 0.1766073 0.1725508 0.1756632 0.1752385 0.1739428 0.1689218 0.1690311 0.1788995 0.1682695 0.1720187 0.1703241 0.1735386 0.1745043 0.1665427 0.1778511 0.1747348 0.1673056 0.1770983 0.1732710 0.1769903 0.1699337 0.1721414 0.1767986 0.1731600 0.1754638 0.1830962 0.1794849 0.1854607 0.1850358 0.1862749 0.1847521 0.1890170 0.1838050 0.1857037 0.1847599 0.1783391 0.1826646 0.1806659 0.1910897 0.1787197 0.1834355 0.1894229 0.1869919 0.1865331 0.1827155 0.1796651 0.1861004 0.1764447 0.1874170 0.1794693 
pop1.indv21 0.0161617 0.0113290 0.0140886 0.0136586 0.0131551 0.0154211 0.0145979 0.0138815 0.0138077 0.0126049 0.0171370 0.0150026 0.0134093 0.0130924 0.0131406 0.0122327 0.0106174 0.0164061 0.0138853 0.0159003 0.0000000 0.0130354 0.0117306 0.0129620 0.0110608 0.1807023 0.1769567 0.1797504 0.1792060 0.1783125 0.1730025 0.1732524 0.1836709 0.1722781 0.1752561 0.1742811 0.1779077 0.1778049 0.1715036 0.1822872 0.1780243 0.1713424 0.1811943 0.1762139 0.1806432 0.1735154 0.1757777 0.1805190 0.1771211 0.1794297 0.1864664 0.1824431 0.1887933 0.1887334 0.1897115 0.1880906 0.1927847 0.1883438 0.1902081 0.1888434 0.1809517 0.1855861 0.1835887 0.1945637 0.1827171 0.1868687 0.1932316 0.1900819 0.1902744 0.1864444 0.1834233 0.1909866 0.1793407 0.1908383 0.1830998 
pop1.indv22 0.0145206 0.0117409 0.0131253 0.0105568 0.0112354 0.0165128 0.0112927 0.0145035 0.0133537 0.0144675 0.0149743 0.0140114 0.0171560 0.0140013 0.0140589 0.0119839 0.0131555 0.0140525 0.0133794 0.0149441 0.0130354 0.0000000 0.0123990 0.0122011 0.0117299 0.1800518 0.1766516 0.1790499 0.1792177 0.1773497 0.1730370 0.1730612 0.1825688 0.1723134 0.1742997 0.1743099 0.1772205 0.1777683 0.1706180 0.1816302 0.1784197 0.1716541 0.1815299 0.1761845 0.1792296 0.1725728 0.1754776 0.1805294 0.1764306 0.1788394 0.1845272 0.1814612 0.1868922 0.1865945 0.1874461 0.1861889 0.1904571 0.1864486 0.1872470 0.1863162 0.1791079 0.1837640 0.1820460 0.1922046 0.1809650 0.1849219 0.1909360 0.1892194 0.1890832 0.1841565 0.1814890 0.1886063 0.1778767 0.1893071 0.1812311 
pop1.indv23 0.0122129 0.0129530 0.0105879 0.0117716 0.0134213 0.0156922 0.0101674 0.0119976 0.0124382 0.0126363 0.0148174 0.0140988 0.0143442 0.0140628 0.0122238 0.0136491 0.0127532 0.0149917 0.0146251 0.0105515 0.0117306 0.0123990 0.0000000 0.0117733 0.0108441 0.1770637 0.1733035 0.1761137 0.1752506 0.1743780 0.1697491 0.1697117 0.1793139 0.1689986 0.1712558 0.1710633 0.1739709 0.1744596 0.1672588 0.1783151 0.1747445 0.1677513 0.1782705 0.1732204 0.1766812 0.1695941 0.1718131 0.1772574 0.1731618 0.1755297 0.1812205 0.1784241 0.1839748 0.1842614 0.1840458 0.1835935 0.1878100 0.1830345 0.1848265 0.1843200 0.1768402 0.1810107 0.1790557 0.1899343 0.1779314 0.1819416 0.1882623 0.1855545 0.1857709 0.1815455 0.1780481 0.1859455 0.1748274 0.1859857 0.1786261 
pop1.indv24 0.0115253 0.0120301 0.0122631 0.0105978 0.0129946 0.0140782 0.0127795 0.0113342 0.0113153 0.0131074 0.0153510 0.0141442 0.0120553 0.0101344 0.0136829 0.0118006 0.0123005 0.0099099 0.0120417 0.0129022 0.0129620 0.0122011 0.0117733 0.0000000 0.0108766 0.1758880 0.1727852 0.1749365 0.1762100 0.1743465 0.1682536 0.1695640 0.1791902 0.1685206 0.1712649 0.1709688 0.1731257 0.1743754 0.1670540 0.1779091 0.1747112 0.1672722 0.1771490 0.1732349 0.1758905 0.1691201 0.1717209 0.1765681 0.1730214 0.1751706 0.1826989 0.1787855 0.1843591 0.1847070 0.1852787 0.1836428 0.1886621 0.1838025 0.1849370 0.1839820 0.1771952 0.1830389 0.1801952 0.1908630 0.1786226 0.1823740 0.1891254 0.1858921 0.1862183 0.1831493 0.1795728 0.1860034 0.1762748 0.1867161 0.1790444 
pop1.indv25 0.0099238 0.0084940 0.0124731 0.0134382 0.0101391 0.0128698 0.0092497 0.0120504 0.0124756 0.0119731 0.0132229 0.0148145 0.0127671 0.0131438 0.0127288 0.0125115 0.0108492 0.0131768 0.0101299 0.0136108 0.0110608 0.0117299 0.0108441 0.0108766 0.0000000 0.1836851 0.1791579 0.1827226 0.1826054 0.1815765 0.1754829 0.1761755 0.1859557 0.1755370 0.1782241 0.1783154 0.1801219 0.1811303 0.1736517 0.1849526 0.1810080 0.1745267 0.1841804 0.1794979 0.1829502 0.1764990 0.1787788 0.1838981 0.1801152 0.1824418 0.1887790 0.1850456 0.1910730 0.1910911 0.1915706 0.1903703 0.1943765 0.1890417 0.1913164 0.1904030 0.1834771 0.1885581 0.1861591 0.1965290 0.1838729 0.1879515 0.1947819 0.1923928 0.1922342 0.1883209 0.1852715 0.1923917 0.1818660 0.1924113 0.1853271 
pop2.indv1  0.1786375 0.1777567 0.1725615 0.1759811 0.1807964 0.1853352 0.1826239 0.1783169 0.1735337 0.1776000 0.1771017 0.1763166 0.1770963 0.1773649 0.1836287 0.1833688 0.1739789 0.1850796 0.1839225 0.1766073 0.1807023 0.1800518 0.1770637 0.1758880 0.1836851 0.0000000 0.0144819 0.0157524 0.0133920 0.0163886 0.0140703 0.0159306 0.0180862 0.0106014 0.0115402 0.0119438 0.0117230 0.0131548 0.0152821 0.0129037 0.0133558 0.0141102 0.0145895 0.0112242 0.0122199 0.0112598 0.0124379 0.0165338 0.0124576 0.0124316 0.1824566 0.1808095 0.1840549 0.1849006 0.1861439 0.1833974 0.1859951 0.1847731 0.1869694 0.1861331 0.1769743 0.1846753 0.1826679 0.1896807 0.1811372 0.1828511 0.1892559 0.1879391 0.1878620 0.1809539 0.1804981 0.1858647 0.1792332 0.1869021 0.1783234 
pop2.indv2  0.1747953 0.1739826 0.1684021 0.1719092 0.1765497 0.1807223 0.1787144 0.1745380 0.1701561 0.1738543 0.1737135 0.1725809 0.1725232 0.1736212 0.1797711 0.1791231 0.1699265 0.1808853 0.1797795 0.1725508 0.1769567 0.1766516 0.1733035 0.1727852 0.1791579 0.0144819 0.0000000 0.0148087 0.0148010 0.0170675 0.0123744 0.0133063 0.0177865 0.0124371 0.0157491 0.0119384 0.0135588 0.0164193 0.0135965 0.0144944 0.0166142 0.0136031 0.0159450 0.0144687 0.0166213 0.0149380 0.0135595 0.0152572 0.0148057 0.0159558 0.1762599 0.1746826 0.1782108 0.1793636 0.1806266 0.1780832 0.1802094 0.1794008 0.1811214 0.1805821 0.1720019 0.1788648 0.1769690 0.1837255 0.1746262 0.1771193 0.1833452 0.1820330 0.1827006 0.1748426 0.1751481 0.1804298 0.1734777 0.1813060 0.1730353 
pop2.indv3  0.1776841 0.1770814 0.1719461 0.1749812 0.1801723 0.1847123 0.1816611 0.1770341 0.1729182 0.1766016 0.1760964 0.1749917 0.1758145 0.1760401 0.1822790 0.1820169 0.1726500 0.1841197 0.1826811 0.1756632 0.1797504 0.1790499 0.1761137 0.1749365 0.1827226 0.0157524 0.0148087 0.0000000 0.0120090 0.0171699 0.0140660 0.0138763 0.0117662 0.0115393 0.0120208 0.0117530 0.0112360 0.0161900 0.0122304 0.0145547 0.0156899 0.0115585 0.0124571 0.0133121 0.0136212 0.0117339 0.0112547 0.0150908 0.0134175 0.0143749 0.1826616 0.1817323 0.1849278 0.1861762 0.1870900 0.1843819 0.1866534 0.1857022 0.1879048 0.1877504 0.1782642 0.1856067 0.1837115 0.1905766 0.1810093 0.1838339 0.1906099 0.1889433 0.1894773 0.1822726 0.1814826 0.1872562 0.1798238 0.1881787 0.1792946 
pop2.indv4  0.1779633 0.1765970 0.1720803 0.1748309 0.1807256 0.1837648 0.1814926 0.1771556 0.1727752 0.1772074 0.1769856 0.1752222 0.1756101 0.1759934 0.1821084 0.1824596 0.1732143 0.1842786 0.1828977 0.1752385 0.1792060 0.1792177 0.1752506 0.1762100 0.1826054 0.0133920 0.0148010 0.0120090 0.0000000 0.0152319 0.0131045 0.0126363 0.0157407 0.0131992 0.0138598 0.0137968 0.0131472 0.0162044 0.0152775 0.0124304 0.0128794 0.0124429 0.0148010 0.0133246 0.0140796 0.0129062 0.0126191 0.0136592 0.0117746 0.0140729 0.1817194 0.1807380 0.1840306 0.1855996 0.1865649 0.1837601 0.1860232 0.1847463 0.1866606 0.1869474 0.1777719 0.1851474 0.1827008 0.1900415 0.1807856 0.1835468 0.1893360 0.1886936 0.1890625 0.1810454 0.1804809 0.1866175 0.1791630 0.1872620 0.1795127 
pop2.indv5  0.1763104 0.1753364 0.1709573 0.1733098 0.1791625 0.1828476 0.1806325 0.1762189 0.1712214 0.1756268 0.1747399 0.1732248 0.1747339 0.1746413 0.1804252 0.1808255 0.1709990 0.1822538 0.1823080 0.1739428 0.1783125 0.1773497 0.1743780 0.1743465 0.1815765 0.0163886 0.0170675 0.0171699 0.0152319 0.0000000 0.0165560 0.0138060 0.0176016 0.0138828 0.0138605 0.0177982 0.0159306 0.0166030 0.0154583 0.0158896 0.0131023 0.0152398 0.0166708 0.0156406 0.0159415 0.0163881 0.0156042 0.0131472 0.0166949 0.0151934 0.1813074 0.1791825 0.1824036 0.1843898 0.1852330 0.1825694 0.1855371 0.1831698 0.1842988 0.1856152 0.1754886 0.1831255 0.1815114 0.1887454 0.1799950 0.1820275 0.1880416 0.1870757 0.1870039 0.1801390 0.1789164 0.1846826 0.1780465 0.1857165 0.1775295 
pop2.indv6  0.1712703 0.1703649 0.1649987 0.1676231 0.1726894 0.1771247 0.1751423 0.1706439 0.1663199 0.1703155 0.1698229 0.1683014 0.1690199 0.1700811 0.1753920 0.1751725 0.1650068 0.1772646 0.1764810 0.1689218 0.1730025 0.1730370 0.1697491 0.1682536 0.1754829 0.0140703 0.0123744 0.0140660 0.0131045 0.0165560 0.0000000 0.0147707 0.0154649 0.0127213 0.0140963 0.0112704 0.0107801 0.0140603 0.0133613 0.0121626 0.0133180 0.0145288 0.0133890 0.0153528 0.0142958 0.0140185 0.0125818 0.0145615 0.0131750 0.0121880 0.1739770 0.1729498 0.1767905 0.1775957 0.1784104 0.1759541 0.1784494 0.1772718 0.1784360 0.1785339 0.1692256 0.1772724 0.1748905 0.1822648 0.1722452 0.1757516 0.1808328 0.1806919 0.1809824 0.1734764 0.1730220 0.1776216 0.1710401 0.1793172 0.1713578 
pop2.indv7  0.1716150 0.1707065 0.1659602 0.1689744 0.1741254 0.1777654 0.1755038 0.1713121 0.1665959 0.1709763 0.1703871 0.1693786 0.1697818 0.1700966 0.1750958 0.1754302 0.1669947 0.1779105 0.1764652 0.1690311 0.1732524 0.1730612 0.1697117 0.1695640 0.1761755 0.0159306 0.0133063 0.0138763 0.0126363 0.0138060 0.0147707 0.0000000 0.0154254 0.0127095 0.0124512 0.0128295 0.0140021 0.0128389 0.0147812 0.0140312 0.0132879 0.0094026 0.0133618 0.0140060 0.0119546 0.0093808 0.0126340 0.0166556 0.0136061 0.0131322 0.1730996 0.1714703 0.1753698 0.1764369 0.1780164 0.1751273 0.1776271 0.1757972 0.1785445 0.1777063 0.1688661 0.1759666 0.1743354 0.1812176 0.1724407 0.1745995 0.1804995 0.1790988 0.1797786 0.1719895 0.1721360 0.1777260 0.1709047 0.1781115 0.1703725 
pop2.indv8  0.1816155 0.1810614 0.1761603 0.1785602 0.1847749 0.1878611 0.1848419 0.1807954 0.1764272 0.1801126 0.1802961 0.1782318 0.1792448 0.1800426 0.1866202 0.1866461 0.1758485 0.1880103 0.1862484 0.1788995 0.1836709 0.1825688 0.1793139 0.1791902 0.1859557 0.0180862 0.0177865 0.0117662 0.0157407 0.0176016 0.0154649 0.0154254 0.0000000 0.0155085 0.0115185 0.0166099 0.0142824 0.0170995 0.0122137 0.0143022 0.0168192 0.0131356 0.0117529 0.0160670 0.0147918 0.0147848 0.0144987 0.0140801 0.0110594 0.0157080 0.1861981 0.1852186 0.1888005 0.1901523 0.1910203 0.1883248 0.1905438 0.1895790 0.1914561 0.1914506 0.1824964 0.1892091 0.1872719 0.1945722 0.1849347 0.1881053 0.1942765 0.1932608 0.1934342 0.1855006 0.1853819 0.1911695 0.1836572 0.1916866 0.1839393 
pop2.indv9  0.1705301 0.1695668 0.1644916 0.1679345 0.1729433 0.1771400 0.1744254 0.1705522 0.1658723 0.1698469 0.1696232 0.1679681 0.1690159 0.1690137 0.1754434 0.1751181 0.1656188 0.1768450 0.1754445 0.1682695 0.1722781 0.1723134 0.1689986 0.1685206 0.1755370 0.0106014 0.0124371 0.0115393 0.0131992 0.0138828 0.0127213 0.0127095 0.0155085 0.0000000 0.0108626 0.0119681 0.0121966 0.0152755 0.0101707 0.0120146 0.0126453 0.0127073 0.0120122 0.0138477 0.0138668 0.0119820 0.0112549 0.0129875 0.0118130 0.0129564 0.1727812 0.1715224 0.1747888 0.1758537 0.1770541 0.1744375 0.1766732 0.1757678 0.1779763 0.1770731 0.1685783 0.1757137 0.1733652 0.1802148 0.1715687 0.1735305 0.1801573 0.1785317 0.1788320 0.1717149 0.1711539 0.1771496 0.1702461 0.1778699 0.1694408 
pop2.indv10 0.1732324 0.1731273 0.1679397 0.1705627 0.1760938 0.1794785 0.1767789 0.1725954 0.1682069 0.1729516 0.1728042 0.1717211 0.1713810 0.1728213 0.1778473 0.1779650 0.1693729 0.1804061 0.1781302 0.1720187 0.1752561 0.1742997 0.1712558 0.1712649 0.1782241 0.0115402 0.0157491 0.0120208 0.0138598 0.0138605 0.0140963 0.0124512 0.0115185 0.0108626 0.0000000 0.0124515 0.0124597 0.0129370 0.0143757 0.0136307 0.0121910 0.0120212 0.0136408 0.0119794 0.0122337 0.0115025 0.0128921 0.0108529 0.0092082 0.0099086 0.1777666 0.1768346 0.1801247 0.1816468 0.1825980 0.1798412 0.1820991 0.1808915 0.1834066 0.1825437 0.1735144 0.1811222 0.1791606 0.1860116 0.1767754 0.1796865 0.1856916 0.1846808 0.1847342 0.1773955 0.1762185 0.1826701 0.1749139 0.1836585 0.1751189 
pop2.indv11 0.1728727 0.1716331 0.1671991 0.1703251 0.1753310 0.1791274 0.1768247 0.1725653 0.1676118 0.1722721 0.1712627 0.1703507 0.1707083 0.1710176 0.1771223 0.1770772 0.1680170 0.1788967 0.1777853 0.1703241 0.1742811 0.1743099 0.1710633 0.1709688 0.1783154 0.0119438 0.0119384 0.0117530 0.0137968 0.0177982 0.0112704 0.0128295 0.0166099 0.0119681 0.0124515 0.0000000 0.0144947 0.0121836 0.0147712 0.0135617 0.0121498 0.0091614 0.0126808 0.0144424 0.0147674 0.0121411 0.0093596 0.0157526 0.0131148 0.0124113 0.1744498 0.1730951 0.1767259 0.1775327 0.1787343 0.1761084 0.1786637 0.1774296 0.1796337 0.1791329 0.1698852 0.1766720 0.1753703 0.1821608 0.1731928 0.1755790 0.1818323 0.1804757 0.1808217 0.1732966 0.1736008 0.1784934 0.1719866 0.1794816 0.1711250 
pop2.indv12 0.1755750 0.1750353 0.1698508 0.1727467 0.1783736 0.1817354 0.1798946 0.1752631 0.1708124 0.1741434 0.1747143 0.1731957 0.1732926 0.1747196 0.1804601 0.1801424 0.1697842 0.1811902 0.1808538 0.1735386 0.1779077 0.1772205 0.1739709 0.1731257 0.1801219 0.0117230 0.0135588 0.0112360 0.0131472 0.0159306 0.0107801 0.0140021 0.0142824 0.0121966 0.0124597 0.0144947 0.0000000 0.0124227 0.0124339 0.0137964 0.0137866 0.0110135 0.0147881 0.0130660 0.0138125 0.0110157 0.0112260 0.0146020 0.0131269 0.0135676 0.1823305 0.1812972 0.1846407 0.1859359 0.1864521 0.1840961 0.1863564 0.1854112 0.1868805 0.1871091 0.1776817 0.1849271 0.1830391 0.1903153 0.1811246 0.1834962 0.1900077 0.1886330 0.1884958 0.1815528 0.1808215 0.1865618 0.1795057 0.1875382 0.1790341 
pop2.indv13 0.1760165 0.1759087 0.1709729 0.1733341 0.1788236 0.1826317 0.1800733 0.1764657 0.1710160 0.1757113 0.1759145 0.1737818 0.1753025 0.1752578 0.1803064 0.1811498 0.1710656 0.1824746 0.1810348 0.1745043 0.1778049 0.1777683 0.1744596 0.1743754 0.1811303 0.0131548 0.0164193 0.0161900 0.0162044 0.0166030 0.0140603 0.0128389 0.0170995 0.0152755 0.0129370 0.0121836 0.0124227 0.0000000 0.0133774 0.0126572 0.0156550 0.0106016 0.0107833 0.0151558 0.0147819 0.0116834 0.0135625 0.0136029 0.0120350 0.0115238 0.1820759 0.1803777 0.1840557 0.1852912 0.1865916 0.1838973 0.1864382 0.1848838 0.1872983 0.1861881 0.1769861 0.1843989 0.1830587 0.1900678 0.1807573 0.1832955 0.1890250 0.1882694 0.1882481 0.1806830 0.1805587 0.1858626 0.1792427 0.1872329 0.1787167 
pop2.indv14 0.1690032 0.1685750 0.1635210 0.1660521 0.1719393 0.1756439 0.1726466 0.1687545 0.1647497 0.1677412 0.1678788 0.1658206 0.1672246 0.1678799 0.1732865 0.1739979 0.1633763 0.1753964 0.1736129 0.1665427 0.1715036 0.1706180 0.1672588 0.1670540 0.1736517 0.0152821 0.0135965 0.0122304 0.0152775 0.0154583 0.0133613 0.0147812 0.0122137 0.0101707 0.0143757 0.0147712 0.0124339 0.0133774 0.0000000 0.0135868 0.0147606 0.0101380 0.0110570 0.0119709 0.0138477 0.0126866 0.0150142 0.0143458 0.0113067 0.0138759 0.1744758 0.1732160 0.1774709 0.1785681 0.1797804 0.1769045 0.1790942 0.1775207 0.1796298 0.1794596 0.1708561 0.1777458 0.1754006 0.1830058 0.1735394 0.1764241 0.1822307 0.1810272 0.1808766 0.1740793 0.1731871 0.1788693 0.1722752 0.1795306 0.1722137 
pop2.indv15 0.1798953 0.1792345 0.1740767 0.1768490 0.1823871 0.1868689 0.1838919 0.1795715 0.1751025 0.1795021 0.1790171 0.1771817 0.1780193 0.1786110 0.1852279 0.1849148 0.1752276 0.1866768 0.1856371 0.1778511 0.1822872 0.1816302 0.1783151 0.1779091 0.1849526 0.0129037 0.0144944 0.0145547 0.0124304 0.0158896 0.0121626 0.0140312 0.0143022 0.0120146 0.0136307 0.0135617 0.0137964 0.0126572 0.0135868 0.0000000 0.0163654 0.0094217 0.0107930 0.0109860 0.0114997 0.0114746 0.0124053 0.0117469 0.0136059 0.0144942 0.1816171 0.1806902 0.1839834 0.1852724 0.1861224 0.1834909 0.1856982 0.1848095 0.1869482 0.1868406 0.1780582 0.1846576 0.1827651 0.1897120 0.1804090 0.1828363 0.1897424 0.1879727 0.1888432 0.1812762 0.1805978 0.1865702 0.1791695 0.1872152 0.1787522 
pop2.indv16 0.1766774 0.1760830 0.1709440 0.1739979 0.1791465 0.1829424 0.1806189 0.1767447 0.1719057 0.1763150 0.1765735 0.1740669 0.1755332 0.1758621 0.1812348 0.1813029 0.1720623 0.1830620 0.1816316 0.1747348 0.1780243 0.1784197 0.1747445 0.1747112 0.1810080 0.0133558 0.0166142 0.0156899 0.0128794 0.0131023 0.0133180 0.0132879 0.0168192 0.0126453 0.0121910 0.0121498 0.0137866 0.0156550 0.0147606 0.0163654 0.0000000 0.0126546 0.0135838 0.0147105 0.0119269 0.0145179 0.0135374 0.0166827 0.0131020 0.0133729 0.1812381 0.1802061 0.1835383 0.1847066 0.1863324 0.1829384 0.1855205 0.1839223 0.1858246 0.1856556 0.1766060 0.1838776 0.1822120 0.1894574 0.1802537 0.1827804 0.1884758 0.1877837 0.1884309 0.1805085 0.1796151 0.1857203 0.1787437 0.1864207 0.1782206 
pop2.indv17 0.1696985 0.1686904 0.1639617 0.1669669 0.1724305 0.1761850 0.1731942 0.1689207 0.1646454 0.1689753 0.1683710 0.1669544 0.1673919 0.1680957 0.1744885 0.1744918 0.1640142 0.1758863 0.1745397 0.1673056 0.1713424 0.1716541 0.1677513 0.1672722 0.1745267 0.0141102 0.0136031 0.0115585 0.0124429 0.0152398 0.0145288 0.0094026 0.0131356 0.0127073 0.0120212 0.0091614 0.0110135 0.0106016 0.0101380 0.0094217 0.0126546 0.0000000 0.0129368 0.0126490 0.0117425 0.0110394 0.0114922 0.0150630 0.0134305 0.0140703 0.1742052 0.1725206 0.1757841 0.1768598 0.1781165 0.1751094 0.1777236 0.1764365 0.1783158 0.1781331 0.1692022 0.1756763 0.1744192 0.1812204 0.1726183 0.1753374 0.1808329 0.1795883 0.1798858 0.1727191 0.1726428 0.1774939 0.1713525 0.1781579 0.1702174 
pop2.indv18 0.1795177 0.1789127 0.1736553 0.1771860 0.1823405 0.1864338 0.1835651 0.1794727 0.1747307 0.1790210 0.1788102 0.1764287 0.1779747 0.1786190 0.1844572 0.1844766 0.1737629 0.1861822 0.1844175 0.1770983 0.1811943 0.1815299 0.1782705 0.1771490 0.1841804 0.0145895 0.0159450 0.0124571 0.0148010 0.0166708 0.0133890 0.0133618 0.0117529 0.0120122 0.0136408 0.0126808 0.0147881 0.0107833 0.0110570 0.0107930 0.0135838 0.0129368 0.0000000 0.0126194 0.0131326 0.0128950 0.0140448 0.0132212 0.0127188 0.0140834 0.1825576 0.1808597 0.1841561 0.1853935 0.1866378 0.1838871 0.1864839 0.1852609 0.1871241 0.1862333 0.1775156 0.1843880 0.1832144 0.1897775 0.1812397 0.1833404 0.1898078 0.1880373 0.1880164 0.1810586 0.1809912 0.1864128 0.1797259 0.1870574 0.1784307 
pop2.indv19 0.1751924 0.1749297 0.1701394 0.1718811 0.1777047 0.1810042 0.1791089 0.1748818 0.1698581 0.1751688 0.1747129 0.1729277 0.1733495 0.1744448 0.1790152 0.1790798 0.1702760 0.1815509 0.1804493 0.1732710 0.1762139 0.1761845 0.1732204 0.1732349 0.1794979 0.0112242 0.0144687 0.0133121 0.0133246 0.0156406 0.0153528 0.0140060 0.0160670 0.0138477 0.0119794 0.0144424 0.0130660 0.0151558 0.0119709 0.0109860 0.0147105 0.0126490 0.0126194 0.0000000 0.0147376 0.0121269 0.0127923 0.0154979 0.0122027 0.0128416 0.1782726 0.1772443 0.1807773 0.1816857 0.1825166 0.1798971 0.1824065 0.1812648 0.1827697 0.1825736 0.1735770 0.1808901 0.1792205 0.1863409 0.1772905 0.1800707 0.1856903 0.1850214 0.1846853 0.1774195 0.1770175 0.1823667 0.1753432 0.1832912 0.1755963 
pop2.indv20 0.1778679 0.1780890 0.1725707 0.1748422 0.1807920 0.1852100 0.1826155 0.1779856 0.1738670 0.1768390 0.1770514 0.1756143 0.1767674 0.1769881 0.1824533 0.1825820 0.1729492 0.1847348 0.1831872 0.1769903 0.1806432 0.1792296 0.1766812 0.1758905 0.1829502 0.0122199 0.0166213 0.0136212 0.0140796 0.0159415 0.0142958 0.0119546 0.0147918 0.0138668 0.0122337 0.0147674 0.0138125 0.0147819 0.0138477 0.0114997 0.0119269 0.0117425 0.0131326 0.0147376 0.0000000 0.0119710 0.0147200 0.0164916 0.0119709 0.0145287 0.1827232 0.1814124 0.1847636 0.1855598 0.1871967 0.1837210 0.1863717 0.1850385 0.1866194 0.1868475 0.1777353 0.1846076 0.1830488 0.1903954 0.1811311 0.1839478 0.1896336 0.1887094 0.1892978 0.1816693 0.1808820 0.1865207 0.1802793 0.1872220 0.1790881 
pop2.indv21 0.1703693 0.1705904 0.1651482 0.1674132 0.1728252 0.1777083 0.1753398 0.1711959 0.1667980 0.1705379 0.1703717 0.1685662 0.1699897 0.1695580 0.1749326 0.1757538 0.1666004 0.1778545 0.1764062 0.1699337 0.1735154 0.1725728 0.1695941 0.1691201 0.1764990 0.0112598 0.0149380 0.0117339 0.0129062 0.0163881 0.0140185 0.0093808 0.0147848 0.0119820 0.0115025 0.0121411 0.0110157 0.0116834 0.0126866 0.0114746 0.0145179 0.0110394 0.0128950 0.0121269 0.0119710 0.0000000 0.0105452 0.0134263 0.0105890 0.0100960 0.1756782 0.1742658 0.1786703 0.1798346 0.1811048 0.1784373 0.1806796 0.1791028 0.1808825 0.1803385 0.1710367 0.1786715 0.1769364 0.1844948 0.1746916 0.1782835 0.1830551 0.1828463 0.1827955 0.1751853 0.1741227 0.1796939 0.1731599 0.1811224 0.1734218 
pop2.indv22 0.1744796 0.1732401 0.1687949 0.1711751 0.1766107 0.1800170 0.1779527 0.1734168 0.1687364 0.1734921 0.1730229 0.1722213 0.1721620 0.1729362 0.1786270 0.1786907 0.1698960 0.1804501 0.1796751 0.1721414 0.1757777 0.1754776 0.1718131 0.1717209 0.1787788 0.0124379 0.0135595 0.0112547 0.0126191 0.0156042 0.0125818 0.0126340 0.0144987 0.0112549 0.0128921 0.0093596 0.0112260 0.0135625 0.0150142 0.0124053 0.0135374 0.0114922 0.0140448 0.0127923 0.0147200 0.0105452 0.0000000 0.0154943 0.0126662 0.0154185 0.1782659 0.1773431 0.1808781 0.1820639 0.1825650 0.1803252 0.1825090 0.1816388 0.1831995 0.1833957 0.1739447 0.1815923 0.1793214 0.1864466 0.1769575 0.1801179 0.1860731 0.1851818 0.1851211 0.1775189 0.1774475 0.1827999 0.1753891 0.1837234 0.1757466 
pop2.indv23 0.1788372 0.1782310 0.1733966 0.1757882 0.1813328 0.1854394 0.1824999 0.1785683 0.1733872 0.1784524 0.1779587 0.1761264 0.1769591 0.1776658 0.1838426 0.1831898 0.1731729 0.1852953 0.1838577 0.1767986 0.1805190 0.1805294 0.1772574 0.1765681 0.1838981 0.0165338 0.0152572 0.0150908 0.0136592 0.0131472 0.0145615 0.0166556 0.0140801 0.0129875 0.0108529 0.0157526 0.0146020 0.0136029 0.0143458 0.0117469 0.0166827 0.0150630 0.0132212 0.0154979 0.0164916 0.0134263 0.0154943 0.0000000 0.0127246 0.0157697 0.1823314 0.1809575 0.1839336 0.1855084 0.1860835 0.1836617 0.1859910 0.1846524 0.1865186 0.1868592 0.1768332 0.1849993 0.1825424 0.1899694 0.1810628 0.1830590 0.1892026 0.1882783 0.1881426 0.1812129 0.1800874 0.1860820 0.1790446 0.1871788 0.1786796 
pop2.indv24 0.1746651 0.1745042 0.1695735 0.1720351 0.1771475 0.1816303 0.1790007 0.1747350 0.1699925 0.1748019 0.1741809 0.1727102 0.1732402 0.1737587 0.1792378 0.1799713 0.1711215 0.1815218 0.1807413 0.1731600 0.1771211 0.1764306 0.1731618 0.1730214 0.1801152 0.0124576 0.0148057 0.0134175 0.0117746 0.0166949 0.0131750 0.0136061 0.0110594 0.0118130 0.0092082 0.0131148 0.0131269 0.0120350 0.0113067 0.0136059 0.0131020 0.0134305 0.0127188 0.0122027 0.0119709 0.0105890 0.0126662 0.0127246 0.0000000 0.0122392 0.1765767 0.1752099 0.1784923 0.1793262 0.1805443 0.1775989 0.1801779 0.1789272 0.1807136 0.1805519 0.1711552 0.1784404 0.1768048 0.1840019 0.1745500 0.1774453 0.1828924 0.1824046 0.1822466 0.1753743 0.1746910 0.1796277 0.1733918 0.1809525 0.1729470 
pop2.indv25 0.1774748 0.1769300 0.1720837 0.1747794 0.1799570 0.1836565 0.1810532 0.1771587 0.1720231 0.1767782 0.1766591 0.1754992 0.1755608 0.1767027 0.1824447 0.1821285 0.1725090 0.1838926 0.1824019 0.1754638 0.1794297 0.1788394 0.1755297 0.1751706 0.1824418 0.0124316 0.0159558 0.0143749 0.0140729 0.0151934 0.0121880 0.0131322 0.0157080 0.0129564 0.0099086 0.0124113 0.0135676 0.0115238 0.0138759 0.0144942 0.0133729 0.0140703 0.0140834 0.0128416 0.0145287 0.0100960 0.0154185 0.0157697 0.0122392 0.0000000 0.1817209 0.1799183 0.1831516 0.1844297 0.1857253 0.1826578 0.1856369 0.1835909 0.1858888 0.1857167 0.1762046 0.1839888 0.1819833 0.1891956 0.1800735 0.1828300 0.1881522 0.1875174 0.1878337 0.1805519 0.1793769 0.1851139 0.1784491 0.1864282 0.1779814 
pop3.indv1  0.1858626 0.1823092 0.1777317 0.1824992 0.1868594 0.1917754 0.1903008 0.1829271 0.1818750 0.1828326 0.1824276 0.1808458 0.1831382 0.1822121 0.1890471 0.1887948 0.1804413 0.1904881 0.1893513 0.1830962 0.1864664 0.1845272 0.1812205 0.1826989 0.1887790 0.1824566 0.1762599 0.1826616 0.1817194 0.1813074 0.1739770 0.1730996 0.1861981 0.1727812 0.1777666 0.1744498 0.1823305 0.1820759 0.1744758 0.1816171 0.1812381 0.1742052 0.1825576 0.1782726 0.1827232 0.1756782 0.1782659 0.1823314 0.1765767 0.1817209 0.0000000 0.0114425 0.0130043 0.0138129 0.0117454 0.0142017 0.0139586 0.0146832 0.0153562 0.0138011 0.0151148 0.0132614 0.0137945 0.0133377 0.0114558 0.0141956 0.0109993 0.0144962 0.0141987 0.0114642 0.0119224 0.0123669 0.0107885 0.0139935 0.0111910 
pop3.indv2  0.1825966 0.1782980 0.1734953 0.1787657 0.1824871 0.1873418 0.1867230 0.1793497 0.1782094 0.1781916 0.1784668 0.1772457 0.1788957 0.1786617 0.1853768 0.1855663 0.1765417 0.1872111 0.1850044 0.1794849 0.1824431 0.1814612 0.1784241 0.1787855 0.1850456 0.1808095 0.1746826 0.1817323 0.1807380 0.1791825 0.1729498 0.1714703 0.1852186 0.1715224 0.1768346 0.1730951 0.1812972 0.1803777 0.1732160 0.1806902 0.1802061 0.1725206 0.1808597 0.1772443 0.1814124 0.1742658 0.1773431 0.1809575 0.1752099 0.1799183 0.0114425 0.0000000 0.0146669 0.0136035 0.0150774 0.0137938 0.0149837 0.0159013 0.0135380 0.0115112 0.0168199 0.0135380 0.0152474 0.0108158 0.0123837 0.0151988 0.0098863 0.0147548 0.0154231 0.0124322 0.0131546 0.0126757 0.0124523 0.0147575 0.0121888 
