75
pop1.indv1  0.0000000 0.0114883 0.0161756 0.0231572 0.0183790 0.0185494 0.0233738 0.0220639 0.0199277 0.0149430 0.0186576 0.0163265 0.0185280 0.0196059 0.0208668 0.0138019 0.0232380 0.0127328 0.0138338 0.0140115 0.0139625 0.0187451 0.0103698 0.0138019 0.0196285 0.1848061 0.1978467 0.1842688 0.1947971 0.1875292 0.2019775 0.2004369 0.1943039 0.2018271 0.1872874 0.1977959 0.1911707 0.1848240 0.1864782 0.2018271 0.1831729 0.1907271 0.1900833 0.1711913 0.1842823 0.1777054 0.1763863 0.1965148 0.1753452 0.1909504 0.1626344 0.1600332 0.1651474 0.1769116 0.1548745 0.1700267 0.1588784 0.1625550 0.1620073 0.1658448 0.1741286 0.1636640 0.1571186 0.1674502 0.1721301 0.1729954 0.1667132 0.1638130 0.1616088 0.1642893 0.1560019 0.1618443 0.1848061 0.1588784 0.1604414 
pop1.indv10 0.0114883 0.0000000 0.0103104 0.0161943 0.0091079 0.0138497 0.0127772 0.0162507 0.0115280 0.0173204 0.0092234 0.0080477 0.0148916 0.0136605 0.0232921 0.0126595 0.0126887 0.0127181 0.0125727 0.0092877 0.0126595 0.0151168 0.0102517 0.0103341 0.0126741 0.1652503 0.1793680 0.1630324 0.1766486 0.1663525 0.1815250 0.1801708 0.1741822 0.1812413 0.1659785 0.1790445 0.1728939 0.1635125 0.1667132 0.1845617 0.1635125 0.1689572 0.1685669 0.1535305 0.1628751 0.1616787 0.1589221 0.1759644 0.1580015 0.1728152 0.1568658 0.1539822 0.1591080 0.1723014 0.1488678 0.1639034 0.1528736 0.1564576 0.1559853 0.1599074 0.1682988 0.1573472 0.1510756 0.1595693 0.1659785 0.1669552 0.1610336 0.1577731 0.1553235 0.1582307 0.1499490 0.1557751 0.1785397 0.1544280 0.1544280 
pop1.indv11 0.0161756 0.0103104 0.0000000 0.0161383 0.0170836 0.0149774 0.0173605 0.0126015 0.0150120 0.0126015 0.0068708 0.0114751 0.0091183 0.0160274 0.0149947 0.0103222 0.0149087 0.0115814 0.0126887 0.0138818 0.0091496 0.0115280 0.0103579 0.0161756 0.0162130 0.1686788 0.1828955 0.1680697 0.1801708 0.1713730 0.1867598 0.1837170 0.1777054 0.1848421 0.1710301 0.1809674 0.1763863 0.1685669 0.1717906 0.1881810 0.1669596 0.1741135 0.1736646 0.1569159 0.1679524 0.1651114 0.1623174 0.1795607 0.1611398 0.1744422 0.1597491 0.1571186 0.1622419 0.1736646 0.1519777 0.1670841 0.1559853 0.1596197 0.1588784 0.1631165 0.1712127 0.1604999 0.1539822 0.1627131 0.1694247 0.1699742 0.1639956 0.1606735 0.1584605 0.1611398 0.1528611 0.1586910 0.1818050 0.1575452 0.1575452 
pop1.indv12 0.0231572 0.0161943 0.0161383 0.0000000 0.0195833 0.0126160 0.0149947 0.0148746 0.0163647 0.0220383 0.0150817 0.0150817 0.0161569 0.0206751 0.0197655 0.0160826 0.0172209 0.0174210 0.0208911 0.0140115 0.0150294 0.0163456 0.0162318 0.0149602 0.0137861 0.1848061 0.1998272 0.1842688 0.1987511 0.1858908 0.2039953 0.2004369 0.1943039 0.2018271 0.1872874 0.1960968 0.1931268 0.1848240 0.1884200 0.2058998 0.1831729 0.1890442 0.1900833 0.1730733 0.1842823 0.1834490 0.1801708 0.1948017 0.1753452 0.1892785 0.1717115 0.1691753 0.1743165 0.1845459 0.1639034 0.1777449 0.1663525 0.1701773 0.1692818 0.1754901 0.1834292 0.1710301 0.1643845 0.1729713 0.1818050 0.1826233 0.1763358 0.1711221 0.1689267 0.1716246 0.1632721 0.1691753 0.1945022 0.1695294 0.1695294 
pop1.indv13 0.0183790 0.0091079 0.0170836 0.0195833 0.0000000 0.0171031 0.0125871 0.0159908 0.0091496 0.0137073 0.0102868 0.0114096 0.0113707 0.0159181 0.0149774 0.0079382 0.0195833 0.0126741 0.0090976 0.0114751 0.0125871 0.0150294 0.0091183 0.0102052 0.0102751 0.1703740 0.1850629 0.1697776 0.1839814 0.1730475 0.1883729 0.1853381 0.1815339 0.1884200 0.1727178 0.1848240 0.1785724 0.1702764 0.1737362 0.1920409 0.1689267 0.1758096 0.1753452 0.1604999 0.1696748 0.1686788 0.1676945 0.1812413 0.1669638 0.1780091 0.1632554 0.1606735 0.1657602 0.1772191 0.1555365 0.1706226 0.1595197 0.1631872 0.1624007 0.1667132 0.1746987 0.1640508 0.1575452 0.1662396 0.1729713 0.1735918 0.1675755 0.1641959 0.1620073 0.1646703 0.1564366 0.1622419 0.1853381 0.1595197 0.1610757 
pop1.indv14 0.0185494 0.0138497 0.0149774 0.0126160 0.0171031 0.0000000 0.0103698 0.0173605 0.0139140 0.0184638 0.0103460 0.0185710 0.0209397 0.0136450 0.0161756 0.0068629 0.0196285 0.0092877 0.0197425 0.0139140 0.0173004 0.0139140 0.0162130 0.0173004 0.0172805 0.1729713 0.1858908 0.1707781 0.1848061 0.1724651 0.1895097 0.1880908 0.1788062 0.1876099 0.1737362 0.1820725 0.1793680 0.1712829 0.1747667 0.1912412 0.1696748 0.1752269 0.1763863 0.1596197 0.1706828 0.1712829 0.1668395 0.1823452 0.1606735 0.1774400 0.1535490 0.1508878 0.1559689 0.1670841 0.1458462 0.1606735 0.1498135 0.1533151 0.1526680 0.1566864 0.1648098 0.1542058 0.1478022 0.1564160 0.1629498 0.1633587 0.1575765 0.1544260 0.1522161 0.1548683 0.1466830 0.1524346 0.1750869 0.1498135 0.1513483 
pop1.indv15 0.0233738 0.0127772 0.0173605 0.0149947 0.0125871 0.0103698 0.0000000 0.0149947 0.0104541 0.0162130 0.0163265 0.0104178 0.0174819 0.0160826 0.0139301 0.0091706 0.0137861 0.0140443 0.0115814 0.0128518 0.0103938 0.0127623 0.0092022 0.0080477 0.0151874 0.1691753 0.1839925 0.1685669 0.1828977 0.1702764 0.1856631 0.1842688 0.1768651 0.1837350 0.1715363 0.1817915 0.1790735 0.1674545 0.1709366 0.1873646 0.1677031 0.1729954 0.1725579 0.1557899 0.1684533 0.1690671 0.1630324 0.1801098 0.1620805 0.1752269 0.1588784 0.1560019 0.1611398 0.1744422 0.1508569 0.1662227 0.1548745 0.1587333 0.1580015 0.1622312 0.1703740 0.1593865 0.1530836 0.1616088 0.1683180 0.1691004 0.1631165 0.1598009 0.1573472 0.1602662 0.1519568 0.1578065 0.1807100 0.1564366 0.1564366 
pop1.indv16 0.0220639 0.0162507 0.0126015 0.0148746 0.0159908 0.0173605 0.0149947 0.0000000 0.0092662 0.0160458 0.0173605 0.0115280 0.0114357 0.0125440 0.0162130 0.0138019 0.0149087 0.0127920 0.0162130 0.0139951 0.0162318 0.0139301 0.0174008 0.0149258 0.0138497 0.1758642 0.1889396 0.1769116 0.1878520 0.1785724 0.1946004 0.1911707 0.1834490 0.1924133 0.1799024 0.1867939 0.1839925 0.1758096 0.1793416 0.1963989 0.1725579 0.1815160 0.1809809 0.1642381 0.1768651 0.1760723 0.1712829 0.1871159 0.1684316 0.1817983 0.1685435 0.1659785 0.1708720 0.1831729 0.1607343 0.1745079 0.1631872 0.1672067 0.1663525 0.1722175 0.1804748 0.1678222 0.1596197 0.1679395 0.1782740 0.1792874 0.1733322 0.1679395 0.1657351 0.1686788 0.1600882 0.1662227 0.1911707 0.1665956 0.1645285 
pop1.indv17 0.0199277 0.0115280 0.0150120 0.0163647 0.0091496 0.0139140 0.0104541 0.0092662 0.0000000 0.0186794 0.0139463 0.0081413 0.0138818 0.0149774 0.0163075 0.0069263 0.0210376 0.0104785 0.0151520 0.0176881 0.0174412 0.0128368 0.0127328 0.0092877 0.0175227 0.1733322 0.1862268 0.1727353 0.1831774 0.1728152 0.1902077 0.1887556 0.1826233 0.1899767 0.1757540 0.1859999 0.1812413 0.1716136 0.1732562 0.1916826 0.1716136 0.1756402 0.1768179 0.1613395 0.1726540 0.1694641 0.1649703 0.1829069 0.1639956 0.1795607 0.1625550 0.1599074 0.1651114 0.1768179 0.1546594 0.1700765 0.1589668 0.1624729 0.1616787 0.1660708 0.1742499 0.1633587 0.1567099 0.1655996 0.1724760 0.1731005 0.1672067 0.1635125 0.1612717 0.1639956 0.1555745 0.1615105 0.1851232 0.1603235 0.1603235 
pop1.indv18 0.0149430 0.0173204 0.0126015 0.0220383 0.0137073 0.0184638 0.0162130 0.0160458 0.0186794 0.0000000 0.0185280 0.0115280 0.0125297 0.0171031 0.0172606 0.0102634 0.0137545 0.0186359 0.0160826 0.0186142 0.0184638 0.0150817 0.0068394 0.0137073 0.0172805 0.1888885 0.2042638 0.1900227 0.2031971 0.1916026 0.2061451 0.2045750 0.1987511 0.2060233 0.1930414 0.2022886 0.1992213 0.1889396 0.1925437 0.2080617 0.1875692 0.1948978 0.1942083 0.1752866 0.1900833 0.1872874 0.1842555 0.2007361 0.1831641 0.1950928 0.1796822 0.1769573 0.1820856 0.1964705 0.1716246 0.1878096 0.1743165 0.1801708 0.1791301 0.1837259 0.1915306 0.1807254 0.1742499 0.1845151 0.1897379 0.1910195 0.1828977 0.1810071 0.1785724 0.1815426 0.1731500 0.1791020 0.2025797 0.1772621 0.1772621 
pop1.indv19 0.0186576 0.0092234 0.0068708 0.0150817 0.0102868 0.0103460 0.0163265 0.0173605 0.0139463 0.0185280 0.0000000 0.0164030 0.0150294 0.0102751 0.0161943 0.0080756 0.0161383 0.0152587 0.0139140 0.0093201 0.0092554 0.0093857 0.0104420 0.0127328 0.0092341 0.1627933 0.1774400 0.1637537 0.1763358 0.1639034 0.1806944 0.1777054 0.1719598 0.1787434 0.1667132 0.1735179 0.1725579 0.1626344 0.1660908 0.1823452 0.1612717 0.1664544 0.1677031 0.1510461 0.1636015 0.1626344 0.1582686 0.1717839 0.1555490 0.1668330 0.1537633 0.1512949 0.1562106 0.1677031 0.1461896 0.1609693 0.1504214 0.1537549 0.1530940 0.1569417 0.1653870 0.1546551 0.1464009 0.1550986 0.1632721 0.1636922 0.1583072 0.1546509 0.1526393 0.1553235 0.1468254 0.1528611 0.1758096 0.1517585 0.1499884 
pop1.indv2  0.0163265 0.0080477 0.0114751 0.0150817 0.0114096 0.0185710 0.0104178 0.0115280 0.0081413 0.0115280 0.0164030 0.0000000 0.0102986 0.0137703 0.0162696 0.0103341 0.0103938 0.0092985 0.0092128 0.0140115 0.0103341 0.0128668 0.0092447 0.0103698 0.0150817 0.1699257 0.1842688 0.1709366 0.1815250 0.1728939 0.1881810 0.1851028 0.1790445 0.1862567 0.1739230 0.1826233 0.1793416 0.1698231 0.1730733 0.1896242 0.1682025 0.1756976 0.1749646 0.1580736 0.1708416 0.1679524 0.1635125 0.1812182 0.1657351 0.1760188 0.1661101 0.1637537 0.1686788 0.1806944 0.1585006 0.1736646 0.1625550 0.1663375 0.1654923 0.1697188 0.1780459 0.1672067 0.1587333 0.1675755 0.1760723 0.1767699 0.1708416 0.1670841 0.1651114 0.1678222 0.1592009 0.1653552 0.1889915 0.1643845 0.1623174 
pop1.indv20 0.0185280 0.0148916 0.0091183 0.0161569 0.0113707 0.0209397 0.0174819 0.0114357 0.0138818 0.0125297 0.0150294 0.0102986 0.0000000 0.0101936 0.0183790 0.0102284 0.0160826 0.0115147 0.0138019 0.0150817 0.0114620 0.0162885 0.0090976 0.0173404 0.0137545 0.1869710 0.2016606 0.1880908 0.1989198 0.1880468 0.2041304 0.2025797 0.1964705 0.2039953 0.1911013 0.1982760 0.1966536 0.1870064 0.1903084 0.2057054 0.1853601 0.1912412 0.1922535 0.1734069 0.1881355 0.1834423 0.1804575 0.1970059 0.1788669 0.1914599 0.1778222 0.1750869 0.1802098 0.1945022 0.1697776 0.1858908 0.1743165 0.1782740 0.1772621 0.1817983 0.1896242 0.1788368 0.1723839 0.1826233 0.1878096 0.1890442 0.1828977 0.1791301 0.1766963 0.1796587 0.1712829 0.1772191 0.2005945 0.1756601 0.1754030 
pop1.indv21 0.0196059 0.0136605 0.0160274 0.0206751 0.0159181 0.0136450 0.0160826 0.0125440 0.0149774 0.0171031 0.0102751 0.0137703 0.0101936 0.0000000 0.0160274 0.0090872 0.0125012 0.0161197 0.0160274 0.0184638 0.0171618 0.0161569 0.0148068 0.0126160 0.0171618 0.1693866 0.1820856 0.1687889 0.1810071 0.1704700 0.1872497 0.1842424 0.1766963 0.1853601 0.1717115 0.1782740 0.1756601 0.1692818 0.1727178 0.1889396 0.1661101 0.1731500 0.1743165 0.1577731 0.1686788 0.1676945 0.1649085 0.1785064 0.1588354 0.1734804 0.1555124 0.1526680 0.1577079 0.1706226 0.1476512 0.1626344 0.1518031 0.1553131 0.1546428 0.1586910 0.1667299 0.1559689 0.1498135 0.1581569 0.1646703 0.1653552 0.1598009 0.1563958 0.1539863 0.1568414 0.1487044 0.1544260 0.1767433 0.1531143 0.1531143 
pop1.indv22 0.0208668 0.0232921 0.0149947 0.0197655 0.0149774 0.0161756 0.0139301 0.0162130 0.0163075 0.0172606 0.0161943 0.0162696 0.0183790 0.0160274 0.0000000 0.0103104 0.0138019 0.0163075 0.0220895 0.0163456 0.0114488 0.0163265 0.0103104 0.0138497 0.0127034 0.1756044 0.1903084 0.1750262 0.1892242 0.1766963 0.1940083 0.1908824 0.1848240 0.1921189 0.1780091 0.1865099 0.1837170 0.1755477 0.1790735 0.1957957 0.1739230 0.1795858 0.1807100 0.1637537 0.1749646 0.1739230 0.1710301 0.1851440 0.1663525 0.1798802 0.1608444 0.1584605 0.1633395 0.1750262 0.1533151 0.1681852 0.1573181 0.1609693 0.1602100 0.1642381 0.1725451 0.1618443 0.1535368 0.1622419 0.1705269 0.1710982 0.1653552 0.1617734 0.1598009 0.1624772 0.1539822 0.1600332 0.1831685 0.1591080 0.1570916 
pop1.indv23 0.0138019 0.0126595 0.0103222 0.0160826 0.0079382 0.0068629 0.0091706 0.0138019 0.0069263 0.0102634 0.0080756 0.0103341 0.0102284 0.0090872 0.0103104 0.0000000 0.0103460 0.0115015 0.0092128 0.0116353 0.0068317 0.0057556 0.0068629 0.0045497 0.0114357 0.1766486 0.1914599 0.1744422 0.1903715 0.1761249 0.1918254 0.1920409 0.1842823 0.1916071 0.1774400 0.1876512 0.1848240 0.1749646 0.1785064 0.1936001 0.1749646 0.1790150 0.1801508 0.1615105 0.1743755 0.1733322 0.1704296 0.1862870 0.1657351 0.1812413 0.1642893 0.1614416 0.1665956 0.1804222 0.1562294 0.1720456 0.1604999 0.1644815 0.1636640 0.1678332 0.1759180 0.1651114 0.1587333 0.1689267 0.1739230 0.1748382 0.1687049 0.1654923 0.1630324 0.1659785 0.1576085 0.1635125 0.1864782 0.1618443 0.1618443 
pop1.indv24 0.0232380 0.0126887 0.0149087 0.0172209 0.0195833 0.0196285 0.0137861 0.0149087 0.0210376 0.0137545 0.0161383 0.0103938 0.0160826 0.0125012 0.0138019 0.0103460 0.0000000 0.0116083 0.0150120 0.0162885 0.0091706 0.0139788 0.0126741 0.0115015 0.0138979 0.1624772 0.1766963 0.1602662 0.1756044 0.1638130 0.1785397 0.1772191 0.1696748 0.1766000 0.1631872 0.1747030 0.1702764 0.1607343 0.1641436 0.1801508 0.1607343 0.1663375 0.1657351 0.1492984 0.1600882 0.1607343 0.1564366 0.1732562 0.1555365 0.1685669 0.1575145 0.1548745 0.1599792 0.1712829 0.1497729 0.1647684 0.1537633 0.1573472 0.1566406 0.1607962 0.1688972 0.1582307 0.1517585 0.1604414 0.1670841 0.1675820 0.1616787 0.1584211 0.1562106 0.1588784 0.1506388 0.1564366 0.1793680 0.1555365 0.1553131 
pop1.indv25 0.0127328 0.0127181 0.0115814 0.0174210 0.0126741 0.0092877 0.0140443 0.0127920 0.0104785 0.0186359 0.0152587 0.0092985 0.0115147 0.0161197 0.0163075 0.0115015 0.0116083 0.0000000 0.0139301 0.0081603 0.0057556 0.0117733 0.0127328 0.0103938 0.0163265 0.1693184 0.1837259 0.1670819 0.1809674 0.1704296 0.1842960 0.1845617 0.1768179 0.1840267 0.1700765 0.1817846 0.1771310 0.1675820 0.1708416 0.1857138 0.1675820 0.1731790 0.1727353 0.1542058 0.1669552 0.1640894 0.1612717 0.1803669 0.1600882 0.1754315 0.1586910 0.1578407 0.1627933 0.1729954 0.1526245 0.1663375 0.1571461 0.1590122 0.1582686 0.1620653 0.1705269 0.1615105 0.1514895 0.1635125 0.1700765 0.1689888 0.1634469 0.1598536 0.1594357 0.1605595 0.1519355 0.1580736 0.1828999 0.1582686 0.1564576 
pop1.indv3  0.0138338 0.0125727 0.0126887 0.0208911 0.0090976 0.0197425 0.0115814 0.0162130 0.0151520 0.0160826 0.0139140 0.0092128 0.0138019 0.0160274 0.0220895 0.0092128 0.0150120 0.0139301 0.0000000 0.0139301 0.0115547 0.0104663 0.0115147 0.0126450 0.0174008 0.1716246 0.1864469 0.1694247 0.1853601 0.1727178 0.1881355 0.1867262 0.1793416 0.1862268 0.1723839 0.1842823 0.1799024 0.1699257 0.1734069 0.1898553 0.1701773 0.1754901 0.1750262 0.1582686 0.1693184 0.1699257 0.1654923 0.1826233 0.1629498 0.1777054 0.1646703 0.1620805 0.1672067 0.1788062 0.1568906 0.1721301 0.1593383 0.1646261 0.1638130 0.1682025 0.1762277 0.1654923 0.1589221 0.1676945 0.1745079 0.1751663 0.1674545 0.1656273 0.1634252 0.1661101 0.1578065 0.1636640 0.1870064 0.1609063 0.1624772 
pop1.indv4  0.0140115 0.0092877 0.0138818 0.0140115 0.0114751 0.0139140 0.0128518 0.0139951 0.0176881 0.0186142 0.0093201 0.0140115 0.0150817 0.0184638 0.0163456 0.0116353 0.0162885 0.0081603 0.0139301 0.0000000 0.0105029 0.0129273 0.0080756 0.0116083 0.0115547 0.1548807 0.1688167 0.1542058 0.1660908 0.1562294 0.1692103 0.1695703 0.1619902 0.1688454 0.1571461 0.1669552 0.1639956 0.1530730 0.1562486 0.1704873 0.1530730 0.1585832 0.1580736 0.1400752 0.1539779 0.1512675 0.1470386 0.1654306 0.1492984 0.1608593 0.1502046 0.1472524 0.1524181 0.1657090 0.1421607 0.1576085 0.1466129 0.1501289 0.1495146 0.1532895 0.1616088 0.1508254 0.1445497 0.1546551 0.1594357 0.1600180 0.1544344 0.1512949 0.1488178 0.1517355 0.1434048 0.1492523 0.1717028 0.1477426 0.1477426 
pop1.indv5  0.0139625 0.0126595 0.0091496 0.0150294 0.0125871 0.0173004 0.0103938 0.0162318 0.0174412 0.0184638 0.0092554 0.0103341 0.0114620 0.0171618 0.0114488 0.0068317 0.0091706 0.0057556 0.0115547 0.0105029 0.0000000 0.0127181 0.0137703 0.0103579 0.0138657 0.1691753 0.1839925 0.1669596 0.1828977 0.1686788 0.1840037 0.1842688 0.1768651 0.1837350 0.1699257 0.1801305 0.1774400 0.1674545 0.1709366 0.1856882 0.1677031 0.1713555 0.1725579 0.1542058 0.1668330 0.1658448 0.1630324 0.1784382 0.1586910 0.1735918 0.1584211 0.1560019 0.1609063 0.1728152 0.1508569 0.1659785 0.1553235 0.1587333 0.1580015 0.1617500 0.1701260 0.1596197 0.1512949 0.1616088 0.1680697 0.1685912 0.1631165 0.1595693 0.1575765 0.1602662 0.1517355 0.1578065 0.1807100 0.1548745 0.1546509 
pop1.indv6  0.0187451 0.0151168 0.0115280 0.0163456 0.0150294 0.0139140 0.0127623 0.0139301 0.0128368 0.0150817 0.0093857 0.0128668 0.0162885 0.0161569 0.0163265 0.0057556 0.0139788 0.0117733 0.0104663 0.0129273 0.0127181 0.0000000 0.0138979 0.0115413 0.0093093 0.1635125 0.1779716 0.1628751 0.1752269 0.1646261 0.1798577 0.1785064 0.1710982 0.1778948 0.1658448 0.1759644 0.1730733 0.1617500 0.1649703 0.1812299 0.1619902 0.1672067 0.1668330 0.1501289 0.1627153 0.1615105 0.1555616 0.1742387 0.1562294 0.1694641 0.1566633 0.1539800 0.1591540 0.1705858 0.1488178 0.1637537 0.1526393 0.1562486 0.1557751 0.1597236 0.1681852 0.1573769 0.1508254 0.1596197 0.1660908 0.1668263 0.1606202 0.1575765 0.1553340 0.1580372 0.1496893 0.1555616 0.1787750 0.1528611 0.1544301 
pop1.indv7  0.0103698 0.0102517 0.0103579 0.0162318 0.0091183 0.0162130 0.0092022 0.0174008 0.0127328 0.0068394 0.0104420 0.0092447 0.0090976 0.0148068 0.0103104 0.0068629 0.0126741 0.0127328 0.0115147 0.0080756 0.0137703 0.0138979 0.0000000 0.0115547 0.0092341 0.1731500 0.1878520 0.1725579 0.1851028 0.1742499 0.1881810 0.1884200 0.1809674 0.1879388 0.1755477 0.1859720 0.1828977 0.1714467 0.1747030 0.1896242 0.1717028 0.1770859 0.1766000 0.1580736 0.1724760 0.1695703 0.1651114 0.1843100 0.1657351 0.1793147 0.1695294 0.1672067 0.1721301 0.1845617 0.1619166 0.1774400 0.1664676 0.1700765 0.1691753 0.1732562 0.1815426 0.1709366 0.1623944 0.1728939 0.1796105 0.1803856 0.1746383 0.1707781 0.1688167 0.1715363 0.1628751 0.1690671 0.1926255 0.1675755 0.1657351 
pop1.indv8  0.0138019 0.0103341 0.0161756 0.0149602 0.0102052 0.0173004 0.0080477 0.0149258 0.0092877 0.0137073 0.0127328 0.0103698 0.0173404 0.0126160 0.0138497 0.0045497 0.0115015 0.0103938 0.0126450 0.0116083 0.0103579 0.0115413 0.0115547 0.0000000 0.0126595 0.1726385 0.1870064 0.1720456 0.1842688 0.1737362 0.1892785 0.1878520 0.1817983 0.1890442 0.1750262 0.1834558 0.1804400 0.1725579 0.1758096 0.1907271 0.1709366 0.1765507 0.1777054 0.1592009 0.1719598 0.1674545 0.1662227 0.1820633 0.1631872 0.1768651 0.1617734 0.1591540 0.1642893 0.1760723 0.1539822 0.1694247 0.1584605 0.1619166 0.1611398 0.1652158 0.1732998 0.1627933 0.1562294 0.1665956 0.1715363 0.1721323 0.1663375 0.1629498 0.1607343 0.1634252 0.1551070 0.1609693 0.1839925 0.1580015 0.1595693 
pop1.indv9  0.0196285 0.0126741 0.0162130 0.0137861 0.0102751 0.0172805 0.0151874 0.0138497 0.0175227 0.0172805 0.0092341 0.0150817 0.0137545 0.0171618 0.0127034 0.0114357 0.0138979 0.0163265 0.0174008 0.0115547 0.0138657 0.0093093 0.0092341 0.0126595 0.0000000 0.1634252 0.1777449 0.1643845 0.1750262 0.1645285 0.1796105 0.1782740 0.1741822 0.1809674 0.1673294 0.1757540 0.1728939 0.1632721 0.1664676 0.1826233 0.1619166 0.1670819 0.1683180 0.1517355 0.1642381 0.1598536 0.1586910 0.1723927 0.1577731 0.1690671 0.1566406 0.1555490 0.1588784 0.1741822 0.1504214 0.1641436 0.1548745 0.1585006 0.1577731 0.1599074 0.1698788 0.1591540 0.1492984 0.1593383 0.1659785 0.1667044 0.1628751 0.1577731 0.1571186 0.1600332 0.1499490 0.1575765 0.1801708 0.1559853 0.1524346 
pop2.indv1  0.1848061 0.1652503 0.1686788 0.1848061 0.1703740 0.1729713 0.1691753 0.1758642 0.1733322 0.1888885 0.1627933 0.1699257 0.1869710 0.1693866 0.1756044 0.1766486 0.1624772 0.1693184 0.1716246 0.1548807 0.1691753 0.1635125 0.1731500 0.1726385 0.1634252 0.0000000 0.0114227 0.0091916 0.0149430 0.0137861 0.0115413 0.0172805 0.0068708 0.0128218 0.0079292 0.0151697 0.0138178 0.0150642 0.0126160 0.0139463 0.0091601 0.0080477 0.0161197 0.0069183 0.0150294 0.0079835 0.0137387 0.0139951 0.0115280 0.0127772 0.1946979 0.1881355 0.1933318 0.2066621 0.1842688 0.1970686 0.1892242 0.1892785 0.1919641 0.1893337 0.1974257 0.1903715 0.1853825 0.1900227 0.1950928 0.1927932 0.2018271 0.1867262 0.1875692 0.1931268 0.1820725 0.1897961 0.2167116 0.1905949 0.1900227 
pop2.indv10 0.1978467 0.1793680 0.1828955 0.1998272 0.1850629 0.1858908 0.1839925 0.1889396 0.1862268 0.2042638 0.1774400 0.1842688 0.2016606 0.1820856 0.1903084 0.1914599 0.1766963 0.1837259 0.1864469 0.1688167 0.1839925 0.1779716 0.1878520 0.1870064 0.1777449 0.0114227 0.0000000 0.0126450 0.0151168 0.0161197 0.0139463 0.0149774 0.0139301 0.0139463 0.0137861 0.0174008 0.0138657 0.0187012 0.0115147 0.0175227 0.0186359 0.0116353 0.0126887 0.0127772 0.0186794 0.0092341 0.0139301 0.0140937 0.0150294 0.0163456 0.2045750 0.1999701 0.2031971 0.2166609 0.1943039 0.2074189 0.2007431 0.2012042 0.2021260 0.2013608 0.2090172 0.2039953 0.1951962 0.2015105 0.2050725 0.2026220 0.2124215 0.1981472 0.1976705 0.2027452 0.1938055 0.1999701 0.2268720 0.2004369 0.2001316 
pop2.indv11 0.1842688 0.1630324 0.1680697 0.1842688 0.1697776 0.1707781 0.1685669 0.1769116 0.1727353 0.1900227 0.1637537 0.1709366 0.1880908 0.1687889 0.1750262 0.1744422 0.1602662 0.1670819 0.1694247 0.1542058 0.1669596 0.1628751 0.1725579 0.1720456 0.1643845 0.0091916 0.0126450 0.0000000 0.0162130 0.0114357 0.0127034 0.0114620 0.0080663 0.0103938 0.0080293 0.0152230 0.0092022 0.0186359 0.0103698 0.0176464 0.0138657 0.0080756 0.0103938 0.0080756 0.0140607 0.0116218 0.0103460 0.0093201 0.0173204 0.0115680 0.1925437 0.1895665 0.1911707 0.2041751 0.1840037 0.1948978 0.1870423 0.1873646 0.1900833 0.1888067 0.1966536 0.1935092 0.1831774 0.1878520 0.1932137 0.1905672 0.1982313 0.1878520 0.1856631 0.1906605 0.1817915 0.1878950 0.2125014 0.1884200 0.1881355 
pop2.indv12 0.1947971 0.1766486 0.1801708 0.1987511 0.1839814 0.1848061 0.1828977 0.1878520 0.1831774 0.2031971 0.1763358 0.1815250 0.1989198 0.1810071 0.1892242 0.1903715 0.1756044 0.1809674 0.1853601 0.1660908 0.1828977 0.1752269 0.1851028 0.1842688 0.1750262 0.0149430 0.0151168 0.0162130 0.0000000 0.0208668 0.0174615 0.0174210 0.0138338 0.0187231 0.0127181 0.0188333 0.0115147 0.0151168 0.0080570 0.0164803 0.0138818 0.0163647 0.0138818 0.0162885 0.0187891 0.0104299 0.0173004 0.0142443 0.0173806 0.0162696 0.2052001 0.1968865 0.2038184 0.2176856 0.1929191 0.2039953 0.1979728 0.1960968 0.2007431 0.1959061 0.2039536 0.1988853 0.1957957 0.1987511 0.2039953 0.2018367 0.2092581 0.1970686 0.1962849 0.2036813 0.1890442 0.1968865 0.2261734 0.2010503 0.1987511 
pop2.indv13 0.1875292 0.1663525 0.1713730 0.1858908 0.1730475 0.1724651 0.1702764 0.1785724 0.1728152 0.1916026 0.1639034 0.1728939 0.1880468 0.1704700 0.1766963 0.1761249 0.1638130 0.1704296 0.1727178 0.1562294 0.1686788 0.1646261 0.1742499 0.1737362 0.1645285 0.0137861 0.0161197 0.0114357 0.0208668 0.0000000 0.0173806 0.0137545 0.0126741 0.0126741 0.0079744 0.0186359 0.0138497 0.0127034 0.0137545 0.0151874 0.0162885 0.0080663 0.0102751 0.0068472 0.0162318 0.0115413 0.0197196 0.0105152 0.0115015 0.0126887 0.1921755 0.1892242 0.1908154 0.2036813 0.1837170 0.1945022 0.1867262 0.1870423 0.1897379 0.1884678 0.1962466 0.1931268 0.1828977 0.1875292 0.1928348 0.1902077 0.1977959 0.1875292 0.1853601 0.1903084 0.1815250 0.1875692 0.2119232 0.1880908 0.1878096 
pop2.indv14 0.2019775 0.1815250 0.1867598 0.2039953 0.1883729 0.1895097 0.1856631 0.1946004 0.1902077 0.2061451 0.1806944 0.1881810 0.2041304 0.1872497 0.1940083 0.1918254 0.1785397 0.1842960 0.1881355 0.1692103 0.1840037 0.1798577 0.1881810 0.1892785 0.1796105 0.0115413 0.0139463 0.0127034 0.0174615 0.0173806 0.0000000 0.0173204 0.0105029 0.0081036 0.0151520 0.0128819 0.0163075 0.0187231 0.0162507 0.0151697 0.0139788 0.0104663 0.0162885 0.0128819 0.0139788 0.0115547 0.0199277 0.0190350 0.0187012 0.0151874 0.2102054 0.2055799 0.2088129 0.2247603 0.2015152 0.2145757 0.2046261 0.2068656 0.2094598 0.2067465 0.2147044 0.2114249 0.2024539 0.2057054 0.2110948 0.2090508 0.2165575 0.2053884 0.2049431 0.2104377 0.1993306 0.2073050 0.2315684 0.2060233 0.2057054 
pop2.indv15 0.2004369 0.1801708 0.1837170 0.2004369 0.1853381 0.1880908 0.1842688 0.1911707 0.1887556 0.2045750 0.1777054 0.1851028 0.2025797 0.1842424 0.1908824 0.1920409 0.1772191 0.1845617 0.1867262 0.1695703 0.1842688 0.1785064 0.1884200 0.1878520 0.1782740 0.0172805 0.0149774 0.0114620 0.0174210 0.0137545 0.0173204 0.0000000 0.0152052 0.0127920 0.0149774 0.0199511 0.0208427 0.0185280 0.0126595 0.0248174 0.0162696 0.0092128 0.0207945 0.0092447 0.0235389 0.0115147 0.0149602 0.0105029 0.0173806 0.0175023 0.2089158 0.2043102 0.2075312 0.2212132 0.1985802 0.2097847 0.2033683 0.2038582 0.2064621 0.2037193 0.2113564 0.2083847 0.1994984 0.2041304 0.2077398 0.2053237 0.2151882 0.2024351 0.2019775 0.2070990 0.1963989 0.2026005 0.2297313 0.2047575 0.2044435 
pop2.indv16 0.1943039 0.1741822 0.1777054 0.1943039 0.1815339 0.1788062 0.1768651 0.1834490 0.1826233 0.1987511 0.1719598 0.1790445 0.1964705 0.1766963 0.1848240 0.1842823 0.1696748 0.1768179 0.1793416 0.1619902 0.1768651 0.1710982 0.1809674 0.1817983 0.1741822 0.0068708 0.0139301 0.0080663 0.0138338 0.0126741 0.0105029 0.0152052 0.0000000 0.0210622 0.0163647 0.0116353 0.0057358 0.0151520 0.0092877 0.0164415 0.0163456 0.0081224 0.0175023 0.0081698 0.0139951 0.0092447 0.0175023 0.0093528 0.0163075 0.0152052 0.2010503 0.1960968 0.1996639 0.2130912 0.1904356 0.2015152 0.1954955 0.1938991 0.1982760 0.1936925 0.2015105 0.1984069 0.1916071 0.1962849 0.1998064 0.1972507 0.2067465 0.1946004 0.1938055 0.1991914 0.1882272 0.1944011 0.2215633 0.1968865 0.1962849 
pop2.indv17 0.2018271 0.1812413 0.1848421 0.2018271 0.1884200 0.1876099 0.1837350 0.1924133 0.1899767 0.2060233 0.1787434 0.1862567 0.2039953 0.1853601 0.1921189 0.1916071 0.1766000 0.1840267 0.1862268 0.1688454 0.1837350 0.1778948 0.1879388 0.1890442 0.1809674 0.0128218 0.0139463 0.0103938 0.0187231 0.0126741 0.0081036 0.0127920 0.0210622 0.0000000 0.0093201 0.0117733 0.0140443 0.0093638 0.0069827 0.0141103 0.0153488 0.0152946 0.0092447 0.0093419 0.0152587 0.0117044 0.0128368 0.0154583 0.0116489 0.0116771 0.2083847 0.2034014 0.2069831 0.2208194 0.1976167 0.2089300 0.2027687 0.2012042 0.2055799 0.2010455 0.2088129 0.2057746 0.1988498 0.2035423 0.2071896 0.2047333 0.2143760 0.2018271 0.2010479 0.2065427 0.1954082 0.2016746 0.2294426 0.2041751 0.2035423 
pop2.indv18 0.1872874 0.1659785 0.1710301 0.1872874 0.1727178 0.1737362 0.1715363 0.1799024 0.1757540 0.1930414 0.1667132 0.1739230 0.1911013 0.1717115 0.1780091 0.1774400 0.1631872 0.1700765 0.1723839 0.1571461 0.1699257 0.1658448 0.1755477 0.1750262 0.1673294 0.0079292 0.0137861 0.0080293 0.0127181 0.0079744 0.0151520 0.0149774 0.0163647 0.0093201 0.0000000 0.0188112 0.0127034 0.0187012 0.0080385 0.0152946 0.0139301 0.0150992 0.0092022 0.0115814 0.0199511 0.0115413 0.0162318 0.0177719 0.0127328 0.0139951 0.1972483 0.1909504 0.1958760 0.2093596 0.1870423 0.1979728 0.1900833 0.1921189 0.1947971 0.1919022 0.1999884 0.1948978 0.1878950 0.1908824 0.1959855 0.1936925 0.2030846 0.1892242 0.1903715 0.1956870 0.1831774 0.1909504 0.2177295 0.1931268 0.1928348 
pop2.indv19 0.1977959 0.1790445 0.1809674 0.1960968 0.1848240 0.1820725 0.1817915 0.1867939 0.1859999 0.2022886 0.1735179 0.1826233 0.1982760 0.1782740 0.1865099 0.1876512 0.1747030 0.1817846 0.1842823 0.1669552 0.1801305 0.1759644 0.1859720 0.1834558 0.1757540 0.0151697 0.0174008 0.0152230 0.0188333 0.0186359 0.0128819 0.0199511 0.0116353 0.0117733 0.0188112 0.0000000 0.0139463 0.0189448 0.0128218 0.0201164 0.0151697 0.0105275 0.0152408 0.0152230 0.0081985 0.0128668 0.0176464 0.0106269 0.0140115 0.0152230 0.2029135 0.1982313 0.2015152 0.2151261 0.1924953 0.2057746 0.1990217 0.1994722 0.2004252 0.1996162 0.2074189 0.2023052 0.1933918 0.1998064 0.2034014 0.2008846 0.2108221 0.1963989 0.1959061 0.2010479 0.1919803 0.1982313 0.2254795 0.1987138 0.1984069 
pop2.indv2  0.1911707 0.1728939 0.1763863 0.1931268 0.1785724 0.1793680 0.1790735 0.1839925 0.1812413 0.1992213 0.1725579 0.1793416 0.1966536 0.1756601 0.1837170 0.1848240 0.1702764 0.1771310 0.1799024 0.1639956 0.1774400 0.1730733 0.1828977 0.1804400 0.1728939 0.0138178 0.0138657 0.0092022 0.0115147 0.0138497 0.0163075 0.0208427 0.0057358 0.0140443 0.0127034 0.0139463 0.0000000 0.0139140 0.0091811 0.0163265 0.0150992 0.0069423 0.0138338 0.0127476 0.0127623 0.0150642 0.0150817 0.0094189 0.0185280 0.0210130 0.1978467 0.1929191 0.1964705 0.2096867 0.1873257 0.1982760 0.1923327 0.1907271 0.1950928 0.1905008 0.1983194 0.1951962 0.1884678 0.1931268 0.1965853 0.1939942 0.2034014 0.1914599 0.1906605 0.1959855 0.1851232 0.1912412 0.2180709 0.1937136 0.1931268 
pop2.indv20 0.1848240 0.1635125 0.1685669 0.1848240 0.1702764 0.1712829 0.1674545 0.1758096 0.1716136 0.1889396 0.1626344 0.1698231 0.1870064 0.1692818 0.1755477 0.1749646 0.1607343 0.1675820 0.1699257 0.1530730 0.1674545 0.1617500 0.1714467 0.1725579 0.1632721 0.0150642 0.0187012 0.0186359 0.0151168 0.0127034 0.0187231 0.0185280 0.0151520 0.0093638 0.0187012 0.0189448 0.0139140 0.0000000 0.0163265 0.0165582 0.0139788 0.0116218 0.0092447 0.0139788 0.0163838 0.0175844 0.0139463 0.0153851 0.0139301 0.0176672 0.1931268 0.1878950 0.1917499 0.2068656 0.1842823 0.1951962 0.1856631 0.1859720 0.1903715 0.1874041 0.1972483 0.1901450 0.1837350 0.1864782 0.1938055 0.1931807 0.1985400 0.1864782 0.1859445 0.1932137 0.1801305 0.1881810 0.2152494 0.1889915 0.1884200 
pop2.indv21 0.1864782 0.1667132 0.1717906 0.1884200 0.1737362 0.1747667 0.1709366 0.1793416 0.1732562 0.1925437 0.1660908 0.1730733 0.1903084 0.1727178 0.1790735 0.1785064 0.1641436 0.1708416 0.1734069 0.1562486 0.1709366 0.1649703 0.1747030 0.1758096 0.1664676 0.0126160 0.0115147 0.0103698 0.0080570 0.0137545 0.0162507 0.0126595 0.0092877 0.0069827 0.0080385 0.0128218 0.0091811 0.0163265 0.0000000 0.0104663 0.0139301 0.0140443 0.0091916 0.0069423 0.0175638 0.0103938 0.0150294 0.0140772 0.0091811 0.0152766 0.1947971 0.1901450 0.1934197 0.2065427 0.1845617 0.1954955 0.1892785 0.1896242 0.1923327 0.1893899 0.1972483 0.1941028 0.1854053 0.1900833 0.1935092 0.1908638 0.2005757 0.1884200 0.1878950 0.1929191 0.1823452 0.1884678 0.2149120 0.1906605 0.1903715 
pop2.indv22 0.2018271 0.1845617 0.1881810 0.2058998 0.1920409 0.1912412 0.1873646 0.1963989 0.1916826 0.2080617 0.1823452 0.1896242 0.2057054 0.1889396 0.1957957 0.1936001 0.1801508 0.1857138 0.1898553 0.1704873 0.1856882 0.1812299 0.1896242 0.1907271 0.1826233 0.0139463 0.0175227 0.0176464 0.0164803 0.0151874 0.0151697 0.0248174 0.0164415 0.0141103 0.0152946 0.0201164 0.0163265 0.0165582 0.0104663 0.0000000 0.0189001 0.0202120 0.0188778 0.0188333 0.0190577 0.0151520 0.0187891 0.0202361 0.0211116 0.0153488 0.2163215 0.2099174 0.2149120 0.2313005 0.2057746 0.2190673 0.2106740 0.2130147 0.2155878 0.2111588 0.2191358 0.2158707 0.2084958 0.2117561 0.2151882 0.2132016 0.2229598 0.2096867 0.2110052 0.2166096 0.2035784 0.2116707 0.2382312 0.2120883 0.2117561 
pop2.indv23 0.1831729 0.1635125 0.1669596 0.1831729 0.1689267 0.1696748 0.1677031 0.1725579 0.1716136 0.1875692 0.1612717 0.1682025 0.1853601 0.1661101 0.1739230 0.1749646 0.1607343 0.1675820 0.1701773 0.1530730 0.1677031 0.1619902 0.1717028 0.1709366 0.1619166 0.0091601 0.0186359 0.0138657 0.0138818 0.0162885 0.0139788 0.0162696 0.0163456 0.0153488 0.0139301 0.0151697 0.0150992 0.0139788 0.0139301 0.0189001 0.0000000 0.0057755 0.0186359 0.0117319 0.0163647 0.0116083 0.0127476 0.0141770 0.0138497 0.0175432 0.1897961 0.1867939 0.1884200 0.2013608 0.1812413 0.1921189 0.1842823 0.1845778 0.1873257 0.1859999 0.1939152 0.1907271 0.1804041 0.1851028 0.1904356 0.1877360 0.1954082 0.1851028 0.1828999 0.1878950 0.1790150 0.1851232 0.2096867 0.1856631 0.1853825 
pop2.indv24 0.1907271 0.1689572 0.1741135 0.1890442 0.1758096 0.1752269 0.1729954 0.1815160 0.1756402 0.1948978 0.1664544 0.1756976 0.1912412 0.1731500 0.1795858 0.1790150 0.1663375 0.1731790 0.1754901 0.1585832 0.1713555 0.1672067 0.1770859 0.1765507 0.1670819 0.0080477 0.0116353 0.0080756 0.0163647 0.0080663 0.0104663 0.0092128 0.0081224 0.0152946 0.0150992 0.0105275 0.0069423 0.0116218 0.0140443 0.0202120 0.0057755 0.0000000 0.0080849 0.0081130 0.0093201 0.0081319 0.0128218 0.0094078 0.0163456 0.0152230 0.1971887 0.1907949 0.1957957 0.2094864 0.1868286 0.1979235 0.1899155 0.1919803 0.1947002 0.1917593 0.1999701 0.1948017 0.1876933 0.1907271 0.1959061 0.1935760 0.2031138 0.1890442 0.1902077 0.1956032 0.1829045 0.1907949 0.2179873 0.1930049 0.1927086 
pop2.indv25 0.1900833 0.1685669 0.1736646 0.1900833 0.1753452 0.1763863 0.1725579 0.1809809 0.1768179 0.1942083 0.1677031 0.1749646 0.1922535 0.1743165 0.1807100 0.1801508 0.1657351 0.1727353 0.1750262 0.1580736 0.1725579 0.1668330 0.1766000 0.1777054 0.1683180 0.0161197 0.0126887 0.0103938 0.0138818 0.0102751 0.0162885 0.0207945 0.0175023 0.0092447 0.0092022 0.0152408 0.0138338 0.0092447 0.0091916 0.0188778 0.0186359 0.0080849 0.0000000 0.0116353 0.0139463 0.0115949 0.0162318 0.0128970 0.0150992 0.0175227 0.2021260 0.1971887 0.2007431 0.2145101 0.1932137 0.2043102 0.1948978 0.1950003 0.1993587 0.1965148 0.2045750 0.1994984 0.1927086 0.1956870 0.2029135 0.2007289 0.2078406 0.1956870 0.1948978 0.2005852 0.1893337 0.1971887 0.2229824 0.1979728 0.1973691 
pop2.indv3  0.1711913 0.1535305 0.1569159 0.1730733 0.1604999 0.1596197 0.1557899 0.1642381 0.1613395 0.1752866 0.1510461 0.1580736 0.1734069 0.1577731 0.1637537 0.1615105 0.1492984 0.1542058 0.1582686 0.1400752 0.1542058 0.1501289 0.1580736 0.1592009 0.1517355 0.0069183 0.0127772 0.0080756 0.0162885 0.0068472 0.0128819 0.0092447 0.0081698 0.0093419 0.0115814 0.0152230 0.0127476 0.0139788 0.0069423 0.0188333 0.0117319 0.0081130 0.0116353 0.0000000 0.0104907 0.0104663 0.0081508 0.0117733 0.0115015 0.0152587 0.1774400 0.1743755 0.1760723 0.1902077 0.1689572 0.1831774 0.1752269 0.1754315 0.1766000 0.1753720 0.1834423 0.1798577 0.1697188 0.1763358 0.1795858 0.1767211 0.1843100 0.1744422 0.1722175 0.1771310 0.1699742 0.1760188 0.1984069 0.1733322 0.1730733 
pop2.indv4  0.1842823 0.1628751 0.1679524 0.1842823 0.1696748 0.1706828 0.1684533 0.1768651 0.1726540 0.1900833 0.1636015 0.1708416 0.1881355 0.1686788 0.1749646 0.1743755 0.1600882 0.1669552 0.1693184 0.1539779 0.1668330 0.1627153 0.1724760 0.1719598 0.1642381 0.0150294 0.0186794 0.0140607 0.0187891 0.0162318 0.0139788 0.0235389 0.0139951 0.0152587 0.0199511 0.0081985 0.0127623 0.0163838 0.0175638 0.0190577 0.0163647 0.0093201 0.0139463 0.0104907 0.0000000 0.0116083 0.0176881 0.0130811 0.0198811 0.0164415 0.1946004 0.1913129 0.1932137 0.2064215 0.1856882 0.1967019 0.1890442 0.1874041 0.1918254 0.1888587 0.1967691 0.1936001 0.1851440 0.1898553 0.1953013 0.1926633 0.2000985 0.1898553 0.1873646 0.1927086 0.1834627 0.1896242 0.2148486 0.1904356 0.1898553 
pop2.indv5  0.1777054 0.1616787 0.1651114 0.1834490 0.1686788 0.1712829 0.1690671 0.1760723 0.1694641 0.1872874 0.1626344 0.1679524 0.1834423 0.1676945 0.1739230 0.1733322 0.1607343 0.1640894 0.1699257 0.1512675 0.1658448 0.1615105 0.1695703 0.1674545 0.1598536 0.0079835 0.0092341 0.0116218 0.0104299 0.0115413 0.0115547 0.0115147 0.0092447 0.0117044 0.0115413 0.0128668 0.0150642 0.0175844 0.0103938 0.0151520 0.0116083 0.0081319 0.0115949 0.0104663 0.0116083 0.0000000 0.0116489 0.0117595 0.0115147 0.0092769 0.1917499 0.1887556 0.1903715 0.2051318 0.1831774 0.1977959 0.1895665 0.1899155 0.1909504 0.1899767 0.1978467 0.1944011 0.1840151 0.1906605 0.1941028 0.1914599 0.1991605 0.1887053 0.1865099 0.1915329 0.1842960 0.1904356 0.2135009 0.1876099 0.1873257 
pop2.indv6  0.1763863 0.1589221 0.1623174 0.1801708 0.1676945 0.1668395 0.1630324 0.1712829 0.1649703 0.1842555 0.1582686 0.1635125 0.1804575 0.1649085 0.1710301 0.1704296 0.1564366 0.1612717 0.1654923 0.1470386 0.1630324 0.1555616 0.1651114 0.1662227 0.1586910 0.0137387 0.0139301 0.0103460 0.0173004 0.0197196 0.0199277 0.0149602 0.0175023 0.0128368 0.0162318 0.0176464 0.0150817 0.0139463 0.0150294 0.0187891 0.0127476 0.0128218 0.0162318 0.0081508 0.0176881 0.0116489 0.0000000 0.0164997 0.0127328 0.0210130 0.1883729 0.1837259 0.1870064 0.1998064 0.1782386 0.1929191 0.1848240 0.1851232 0.1859174 0.1868286 0.1946979 0.1876099 0.1790445 0.1856383 0.1889915 0.1862870 0.1959061 0.1820769 0.1815250 0.1864782 0.1779335 0.1840037 0.2101107 0.1842688 0.1839925 
pop2.indv7  0.1965148 0.1759644 0.1795607 0.1948017 0.1812413 0.1823452 0.1801098 0.1871159 0.1829069 0.2007361 0.1717839 0.1812182 0.1970059 0.1785064 0.1851440 0.1862870 0.1732562 0.1803669 0.1826233 0.1654306 0.1784382 0.1742387 0.1843100 0.1820633 0.1723927 0.0139951 0.0140937 0.0093201 0.0142443 0.0105152 0.0190350 0.0105029 0.0093528 0.0154583 0.0177719 0.0106269 0.0094189 0.0153851 0.0140772 0.0202361 0.0141770 0.0094078 0.0128970 0.0117733 0.0130811 0.0117595 0.0164997 0.0000000 0.0140772 0.0129884 0.2054527 0.2024732 0.2040381 0.2179013 0.1966326 0.2080569 0.1997849 0.2002484 0.2029398 0.2018466 0.2096867 0.2066257 0.1958243 0.2005757 0.2062987 0.2037989 0.2117486 0.2005757 0.1983638 0.2035784 0.1943963 0.2007289 0.2265851 0.2012042 0.2008895 
pop2.indv8  0.1753452 0.1580015 0.1611398 0.1753452 0.1669638 0.1606735 0.1620805 0.1684316 0.1639956 0.1831641 0.1555490 0.1657351 0.1788669 0.1588354 0.1663525 0.1657351 0.1555365 0.1600882 0.1629498 0.1492984 0.1586910 0.1562294 0.1657351 0.1631872 0.1577731 0.0115280 0.0150294 0.0173204 0.0173806 0.0115015 0.0187012 0.0173806 0.0163075 0.0116489 0.0127328 0.0140115 0.0185280 0.0139301 0.0091811 0.0211116 0.0138497 0.0163456 0.0150992 0.0115015 0.0198811 0.0115147 0.0127328 0.0140772 0.0000000 0.0127920 0.1818116 0.1788062 0.1804575 0.1929191 0.1734069 0.1839925 0.1763863 0.1766000 0.1793680 0.1779335 0.1858646 0.1826233 0.1725579 0.1772191 0.1823497 0.1795607 0.1870788 0.1772191 0.1750262 0.1799024 0.1711913 0.1771754 0.2010503 0.1777449 0.1774816 
pop2.indv9  0.1909504 0.1728152 0.1744422 0.1892785 0.1780091 0.1774400 0.1752269 0.1817983 0.1795607 0.1950928 0.1668330 0.1760188 0.1914599 0.1734804 0.1798802 0.1812413 0.1685669 0.1754315 0.1777054 0.1608593 0.1735918 0.1694641 0.1793147 0.1768651 0.1690671 0.0127772 0.0163456 0.0115680 0.0162696 0.0126887 0.0151874 0.0175023 0.0152052 0.0116771 0.0139951 0.0152230 0.0210130 0.0176672 0.0152766 0.0153488 0.0175432 0.0152230 0.0175227 0.0152587 0.0164415 0.0092769 0.0210130 0.0129884 0.0127920 0.0000000 0.2016675 0.1950003 0.2002772 0.2158707 0.1913129 0.2024539 0.1941028 0.1965148 0.1991914 0.1963251 0.2061451 0.1990217 0.1921983 0.1948978 0.2004252 0.1999318 0.2077277 0.1932137 0.1947002 0.2018271 0.1871159 0.1953013 0.2244025 0.1974918 0.1971887 
pop3.indv1  0.1626344 0.1568658 0.1597491 0.1717115 0.1632554 0.1535490 0.1588784 0.1685435 0.1625550 0.1796822 0.1537633 0.1661101 0.1778222 0.1555124 0.1608444 0.1642893 0.1575145 0.1586910 0.1646703 0.1502046 0.1584211 0.1566633 0.1695294 0.1617734 0.1566406 0.1946979 0.2045750 0.1925437 0.2052001 0.1921755 0.2102054 0.2089158 0.2010503 0.2083847 0.1972483 0.2029135 0.1978467 0.1931268 0.1947971 0.2163215 0.1897961 0.1971887 0.2021260 0.1774400 0.1946004 0.1917499 0.1883729 0.2054527 0.1818116 0.2016675 0.0000000 0.0150120 0.0195158 0.0197196 0.0114751 0.0160274 0.0127034 0.0126450 0.0114751 0.0198347 0.0274992 0.0184851 0.0184851 0.0149602 0.0161383 0.0152408 0.0173806 0.0159362 0.0113837 0.0184425 0.0161569 0.0115015 0.0172805 0.0148746 0.0125155 
pop3.indv10 0.1600332 0.1539822 0.1571186 0.1691753 0.1606735 0.1508878 0.1560019 0.1659785 0.1599074 0.1769573 0.1512949 0.1637537 0.1750869 0.1526680 0.1584605 0.1614416 0.1548745 0.1578407 0.1620805 0.1472524 0.1560019 0.1539800 0.1672067 0.1591540 0.1555490 0.1881355 0.1999701 0.1895665 0.1968865 0.1892242 0.2055799 0.2043102 0.1960968 0.2034014 0.1909504 0.1982313 0.1929191 0.1878950 0.1901450 0.2099174 0.1867939 0.1907949 0.1971887 0.1743755 0.1913129 0.1887556 0.1837259 0.2024732 0.1788062 0.1950003 0.0150120 0.0000000 0.0092022 0.0127034 0.0091706 0.0068394 0.0080201 0.0092877 0.0091287 0.0081698 0.0113966 0.0103698 0.0103698 0.0126015 0.0057227 0.0081130 0.0116353 0.0102986 0.0080109 0.0149602 0.0115814 0.0103579 0.0150294 0.0091496 0.0080109 
