80
pop0_0     0.0000000 0.0050167 0.0110828 0.0182225 0.0182230 0.0171970 0.0233634 0.0269828 0.0264624 0.0321829 0.0327027 0.0347948 0.0379482 0.0374222 0.0342793 0.0321866 0.0342801 0.0353293 0.0353187 0.0411073 0.0598249 0.0630799 0.0592798 0.0614500 0.0652564 0.0636240 0.0641618 0.0669046 0.0669020 0.0636228 0.0636272 0.0679877 0.0619901 0.0625336 0.0619847 0.0614571 0.0614421 0.0679858 0.0571174 0.0609028 0.0823801 0.0846153 0.0818253 0.0823868 0.0834983 0.0812576 0.0834981 0.0823836 0.0846056 0.0829393 0.0835002 0.0846116 0.0857312 0.0834923 0.0784663 0.0868700 0.0779319 0.0857374 0.0801373 0.0801501 0.0942023 0.0942027 0.1004550 0.0976151 0.0947642 0.0981735 0.1050509 0.1010510 0.1021770 0.1021877 0.1050558 0.1027404 0.1021731 0.1015915 0.1021892 0.1050421 0.1056263 0.0998718 0.1044668 0.1021782 
pop0_1     0.0050167 0.0000000 0.0100673 0.0171976 0.0171981 0.0161731 0.0223313 0.0259455 0.0254262 0.0311375 0.0316589 0.0337470 0.0368951 0.0363698 0.0332314 0.0311418 0.0332321 0.0342798 0.0342688 0.0400506 0.0587396 0.0619896 0.0581954 0.0603621 0.0641630 0.0625329 0.0630701 0.0658085 0.0658059 0.0625318 0.0625362 0.0668901 0.0609016 0.0614442 0.0608963 0.0603693 0.0603545 0.0668883 0.0560362 0.0598159 0.0812602 0.0834919 0.0807061 0.0812667 0.0823766 0.0790270 0.0823764 0.0812636 0.0834823 0.0818185 0.0823785 0.0834883 0.0846061 0.0823707 0.0773526 0.0857429 0.0768187 0.0846122 0.0790204 0.0790336 0.0930638 0.0930642 0.0993067 0.0964712 0.0936248 0.0970288 0.1038952 0.0999015 0.1010260 0.1010365 0.1039000 0.1015886 0.1010221 0.1004415 0.1010380 0.1038865 0.1044697 0.0992961 0.1033121 0.1010271 
pop0_2     0.0110828 0.0100673 0.0000000 0.0213019 0.0213025 0.0202715 0.0264637 0.0300979 0.0295756 0.0353187 0.0358417 0.0379424 0.0411086 0.0405803 0.0374248 0.0353233 0.0374256 0.0384793 0.0379413 0.0442806 0.0619901 0.0652542 0.0614434 0.0636196 0.0674369 0.0657998 0.0663390 0.0690901 0.0690865 0.0657987 0.0658042 0.0701760 0.0641613 0.0647063 0.0641557 0.0636272 0.0636116 0.0701740 0.0592748 0.0630708 0.0857314 0.0879764 0.0851742 0.0857383 0.0868546 0.0846037 0.0868543 0.0857350 0.0879663 0.0857302 0.0862932 0.0879726 0.0890971 0.0868483 0.0817996 0.0902416 0.0812637 0.0891036 0.0834781 0.0834915 0.0976064 0.0976069 0.1038869 0.1010347 0.0981707 0.1015952 0.1085039 0.1044864 0.1056169 0.1050498 0.1085090 0.1061826 0.1056128 0.1050284 0.1056296 0.1084948 0.1090819 0.1038758 0.1079169 0.1056182 
pop0_3     0.0182225 0.0171976 0.0213019 0.0000000 0.0161754 0.0202733 0.0264655 0.0300998 0.0295769 0.0353215 0.0358430 0.0379449 0.0411113 0.0405830 0.0374272 0.0348013 0.0374281 0.0384818 0.0384700 0.0442835 0.0630816 0.0663502 0.0625340 0.0647133 0.0685367 0.0668967 0.0674371 0.0701926 0.0701898 0.0668967 0.0669006 0.0712800 0.0652561 0.0658019 0.0652503 0.0647213 0.0647054 0.0712779 0.0603620 0.0641639 0.0857373 0.0879824 0.0851800 0.0857441 0.0868605 0.0846094 0.0868602 0.0857409 0.0879723 0.0862990 0.0868625 0.0879786 0.0891031 0.0868542 0.0818052 0.0902477 0.0812692 0.0891096 0.0834838 0.0823790 0.0976131 0.0976136 0.1038941 0.1010416 0.0981774 0.1016022 0.1085114 0.1044936 0.1056242 0.1056352 0.1085165 0.1061899 0.1056201 0.1050356 0.1056369 0.1085023 0.1090894 0.1038830 0.1079243 0.1056254 
pop0_4     0.0182230 0.0171981 0.0213025 0.0161754 0.0000000 0.0202738 0.0254306 0.0301006 0.0295777 0.0353224 0.0358449 0.0379458 0.0411122 0.0405839 0.0374281 0.0353265 0.0374290 0.0384828 0.0384700 0.0442846 0.0630830 0.0663521 0.0625362 0.0647150 0.0685384 0.0668986 0.0674385 0.0701941 0.0701914 0.0668967 0.0669021 0.0712815 0.0652575 0.0658042 0.0652518 0.0647227 0.0647068 0.0712795 0.0603634 0.0641653 0.0857391 0.0879842 0.0851818 0.0857459 0.0868623 0.0846112 0.0868621 0.0857427 0.0879741 0.0863008 0.0868643 0.0879805 0.0891050 0.0868561 0.0818069 0.0902496 0.0812709 0.0891115 0.0834856 0.0834989 0.0970433 0.0970437 0.1033195 0.1004691 0.0976072 0.1010294 0.1079331 0.1039184 0.1050482 0.1050592 0.1079382 0.1056135 0.1050442 0.1044601 0.1050608 0.1079241 0.1085107 0.1033084 0.1073466 0.1050494 
pop0_5     0.0171970 0.0161731 0.0202715 0.0202733 0.0202738 0.0000000 0.0192475 0.0249112 0.0243924 0.0300958 0.0306165 0.0327027 0.0358457 0.0353212 0.0321870 0.0301003 0.0321877 0.0332338 0.0332232 0.0389965 0.0576596 0.0609050 0.0571163 0.0592798 0.0630753 0.0614475 0.0619840 0.0647183 0.0647157 0.0614464 0.0614500 0.0657985 0.0598186 0.0603604 0.0592716 0.0592868 0.0592723 0.0657967 0.0549601 0.0587345 0.0801473 0.0823757 0.0795941 0.0801538 0.0812621 0.0790284 0.0812619 0.0801507 0.0823663 0.0807048 0.0812640 0.0823722 0.0834884 0.0812563 0.0762457 0.0857413 0.0757123 0.0834944 0.0779116 0.0779240 0.0919334 0.0919338 0.0981671 0.0953356 0.0924936 0.0958926 0.1027485 0.0987607 0.0998836 0.0998940 0.1027532 0.1004455 0.1004501 0.0993002 0.0998955 0.1027399 0.1033221 0.0981566 0.1021664 0.0998848 
pop0_6     0.0233634 0.0223313 0.0264637 0.0264655 0.0254306 0.0192475 0.0000000 0.0311422 0.0306185 0.0363712 0.0368944 0.0389983 0.0421693 0.0416402 0.0384801 0.0363755 0.0384810 0.0384818 0.0395233 0.0453460 0.0641713 0.0674452 0.0636229 0.0658057 0.0696349 0.0679925 0.0685331 0.0712930 0.0712902 0.0674435 0.0679960 0.0723818 0.0663490 0.0668956 0.0663431 0.0658136 0.0657974 0.0723798 0.0614477 0.0652551 0.0863002 0.0885471 0.0857425 0.0863071 0.0874243 0.0851714 0.0874240 0.0863038 0.0885369 0.0868623 0.0874263 0.0885433 0.0896686 0.0874180 0.0823649 0.0919413 0.0818287 0.0896752 0.0840449 0.0840584 0.0987552 0.0987557 0.1050458 0.1021891 0.0993203 0.1027504 0.1096704 0.1056465 0.1067786 0.1067898 0.1096756 0.1073452 0.1073500 0.1061890 0.1067915 0.1096612 0.1102493 0.1050346 0.1090823 0.1067799 
pop0_7     0.0269828 0.0259455 0.0300979 0.0300998 0.0301006 0.0249112 0.0311422 0.0000000 0.0197580 0.0342739 0.0347948 0.0374181 0.0405832 0.0400552 0.0369016 0.0348016 0.0369025 0.0379555 0.0379438 0.0437532 0.0625379 0.0658042 0.0619907 0.0641684 0.0679891 0.0663502 0.0668902 0.0696437 0.0696409 0.0663502 0.0663541 0.0707303 0.0647108 0.0652562 0.0647051 0.0641763 0.0641606 0.0707283 0.0598203 0.0636194 0.0818240 0.0840575 0.0812695 0.0818305 0.0829413 0.0807023 0.0829411 0.0818274 0.0840479 0.0823827 0.0829432 0.0840539 0.0851726 0.0829354 0.0779130 0.0868703 0.0773789 0.0851788 0.0795828 0.0795955 0.0959051 0.0959056 0.1021719 0.0993257 0.0964682 0.0998853 0.1067784 0.1027697 0.1038979 0.1039088 0.1067834 0.1044625 0.1044672 0.1033153 0.1050614 0.1061945 0.1073551 0.1021610 0.1061929 0.1038992 
pop0_8     0.0264624 0.0254262 0.0295756 0.0295769 0.0295777 0.0243924 0.0306185 0.0197580 0.0000000 0.0342712 0.0347927 0.0368905 0.0400520 0.0395245 0.0363733 0.0342749 0.0353247 0.0374263 0.0374143 0.0432196 0.0619889 0.0652529 0.0614422 0.0636184 0.0674357 0.0657986 0.0663378 0.0690888 0.0690865 0.0657974 0.0658020 0.0701746 0.0641601 0.0647051 0.0641545 0.0636260 0.0636104 0.0701726 0.0592737 0.0630696 0.0823716 0.0846065 0.0818168 0.0823782 0.0834896 0.0812492 0.0834894 0.0823751 0.0845966 0.0829307 0.0834915 0.0846028 0.0857222 0.0834836 0.0784582 0.0879820 0.0779238 0.0857284 0.0801290 0.0801418 0.0953277 0.0953282 0.1015891 0.0987453 0.0958903 0.0993044 0.1061915 0.1021862 0.1033136 0.1033244 0.1061965 0.1038777 0.1038824 0.1038759 0.1044760 0.1061826 0.1067677 0.1015785 0.1044550 0.1033148 
pop0_9     0.0321829 0.0311375 0.0353187 0.0353215 0.0353224 0.0300958 0.0363712 0.0342739 0.0342712 0.0000000 0.0238760 0.0295756 0.0395257 0.0389985 0.0358494 0.0337525 0.0358502 0.0369017 0.0358413 0.0426912 0.0614476 0.0647093 0.0609013 0.0630759 0.0668906 0.0652546 0.0657935 0.0685425 0.0685398 0.0652535 0.0652585 0.0696276 0.0636173 0.0641619 0.0636117 0.0630835 0.0630680 0.0696257 0.0587343 0.0625276 0.0840514 0.0862914 0.0834953 0.0840581 0.0851720 0.0829263 0.0851718 0.0840549 0.0862814 0.0851727 0.0851739 0.0862876 0.0874096 0.0851659 0.0790172 0.0891092 0.0795936 0.0862912 0.0818033 0.0818165 0.0964668 0.0964672 0.1027377 0.0998897 0.0970302 0.0987413 0.1073475 0.1033361 0.1044650 0.1044759 0.1073525 0.1050299 0.1050346 0.1038775 0.1044775 0.1073385 0.1079246 0.1027268 0.1067614 0.1044662 
pop0_10    0.0327027 0.0316589 0.0358417 0.0358430 0.0358449 0.0306165 0.0368944 0.0347948 0.0347927 0.0238760 0.0000000 0.0300947 0.0400506 0.0395233 0.0363723 0.0342740 0.0363731 0.0374252 0.0374132 0.0432183 0.0619871 0.0652510 0.0614404 0.0630725 0.0674337 0.0657966 0.0663358 0.0690865 0.0690840 0.0657955 0.0658000 0.0701725 0.0641582 0.0647032 0.0641526 0.0636240 0.0630648 0.0701706 0.0592719 0.0630678 0.0846062 0.0868477 0.0840498 0.0846130 0.0857276 0.0834803 0.0857273 0.0846098 0.0868377 0.0857283 0.0857295 0.0868440 0.0879666 0.0857214 0.0806807 0.0902336 0.0801454 0.0879731 0.0823566 0.0823698 0.0970302 0.0970306 0.1033054 0.1004555 0.0975939 0.1010156 0.1079184 0.1039043 0.1050339 0.1050449 0.1079235 0.1055991 0.1056039 0.1044466 0.1050465 0.1079094 0.1084959 0.1032944 0.1073319 0.1050351 
pop0_11    0.0347948 0.0337470 0.0379424 0.0379449 0.0379458 0.0327027 0.0389983 0.0374181 0.0368905 0.0295756 0.0300947 0.0000000 0.0421633 0.0416345 0.0384749 0.0363706 0.0384757 0.0395309 0.0395182 0.0453398 0.0641625 0.0674359 0.0636141 0.0657966 0.0696249 0.0679831 0.0685236 0.0712827 0.0712803 0.0679819 0.0679866 0.0723718 0.0657931 0.0668864 0.0663340 0.0658042 0.0657883 0.0723697 0.0614392 0.0652461 0.0868490 0.0890972 0.0862910 0.0857342 0.0879737 0.0846018 0.0879735 0.0868526 0.0890877 0.0879745 0.0879758 0.0879669 0.0902194 0.0879674 0.0829113 0.0924935 0.0823749 0.0902260 0.0845923 0.0846058 0.0993107 0.0993112 0.1056050 0.1027466 0.0998761 0.1033082 0.1102325 0.1062062 0.1073389 0.1073502 0.1102376 0.1079057 0.1079106 0.1067489 0.1073519 0.1102232 0.1108117 0.1055937 0.1096440 0.1073402 
pop0_12    0.0379482 0.0368951 0.0411086 0.0411113 0.0411122 0.0358457 0.0421693 0.0405832 0.0400520 0.0395257 0.0400506 0.0421633 0.0000000 0.0171968 0.0228480 0.0269830 0.0290614 0.0301031 0.0321793 0.0379438 0.0598237 0.0630799 0.0592791 0.0614490 0.0652555 0.0636240 0.0641609 0.0669037 0.0669010 0.0636219 0.0636263 0.0679867 0.0619893 0.0636208 0.0630710 0.0625430 0.0614413 0.0679848 0.0571166 0.0609020 0.0823787 0.0846138 0.0818239 0.0812689 0.0834968 0.0812562 0.0834966 0.0823822 0.0846041 0.0834975 0.0834988 0.0846102 0.0857297 0.0834909 0.0784650 0.0879859 0.0768240 0.0857359 0.0801360 0.0801488 0.0947666 0.0947670 0.1010236 0.0981818 0.0953288 0.0987406 0.1056228 0.1016202 0.1027469 0.1021872 0.1056277 0.1033107 0.1033154 0.1021609 0.1027592 0.1056140 0.1061986 0.1010129 0.1050383 0.1027481 
pop0_13    0.0374222 0.0363698 0.0405803 0.0405830 0.0405839 0.0353212 0.0416402 0.0400552 0.0395245 0.0389985 0.0395233 0.0416345 0.0171968 0.0000000 0.0228481 0.0269831 0.0290615 0.0301032 0.0321794 0.0379438 0.0598237 0.0630799 0.0592793 0.0614500 0.0652558 0.0636240 0.0641612 0.0669040 0.0658080 0.0630775 0.0636266 0.0679870 0.0619896 0.0636210 0.0630713 0.0625432 0.0614415 0.0679851 0.0571169 0.0609022 0.0823791 0.0846142 0.0818243 0.0812693 0.0834972 0.0812566 0.0834970 0.0823826 0.0846045 0.0834979 0.0834992 0.0846106 0.0857301 0.0834913 0.0779101 0.0891130 0.0779309 0.0857363 0.0801363 0.0801491 0.0947670 0.0947675 0.1010242 0.0981823 0.0953293 0.0987411 0.1050509 0.1010511 0.1027474 0.1021877 0.1056283 0.1033112 0.1033159 0.1021614 0.1027597 0.1056145 0.1061992 0.1010134 0.1050388 0.1027487 
pop0_14    0.0342793 0.0332314 0.0374248 0.0374272 0.0374281 0.0321870 0.0384801 0.0369016 0.0363733 0.0358494 0.0363723 0.0384749 0.0228480 0.0228481 0.0000000 0.0233659 0.0254343 0.0264709 0.0285383 0.0342757 0.0560500 0.0592889 0.0555078 0.0576670 0.0614549 0.0598303 0.0603654 0.0620059 0.0620034 0.0598293 0.0598334 0.0641726 0.0582048 0.0598282 0.0592824 0.0587551 0.0576597 0.0641708 0.0533560 0.0571229 0.0784917 0.0807155 0.0779395 0.0773872 0.0796041 0.0773752 0.0796039 0.0784950 0.0807063 0.0796048 0.0796059 0.0807120 0.0818259 0.0795984 0.0745985 0.0851911 0.0740658 0.0818319 0.0762609 0.0762730 0.0908163 0.0908167 0.0970416 0.0942138 0.0913758 0.0947702 0.1016166 0.0976342 0.0987557 0.0981984 0.1016213 0.0993169 0.0993214 0.0970319 0.0976251 0.1016081 0.1021894 0.0970312 0.1010354 0.0976146 
pop0_15    0.0321866 0.0311418 0.0353233 0.0348013 0.0353265 0.0301003 0.0363755 0.0348016 0.0342749 0.0337525 0.0342740 0.0363706 0.0269830 0.0269831 0.0233659 0.0000000 0.0141357 0.0223363 0.0264614 0.0321833 0.0538950 0.0571245 0.0533546 0.0555073 0.0592842 0.0576644 0.0581986 0.0609186 0.0609162 0.0576634 0.0576673 0.0619940 0.0560437 0.0576623 0.0571174 0.0565920 0.0555004 0.0619929 0.0512091 0.0549658 0.0762699 0.0784871 0.0757193 0.0762760 0.0773790 0.0751569 0.0773788 0.0762731 0.0779230 0.0773796 0.0773807 0.0784837 0.0795943 0.0773735 0.0723888 0.0829490 0.0718571 0.0796000 0.0734926 0.0740579 0.0885571 0.0885575 0.0941967 0.0919442 0.0891150 0.0924991 0.0993243 0.0953538 0.0959027 0.0959165 0.0993289 0.0970320 0.0970364 0.0958919 0.0964838 0.0993160 0.0998954 0.0947535 0.0981753 0.0964734 
pop0_16    0.0342801 0.0332321 0.0374256 0.0374281 0.0374290 0.0321877 0.0384810 0.0369025 0.0353247 0.0358502 0.0363731 0.0384757 0.0290614 0.0290615 0.0254343 0.0141357 0.0000000 0.0244020 0.0285390 0.0342764 0.0560513 0.0592903 0.0555091 0.0576683 0.0614563 0.0598317 0.0603673 0.0630958 0.0630933 0.0598307 0.0598347 0.0641741 0.0582061 0.0598296 0.0592824 0.0587565 0.0576608 0.0641723 0.0533573 0.0571242 0.0784936 0.0807174 0.0779413 0.0784998 0.0796060 0.0773770 0.0796058 0.0784969 0.0807082 0.0796066 0.0796078 0.0807140 0.0818279 0.0796003 0.0746002 0.0851931 0.0740675 0.0818338 0.0762627 0.0762748 0.0908184 0.0908189 0.0970439 0.0942161 0.0913780 0.0947725 0.1016191 0.0976365 0.0981867 0.0982008 0.1016238 0.0993193 0.0993238 0.0981756 0.0987699 0.1016106 0.1021919 0.0970336 0.0987535 0.0987593 
pop0_17    0.0353293 0.0342798 0.0384793 0.0384818 0.0384828 0.0332338 0.0384818 0.0379555 0.0374263 0.0369017 0.0374252 0.0395309 0.0301031 0.0301032 0.0264709 0.0223363 0.0244020 0.0000000 0.0295798 0.0353255 0.0571322 0.0603760 0.0565892 0.0587516 0.0625452 0.0609182 0.0614545 0.0636435 0.0641848 0.0609172 0.0609213 0.0652671 0.0592902 0.0609161 0.0603684 0.0587578 0.0587442 0.0652653 0.0544341 0.0582066 0.0796085 0.0818358 0.0790555 0.0796149 0.0807227 0.0784902 0.0807225 0.0796119 0.0818264 0.0807233 0.0807245 0.0818323 0.0829479 0.0807169 0.0757090 0.0863185 0.0751758 0.0829539 0.0773740 0.0773864 0.0919525 0.0919529 0.0981876 0.0953555 0.0925129 0.0959126 0.1027700 0.0987814 0.0999045 0.0993465 0.1027748 0.1004665 0.1004711 0.0993210 0.0999165 0.1027614 0.1021969 0.0981771 0.1021878 0.0999057 
pop0_18    0.0353187 0.0342688 0.0379413 0.0384700 0.0384700 0.0332232 0.0395233 0.0379438 0.0374143 0.0358413 0.0374132 0.0395182 0.0321793 0.0321794 0.0285383 0.0264614 0.0285390 0.0295798 0.0000000 0.0311344 0.0571135 0.0592727 0.0565707 0.0587324 0.0625247 0.0608983 0.0614344 0.0641663 0.0641637 0.0608972 0.0609014 0.0652456 0.0592708 0.0608961 0.0603487 0.0592824 0.0587250 0.0652438 0.0544164 0.0581876 0.0795821 0.0818086 0.0790293 0.0795885 0.0806959 0.0784650 0.0806957 0.0795855 0.0817992 0.0806966 0.0806977 0.0818051 0.0829194 0.0806901 0.0756840 0.0862897 0.0751509 0.0829263 0.0773484 0.0773607 0.0919217 0.0919222 0.0981546 0.0953235 0.0924819 0.0947479 0.1027354 0.0987482 0.0998709 0.0993131 0.1027402 0.1004327 0.1004373 0.0992876 0.0998828 0.1021512 0.1033089 0.0981441 0.1021534 0.0998721 
pop0_19    0.0411073 0.0400506 0.0442806 0.0442835 0.0442846 0.0389965 0.0453460 0.0437532 0.0432196 0.0426912 0.0432183 0.0453398 0.0379438 0.0379438 0.0342757 0.0321833 0.0342764 0.0353255 0.0311344 0.0000000 0.0630748 0.0663435 0.0625272 0.0647065 0.0685293 0.0668899 0.0674298 0.0701850 0.0701822 0.0668887 0.0668934 0.0712722 0.0652490 0.0668875 0.0663351 0.0658056 0.0646984 0.0712702 0.0603555 0.0641570 0.0857278 0.0879727 0.0851706 0.0857347 0.0868509 0.0846001 0.0868507 0.0857314 0.0879624 0.0868516 0.0868529 0.0879689 0.0890933 0.0868447 0.0817962 0.0924916 0.0812603 0.0890998 0.0834747 0.0829295 0.0976001 0.0976005 0.1038801 0.1010281 0.0981643 0.1015886 0.1084968 0.1044796 0.1056100 0.1050485 0.1085018 0.1061756 0.1061804 0.1050215 0.1056226 0.1084876 0.1090747 0.1027208 0.1079098 0.1056112 
pop1_0     0.0598249 0.0587396 0.0619901 0.0630816 0.0630830 0.0576596 0.0641713 0.0625379 0.0619889 0.0614476 0.0619871 0.0641625 0.0598237 0.0598237 0.0560500 0.0538950 0.0560513 0.0571322 0.0571135 0.0630748 0.0000000 0.0070329 0.0065272 0.0131128 0.0192431 0.0177074 0.0182167 0.0259452 0.0249091 0.0228428 0.0269785 0.0300920 0.0243894 0.0300922 0.0295694 0.0290566 0.0280109 0.0437471 0.0332220 0.0368886 0.0773661 0.0795861 0.0768148 0.0773723 0.0784766 0.0762516 0.0773671 0.0773694 0.0795761 0.0773679 0.0762595 0.0784719 0.0795822 0.0773618 0.0723779 0.0829364 0.0718464 0.0795880 0.0734853 0.0740468 0.0874171 0.0874175 0.0936132 0.0907984 0.0879742 0.0913525 0.0981661 0.0942022 0.0953190 0.0953289 0.0981706 0.0953126 0.0958822 0.0947395 0.0953303 0.0987276 0.0987362 0.0936033 0.0975880 0.0953201 
pop1_1     0.0630799 0.0619896 0.0652542 0.0663502 0.0663521 0.0609050 0.0674452 0.0658042 0.0652529 0.0647093 0.0652510 0.0674359 0.0630799 0.0630799 0.0592889 0.0571245 0.0592903 0.0603760 0.0592727 0.0663435 0.0070329 0.0000000 0.0095588 0.0161714 0.0223267 0.0207838 0.0212958 0.0290568 0.0280168 0.0259412 0.0300941 0.0332203 0.0274941 0.0332205 0.0326952 0.0321806 0.0311302 0.0469327 0.0363634 0.0400453 0.0806982 0.0829280 0.0801446 0.0807047 0.0818137 0.0795784 0.0806993 0.0807016 0.0829194 0.0807001 0.0795867 0.0818087 0.0823656 0.0806937 0.0756873 0.0862935 0.0751542 0.0829300 0.0767992 0.0773642 0.0896690 0.0896694 0.0958836 0.0930606 0.0902276 0.0936161 0.1004506 0.0964749 0.0975947 0.0976049 0.1004552 0.0975882 0.0981595 0.0970134 0.0976064 0.1010136 0.1021644 0.0970075 0.1010106 0.0987327 
pop1_2     0.0592798 0.0581954 0.0614434 0.0625340 0.0625362 0.0571163 0.0636229 0.0619907 0.0614422 0.0609013 0.0614404 0.0636141 0.0592791 0.0592793 0.0555078 0.0533546 0.0555091 0.0565892 0.0565707 0.0625272 0.0065272 0.0095588 0.0000000 0.0131120 0.0187292 0.0171936 0.0166811 0.0254262 0.0243913 0.0223262 0.0264588 0.0295700 0.0238717 0.0295702 0.0290478 0.0285361 0.0274905 0.0432146 0.0326976 0.0363614 0.0768070 0.0790253 0.0762561 0.0768132 0.0779166 0.0756934 0.0768080 0.0768103 0.0790163 0.0768088 0.0757013 0.0779119 0.0790214 0.0768028 0.0718230 0.0823728 0.0712917 0.0790271 0.0729288 0.0734904 0.0868498 0.0868502 0.0930409 0.0902284 0.0874065 0.0907821 0.0975900 0.0936293 0.0947453 0.0947551 0.0975945 0.0936081 0.0953071 0.0941665 0.0947565 0.0981512 0.0981596 0.0930310 0.0970123 0.0947464 
pop1_3     0.0614500 0.0603621 0.0636196 0.0647133 0.0647150 0.0592798 0.0658057 0.0641684 0.0636184 0.0630759 0.0630725 0.0657966 0.0614490 0.0614500 0.0576670 0.0555073 0.0576683 0.0587516 0.0587324 0.0647065 0.0131128 0.0161714 0.0131120 0.0000000 0.0207831 0.0192433 0.0197544 0.0274990 0.0264614 0.0243900 0.0285343 0.0316541 0.0259398 0.0316543 0.0311303 0.0306165 0.0295686 0.0453376 0.0347906 0.0384648 0.0790294 0.0812543 0.0784769 0.0790357 0.0801423 0.0779122 0.0790304 0.0790327 0.0812459 0.0790312 0.0779203 0.0801375 0.0812503 0.0790250 0.0740299 0.0846121 0.0734976 0.0812562 0.0751392 0.0757027 0.0891027 0.0891031 0.0953125 0.0924917 0.0896609 0.0930468 0.0993060 0.0959032 0.0970223 0.0970323 0.0998804 0.0975815 0.0975866 0.0958733 0.0970338 0.1004385 0.1004472 0.0953024 0.0992962 0.0970234 
pop1_4     0.0652564 0.0641630 0.0674369 0.0685367 0.0685384 0.0630753 0.0696349 0.0679891 0.0674357 0.0668906 0.0674337 0.0696249 0.0652555 0.0652558 0.0614549 0.0592842 0.0614563 0.0625452 0.0625247 0.0685293 0.0192431 0.0223267 0.0187292 0.0207831 0.0000000 0.0105731 0.0182155 0.0311375 0.0300948 0.0280134 0.0321778 0.0353124 0.0295704 0.0353127 0.0347857 0.0342712 0.0332164 0.0490631 0.0384643 0.0421564 0.0829264 0.0851628 0.0823712 0.0829331 0.0840452 0.0818033 0.0829275 0.0829299 0.0851531 0.0829284 0.0818117 0.0840401 0.0851586 0.0829218 0.0779004 0.0885385 0.0773663 0.0851648 0.0790156 0.0795826 0.0930574 0.0930578 0.0992999 0.0975998 0.0947493 0.0981581 0.1050342 0.1010351 0.1021609 0.1021715 0.1050391 0.1027244 0.1027289 0.1015755 0.1021731 0.1056003 0.1056095 0.0992849 0.1044502 0.1021621 
pop1_5     0.0636240 0.0625329 0.0657998 0.0668967 0.0668986 0.0614475 0.0679925 0.0663502 0.0657986 0.0652546 0.0657966 0.0679831 0.0636240 0.0636240 0.0598303 0.0576644 0.0598317 0.0609182 0.0608983 0.0668899 0.0177074 0.0207838 0.0171936 0.0192433 0.0105731 0.0000000 0.0166810 0.0295768 0.0285361 0.0264589 0.0306148 0.0337431 0.0280129 0.0337433 0.0332176 0.0327027 0.0316515 0.0474652 0.0368884 0.0405729 0.0812553 0.0834868 0.0807013 0.0812618 0.0823716 0.0801347 0.0812564 0.0812587 0.0834781 0.0812573 0.0801430 0.0823666 0.0834827 0.0812508 0.0762406 0.0862927 0.0757073 0.0834888 0.0773533 0.0779188 0.0924914 0.0924918 0.0987292 0.0958959 0.0930520 0.0964532 0.1033137 0.0993234 0.1004469 0.1004574 0.1033185 0.1010091 0.1010137 0.0998629 0.1004589 0.1038787 0.1038877 0.0975777 0.1027312 0.1004481 
pop1_6     0.0641618 0.0630701 0.0663390 0.0674371 0.0674385 0.0619840 0.0685331 0.0668902 0.0663378 0.0657935 0.0663358 0.0685236 0.0641609 0.0641612 0.0603654 0.0581986 0.0603673 0.0614545 0.0614344 0.0674298 0.0182167 0.0212958 0.0166811 0.0197544 0.0182155 0.0166810 0.0000000 0.0300941 0.0290526 0.0269743 0.0311326 0.0342627 0.0285291 0.0342630 0.0337369 0.0332223 0.0321699 0.0479931 0.0374100 0.0410966 0.0818044 0.0840371 0.0812500 0.0818109 0.0829214 0.0806830 0.0818054 0.0818078 0.0840277 0.0818063 0.0806914 0.0829164 0.0840331 0.0817998 0.0767864 0.0874075 0.0762528 0.0840393 0.0778998 0.0784650 0.0919144 0.0919149 0.0981468 0.0953159 0.0924737 0.0958728 0.1027272 0.0987403 0.0998629 0.0998733 0.1027319 0.1004247 0.1004292 0.0992796 0.0998749 0.1032916 0.1033006 0.0981363 0.1021452 0.0998641 
pop1_7     0.0669046 0.0658085 0.0690901 0.0701926 0.0701941 0.0647183 0.0712930 0.0696437 0.0690888 0.0685425 0.0690865 0.0712827 0.0669037 0.0669040 0.0620059 0.0609186 0.0630958 0.0636435 0.0641663 0.0701850 0.0259452 0.0290568 0.0254262 0.0274990 0.0311375 0.0295768 0.0300941 0.0000000 0.0182206 0.0223291 0.0337501 0.0368916 0.0311375 0.0358420 0.0353146 0.0347992 0.0347908 0.0506740 0.0400506 0.0432218 0.0846166 0.0868584 0.0840602 0.0846234 0.0857381 0.0834905 0.0846177 0.0846202 0.0868484 0.0846187 0.0834993 0.0857329 0.0868541 0.0846119 0.0795782 0.0902423 0.0790433 0.0868604 0.0806962 0.0812648 0.0959050 0.0959055 0.1021717 0.0993256 0.0964681 0.0998851 0.1067782 0.1027695 0.1038977 0.1039086 0.1067831 0.1044623 0.1044670 0.1033107 0.1039102 0.1073455 0.1073549 0.1021608 0.1061926 0.1027488 
pop1_8     0.0669020 0.0658059 0.0690865 0.0701898 0.0701914 0.0647157 0.0712902 0.0696409 0.0690865 0.0685398 0.0690840 0.0712803 0.0669010 0.0658080 0.0620034 0.0609162 0.0630933 0.0641848 0.0641637 0.0701822 0.0249091 0.0280168 0.0243913 0.0264614 0.0300948 0.0285361 0.0290526 0.0182206 0.0000000 0.0223273 0.0337480 0.0368901 0.0311355 0.0358406 0.0353132 0.0347978 0.0337429 0.0506716 0.0400491 0.0437494 0.0846133 0.0868550 0.0840568 0.0846201 0.0857347 0.0834872 0.0846144 0.0846168 0.0868450 0.0846153 0.0834960 0.0857295 0.0868507 0.0846086 0.0795751 0.0902387 0.0790402 0.0868570 0.0806931 0.0812615 0.0959012 0.0959017 0.1021677 0.0993217 0.0964643 0.0987398 0.1067740 0.1027654 0.1038936 0.1039045 0.1067789 0.1044582 0.1044629 0.1033066 0.1039061 0.1073413 0.1073506 0.1021568 0.1061884 0.1027447 
pop1_9     0.0636228 0.0625318 0.0657987 0.0668967 0.0668967 0.0614464 0.0674435 0.0663502 0.0657974 0.0652535 0.0657955 0.0679819 0.0636219 0.0630775 0.0598293 0.0576634 0.0598307 0.0609172 0.0608972 0.0668887 0.0228428 0.0259412 0.0223262 0.0243900 0.0280134 0.0264589 0.0269743 0.0223291 0.0223273 0.0000000 0.0306142 0.0337425 0.0280124 0.0326974 0.0321725 0.0316589 0.0316510 0.0474643 0.0368878 0.0405722 0.0806949 0.0829246 0.0801412 0.0807013 0.0818103 0.0795761 0.0806959 0.0806983 0.0829151 0.0806968 0.0795834 0.0818053 0.0829205 0.0806904 0.0756842 0.0862900 0.0751511 0.0829266 0.0767960 0.0773610 0.0924898 0.0924902 0.0987274 0.0958942 0.0919185 0.0964515 0.1033119 0.0993216 0.1004452 0.1004556 0.1033167 0.1010074 0.1010119 0.0998613 0.1004572 0.1038768 0.1038859 0.0987169 0.1027294 0.1004463 
pop1_10    0.0636272 0.0625362 0.0658042 0.0669006 0.0669021 0.0614500 0.0679960 0.0663541 0.0658020 0.0652585 0.0658000 0.0679866 0.0636263 0.0636266 0.0598334 0.0576673 0.0598347 0.0609213 0.0609014 0.0668934 0.0269785 0.0300941 0.0264588 0.0285343 0.0321778 0.0306148 0.0311326 0.0337501 0.0337480 0.0306142 0.0000000 0.0254225 0.0249049 0.0347914 0.0342649 0.0337500 0.0326965 0.0485333 0.0379411 0.0416309 0.0823748 0.0846098 0.0818200 0.0823814 0.0834929 0.0812524 0.0823759 0.0823783 0.0846001 0.0823768 0.0812608 0.0834878 0.0834860 0.0823703 0.0773522 0.0868583 0.0768183 0.0846118 0.0784666 0.0790331 0.0924952 0.0924956 0.0987334 0.0958999 0.0930558 0.0964572 0.1033182 0.0993276 0.1004512 0.1004617 0.1044729 0.1021597 0.1021643 0.1010117 0.1010376 0.1050338 0.1050430 0.0998655 0.1038845 0.1015979 
pop1_11    0.0679877 0.0668901 0.0701760 0.0712800 0.0712815 0.0657985 0.0723818 0.0707303 0.0701746 0.0696276 0.0701725 0.0723718 0.0679867 0.0679870 0.0641726 0.0619940 0.0641741 0.0652671 0.0652456 0.0712722 0.0300920 0.0332203 0.0295700 0.0316541 0.0353124 0.0337431 0.0342627 0.0368916 0.0368901 0.0337425 0.0254225 0.0000000 0.0280096 0.0379367 0.0374077 0.0368915 0.0358330 0.0517357 0.0410995 0.0448045 0.0857231 0.0879679 0.0851659 0.0857300 0.0868461 0.0845954 0.0857243 0.0857267 0.0879577 0.0857252 0.0846043 0.0868409 0.0868388 0.0857183 0.0806778 0.0913564 0.0801424 0.0879699 0.0817974 0.0823668 0.0970268 0.0970272 0.1033019 0.1004520 0.0975906 0.1010122 0.1079148 0.1039007 0.1050303 0.1050413 0.1079198 0.1055956 0.1056003 0.1044424 0.1044692 0.1084828 0.1084923 0.1032908 0.1073283 0.1050316 
pop1_12    0.0619901 0.0609016 0.0641613 0.0652561 0.0652575 0.0598186 0.0663490 0.0647108 0.0641601 0.0636173 0.0641582 0.0657931 0.0619893 0.0619896 0.0582048 0.0560437 0.0582061 0.0592902 0.0592708 0.0652490 0.0243894 0.0274941 0.0238717 0.0259398 0.0295704 0.0280129 0.0285291 0.0311375 0.0311355 0.0280124 0.0249049 0.0280096 0.0000000 0.0321747 0.0316503 0.0311375 0.0300875 0.0458671 0.0353131 0.0389897 0.0795818 0.0818083 0.0790290 0.0784753 0.0806956 0.0784639 0.0795829 0.0795852 0.0817989 0.0795837 0.0784720 0.0806907 0.0818033 0.0795774 0.0745788 0.0851685 0.0740462 0.0818102 0.0756889 0.0762529 0.0907921 0.0907925 0.0970156 0.0941887 0.0913515 0.0947449 0.1015893 0.0976080 0.0987293 0.0987396 0.1015940 0.0981476 0.0992948 0.0981469 0.0987410 0.1021531 0.1021620 0.0970053 0.0998639 0.0987304 
pop1_13    0.0625336 0.0614442 0.0647063 0.0658019 0.0658042 0.0603604 0.0668956 0.0652562 0.0647051 0.0641619 0.0647032 0.0668864 0.0636208 0.0636210 0.0598282 0.0576623 0.0598296 0.0609161 0.0608961 0.0668875 0.0300922 0.0332205 0.0295702 0.0316543 0.0353127 0.0337433 0.0342630 0.0358420 0.0358406 0.0326974 0.0347914 0.0379367 0.0321747 0.0000000 0.0218089 0.0274962 0.0306079 0.0474635 0.0368871 0.0405714 0.0812525 0.0834839 0.0806985 0.0812590 0.0823687 0.0801323 0.0812535 0.0812559 0.0834743 0.0812544 0.0801402 0.0823638 0.0834798 0.0812480 0.0762379 0.0857288 0.0757046 0.0834859 0.0773506 0.0779161 0.0924882 0.0924886 0.0987258 0.0958926 0.0930488 0.0964499 0.1033102 0.0993199 0.0998733 0.0998837 0.1033150 0.0998612 0.1010102 0.0998596 0.1004555 0.1038751 0.1038841 0.0987152 0.1027277 0.1004447 
pop1_14    0.0619847 0.0608963 0.0641557 0.0652503 0.0652518 0.0592716 0.0663431 0.0647051 0.0641545 0.0636117 0.0641526 0.0663340 0.0630710 0.0630713 0.0592824 0.0571174 0.0592824 0.0603684 0.0603487 0.0663351 0.0295694 0.0326952 0.0290478 0.0311303 0.0347857 0.0332176 0.0337369 0.0353146 0.0353132 0.0321725 0.0342649 0.0374077 0.0316503 0.0218089 0.0000000 0.0264576 0.0290446 0.0469269 0.0363589 0.0400403 0.0795744 0.0818006 0.0790216 0.0795807 0.0806889 0.0784565 0.0795761 0.0795777 0.0817913 0.0795761 0.0784650 0.0806831 0.0806813 0.0795700 0.0745718 0.0840402 0.0740393 0.0818033 0.0756818 0.0762457 0.0919142 0.0919147 0.0981466 0.0953157 0.0924737 0.0958726 0.1027270 0.0987401 0.0998629 0.0998732 0.1027318 0.0992810 0.1004291 0.0992794 0.0998747 0.1032915 0.1033005 0.0981361 0.1021450 0.0998639 
pop1_15    0.0614571 0.0603693 0.0636272 0.0647213 0.0647227 0.0592868 0.0658136 0.0641763 0.0636260 0.0630835 0.0636240 0.0658042 0.0625430 0.0625432 0.0587551 0.0565920 0.0587565 0.0587578 0.0592824 0.0658056 0.0290566 0.0321806 0.0285361 0.0306165 0.0342712 0.0327027 0.0332223 0.0347992 0.0347978 0.0316589 0.0337500 0.0368915 0.0311375 0.0274962 0.0264576 0.0000000 0.0295718 0.0464066 0.0358430 0.0395233 0.0801517 0.0823802 0.0795983 0.0801581 0.0812665 0.0790326 0.0801527 0.0801550 0.0823708 0.0801536 0.0790409 0.0812615 0.0823761 0.0801472 0.0751439 0.0857436 0.0746110 0.0823821 0.0762551 0.0768196 0.0913725 0.0913729 0.0976018 0.0947723 0.0919324 0.0953289 0.1021800 0.0981949 0.0993172 0.0987557 0.1021847 0.0987358 0.0998832 0.0987342 0.0987558 0.1027442 0.1027532 0.0975914 0.1015983 0.0993183 
pop1_16    0.0614421 0.0603545 0.0636116 0.0647054 0.0647068 0.0592723 0.0657974 0.0641606 0.0636104 0.0630680 0.0630648 0.0657883 0.0614413 0.0614415 0.0576597 0.0555004 0.0576608 0.0587442 0.0587250 0.0646984 0.0280109 0.0311302 0.0274905 0.0295686 0.0332164 0.0316515 0.0321699 0.0347908 0.0337429 0.0316510 0.0326965 0.0358330 0.0300875 0.0306079 0.0290446 0.0295718 0.0000000 0.0448000 0.0347863 0.0384599 0.0784650 0.0806889 0.0779131 0.0784714 0.0795761 0.0773489 0.0784661 0.0784684 0.0806789 0.0784669 0.0773570 0.0795723 0.0806841 0.0784607 0.0734700 0.0840430 0.0729380 0.0806900 0.0745783 0.0751415 0.0902204 0.0902209 0.0964389 0.0930482 0.0907787 0.0930375 0.1010087 0.0970307 0.0981512 0.0981613 0.1010134 0.0975724 0.0987162 0.0975693 0.0981628 0.1015721 0.1015809 0.0964286 0.1004282 0.0981522 
pop1_17    0.0679858 0.0668883 0.0701740 0.0712779 0.0712795 0.0657967 0.0723798 0.0707283 0.0701726 0.0696257 0.0701706 0.0723697 0.0679848 0.0679851 0.0641708 0.0619929 0.0641723 0.0652653 0.0652438 0.0712702 0.0437471 0.0469327 0.0432146 0.0453376 0.0490631 0.0474652 0.0479931 0.0506740 0.0506716 0.0474643 0.0485333 0.0517357 0.0458671 0.0474635 0.0469269 0.0464066 0.0448000 0.0000000 0.0358349 0.0416257 0.0857206 0.0879652 0.0851634 0.0857275 0.0868435 0.0845929 0.0857217 0.0857242 0.0879551 0.0857226 0.0857239 0.0868388 0.0879609 0.0857158 0.0806754 0.0913536 0.0801401 0.0879673 0.0817950 0.0823644 0.0970238 0.0970242 0.1032980 0.1004489 0.0975875 0.1010090 0.1079113 0.1038975 0.1050270 0.1038861 0.1079164 0.1050143 0.1055969 0.1044390 0.1050396 0.1084793 0.1084888 0.1032876 0.1073256 0.1044522 
pop1_18    0.0571174 0.0560362 0.0592748 0.0603620 0.0603634 0.0549601 0.0614477 0.0598203 0.0592737 0.0587343 0.0592719 0.0614392 0.0571166 0.0571169 0.0533560 0.0512091 0.0533573 0.0544341 0.0544164 0.0603555 0.0332220 0.0363634 0.0326976 0.0347906 0.0384643 0.0368884 0.0374100 0.0400506 0.0400491 0.0368878 0.0379411 0.0410995 0.0353131 0.0368871 0.0363589 0.0358430 0.0347863 0.0358349 0.0000000 0.0332181 0.0734882 0.0756966 0.0729397 0.0734941 0.0745929 0.0723799 0.0734892 0.0734913 0.0756881 0.0734900 0.0734911 0.0745891 0.0756930 0.0734842 0.0685269 0.0790290 0.0679972 0.0756985 0.0696277 0.0701863 0.0857278 0.0857282 0.0919097 0.0891013 0.0862837 0.0896543 0.0964519 0.0924969 0.0936115 0.0936212 0.0964563 0.0941691 0.0941724 0.0930337 0.0936226 0.0958740 0.0958863 0.0907734 0.0947427 0.0924833 
pop1_19    0.0609028 0.0598159 0.0630708 0.0641639 0.0641653 0.0587345 0.0652551 0.0636194 0.0630696 0.0625276 0.0630678 0.0652461 0.0609020 0.0609022 0.0571229 0.0549658 0.0571242 0.0582066 0.0581876 0.0641570 0.0368886 0.0400453 0.0363614 0.0384648 0.0421564 0.0405729 0.0410966 0.0432218 0.0437494 0.0405722 0.0416309 0.0448045 0.0389897 0.0405714 0.0400403 0.0395233 0.0384599 0.0416257 0.0332181 0.0000000 0.0784681 0.0806912 0.0779161 0.0784744 0.0795801 0.0773519 0.0784691 0.0784714 0.0795689 0.0784700 0.0784711 0.0795761 0.0806872 0.0784637 0.0734728 0.0840463 0.0729408 0.0795798 0.0745812 0.0751442 0.0896613 0.0896617 0.0958750 0.0930526 0.0902199 0.0936081 0.0992983 0.0953294 0.0964462 0.0975965 0.1004466 0.0981466 0.0981512 0.0970050 0.0975980 0.1010050 0.1010137 0.0958652 0.0998629 0.0970172 
pop2_0     0.0823801 0.0812602 0.0857314 0.0857373 0.0857391 0.0801473 0.0863002 0.0818240 0.0823716 0.0840514 0.0846062 0.0868490 0.0823787 0.0823791 0.0784917 0.0762699 0.0784936 0.0796085 0.0795821 0.0857278 0.0773661 0.0806982 0.0768070 0.0790294 0.0829264 0.0812553 0.0818044 0.0846166 0.0846133 0.0806949 0.0823748 0.0857231 0.0795818 0.0812525 0.0795744 0.0801517 0.0784650 0.0857206 0.0734882 0.0784681 0.0000000 0.0050167 0.0065283 0.0141349 0.0192462 0.0233600 0.0275010 0.0264651 0.0285361 0.0327070 0.0332300 0.0379483 0.0395261 0.0379480 0.0342712 0.0464151 0.0353250 0.0421699 0.0368927 0.0368979 0.1010457 0.1010462 0.1073556 0.1039144 0.1016125 0.1039038 0.1125760 0.1085368 0.1090914 0.1085249 0.1125813 0.1102413 0.1102463 0.1096592 0.1108461 0.1119856 0.1131571 0.1079215 0.1119853 0.1096741 
pop2_1     0.0846153 0.0834919 0.0879764 0.0879824 0.0879842 0.0823757 0.0885471 0.0840575 0.0846065 0.0862914 0.0868477 0.0890972 0.0846138 0.0846142 0.0807155 0.0784871 0.0807174 0.0818358 0.0818086 0.0879727 0.0795861 0.0829280 0.0790253 0.0812543 0.0851628 0.0834868 0.0840371 0.0868584 0.0868550 0.0829246 0.0846098 0.0879679 0.0818083 0.0834839 0.0818006 0.0823802 0.0806889 0.0879652 0.0756966 0.0806912 0.0050167 0.0000000 0.0085485 0.0161759 0.0213009 0.0254262 0.0295784 0.0285398 0.0306165 0.0347989 0.0353234 0.0400549 0.0416369 0.0400546 0.0363662 0.0485457 0.0374244 0.0442884 0.0389954 0.0390015 0.1033374 0.1033379 0.1096664 0.1062149 0.1039058 0.1062041 0.1149031 0.1108518 0.1114076 0.1108396 0.1149085 0.1125609 0.1125660 0.1119769 0.1131681 0.1143107 0.1154860 0.1102338 0.1143104 0.1119922 
pop2_2     0.0818253 0.0807061 0.0851742 0.0851800 0.0851818 0.0795941 0.0857425 0.0812695 0.0818168 0.0834953 0.0840498 0.0862910 0.0818239 0.0818243 0.0779395 0.0757193 0.0779413 0.0790555 0.0790293 0.0851706 0.0768148 0.0801446 0.0762561 0.0784769 0.0823712 0.0807013 0.0812500 0.0840602 0.0840568 0.0801412 0.0818200 0.0851659 0.0790290 0.0806985 0.0790216 0.0795983 0.0779131 0.0851634 0.0729397 0.0779161 0.0065283 0.0085485 0.0000000 0.0136260 0.0187340 0.0228444 0.0269835 0.0259483 0.0280168 0.0321861 0.0327087 0.0374239 0.0390007 0.0374236 0.0337480 0.0458850 0.0348024 0.0416427 0.0363677 0.0363742 0.1004774 0.1004778 0.1067827 0.1033439 0.1010437 0.1033334 0.1119992 0.1079629 0.1085173 0.1079511 0.1120044 0.1096663 0.1096712 0.1090846 0.1102705 0.1114093 0.1125799 0.1073482 0.1114090 0.1090995 
pop2_3     0.0823868 0.0812667 0.0857383 0.0857441 0.0857459 0.0801538 0.0863071 0.0818305 0.0823782 0.0840581 0.0846130 0.0857342 0.0812689 0.0812693 0.0773872 0.0762760 0.0784998 0.0796149 0.0795885 0.0857347 0.0773723 0.0807047 0.0768132 0.0790357 0.0829331 0.0812618 0.0818109 0.0846234 0.0846201 0.0807013 0.0823814 0.0857300 0.0784753 0.0812590 0.0795807 0.0801581 0.0784714 0.0857275 0.0734941 0.0784744 0.0141349 0.0161759 0.0136260 0.0000000 0.0192477 0.0233617 0.0275031 0.0264672 0.0285378 0.0327096 0.0332326 0.0379513 0.0395292 0.0379510 0.0342730 0.0464188 0.0353278 0.0421733 0.0368950 0.0369008 0.1010539 0.1010544 0.1073643 0.1039228 0.1016207 0.1039122 0.1125851 0.1085456 0.1091003 0.1085337 0.1125904 0.1102502 0.1102552 0.1096680 0.1108551 0.1119946 0.1131663 0.1079302 0.1119944 0.1096830 
pop2_4     0.0834983 0.0823766 0.0868546 0.0868605 0.0868623 0.0812621 0.0874243 0.0829413 0.0834896 0.0851720 0.0857276 0.0879737 0.0834968 0.0834972 0.0796041 0.0773790 0.0796060 0.0807227 0.0806959 0.0868509 0.0784766 0.0818137 0.0779166 0.0801423 0.0840452 0.0823716 0.0829214 0.0857381 0.0857347 0.0818103 0.0834929 0.0868461 0.0806956 0.0823687 0.0806889 0.0812665 0.0795761 0.0868435 0.0745929 0.0795801 0.0192462 0.0213009 0.0187340 0.0192477 0.0000000 0.0243924 0.0285395 0.0275022 0.0295756 0.0337528 0.0337524 0.0400545 0.0405814 0.0395274 0.0363659 0.0474804 0.0363746 0.0432291 0.0379438 0.0379496 0.1021924 0.1021929 0.1085120 0.1050655 0.1027600 0.1050549 0.1131559 0.1096952 0.1102505 0.1096832 0.1137459 0.1114020 0.1114071 0.1108190 0.1120081 0.1131491 0.1143226 0.1090786 0.1131489 0.1108341 
pop2_5     0.0812576 0.0790270 0.0846037 0.0846094 0.0846112 0.0790284 0.0851714 0.0807023 0.0812492 0.0829263 0.0834803 0.0846018 0.0812562 0.0812566 0.0773752 0.0751569 0.0773770 0.0784902 0.0784650 0.0846001 0.0762516 0.0795784 0.0756934 0.0779122 0.0818033 0.0801347 0.0806830 0.0834905 0.0834872 0.0795761 0.0812524 0.0845954 0.0784639 0.0801323 0.0784565 0.0790326 0.0773489 0.0845929 0.0723799 0.0773519 0.0233600 0.0254262 0.0228444 0.0233617 0.0243924 0.0000000 0.0264614 0.0254277 0.0274953 0.0316605 0.0321826 0.0379438 0.0389965 0.0374181 0.0342664 0.0453481 0.0342746 0.0411093 0.0358395 0.0358451 0.0987491 0.0987496 0.1050392 0.1016087 0.0993142 0.1027440 0.1102427 0.1062161 0.1073489 0.1067835 0.1102478 0.1079157 0.1079206 0.1073355 0.1085181 0.1096544 0.1108220 0.1056035 0.1096541 0.1073502 
pop2_6     0.0834981 0.0823764 0.0868543 0.0868602 0.0868621 0.0812619 0.0874240 0.0829411 0.0834894 0.0851718 0.0857273 0.0879735 0.0834966 0.0834970 0.0796039 0.0773788 0.0796058 0.0807225 0.0806957 0.0868507 0.0773671 0.0806993 0.0768080 0.0790304 0.0829275 0.0812564 0.0818054 0.0846177 0.0846144 0.0806959 0.0823759 0.0857243 0.0795829 0.0812535 0.0795761 0.0801527 0.0784661 0.0857217 0.0734892 0.0784691 0.0275010 0.0295784 0.0269835 0.0275031 0.0285395 0.0264614 0.0000000 0.0171971 0.0233600 0.0321849 0.0327075 0.0390004 0.0400543 0.0384740 0.0353171 0.0464157 0.0353255 0.0421705 0.0368927 0.0368984 0.1010471 0.1010476 0.1073571 0.1039158 0.1016138 0.1050546 0.1125775 0.1085383 0.1096743 0.1091073 0.1125828 0.1102428 0.1102478 0.1096607 0.1108476 0.1119871 0.1131587 0.1079229 0.1119869 0.1096756 
pop2_7     0.0823836 0.0812636 0.0857350 0.0857409 0.0857427 0.0801507 0.0863038 0.0818274 0.0823751 0.0840549 0.0846098 0.0868526 0.0823822 0.0823826 0.0784950 0.0762731 0.0784969 0.0796119 0.0795855 0.0857314 0.0773694 0.0807016 0.0768103 0.0790327 0.0829299 0.0812587 0.0818078 0.0846202 0.0846168 0.0806983 0.0823783 0.0857267 0.0795852 0.0812559 0.0795777 0.0801550 0.0784684 0.0857242 0.0734913 0.0784714 0.0264651 0.0285398 0.0259483 0.0264672 0.0275022 0.0254277 0.0171971 0.0000000 0.0223291 0.0327084 0.0332314 0.0390016 0.0400555 0.0384752 0.0353187 0.0464171 0.0348017 0.0421717 0.0368937 0.0368995 0.0999066 0.0999071 0.1073601 0.1039187 0.1016167 0.1050575 0.1125807 0.1085413 0.1096774 0.1091104 0.1125860 0.1102459 0.1102509 0.1096637 0.1108507 0.1119902 0.1131619 0.1079260 0.1108331 0.1096787 
pop2_8     0.0846056 0.0834823 0.0879663 0.0879723 0.0879741 0.0823663 0.0885369 0.0840479 0.0845966 0.0862814 0.0868377 0.0890877 0.0846041 0.0846045 0.0807063 0.0779230 0.0807082 0.0818264 0.0817992 0.0879624 0.0795761 0.0829194 0.0790163 0.0812459 0.0851531 0.0834781 0.0840277 0.0868484 0.0868450 0.0829151 0.0846001 0.0879577 0.0817989 0.0834743 0.0817913 0.0823708 0.0806789 0.0879551 0.0756881 0.0795689 0.0285361 0.0306165 0.0280168 0.0285378 0.0295756 0.0274953 0.0233600 0.0223291 0.0000000 0.0342712 0.0353187 0.0411049 0.0421616 0.0405771 0.0353131 0.0485404 0.0374203 0.0442836 0.0384644 0.0389965 0.1033253 0.1033258 0.1096534 0.1062024 0.1038936 0.1073442 0.1148894 0.1108386 0.1119775 0.1114091 0.1148948 0.1125475 0.1125526 0.1119636 0.1131546 0.1142970 0.1154722 0.1090667 0.1142968 0.1119789 
