80
pop0_0     0.0000000 0.0062383 0.0062384 0.0104251 0.0135816 0.0188745 0.0242022 0.0210031 0.0167541 0.0188768 0.0125282 0.0199338 0.0188714 0.0188717 0.0231370 0.0231313 0.0167519 0.0199383 0.0284990 0.0188728 0.1235876 0.1248055 0.1211581 0.1138987 0.1150968 0.1163178 0.1151006 0.1138832 0.1151132 0.1126871 0.1150881 0.1138715 0.1162645 0.1175109 0.1187292 0.1186920 0.1186959 0.1211621 0.1114984 0.1175009 0.2101935 0.2115676 0.2129453 0.2157161 0.2047260 0.2129332 0.2156580 0.2156613 0.2129734 0.2156936 0.2074855 0.2047879 0.2171186 0.2143169 0.2115645 0.2129618 0.2170311 0.2198414 0.2240867 0.2074907 0.3630067 0.3630617 0.3714681 0.3680205 0.3663435 0.3662458 0.3696954 0.3731517 0.3765119 0.3713887 0.3713647 0.3629575 0.3696681 0.3645229 0.3814764 0.3780822 0.3696532 0.3561832 0.3612369 0.3612037 
pop0_1     0.0062383 0.0000000 0.0104271 0.0146369 0.0178116 0.0231355 0.0284939 0.0252767 0.0210030 0.0231384 0.0167522 0.0242002 0.0231317 0.0231321 0.0274231 0.0274163 0.0210002 0.0242057 0.0328166 0.0231334 0.1284965 0.1297223 0.1260513 0.1187448 0.1199503 0.1211798 0.1199544 0.1187285 0.1199676 0.1175250 0.1199414 0.1187165 0.1211241 0.1223801 0.1236066 0.1235676 0.1235716 0.1260554 0.1163291 0.1223694 0.2157073 0.2170917 0.2184798 0.2212714 0.2101993 0.2184671 0.2212115 0.2212150 0.2185085 0.2212483 0.2129800 0.2102632 0.2226848 0.2198610 0.2170881 0.2184965 0.2225946 0.2254267 0.2297055 0.2129853 0.3697708 0.3698270 0.3783090 0.3748290 0.3731371 0.3730372 0.3765186 0.3800075 0.3833977 0.3782274 0.3782028 0.3697198 0.3764912 0.3712975 0.3884055 0.3849801 0.3764754 0.3628833 0.3679835 0.3679493 
pop0_2     0.0062384 0.0104271 0.0000000 0.0104260 0.0135828 0.0188761 0.0242044 0.0210049 0.0167556 0.0188785 0.0125293 0.0199355 0.0188731 0.0188734 0.0231391 0.0231333 0.0167534 0.0199401 0.0285015 0.0188744 0.1236006 0.1248187 0.1211708 0.1139106 0.1151088 0.1163300 0.1151127 0.1138951 0.1151252 0.1126988 0.1151001 0.1138834 0.1162767 0.1175232 0.1187416 0.1187045 0.1187083 0.1211748 0.1115100 0.1175132 0.2102193 0.2115937 0.2129716 0.2157428 0.2047509 0.2129595 0.2156847 0.2156880 0.2129996 0.2157204 0.2075109 0.2048128 0.2171456 0.2143434 0.2115905 0.2129881 0.2170581 0.2198688 0.2241149 0.2075160 0.3630650 0.3631199 0.3715286 0.3680801 0.3664026 0.3663049 0.3697554 0.3732126 0.3765738 0.3714492 0.3714252 0.3630157 0.3697281 0.3645816 0.3815397 0.3781445 0.3697132 0.3562397 0.3612947 0.3612615 
pop0_3     0.0104251 0.0146369 0.0104260 0.0000000 0.0135798 0.0188720 0.0241990 0.0210003 0.0167519 0.0188743 0.0125264 0.0199312 0.0188689 0.0188689 0.0231339 0.0231273 0.0167488 0.0199357 0.0284952 0.0188703 0.1235696 0.1247873 0.1211405 0.1138823 0.1150802 0.1163010 0.1150840 0.1138668 0.1150966 0.1126709 0.1150715 0.1138551 0.1162477 0.1174939 0.1187120 0.1186748 0.1186787 0.1211445 0.1114824 0.1174839 0.2101601 0.2115340 0.2129115 0.2156817 0.2046937 0.2128993 0.2156236 0.2156268 0.2129395 0.2156592 0.2074527 0.2047556 0.2170839 0.2142827 0.2115309 0.2129280 0.2169964 0.2198061 0.2240506 0.2074579 0.3629392 0.3629942 0.3713984 0.3679517 0.3662752 0.3661774 0.3696262 0.3730815 0.3764409 0.3713191 0.3712950 0.3628900 0.3695988 0.3644550 0.3814040 0.3780107 0.3695840 0.3561174 0.3611698 0.3611367 
pop0_4     0.0135816 0.0178116 0.0135828 0.0135798 0.0000000 0.0199328 0.0252669 0.0220641 0.0178099 0.0199353 0.0135798 0.0209932 0.0199296 0.0199299 0.0242006 0.0241946 0.0178081 0.0209980 0.0295692 0.0199312 0.1247803 0.1259999 0.1223476 0.1150786 0.1162782 0.1175009 0.1162820 0.1150629 0.1162948 0.1138652 0.1162694 0.1150511 0.1174470 0.1186955 0.1199154 0.1198778 0.1198818 0.1223516 0.1126751 0.1186853 0.2115105 0.2128868 0.2142666 0.2170416 0.2060347 0.2142543 0.2169831 0.2169864 0.2142948 0.2170190 0.2087986 0.2060971 0.2184464 0.2156401 0.2128835 0.2142832 0.2183583 0.2211730 0.2254253 0.2088038 0.3645777 0.3646330 0.3730546 0.3696004 0.3679204 0.3678221 0.3712782 0.3747411 0.3781074 0.3729747 0.3729505 0.3645280 0.3712509 0.3660958 0.3830804 0.3796799 0.3712358 0.3577411 0.3628042 0.3627708 
pop0_5     0.0188745 0.0231355 0.0188761 0.0188720 0.0199328 0.0000000 0.0199344 0.0252737 0.0210005 0.0231357 0.0167503 0.0241973 0.0231290 0.0231294 0.0274199 0.0274131 0.0209977 0.0242028 0.0328127 0.0231306 0.1284802 0.1297058 0.1260354 0.1187298 0.1199352 0.1211645 0.1199392 0.1187136 0.1199525 0.1175102 0.1199263 0.1187015 0.1211088 0.1223647 0.1235910 0.1235520 0.1235560 0.1260395 0.1163145 0.1223539 0.2156783 0.2170625 0.2184503 0.2212415 0.2101711 0.2184377 0.2211816 0.2211851 0.2184791 0.2212184 0.2129515 0.2102351 0.2226547 0.2198314 0.2170589 0.2184671 0.2225645 0.2253962 0.2296743 0.2129567 0.3697156 0.3697719 0.3782523 0.3747730 0.3730813 0.3729814 0.3764623 0.3799504 0.3833401 0.3781707 0.3781461 0.3696646 0.3764349 0.3712421 0.3883469 0.3849220 0.3764190 0.3628295 0.3679286 0.3678945 
pop0_6     0.0242022 0.0284939 0.0242044 0.0241990 0.0252669 0.0199344 0.0000000 0.0306472 0.0263432 0.0284941 0.0220619 0.0295618 0.0284859 0.0284863 0.0328090 0.0328008 0.0263397 0.0295685 0.0382412 0.0284879 0.1346479 0.1358833 0.1321834 0.1248188 0.1260335 0.1272734 0.1260378 0.1248016 0.1260519 0.1235890 0.1260243 0.1247891 0.1272147 0.1284827 0.1297192 0.1296780 0.1296822 0.1321876 0.1223842 0.1284710 0.2226047 0.2240016 0.2254025 0.2282200 0.2170465 0.2253893 0.2281577 0.2281615 0.2254321 0.2281960 0.2198535 0.2171131 0.2296468 0.2267958 0.2239975 0.2254195 0.2295531 0.2324123 0.2367325 0.2198589 0.3782184 0.3782764 0.3868525 0.3833321 0.3816215 0.3815189 0.3850400 0.3885694 0.3919971 0.3867679 0.3867427 0.3781652 0.3850125 0.3797582 0.3970587 0.3935943 0.3849955 0.3712514 0.3764093 0.3763739 
pop0_7     0.0210031 0.0252767 0.0210049 0.0210003 0.0220641 0.0252737 0.0306472 0.0000000 0.0125276 0.0167542 0.0167517 0.0241994 0.0252696 0.0252700 0.0295738 0.0295664 0.0231322 0.0263471 0.0349828 0.0252714 0.1309557 0.1321854 0.1285027 0.1211727 0.1223819 0.1236156 0.1223861 0.1211561 0.1223997 0.1199489 0.1223729 0.1211438 0.1235588 0.1248196 0.1260501 0.1260102 0.1260143 0.1285069 0.1187494 0.1248085 0.2184682 0.2198576 0.2212509 0.2240530 0.2129399 0.2212380 0.2239922 0.2239957 0.2212800 0.2240295 0.2157312 0.2130048 0.2254719 0.2226370 0.2198539 0.2212677 0.2253802 0.2282233 0.2325189 0.2157365 0.3731604 0.3732173 0.3817375 0.3782411 0.3765416 0.3764407 0.3799382 0.3834435 0.3868490 0.3816547 0.3816299 0.3731085 0.3799108 0.3746925 0.3918786 0.3884374 0.3798945 0.3662407 0.3713643 0.3713296 
pop0_8     0.0167541 0.0210030 0.0167556 0.0167519 0.0178099 0.0210005 0.0263432 0.0125276 0.0000000 0.0125297 0.0125278 0.0199331 0.0209972 0.0209975 0.0252753 0.0252691 0.0188718 0.0220675 0.0306527 0.0209986 0.1260297 0.1272514 0.1235925 0.1163102 0.1175119 0.1187370 0.1175158 0.1162943 0.1175287 0.1150946 0.1175030 0.1162824 0.1186825 0.1199336 0.1211559 0.1211178 0.1211218 0.1235966 0.1139024 0.1199233 0.2129310 0.2143101 0.2156929 0.2184739 0.2074437 0.2156805 0.2184149 0.2184183 0.2157213 0.2184511 0.2102136 0.2075066 0.2198818 0.2170692 0.2143068 0.2157095 0.2197929 0.2226138 0.2268755 0.2102188 0.3663558 0.3664114 0.3748549 0.3713914 0.3697071 0.3696083 0.3730735 0.3765457 0.3799207 0.3747744 0.3747501 0.3663057 0.3730461 0.3678771 0.3849063 0.3814968 0.3730308 0.3595010 0.3645774 0.3645438 
pop0_9     0.0188768 0.0231384 0.0188785 0.0188743 0.0199353 0.0231357 0.0284941 0.0167542 0.0125297 0.0000000 0.0146377 0.0220647 0.0231319 0.0231323 0.0274234 0.0274166 0.0210004 0.0242059 0.0328170 0.0231335 0.1285011 0.1297270 0.1260558 0.1187487 0.1199544 0.1211839 0.1199584 0.1187325 0.1199717 0.1175289 0.1199454 0.1187204 0.1211282 0.1223844 0.1236109 0.1235719 0.1235760 0.1260599 0.1163329 0.1223736 0.2157213 0.2171059 0.2184941 0.2212862 0.2102125 0.2184815 0.2212263 0.2212297 0.2185229 0.2212630 0.2129936 0.2102765 0.2226998 0.2198756 0.2171023 0.2185109 0.2226096 0.2254421 0.2297215 0.2129989 0.3698179 0.3698741 0.3783587 0.3748777 0.3731852 0.3730853 0.3765678 0.3800577 0.3834490 0.3782770 0.3782525 0.3697669 0.3765404 0.3713451 0.3884584 0.3850319 0.3765246 0.3629284 0.3680300 0.3679959 
pop0_10    0.0125282 0.0167522 0.0125293 0.0125264 0.0135798 0.0167503 0.0220619 0.0167517 0.0125278 0.0146377 0.0000000 0.0135787 0.0167476 0.0167488 0.0209996 0.0209951 0.0146346 0.0178107 0.0263450 0.0167488 0.1211221 0.1223359 0.1187009 0.1114665 0.1126606 0.1138772 0.1126643 0.1114513 0.1126766 0.1102591 0.1126520 0.1114398 0.1138250 0.1150664 0.1162804 0.1162441 0.1162479 0.1187049 0.1090743 0.1150567 0.2074090 0.2087778 0.2101500 0.2129097 0.2019629 0.2101381 0.2128525 0.2128557 0.2101777 0.2128876 0.2047113 0.2020238 0.2143066 0.2115164 0.2087748 0.2101664 0.2142204 0.2170192 0.2212469 0.2047164 0.3595619 0.3596163 0.3679826 0.3645521 0.3628831 0.3627864 0.3662193 0.3696583 0.3730027 0.3679044 0.3678806 0.3595136 0.3661919 0.3610723 0.3779441 0.3745664 0.3661775 0.3527720 0.3578012 0.3577685 
pop0_11    0.0199338 0.0242002 0.0199355 0.0199312 0.0209932 0.0241973 0.0295618 0.0241994 0.0199331 0.0220647 0.0135787 0.0000000 0.0241934 0.0241938 0.0284900 0.0284829 0.0220604 0.0252688 0.0338898 0.0241956 0.1296881 0.1309155 0.1272399 0.1199238 0.1211308 0.1223620 0.1211349 0.1199074 0.1211483 0.1187024 0.1211218 0.1198952 0.1223058 0.1235638 0.1247919 0.1247525 0.1247566 0.1272440 0.1175051 0.1235529 0.2170219 0.2184084 0.2197986 0.2225945 0.2115056 0.2197859 0.2225342 0.2225377 0.2198275 0.2225712 0.2142908 0.2115701 0.2240102 0.2211819 0.2184047 0.2198154 0.2239193 0.2267559 0.2310417 0.2142960 0.3713445 0.3714012 0.3798990 0.3764121 0.3747170 0.3746166 0.3781048 0.3816005 0.3849971 0.3798167 0.3797921 0.3712931 0.3780774 0.3728733 0.3900138 0.3865817 0.3780613 0.3644435 0.3695535 0.3695190 
pop0_12    0.0188714 0.0231317 0.0188731 0.0188689 0.0199296 0.0231290 0.0284859 0.0252696 0.0209972 0.0231319 0.0167476 0.0241934 0.0000000 0.0125264 0.0209974 0.0209922 0.0146328 0.0178081 0.0263423 0.0167470 0.1211081 0.1223218 0.1186872 0.1114538 0.1126477 0.1138641 0.1126515 0.1114386 0.1126637 0.1102466 0.1126391 0.1114271 0.1138120 0.1150532 0.1162670 0.1162307 0.1162345 0.1186912 0.1090618 0.1150435 0.2073823 0.2087509 0.2101229 0.2128822 0.2019371 0.2101110 0.2128250 0.2128281 0.2101506 0.2128600 0.2046850 0.2019980 0.2142788 0.2114891 0.2087479 0.2101393 0.2141926 0.2169909 0.2212180 0.2046902 0.3595059 0.3595602 0.3679247 0.3644950 0.3628263 0.3627297 0.3661617 0.3696000 0.3729435 0.3678465 0.3678227 0.3594576 0.3661344 0.3610159 0.3778838 0.3745069 0.3661200 0.3527175 0.3577456 0.3577129 
pop0_13    0.0188717 0.0231321 0.0188734 0.0188689 0.0199299 0.0231294 0.0284863 0.0252700 0.0209975 0.0231323 0.0167488 0.0241938 0.0125264 0.0000000 0.0209977 0.0209925 0.0146330 0.0178092 0.0263426 0.0167473 0.1211104 0.1223241 0.1186895 0.1114558 0.1126498 0.1138662 0.1126535 0.1114406 0.1126658 0.1102486 0.1126412 0.1114291 0.1138141 0.1150554 0.1162692 0.1162329 0.1162367 0.1186934 0.1090638 0.1150457 0.2073871 0.2087557 0.2101278 0.2128872 0.2019417 0.2101159 0.2128300 0.2128331 0.2101555 0.2128650 0.2046897 0.2020026 0.2142838 0.2114940 0.2087528 0.2101442 0.2141977 0.2169961 0.2212233 0.2046949 0.3595176 0.3595719 0.3679368 0.3645069 0.3628382 0.3627415 0.3661738 0.3696123 0.3729560 0.3678587 0.3678349 0.3594692 0.3661464 0.3610277 0.3778965 0.3745194 0.3661320 0.3527288 0.3577571 0.3577245 
pop0_14    0.0231370 0.0274231 0.0231391 0.0231339 0.0242006 0.0274199 0.0328090 0.0295738 0.0252753 0.0274234 0.0209996 0.0284900 0.0209974 0.0209977 0.0000000 0.0167488 0.0188720 0.0220678 0.0306531 0.0209989 0.1260324 0.1272542 0.1235952 0.1163126 0.1175143 0.1187395 0.1175183 0.1162967 0.1175312 0.1150969 0.1175055 0.1162848 0.1186850 0.1199362 0.1211584 0.1211204 0.1211243 0.1235992 0.1139047 0.1199258 0.2129375 0.2143167 0.2156996 0.2184807 0.2074499 0.2156872 0.2184217 0.2184251 0.2157280 0.2184579 0.2102200 0.2075128 0.2198886 0.2170760 0.2143134 0.2157162 0.2197998 0.2226209 0.2268828 0.2102252 0.3663745 0.3664301 0.3748744 0.3714106 0.3697261 0.3696273 0.3730929 0.3765654 0.3799408 0.3747939 0.3747696 0.3663244 0.3730655 0.3678959 0.3849270 0.3815171 0.3730501 0.3595189 0.3645959 0.3645622 
pop0_15    0.0231313 0.0274163 0.0231333 0.0231273 0.0241946 0.0274131 0.0328008 0.0295664 0.0252691 0.0274166 0.0209951 0.0284829 0.0209922 0.0209925 0.0167488 0.0000000 0.0188674 0.0220623 0.0306454 0.0209937 0.1259983 0.1272198 0.1235619 0.1162814 0.1174828 0.1187076 0.1174868 0.1162655 0.1174997 0.1150661 0.1174740 0.1162537 0.1186531 0.1199039 0.1211259 0.1210878 0.1210918 0.1235659 0.1138743 0.1198936 0.2128755 0.2142542 0.2156366 0.2184167 0.2073898 0.2156242 0.2183577 0.2183611 0.2156650 0.2183939 0.2101589 0.2074527 0.2198242 0.2170125 0.2142509 0.2156532 0.2197353 0.2225555 0.2268159 0.2101641 0.3662521 0.3663077 0.3747483 0.3712860 0.3696022 0.3695034 0.3729675 0.3764386 0.3798123 0.3746678 0.3746435 0.3662020 0.3729401 0.3677728 0.3847962 0.3813879 0.3729248 0.3593995 0.3644742 0.3644406 
pop0_16    0.0167519 0.0210002 0.0167534 0.0167488 0.0178081 0.0209977 0.0263397 0.0231322 0.0188718 0.0210004 0.0146346 0.0220604 0.0146328 0.0146330 0.0188720 0.0188674 0.0000000 0.0156925 0.0242017 0.0146346 0.1186838 0.1198937 0.1162705 0.1090597 0.1102501 0.1114624 0.1102537 0.1090449 0.1102656 0.1078564 0.1102416 0.1090336 0.1114114 0.1126480 0.1138579 0.1138225 0.1138262 0.1162744 0.1066752 0.1126387 0.2046665 0.2060301 0.2073972 0.2101463 0.1992408 0.2073855 0.2100895 0.2100931 0.2074245 0.2101245 0.2019785 0.1993007 0.2115377 0.2087586 0.2060274 0.2074134 0.2114529 0.2142406 0.2184515 0.2019836 0.3561847 0.3562384 0.3645661 0.3611522 0.3594907 0.3593951 0.3628117 0.3662342 0.3695631 0.3644891 0.3644655 0.3561372 0.3627845 0.3576896 0.3744824 0.3711206 0.3627705 0.3494273 0.3544328 0.3544007 
pop0_17    0.0199383 0.0242057 0.0199401 0.0199357 0.0209980 0.0242028 0.0295685 0.0263471 0.0220675 0.0242059 0.0178107 0.0252688 0.0178081 0.0178092 0.0220678 0.0220623 0.0156925 0.0000000 0.0274215 0.0178102 0.1223564 0.1235723 0.1199309 0.1126839 0.1138800 0.1150988 0.1138838 0.1126685 0.1138962 0.1114743 0.1138713 0.1126569 0.1150461 0.1162900 0.1175061 0.1174694 0.1174733 0.1199349 0.1102875 0.1162802 0.2088057 0.2101772 0.2115522 0.2143176 0.2033486 0.2115402 0.2142599 0.2142632 0.2115801 0.2142953 0.2061027 0.2034100 0.2157173 0.2129212 0.2101741 0.2115687 0.2156305 0.2184351 0.2226718 0.2061079 0.3612980 0.3613527 0.3697398 0.3663004 0.3646273 0.3645301 0.3679716 0.3714195 0.3747721 0.3696610 0.3696371 0.3612492 0.3679443 0.3628114 0.3797255 0.3763393 0.3679296 0.3544907 0.3595326 0.3594997 
pop0_18    0.0284990 0.0328166 0.0285015 0.0284952 0.0295692 0.0328127 0.0382412 0.0349828 0.0306527 0.0328170 0.0263450 0.0338898 0.0263423 0.0263426 0.0306531 0.0306454 0.0242017 0.0274215 0.0000000 0.0242041 0.1321964 0.1334282 0.1297394 0.1223971 0.1236082 0.1248441 0.1236125 0.1223803 0.1236262 0.1211712 0.1235992 0.1223679 0.1247867 0.1260500 0.1272827 0.1272423 0.1272465 0.1297436 0.1199698 0.1260387 0.2198678 0.2212599 0.2226559 0.2254636 0.2143288 0.2226430 0.2254023 0.2254059 0.2226852 0.2254399 0.2171257 0.2143943 0.2268853 0.2240447 0.2212561 0.2226728 0.2267930 0.2296418 0.2339462 0.2171310 0.3748958 0.3749531 0.3834940 0.3799887 0.3782852 0.3781836 0.3816898 0.3852040 0.3886177 0.3834105 0.3833856 0.3748435 0.3816624 0.3764308 0.3936593 0.3902095 0.3816458 0.3679587 0.3730950 0.3730600 
pop0_19    0.0188728 0.0231334 0.0188744 0.0188703 0.0199312 0.0231306 0.0284879 0.0252714 0.0209986 0.0231335 0.0167488 0.0241956 0.0167470 0.0167473 0.0209989 0.0209937 0.0146346 0.0178102 0.0242041 0.0000000 0.1211180 0.1223318 0.1186969 0.1114627 0.1126568 0.1138733 0.1126605 0.1114476 0.1126728 0.1102554 0.1126482 0.1114361 0.1138212 0.1150625 0.1162764 0.1162401 0.1162439 0.1187008 0.1090706 0.1150528 0.2074015 0.2087702 0.2101424 0.2129020 0.2019556 0.2101305 0.2128448 0.2128480 0.2101701 0.2128798 0.2047039 0.2020165 0.2142988 0.2115087 0.2087673 0.2101588 0.2142126 0.2170113 0.2212388 0.2047090 0.3595468 0.3596012 0.3679670 0.3645368 0.3628678 0.3627711 0.3662038 0.3696426 0.3729867 0.3678888 0.3678650 0.3594985 0.3661764 0.3610571 0.3779279 0.3745504 0.3661620 0.3527573 0.3577862 0.3577536 
pop1_0     0.1235876 0.1284965 0.1236006 0.1235696 0.1247803 0.1284802 0.1346479 0.1309557 0.1260297 0.1285011 0.1211221 0.1296881 0.1211081 0.1211104 0.1260324 0.1259983 0.1186838 0.1223564 0.1321964 0.1211180 0.0000000 0.0051929 0.0083265 0.0167502 0.0178081 0.0188710 0.0284859 0.0274099 0.0284885 0.0263370 0.0371401 0.0360493 0.0382193 0.0393204 0.0404141 0.0469866 0.0469882 0.0492093 0.0404206 0.0458938 0.2117008 0.2130787 0.2144601 0.2172383 0.2062188 0.2144478 0.2171798 0.2171831 0.2130845 0.2158066 0.2075929 0.2048934 0.2172326 0.2144289 0.2116746 0.2130730 0.2171451 0.2199573 0.2242056 0.2075980 0.3632464 0.3633013 0.3717166 0.3682654 0.3665867 0.3664890 0.3699421 0.3734020 0.3767659 0.3716373 0.3716132 0.3631971 0.3699148 0.3647643 0.3817360 0.3783380 0.3698999 0.3564159 0.3614748 0.3614416 
pop1_1     0.1248055 0.1297223 0.1248187 0.1247873 0.1259999 0.1297058 0.1358833 0.1321854 0.1272514 0.1297270 0.1223359 0.1309155 0.1223218 0.1223241 0.1272542 0.1272198 0.1198937 0.1235723 0.1334282 0.1223318 0.0051929 0.0000000 0.0093735 0.0178091 0.0188689 0.0199329 0.0295605 0.0284827 0.0295638 0.0274099 0.0382276 0.0371363 0.0393081 0.0404111 0.0415064 0.0480880 0.0480896 0.0503142 0.0415131 0.0469938 0.2130671 0.2144474 0.2158313 0.2186145 0.2075753 0.2158189 0.2185555 0.2185589 0.2144532 0.2171800 0.2089519 0.2062478 0.2186088 0.2157998 0.2130406 0.2144416 0.2185206 0.2213380 0.2255943 0.2089571 0.3649075 0.3649628 0.3733960 0.3699371 0.3682548 0.3681566 0.3716173 0.3750849 0.3784559 0.3733160 0.3732919 0.3648578 0.3715899 0.3664279 0.3834361 0.3800308 0.3715748 0.3580619 0.3631318 0.3630983 
pop1_2     0.1211581 0.1260513 0.1211708 0.1211405 0.1223476 0.1260354 0.1321834 0.1285027 0.1235925 0.1260558 0.1187009 0.1272399 0.1186872 0.1186895 0.1235952 0.1235619 0.1162705 0.1199309 0.1297394 0.1186969 0.0083265 0.0093735 0.0000000 0.0146369 0.0156923 0.0167518 0.0263402 0.0252655 0.0263425 0.0241981 0.0349700 0.0338832 0.0360467 0.0371441 0.0382346 0.0447894 0.0447905 0.0470046 0.0382408 0.0436989 0.2089751 0.2103480 0.2117244 0.2144926 0.2035125 0.2117124 0.2144349 0.2144382 0.2103537 0.2130666 0.2048816 0.2021913 0.2144870 0.2116939 0.2089494 0.2103425 0.2144009 0.2172026 0.2214348 0.2048867 0.3599269 0.3599812 0.3683602 0.3649246 0.3632530 0.3631564 0.3665943 0.3700385 0.3733880 0.3682820 0.3682582 0.3598785 0.3665670 0.3614397 0.3783374 0.3749544 0.3665526 0.3531271 0.3581637 0.3581310 
pop1_3     0.1138987 0.1187448 0.1139106 0.1138823 0.1150786 0.1187298 0.1248188 0.1211727 0.1163102 0.1187487 0.1114665 0.1199238 0.1114538 0.1114558 0.1163126 0.1162814 0.1090597 0.1126839 0.1223971 0.1114627 0.0167502 0.0178091 0.0146369 0.0000000 0.0051939 0.0083299 0.0199355 0.0188714 0.0199373 0.0178116 0.0284919 0.0274150 0.0295605 0.0306473 0.0317282 0.0382280 0.0382293 0.0404225 0.0317333 0.0371462 0.2008219 0.2021800 0.2035414 0.2062792 0.1954182 0.2035300 0.2062242 0.2062271 0.2021856 0.2048702 0.1967722 0.1941096 0.2062740 0.2035127 0.2007979 0.2021750 0.2061918 0.2089618 0.2131456 0.1967772 0.3499788 0.3500311 0.3583004 0.3549119 0.3532620 0.3531685 0.3565602 0.3599571 0.3632631 0.3582256 0.3582025 0.3499328 0.3565330 0.3514762 0.3681497 0.3648119 0.3565199 0.3432716 0.3482408 0.3482096 
pop1_4     0.1150968 0.1199503 0.1151088 0.1150802 0.1162782 0.1199352 0.1260335 0.1223819 0.1175119 0.1199544 0.1126606 0.1211308 0.1126477 0.1126498 0.1175143 0.1174828 0.1102501 0.1138800 0.1236082 0.1126568 0.0178081 0.0188689 0.0156923 0.0051939 0.0000000 0.0093770 0.0209981 0.0199325 0.0210000 0.0188713 0.0295662 0.0284877 0.0306365 0.0317245 0.0328070 0.0393149 0.0393168 0.0415133 0.0328123 0.0382324 0.2021607 0.2035212 0.2048849 0.2076275 0.1967478 0.2048734 0.2075720 0.2075750 0.2035268 0.2062158 0.1981041 0.1954372 0.2076222 0.2048559 0.2021364 0.2035161 0.2075394 0.2103144 0.2145058 0.1981092 0.3515972 0.3516499 0.3599362 0.3565403 0.3548871 0.3547931 0.3581919 0.3615962 0.3649089 0.3598608 0.3598376 0.3515509 0.3581647 0.3530970 0.3698051 0.3664604 0.3581514 0.3448757 0.3498554 0.3498239 
pop1_5     0.1163178 0.1211798 0.1163300 0.1163010 0.1175009 0.1211645 0.1272734 0.1236156 0.1187370 0.1211839 0.1138772 0.1223620 0.1138641 0.1138662 0.1187395 0.1187076 0.1114624 0.1150988 0.1248441 0.1138733 0.0188710 0.0199329 0.0167518 0.0083299 0.0093770 0.0000000 0.0220657 0.0209984 0.0220677 0.0199357 0.0306469 0.0295667 0.0317186 0.0328086 0.0338928 0.0404110 0.0404124 0.0426127 0.0338982 0.0393265 0.2035426 0.2049057 0.2062722 0.2090202 0.1981191 0.2062606 0.2089643 0.2089674 0.2049114 0.2076055 0.1994781 0.1968062 0.2090149 0.2062429 0.2035180 0.2049006 0.2089314 0.2117121 0.2159122 0.1994832 0.3533040 0.3533570 0.3616632 0.3582589 0.3566017 0.3565072 0.3599144 0.3633272 0.3666478 0.3615873 0.3615640 0.3532573 0.3598871 0.3548067 0.3715555 0.3682026 0.3598736 0.3465657 0.3515576 0.3515259 
pop1_6     0.1151006 0.1199544 0.1151127 0.1150840 0.1162820 0.1199392 0.1260378 0.1223861 0.1175158 0.1199584 0.1126643 0.1211349 0.1126515 0.1126535 0.1175183 0.1174868 0.1102537 0.1138838 0.1236125 0.1126605 0.0284859 0.0295605 0.0263402 0.0199355 0.0209981 0.0220657 0.0000000 0.0051939 0.0125300 0.0167526 0.0295669 0.0284883 0.0306381 0.0317253 0.0328078 0.0393164 0.0393177 0.0415144 0.0328130 0.0382333 0.2021698 0.2035303 0.2048942 0.2076370 0.1967564 0.2048827 0.2075815 0.2075845 0.2035360 0.2062252 0.1981129 0.1954458 0.2076317 0.2048652 0.2021455 0.2035253 0.2075489 0.2103241 0.2145158 0.1981180 0.3516223 0.3516750 0.3599625 0.3565662 0.3549126 0.3548187 0.3582180 0.3616227 0.3649359 0.3598871 0.3598639 0.3515760 0.3581908 0.3531223 0.3698329 0.3664877 0.3581774 0.3448998 0.3498802 0.3498487 
pop1_7     0.1138832 0.1187285 0.1138951 0.1138668 0.1150629 0.1187136 0.1248016 0.1211561 0.1162943 0.1187325 0.1114513 0.1199074 0.1114386 0.1114406 0.1162967 0.1162655 0.1090449 0.1126685 0.1223803 0.1114476 0.0274099 0.0284827 0.0252655 0.0188714 0.0199325 0.0209984 0.0051939 0.0000000 0.0114769 0.0156932 0.0284883 0.0274114 0.0295572 0.0306434 0.0317241 0.0382230 0.0382248 0.0404173 0.0317292 0.0371414 0.2007928 0.2021507 0.2035119 0.2062492 0.1953900 0.2035005 0.2061942 0.2061972 0.2021563 0.2048405 0.1967438 0.1940816 0.2062440 0.2034832 0.2007688 0.2021458 0.2061619 0.2089314 0.2131145 0.1967488 0.3499228 0.3499752 0.3582428 0.3548550 0.3532054 0.3531119 0.3565029 0.3598992 0.3632045 0.3581680 0.3581449 0.3498769 0.3564757 0.3514199 0.3680900 0.3647530 0.3564626 0.3432169 0.3481852 0.3481540 
pop1_8     0.1151132 0.1199676 0.1151252 0.1150966 0.1162948 0.1199525 0.1260519 0.1223997 0.1175287 0.1199717 0.1126766 0.1211483 0.1126637 0.1126658 0.1175312 0.1174997 0.1102656 0.1138962 0.1236262 0.1126728 0.0284885 0.0295638 0.0263425 0.0199373 0.0210000 0.0220677 0.0125300 0.0114769 0.0000000 0.0167541 0.0295696 0.0284909 0.0306400 0.0317282 0.0328107 0.0393200 0.0393214 0.0415182 0.0328160 0.0382368 0.2021963 0.2035571 0.2049212 0.2076645 0.1967820 0.2049097 0.2076090 0.2076120 0.2035627 0.2062524 0.1981387 0.1954710 0.2076592 0.2048922 0.2021720 0.2035520 0.2075764 0.2103521 0.2145446 0.1981437 0.3516844 0.3517371 0.3600270 0.3566297 0.3549757 0.3548817 0.3582820 0.3616878 0.3650020 0.3599516 0.3599284 0.3516380 0.3582548 0.3531848 0.3699006 0.3665542 0.3582415 0.3449599 0.3499418 0.3499103 
pop1_9     0.1126871 0.1175250 0.1126988 0.1126709 0.1138652 0.1175102 0.1235890 0.1199489 0.1150946 0.1175289 0.1102591 0.1187024 0.1102466 0.1102486 0.1150969 0.1150661 0.1078564 0.1114743 0.1211712 0.1102554 0.0263370 0.0274099 0.0241981 0.0178116 0.0188713 0.0199357 0.0167526 0.0156932 0.0167541 0.0000000 0.0274154 0.0263401 0.0284832 0.0295675 0.0306467 0.0371363 0.0371383 0.0393279 0.0306516 0.0360567 0.1994579 0.2008135 0.2021724 0.2049050 0.1940642 0.2021611 0.2048505 0.2048534 0.2008191 0.2034989 0.1954156 0.1927577 0.2048999 0.2021439 0.1994341 0.2008086 0.2048184 0.2075830 0.2117587 0.1954206 0.3483156 0.3483677 0.3566190 0.3532381 0.3515918 0.3514988 0.3548829 0.3582721 0.3615709 0.3565446 0.3565217 0.3482701 0.3548558 0.3498105 0.3664472 0.3631169 0.3548428 0.3416236 0.3465818 0.3465508 
pop1_10    0.1150881 0.1199414 0.1151001 0.1150715 0.1162694 0.1199263 0.1260243 0.1223729 0.1175030 0.1199454 0.1126520 0.1211218 0.1126391 0.1126412 0.1175055 0.1174740 0.1102416 0.1138713 0.1235992 0.1126482 0.0371401 0.0382276 0.0349700 0.0284919 0.0295662 0.0306469 0.0295669 0.0284883 0.0295696 0.0274154 0.0000000 0.0031120 0.0114767 0.0146403 0.0220658 0.0393117 0.0393130 0.0415094 0.0328091 0.0382287 0.2021508 0.2035113 0.2048751 0.2076177 0.1967378 0.2048636 0.2075622 0.2075652 0.2035169 0.2062060 0.1980942 0.1954272 0.2076124 0.2048460 0.2021265 0.2035062 0.2075296 0.2103047 0.2144962 0.1980992 0.3516006 0.3516533 0.3599410 0.3565446 0.3548910 0.3547970 0.3581964 0.3616013 0.3649146 0.3598656 0.3598424 0.3515543 0.3581692 0.3531006 0.3698117 0.3664664 0.3581559 0.3448779 0.3498584 0.3498270 
pop1_11    0.1138715 0.1187165 0.1138834 0.1138551 0.1150511 0.1187015 0.1247891 0.1211438 0.1162824 0.1187204 0.1114398 0.1198952 0.1114271 0.1114291 0.1162848 0.1162537 0.1090336 0.1126569 0.1223679 0.1114361 0.0360493 0.0371363 0.0338832 0.0274150 0.0284877 0.0295667 0.0284883 0.0274114 0.0284909 0.0263401 0.0031120 0.0000000 0.0104252 0.0135840 0.0209986 0.0382186 0.0382199 0.0404126 0.0317255 0.0371363 0.2007761 0.2021339 0.2034951 0.2062323 0.1953735 0.2034837 0.2061773 0.2061802 0.2021395 0.2048236 0.1967272 0.1940651 0.2062271 0.2034663 0.2007521 0.2021290 0.2061449 0.2089144 0.2130974 0.1967322 0.3499078 0.3499602 0.3582284 0.3548403 0.3531906 0.3530971 0.3564884 0.3598849 0.3631904 0.3581535 0.3581305 0.3498619 0.3564612 0.3514050 0.3680763 0.3647390 0.3564480 0.3432015 0.3481701 0.3481388 
pop1_12    0.1162645 0.1211241 0.1162767 0.1162477 0.1174470 0.1211088 0.1272147 0.1235588 0.1186825 0.1211282 0.1138250 0.1223058 0.1138120 0.1138141 0.1186850 0.1186531 0.1114114 0.1150461 0.1247867 0.1138212 0.0382193 0.0393081 0.0360467 0.0295605 0.0306365 0.0317186 0.0306381 0.0295572 0.0306400 0.0284832 0.0114767 0.0104252 0.0000000 0.0156933 0.0231273 0.0403933 0.0403947 0.0425948 0.0338834 0.0393092 0.2034446 0.2048070 0.2061728 0.2089193 0.1980240 0.2061612 0.2088634 0.2088665 0.2048127 0.2075053 0.1993824 0.1967118 0.2089140 0.2061434 0.2034201 0.2048019 0.2088305 0.2116097 0.2158075 0.1993874 0.3531175 0.3531706 0.3614713 0.3580692 0.3564130 0.3563185 0.3597236 0.3631342 0.3664526 0.3613954 0.3613721 0.3530708 0.3596963 0.3546191 0.3713570 0.3680062 0.3596828 0.3463835 0.3513722 0.3513405 
pop1_13    0.1175109 0.1223801 0.1175232 0.1174939 0.1186955 0.1223647 0.1284827 0.1248196 0.1199336 0.1223844 0.1150664 0.1235638 0.1150532 0.1150554 0.1199362 0.1199039 0.1126480 0.1162900 0.1260500 0.1150625 0.0393204 0.0404111 0.0371441 0.0306473 0.0317245 0.0328086 0.0317253 0.0306434 0.0317282 0.0295675 0.0146403 0.0135840 0.0156933 0.0000000 0.0242026 0.0414980 0.0414999 0.0437029 0.0349772 0.0404122 0.2048739 0.2062394 0.2076082 0.2103609 0.1994412 0.2075965 0.2103046 0.2103077 0.2062450 0.2089435 0.2008026 0.1981264 0.2103556 0.2075786 0.2048491 0.2062341 0.2102714 0.2130571 0.2172648 0.2008077 0.3549196 0.3549729 0.3632968 0.3598848 0.3582241 0.3581291 0.3615438 0.3649642 0.3682918 0.3632203 0.3631968 0.3548725 0.3615165 0.3564247 0.3732096 0.3698494 0.3615027 0.3481664 0.3531691 0.3531372 
pop1_14    0.1187292 0.1236066 0.1187416 0.1187120 0.1199154 0.1235910 0.1297192 0.1260501 0.1211559 0.1236109 0.1162804 0.1247919 0.1162670 0.1162692 0.1211584 0.1211259 0.1138579 0.1175061 0.1272827 0.1162764 0.0404141 0.0415064 0.0382346 0.0317282 0.0328070 0.0338928 0.0328078 0.0317241 0.0328107 0.0306467 0.0220658 0.0209986 0.0231273 0.0242026 0.0000000 0.0425948 0.0425962 0.0448033 0.0360647 0.0415076 0.2062474 0.2076154 0.2089868 0.2117448 0.2008044 0.2089750 0.2116880 0.2116912 0.2076211 0.2103245 0.2021685 0.1994874 0.2117394 0.2089569 0.2062223 0.2076100 0.2116546 0.2144457 0.2186618 0.2021736 0.3566030 0.3566567 0.3649994 0.3615794 0.3599150 0.3598194 0.3632420 0.3666705 0.3700056 0.3649223 0.3648988 0.3565555 0.3632147 0.3581108 0.3749343 0.3715662 0.3632007 0.3498339 0.3548482 0.3548160 
pop1_15    0.1186920 0.1235676 0.1187045 0.1186748 0.1198778 0.1235520 0.1296780 0.1260102 0.1211178 0.1235719 0.1162441 0.1247525 0.1162307 0.1162329 0.1211204 0.1210878 0.1138225 0.1174694 0.1272423 0.1162401 0.0469866 0.0480880 0.0447894 0.0382280 0.0393149 0.0404110 0.0393164 0.0382230 0.0393200 0.0371363 0.0393117 0.0382186 0.0403933 0.0414980 0.0425948 0.0000000 0.0125229 0.0209932 0.0274137 0.0327945 0.2034540 0.2048164 0.2061822 0.2089288 0.1980331 0.2061706 0.2088730 0.2088760 0.2048221 0.2075148 0.1993916 0.1967209 0.2089235 0.2061529 0.2034294 0.2048113 0.2088400 0.2116193 0.2158173 0.1993966 0.3531599 0.3532129 0.3615146 0.3581121 0.3564558 0.3563613 0.3580939 0.3631776 0.3664964 0.3614387 0.3614153 0.3531132 0.3597394 0.3546617 0.3714013 0.3680502 0.3597259 0.3464252 0.3514144 0.3513827 
pop1_16    0.1186959 0.1235716 0.1187083 0.1186787 0.1198818 0.1235560 0.1296822 0.1260143 0.1211218 0.1235760 0.1162479 0.1247566 0.1162345 0.1162367 0.1211243 0.1210918 0.1138262 0.1174733 0.1272465 0.1162439 0.0469882 0.0480896 0.0447905 0.0382293 0.0393168 0.0404124 0.0393177 0.0382248 0.0393214 0.0371383 0.0393130 0.0382199 0.0403947 0.0414999 0.0425962 0.0125229 0.0000000 0.0209939 0.0274146 0.0327956 0.2061805 0.2075479 0.2089188 0.2116756 0.2007399 0.2089069 0.2116188 0.2116220 0.2075536 0.2102558 0.2021034 0.1994235 0.2116701 0.2088888 0.2061554 0.2075426 0.2115853 0.2143752 0.2185895 0.2021085 0.3531687 0.3532217 0.3615234 0.3581209 0.3564646 0.3563701 0.3581027 0.3631865 0.3665053 0.3614475 0.3614242 0.3531220 0.3597483 0.3546705 0.3714102 0.3680591 0.3597347 0.3464339 0.3514232 0.3513915 
pop1_17    0.1211621 0.1260554 0.1211748 0.1211445 0.1223516 0.1260395 0.1321876 0.1285069 0.1235966 0.1260599 0.1187049 0.1272440 0.1186912 0.1186934 0.1235992 0.1235659 0.1162744 0.1199349 0.1297436 0.1187008 0.0492093 0.0503142 0.0470046 0.0404225 0.0415133 0.0426127 0.0415144 0.0404173 0.0415182 0.0393279 0.0415094 0.0404126 0.0425948 0.0437029 0.0448033 0.0209932 0.0209939 0.0000000 0.0295736 0.0349711 0.2089798 0.2103527 0.2117292 0.2144973 0.2035173 0.2117171 0.2144397 0.2144429 0.2103585 0.2130713 0.2048864 0.2021961 0.2144918 0.2116987 0.2089542 0.2103472 0.2144056 0.2172073 0.2214395 0.2048915 0.3566234 0.3566770 0.3650196 0.3615996 0.3599352 0.3598397 0.3615811 0.3666907 0.3700257 0.3649425 0.3649189 0.3565758 0.3632349 0.3581311 0.3749542 0.3715863 0.3632209 0.3498544 0.3548686 0.3548364 
pop1_18    0.1114984 0.1163291 0.1115100 0.1114824 0.1126751 0.1163145 0.1223842 0.1187494 0.1139024 0.1163329 0.1090743 0.1175051 0.1090618 0.1090638 0.1139047 0.1138743 0.1066752 0.1102875 0.1199698 0.1090706 0.0404206 0.0415131 0.0382408 0.0317333 0.0328123 0.0338982 0.0328130 0.0317292 0.0328160 0.0306516 0.0328091 0.0317255 0.0338834 0.0349772 0.0360647 0.0274137 0.0274146 0.0295736 0.0000000 0.0178130 0.1981319 0.1994853 0.2008418 0.2035697 0.1927473 0.2008306 0.2035156 0.2035185 0.1994908 0.2021663 0.1940964 0.1914427 0.2035646 0.2008136 0.1981084 0.1994805 0.2034838 0.2062436 0.2104117 0.1941014 0.3434626 0.3435137 0.3517130 0.3483545 0.3467184 0.3466271 0.3499892 0.3533559 0.3566341 0.3516403 0.3516177 0.3434183 0.3499621 0.3449502 0.3614808 0.3581719 0.3499498 0.3368145 0.3417408 0.3417105 
pop1_19    0.1175009 0.1223694 0.1175132 0.1174839 0.1186853 0.1223539 0.1284710 0.1248085 0.1199233 0.1223736 0.1150567 0.1235529 0.1150435 0.1150457 0.1199258 0.1198936 0.1126387 0.1162802 0.1260387 0.1150528 0.0458938 0.0469938 0.0436989 0.0371462 0.0382324 0.0393265 0.0382333 0.0371414 0.0382368 0.0360567 0.0382287 0.0371363 0.0393092 0.0404122 0.0415076 0.0327945 0.0327956 0.0349711 0.0178130 0.0000000 0.2048467 0.2062118 0.2075803 0.2103324 0.1994154 0.2075686 0.2102760 0.2102791 0.2062175 0.2089153 0.2007765 0.1981009 0.2103270 0.2075507 0.2048219 0.2062066 0.2102428 0.2130278 0.2172344 0.2007816 0.3515559 0.3516086 0.3598927 0.3564978 0.3548449 0.3547510 0.3581489 0.3615523 0.3648641 0.3598173 0.3597941 0.3515096 0.3581217 0.3530552 0.3697590 0.3664151 0.3581084 0.3448360 0.3498145 0.3497830 
pop2_0     0.2101935 0.2157073 0.2102193 0.2101601 0.2115105 0.2156783 0.2226047 0.2184682 0.2129310 0.2157213 0.2074090 0.2170219 0.2073823 0.2073871 0.2129375 0.2128755 0.2046665 0.2088057 0.2198678 0.2074015 0.2117008 0.2130671 0.2089751 0.2008219 0.2021607 0.2035426 0.2021698 0.2007928 0.2021963 0.1994579 0.2021508 0.2007761 0.2034446 0.2048739 0.2062474 0.2034540 0.2061805 0.2089798 0.1981319 0.2048467 0.0000000 0.0010359 0.0020733 0.0083303 0.0062390 0.0146392 0.0167520 0.0167520 0.0178151 0.0199358 0.0135846 0.0114799 0.0210038 0.0252686 0.0231301 0.0242006 0.0274077 0.0295628 0.0328090 0.0199358 0.3175842 0.3176306 0.3255505 0.3223115 0.3207307 0.3206473 0.3238916 0.3271383 0.3303056 0.3254859 0.3254652 0.3175458 0.3238651 0.3190318 0.3349923 0.3317983 0.3238558 0.3111715 0.3159266 0.3158998 
pop2_1     0.2115676 0.2170917 0.2115937 0.2115340 0.2128868 0.2170625 0.2240016 0.2198576 0.2143101 0.2171059 0.2087778 0.2184084 0.2087509 0.2087557 0.2143167 0.2142542 0.2060301 0.2101772 0.2212599 0.2087702 0.2130787 0.2144474 0.2103480 0.2021800 0.2035212 0.2049057 0.2035303 0.2021507 0.2035571 0.2008135 0.2035113 0.2021339 0.2048070 0.2062394 0.2076154 0.2048164 0.2075479 0.2103527 0.1994853 0.2062118 0.0010359 0.0000000 0.0031132 0.0093783 0.0072841 0.0156962 0.0178118 0.0178118 0.0188766 0.0210003 0.0146400 0.0125325 0.0220699 0.0263405 0.0241990 0.0252712 0.0284826 0.0306409 0.0338922 0.0210003 0.3191698 0.3192164 0.3271530 0.3239069 0.3223228 0.3222389 0.3254902 0.3287441 0.3319179 0.3270879 0.3270670 0.3191310 0.3254637 0.3206198 0.3366141 0.3334132 0.3254542 0.3127431 0.3175084 0.3174814 
pop2_2     0.2129453 0.2184798 0.2129716 0.2129115 0.2142666 0.2184503 0.2254025 0.2212509 0.2156929 0.2184941 0.2101500 0.2197986 0.2101229 0.2101278 0.2156996 0.2156366 0.2073972 0.2115522 0.2226559 0.2101424 0.2144601 0.2158313 0.2117244 0.2035414 0.2048849 0.2062722 0.2048942 0.2035119 0.2049212 0.2021724 0.2048751 0.2034951 0.2061728 0.2076082 0.2089868 0.2061822 0.2089188 0.2117292 0.2008418 0.2075803 0.0020733 0.0031132 0.0000000 0.0104277 0.0083305 0.0167545 0.0188730 0.0188730 0.0199395 0.0220660 0.0156969 0.0135865 0.0231374 0.0274138 0.0252692 0.0263430 0.0295588 0.0317204 0.0349766 0.0220660 0.3207641 0.3208110 0.3287647 0.3255113 0.3239238 0.3238394 0.3270980 0.3303592 0.3335398 0.3286991 0.3286781 0.3207250 0.3270714 0.3222165 0.3382458 0.3350379 0.3270617 0.3143230 0.3190988 0.3190716 
pop2_3     0.2157161 0.2212714 0.2157428 0.2156817 0.2170416 0.2212415 0.2282200 0.2240530 0.2184739 0.2212862 0.2129097 0.2225945 0.2128822 0.2128872 0.2184807 0.2184167 0.2101463 0.2143176 0.2254636 0.2129020 0.2172383 0.2186145 0.2144926 0.2062792 0.2076275 0.2090202 0.2076370 0.2062492 0.2076645 0.2049050 0.2076177 0.2062323 0.2089193 0.2103609 0.2117448 0.2089288 0.2116756 0.2144973 0.2035697 0.2103324 0.0083303 0.0093783 0.0104277 0.0000000 0.0104283 0.0188765 0.0210009 0.0210009 0.0220710 0.0242033 0.0178159 0.0156998 0.0252782 0.0295665 0.0274156 0.0284927 0.0317172 0.0338857 0.0371521 0.0242033 0.3239702 0.3240177 0.3320056 0.3287375 0.3271433 0.3270579 0.3303309 0.3336068 0.3368010 0.3319390 0.3319178 0.3239303 0.3303042 0.3254275 0.3415266 0.3383047 0.3302942 0.3175002 0.3222970 0.3222693 
pop2_4     0.2047260 0.2101993 0.2047509 0.2046937 0.2060347 0.2101711 0.2170465 0.2129399 0.2074437 0.2102125 0.2019629 0.2115056 0.2019371 0.2019417 0.2074499 0.2073898 0.1992408 0.2033486 0.2143288 0.2019556 0.2062188 0.2075753 0.2035125 0.1954182 0.1967478 0.1981191 0.1967564 0.1953900 0.1967820 0.1940642 0.1967378 0.1953735 0.1980240 0.1994412 0.2008044 0.1980331 0.2007399 0.2035173 0.1927473 0.1994154 0.0062390 0.0072841 0.0083305 0.0104283 0.0000000 0.0104273 0.0125287 0.0125287 0.0135850 0.0156944 0.0093784 0.0072850 0.0167556 0.0209974 0.0188711 0.0199352 0.0231252 0.0252673 0.0284938 0.0156944 0.3112721 0.3113173 0.3191707 0.3159601 0.3143925 0.3143110 0.3175273 0.3207454 0.3238863 0.3191080 0.3190877 0.3112350 0.3175009 0.3127101 0.3285349 0.3253682 0.3174923 0.3049154 0.3096298 0.3096038 
pop2_5     0.2129332 0.2184671 0.2129595 0.2128993 0.2142543 0.2184377 0.2253893 0.2212380 0.2156805 0.2184815 0.2101381 0.2197859 0.2101110 0.2101159 0.2156872 0.2156242 0.2073855 0.2115402 0.2226430 0.2101305 0.2144478 0.2158189 0.2117124 0.2035300 0.2048734 0.2062606 0.2048827 0.2035005 0.2049097 0.2021611 0.2048636 0.2034837 0.2061612 0.2075965 0.2089750 0.2061706 0.2089069 0.2117171 0.2008306 0.2075686 0.0146392 0.0156962 0.0167545 0.0188765 0.0104273 0.0000000 0.0146359 0.0167523 0.0199388 0.0220652 0.0156963 0.0135860 0.0231365 0.0274128 0.0252682 0.0263420 0.0295577 0.0317192 0.0349753 0.0220652 0.3207413 0.3207883 0.3287410 0.3254879 0.3239006 0.3238163 0.3270745 0.3303353 0.3335155 0.3286754 0.3286544 0.3207022 0.3270479 0.3221936 0.3382209 0.3350134 0.3270382 0.3143010 0.3190762 0.3190490 
pop2_6     0.2156580 0.2212115 0.2156847 0.2156236 0.2169831 0.2211816 0.2281577 0.2239922 0.2184149 0.2212263 0.2128525 0.2225342 0.2128250 0.2128300 0.2184217 0.2183577 0.2100895 0.2142599 0.2254023 0.2128448 0.2171798 0.2185555 0.2144349 0.2062242 0.2075720 0.2089643 0.2075815 0.2061942 0.2076090 0.2048505 0.2075622 0.2061773 0.2088634 0.2103046 0.2116880 0.2088730 0.2116188 0.2144397 0.2035156 0.2102760 0.0167520 0.0178118 0.0188730 0.0210009 0.0125287 0.0146359 0.0000000 0.0188706 0.0220660 0.0241979 0.0178119 0.0156962 0.0252725 0.0295605 0.0274099 0.0284863 0.0317101 0.0338779 0.0371436 0.0241978 0.3238734 0.3239209 0.3302932 0.3286388 0.3270452 0.3269592 0.3302316 0.3335062 0.3366992 0.3318391 0.3318179 0.3238336 0.3302049 0.3253301 0.3414227 0.3382021 0.3301949 0.3174059 0.3222008 0.3221732 
pop2_7     0.2156613 0.2212150 0.2156880 0.2156268 0.2169864 0.2211851 0.2281615 0.2239957 0.2184183 0.2212297 0.2128557 0.2225377 0.2128281 0.2128331 0.2184251 0.2183611 0.2100931 0.2142632 0.2254059 0.2128480 0.2171831 0.2185589 0.2144382 0.2062271 0.2075750 0.2089674 0.2075845 0.2061972 0.2076120 0.2048534 0.2075652 0.2061802 0.2088665 0.2103077 0.2116912 0.2088760 0.2116220 0.2144429 0.2035185 0.2102791 0.0167520 0.0178118 0.0188730 0.0210009 0.0125287 0.0167523 0.0188706 0.0000000 0.0220660 0.0241979 0.0178119 0.0156962 0.0252725 0.0295605 0.0274099 0.0284863 0.0317102 0.0338780 0.0371436 0.0241978 0.3238820 0.3239295 0.3319148 0.3286478 0.3270541 0.3269687 0.3302406 0.3335155 0.3367086 0.3318482 0.3318270 0.3238422 0.3302140 0.3253388 0.3414325 0.3382117 0.3302039 0.3174151 0.3222093 0.3221817 
pop2_8     0.2129734 0.2185085 0.2129996 0.2129395 0.2142948 0.2184791 0.2254321 0.2212800 0.2157213 0.2185229 0.2101777 0.2198275 0.2101506 0.2101555 0.2157280 0.2156650 0.2074245 0.2115801 0.2226852 0.2101701 0.2130845 0.2144532 0.2103537 0.2021856 0.2035268 0.2049114 0.2035360 0.2021563 0.2035627 0.2008191 0.2035169 0.2021395 0.2048127 0.2062450 0.2076211 0.2048221 0.2075536 0.2103585 0.1994908 0.2062175 0.0178151 0.0188766 0.0199395 0.0220710 0.0135850 0.0199388 0.0220660 0.0220660 0.0000000 0.0104261 0.0083313 0.0125330 0.0220707 0.0263414 0.0241998 0.0252720 0.0284844 0.0306420 0.0338933 0.0210010 0.3191769 0.3192235 0.3271601 0.3239139 0.3223298 0.3222460 0.3254973 0.3287512 0.3319250 0.3270950 0.3270741 0.3191381 0.3254708 0.3206268 0.3366212 0.3334203 0.3254612 0.3127501 0.3175154 0.3174884 
