80
pop0_0     0.0000000 0.0213223 0.0218353 0.0197780 0.0259723 0.0249345 0.0337787 0.0348304 0.0385095 0.0327333 0.0311670 0.0400869 0.0443229 0.0385059 0.0448553 0.0379794 0.0432615 0.0416774 0.0358797 0.0322099 0.0914389 0.0925643 0.0891726 0.0971110 0.0931365 0.0948442 0.0925672 0.0908721 0.0874942 0.0846709 0.0874918 0.0897355 0.0903096 0.0869309 0.0835648 0.0824439 0.0931348 0.0869249 0.0908787 0.0908733 0.1398944 0.1374830 0.1399088 0.1447243 0.1423097 0.1417139 0.1411133 0.1429359 0.1405097 0.1411230 0.1356952 0.1417142 0.1356810 0.1423163 0.1429164 0.1495965 0.1465570 0.1386914 0.1404948 0.1422947 0.1417240 0.1417209 0.1453685 0.1465873 0.1380999 0.1435404 0.1399252 0.1399138 0.1417177 0.1393124 0.1387084 0.1429326 0.1374996 0.1357035 0.1399126 0.1375018 0.1399101 0.1459647 0.1471724 0.1405141 
pop0_1     0.0213223 0.0000000 0.0239003 0.0218363 0.0280483 0.0270070 0.0358761 0.0369305 0.0406214 0.0348277 0.0332571 0.0422020 0.0464501 0.0406166 0.0469841 0.0400886 0.0453857 0.0437978 0.0379828 0.0343029 0.0937055 0.0948334 0.0914314 0.0993941 0.0954075 0.0971205 0.0948364 0.0931362 0.0897483 0.0869161 0.0897463 0.0919961 0.0925722 0.0891823 0.0858078 0.0846827 0.0954058 0.0891770 0.0931430 0.0931375 0.1423118 0.1398926 0.1423265 0.1471572 0.1447349 0.1441374 0.1435349 0.1453635 0.1429293 0.1435448 0.1380993 0.1429254 0.1380848 0.1447416 0.1453436 0.1520453 0.1489960 0.1411050 0.1429141 0.1459328 0.1441477 0.1441445 0.1478041 0.1490269 0.1405117 0.1459699 0.1423432 0.1423316 0.1441412 0.1417284 0.1411223 0.1453601 0.1399095 0.1381078 0.1423304 0.1399118 0.1423279 0.1484021 0.1490051 0.1429338 
pop0_2     0.0218353 0.0239003 0.0000000 0.0131262 0.0244187 0.0233838 0.0322090 0.0332592 0.0369305 0.0311657 0.0296027 0.0385037 0.0427306 0.0369261 0.0432618 0.0364007 0.0416716 0.0400918 0.0343046 0.0306435 0.0886145 0.0897358 0.0863570 0.0942652 0.0914356 0.0931386 0.0908676 0.0891764 0.0858062 0.0829896 0.0858038 0.0880426 0.0886151 0.0852433 0.0818858 0.0807675 0.0914339 0.0852383 0.0891823 0.0891776 0.1380826 0.1356771 0.1380968 0.1429008 0.1404920 0.1398976 0.1392981 0.1411164 0.1386957 0.1393079 0.1338937 0.1398978 0.1338796 0.1404985 0.1410972 0.1477609 0.1447288 0.1368825 0.1386815 0.1416835 0.1399075 0.1399045 0.1435429 0.1447587 0.1362923 0.1417194 0.1381129 0.1381017 0.1399010 0.1375018 0.1368993 0.1411131 0.1356934 0.1339017 0.1381005 0.1356957 0.1380981 0.1441378 0.1453426 0.1387006 
pop0_3     0.0197780 0.0218363 0.0131262 0.0000000 0.0223542 0.0213212 0.0301236 0.0311693 0.0348318 0.0290832 0.0275244 0.0364011 0.0406163 0.0348278 0.0411460 0.0343038 0.0395602 0.0379839 0.0322135 0.0285624 0.0874932 0.0886128 0.0852389 0.0931356 0.0891823 0.0908803 0.0886156 0.0869292 0.0835688 0.0807609 0.0835664 0.0857990 0.0863691 0.0830072 0.0796602 0.0785450 0.0891801 0.0830028 0.0869356 0.0869309 0.1356869 0.1332890 0.1357008 0.1404900 0.1380886 0.1374960 0.1368987 0.1387108 0.1362984 0.1369080 0.1315108 0.1374963 0.1314971 0.1380951 0.1386920 0.1453348 0.1423122 0.1344905 0.1362839 0.1392768 0.1375058 0.1375028 0.1411296 0.1423415 0.1339020 0.1393120 0.1357166 0.1357056 0.1374997 0.1351076 0.1345070 0.1387076 0.1333050 0.1315187 0.1357045 0.1333072 0.1357020 0.1417227 0.1429239 0.1363027 
pop0_4     0.0259723 0.0280483 0.0244187 0.0223542 0.0000000 0.0172148 0.0332592 0.0343103 0.0379879 0.0322135 0.0306488 0.0390365 0.0432664 0.0379828 0.0443290 0.0374565 0.0427363 0.0411535 0.0353580 0.0316913 0.0897548 0.0908779 0.0874932 0.0954149 0.0914489 0.0931528 0.0908808 0.0891893 0.0858185 0.0830015 0.0858162 0.0880558 0.0886279 0.0852556 0.0818975 0.0807791 0.0914471 0.0852506 0.0891958 0.0891905 0.1375003 0.1350964 0.1375144 0.1423154 0.1399081 0.1393141 0.1387153 0.1405321 0.1381135 0.1387248 0.1333139 0.1393144 0.1333000 0.1399146 0.1405130 0.1471725 0.1441423 0.1363010 0.1380989 0.1410990 0.1405306 0.1405275 0.1441695 0.1453865 0.1369119 0.1423442 0.1387343 0.1387230 0.1405243 0.1381226 0.1375194 0.1417373 0.1363124 0.1345190 0.1387218 0.1363146 0.1387194 0.1447649 0.1459709 0.1393225 
pop0_5     0.0249345 0.0270070 0.0233838 0.0213212 0.0172148 0.0000000 0.0322110 0.0332605 0.0369327 0.0311676 0.0296045 0.0385061 0.0427333 0.0369283 0.0432645 0.0364029 0.0411458 0.0400936 0.0337826 0.0306454 0.0886204 0.0897417 0.0863627 0.0942715 0.0903117 0.0920128 0.0897446 0.0880558 0.0846902 0.0818779 0.0846879 0.0869236 0.0874952 0.0841282 0.0807754 0.0796587 0.0897463 0.0835646 0.0880621 0.0869322 0.1380924 0.1356867 0.1381066 0.1429110 0.1405020 0.1399075 0.1393083 0.1411264 0.1387061 0.1393178 0.1339030 0.1399078 0.1338890 0.1405085 0.1411082 0.1477716 0.1447392 0.1368913 0.1386914 0.1416936 0.1399175 0.1399144 0.1435532 0.1447691 0.1363020 0.1417295 0.1381227 0.1381115 0.1399112 0.1375116 0.1369090 0.1411232 0.1357030 0.1339112 0.1381103 0.1357052 0.1381079 0.1441481 0.1453531 0.1387105 
pop0_6     0.0337787 0.0358761 0.0322090 0.0301236 0.0332592 0.0322110 0.0000000 0.0172130 0.0249325 0.0285609 0.0280411 0.0432573 0.0475109 0.0416698 0.0480456 0.0411411 0.0475117 0.0459197 0.0400883 0.0363985 0.0959688 0.0971006 0.0936886 0.1016749 0.0976766 0.0993948 0.0971037 0.0953985 0.0920008 0.0891598 0.0919982 0.0942549 0.0948328 0.0914332 0.0880479 0.0869202 0.0976748 0.0914277 0.0942715 0.0953998 0.1447237 0.1422968 0.1447387 0.1495843 0.1471545 0.1465552 0.1459508 0.1477853 0.1453434 0.1459609 0.1404982 0.1465553 0.1404834 0.1459407 0.1477650 0.1544878 0.1514290 0.1435131 0.1453279 0.1483558 0.1465650 0.1465624 0.1502337 0.1514604 0.1429182 0.1483928 0.1447557 0.1447439 0.1465590 0.1441388 0.1435308 0.1477819 0.1423141 0.1405069 0.1447416 0.1423174 0.1447401 0.1508334 0.1520486 0.1453489 
pop0_7     0.0348304 0.0369305 0.0332592 0.0311693 0.0343103 0.0332605 0.0172130 0.0000000 0.0259711 0.0296057 0.0290853 0.0453872 0.0496537 0.0437951 0.0501900 0.0432648 0.0485846 0.0469903 0.0411499 0.0374543 0.0971195 0.0982532 0.0948354 0.1028346 0.0988301 0.1005513 0.0982562 0.0965483 0.0931449 0.0902992 0.0931424 0.0954026 0.0959816 0.0925764 0.0891855 0.0880558 0.0988283 0.0925708 0.0965554 0.0965496 0.1459578 0.1435266 0.1459729 0.1508269 0.1483928 0.1477926 0.1471872 0.1490250 0.1465787 0.1471974 0.1417249 0.1477928 0.1417100 0.1483997 0.1490045 0.1557393 0.1526750 0.1447451 0.1465631 0.1495962 0.1478032 0.1477999 0.1514778 0.1527067 0.1441492 0.1496344 0.1459901 0.1459782 0.1477965 0.1453720 0.1447629 0.1490215 0.1435441 0.1417337 0.1447633 0.1423367 0.1447608 0.1496282 0.1508416 0.1453687 
pop0_8     0.0385095 0.0406214 0.0369305 0.0348318 0.0379879 0.0369327 0.0249325 0.0259711 0.0000000 0.0332592 0.0327362 0.0491192 0.0534071 0.0475202 0.0539465 0.0469871 0.0523327 0.0507308 0.0448611 0.0411468 0.1011201 0.1022596 0.0988234 0.1068662 0.1028399 0.1045705 0.1022628 0.1005457 0.0971244 0.0942627 0.0971217 0.0993936 0.0999761 0.0965527 0.0931437 0.0920081 0.1028380 0.0965465 0.1005531 0.1005471 0.1502292 0.1477830 0.1502448 0.1551260 0.1526783 0.1520748 0.1514660 0.1533146 0.1508540 0.1514765 0.1459724 0.1520749 0.1459567 0.1526853 0.1532934 0.1600668 0.1569850 0.1490095 0.1508379 0.1538880 0.1520857 0.1520823 0.1557817 0.1570178 0.1484106 0.1539274 0.1502626 0.1502503 0.1520788 0.1496407 0.1490280 0.1533110 0.1478021 0.1459816 0.1496354 0.1478044 0.1502464 0.1563856 0.1576096 0.1508587 
pop0_9     0.0327333 0.0348277 0.0311657 0.0290832 0.0322135 0.0311676 0.0285609 0.0296057 0.0332592 0.0000000 0.0270035 0.0432594 0.0475133 0.0416718 0.0480480 0.0411431 0.0464474 0.0448575 0.0379805 0.0353495 0.0936986 0.0948272 0.0914254 0.0993876 0.0954013 0.0971142 0.0948302 0.0931301 0.0897424 0.0869103 0.0897399 0.0919900 0.0925660 0.0891765 0.0858013 0.0846771 0.0953995 0.0891712 0.0931369 0.0931314 0.1429089 0.1404879 0.1429227 0.1483697 0.1459436 0.1453452 0.1447416 0.1465733 0.1441348 0.1447517 0.1392981 0.1453454 0.1392829 0.1459503 0.1465532 0.1532656 0.1502115 0.1423079 0.1441199 0.1471432 0.1453556 0.1453524 0.1490178 0.1502426 0.1417138 0.1471807 0.1435483 0.1435366 0.1453489 0.1429324 0.1423254 0.1465699 0.1411106 0.1393062 0.1435353 0.1411129 0.1435329 0.1496167 0.1508301 0.1441398 
pop0_10    0.0311670 0.0332571 0.0296027 0.0275244 0.0306488 0.0296045 0.0280411 0.0290853 0.0327362 0.0270035 0.0000000 0.0416712 0.0459161 0.0400870 0.0464497 0.0395594 0.0448525 0.0432664 0.0374547 0.0337779 0.0931345 0.0942623 0.0908630 0.0988194 0.0948359 0.0965475 0.0942653 0.0925664 0.0891811 0.0863512 0.0891787 0.0914272 0.0920027 0.0886156 0.0852429 0.0841195 0.0948342 0.0886104 0.0925732 0.0925676 0.1404956 0.1380823 0.1405100 0.1453293 0.1429128 0.1435261 0.1429242 0.1447512 0.1423191 0.1429340 0.1374923 0.1435263 0.1374787 0.1441299 0.1447314 0.1514275 0.1483807 0.1404963 0.1423039 0.1453202 0.1435364 0.1435332 0.1471897 0.1484115 0.1399035 0.1453571 0.1417334 0.1417218 0.1435299 0.1411191 0.1405135 0.1447478 0.1393018 0.1375015 0.1417206 0.1393040 0.1417181 0.1477872 0.1489977 0.1423236 
pop0_11    0.0400869 0.0422020 0.0385037 0.0364011 0.0390365 0.0385061 0.0432573 0.0453872 0.0491192 0.0432594 0.0416712 0.0000000 0.0050218 0.0065349 0.0197767 0.0172117 0.0285619 0.0322135 0.0337826 0.0301244 0.0948381 0.0959684 0.0925613 0.1005360 0.0965434 0.0982591 0.0959714 0.0942687 0.0908754 0.0880391 0.0908732 0.0931267 0.0937037 0.0903090 0.0869285 0.0858025 0.0954042 0.0903035 0.0942756 0.0942699 0.1435207 0.1410976 0.1435355 0.1483739 0.1459478 0.1453489 0.1447459 0.1465775 0.1441393 0.1447559 0.1393016 0.1453489 0.1392869 0.1447359 0.1465574 0.1532699 0.1496025 0.1423119 0.1441240 0.1471474 0.1441454 0.1441423 0.1478018 0.1490246 0.1405095 0.1459676 0.1423410 0.1423293 0.1441390 0.1417261 0.1399130 0.1453578 0.1399073 0.1381056 0.1429354 0.1405149 0.1423260 0.1490121 0.1502250 0.1435394 
pop0_12    0.0443229 0.0464501 0.0427306 0.0406163 0.0432664 0.0427333 0.0475109 0.0496537 0.0534071 0.0475133 0.0459161 0.0050218 0.0000000 0.0105849 0.0238991 0.0213199 0.0327329 0.0364050 0.0379841 0.0343044 0.0993982 0.1005342 0.0971062 0.1051300 0.1011131 0.1028396 0.1005374 0.0988244 0.0954109 0.0925562 0.0954088 0.0976751 0.0982562 0.0948406 0.0914405 0.0903067 0.0999668 0.0948349 0.0988316 0.0988257 0.1483875 0.1459485 0.1484030 0.1532722 0.1508305 0.1490030 0.1496211 0.1514650 0.1490107 0.1496315 0.1441413 0.1490095 0.1441261 0.1496107 0.1514441 0.1582005 0.1545091 0.1471709 0.1489948 0.1520374 0.1490169 0.1490136 0.1526975 0.1539284 0.1453571 0.1508511 0.1472011 0.1471891 0.1490102 0.1465820 0.1447569 0.1502372 0.1447511 0.1429379 0.1477991 0.1453627 0.1471856 0.1539155 0.1551356 0.1484070 
pop0_13    0.0385059 0.0406166 0.0369261 0.0348278 0.0379828 0.0369283 0.0416698 0.0437951 0.0475202 0.0416718 0.0400870 0.0065349 0.0105849 0.0000000 0.0182380 0.0156783 0.0270046 0.0306478 0.0322150 0.0285639 0.0931386 0.0942669 0.0908674 0.0988242 0.0948406 0.0965522 0.0942698 0.0925709 0.0891854 0.0863554 0.0891823 0.0914316 0.0920061 0.0886199 0.0852468 0.0841235 0.0937039 0.0886146 0.0925777 0.0925722 0.1417093 0.1392920 0.1417240 0.1465510 0.1441306 0.1435335 0.1429315 0.1447586 0.1423263 0.1429413 0.1375001 0.1435337 0.1374857 0.1429216 0.1447388 0.1514353 0.1477766 0.1405043 0.1423112 0.1453276 0.1429397 0.1429366 0.1465903 0.1478112 0.1393095 0.1447591 0.1411380 0.1411264 0.1429333 0.1405241 0.1399191 0.1441502 0.1387082 0.1369093 0.1411252 0.1387105 0.1405172 0.1471874 0.1483971 0.1417278 
pop0_14    0.0448553 0.0469841 0.0432618 0.0411460 0.0443290 0.0432645 0.0480456 0.0501900 0.0539465 0.0480480 0.0464497 0.0197767 0.0238991 0.0182380 0.0000000 0.0218363 0.0332569 0.0369322 0.0385119 0.0348304 0.0999716 0.1011094 0.0976786 0.1051323 0.1016887 0.1034165 0.1011125 0.0993982 0.0959821 0.0931250 0.0959794 0.0982479 0.0976858 0.0954114 0.0920077 0.0908738 0.1005419 0.0954055 0.0994055 0.0993995 0.1490012 0.1465602 0.1490167 0.1538900 0.1514462 0.1508437 0.1502359 0.1520813 0.1496249 0.1502463 0.1447515 0.1508438 0.1447362 0.1502250 0.1520604 0.1588224 0.1551279 0.1477830 0.1496090 0.1526541 0.1502446 0.1502413 0.1539314 0.1551644 0.1465787 0.1520818 0.1484259 0.1484137 0.1502378 0.1478056 0.1471945 0.1514669 0.1459717 0.1441556 0.1484124 0.1459740 0.1477984 0.1545339 0.1557550 0.1490207 
pop0_15    0.0379794 0.0400886 0.0364007 0.0343038 0.0374565 0.0364029 0.0411411 0.0432648 0.0469871 0.0411431 0.0395594 0.0172117 0.0213199 0.0156783 0.0218363 0.0000000 0.0264861 0.0301266 0.0316928 0.0280442 0.0925722 0.0936997 0.0903028 0.0982536 0.0937055 0.0959833 0.0937027 0.0920050 0.0886220 0.0857942 0.0886189 0.0908666 0.0914417 0.0880570 0.0846863 0.0835640 0.0931372 0.0880518 0.0920118 0.0920061 0.1398982 0.1374867 0.1399126 0.1447283 0.1423135 0.1417178 0.1411172 0.1429398 0.1405135 0.1411268 0.1356989 0.1417180 0.1356847 0.1411082 0.1429203 0.1496006 0.1459508 0.1386957 0.1404986 0.1435079 0.1411253 0.1411222 0.1447669 0.1459848 0.1375039 0.1429403 0.1393277 0.1393164 0.1411190 0.1387155 0.1381120 0.1423329 0.1369040 0.1351094 0.1381135 0.1357083 0.1375079 0.1441514 0.1453564 0.1387136 
pop0_16    0.0432615 0.0453857 0.0416716 0.0395602 0.0427363 0.0411458 0.0475117 0.0485846 0.0523327 0.0464474 0.0448525 0.0285619 0.0327329 0.0270046 0.0332569 0.0264861 0.0000000 0.0353549 0.0369316 0.0332571 0.0971141 0.0982477 0.0948302 0.1028293 0.0988247 0.1005457 0.0982508 0.0965429 0.0931398 0.0902942 0.0931372 0.0953974 0.0954088 0.0925722 0.0891806 0.0880511 0.0976819 0.0925657 0.0965500 0.0965442 0.1459496 0.1435186 0.1459648 0.1502088 0.1483846 0.1477843 0.1471790 0.1490167 0.1465705 0.1471892 0.1417170 0.1477845 0.1417021 0.1483914 0.1489962 0.1557305 0.1526664 0.1447370 0.1465549 0.1495879 0.1471875 0.1471843 0.1502465 0.1520869 0.1435367 0.1490172 0.1453760 0.1453641 0.1471809 0.1447584 0.1441499 0.1484048 0.1429321 0.1411232 0.1453628 0.1429344 0.1453603 0.1514592 0.1526750 0.1447535 
pop0_17    0.0416774 0.0437978 0.0400918 0.0379839 0.0411535 0.0400936 0.0459197 0.0469903 0.0507308 0.0448575 0.0432664 0.0322135 0.0364050 0.0306478 0.0369322 0.0301266 0.0353549 0.0000000 0.0353602 0.0316931 0.0959878 0.0971199 0.0937071 0.1016951 0.0976960 0.0994146 0.0971230 0.0954174 0.0920189 0.0891774 0.0920164 0.0942729 0.0948515 0.0914512 0.0880651 0.0869373 0.0976942 0.0914457 0.0954244 0.0954187 0.1453620 0.1429326 0.1453771 0.1502277 0.1477954 0.1471955 0.1465905 0.1484270 0.1459824 0.1466006 0.1411321 0.1471956 0.1411172 0.1478022 0.1484066 0.1551365 0.1520744 0.1441501 0.1459668 0.1477753 0.1465990 0.1465958 0.1502680 0.1514951 0.1429506 0.1484275 0.1447886 0.1447767 0.1465924 0.1429606 0.1435633 0.1478155 0.1423463 0.1405386 0.1435585 0.1423486 0.1447730 0.1508679 0.1520834 0.1453810 
pop0_18    0.0358797 0.0379828 0.0343046 0.0322135 0.0353580 0.0337826 0.0400883 0.0411499 0.0448611 0.0379805 0.0374547 0.0337826 0.0379841 0.0322150 0.0385119 0.0316928 0.0369316 0.0353602 0.0000000 0.0239003 0.0903177 0.0914416 0.0880547 0.0959820 0.0920130 0.0937182 0.0914445 0.0897517 0.0863785 0.0835594 0.0863762 0.0886169 0.0891900 0.0858152 0.0824546 0.0813353 0.0908788 0.0846863 0.0897583 0.0897529 0.1381032 0.1356973 0.1387176 0.1435261 0.1411150 0.1405201 0.1399204 0.1417402 0.1393176 0.1399299 0.1345103 0.1405203 0.1344963 0.1411216 0.1417208 0.1483910 0.1453560 0.1375021 0.1393028 0.1423077 0.1399284 0.1399254 0.1435644 0.1447805 0.1363126 0.1417406 0.1381335 0.1381223 0.1399222 0.1375223 0.1369197 0.1411342 0.1357136 0.1339216 0.1381211 0.1357158 0.1381187 0.1441594 0.1453645 0.1387213 
pop0_19    0.0322099 0.0343029 0.0306435 0.0285624 0.0316913 0.0306454 0.0363985 0.0374543 0.0411468 0.0353495 0.0337779 0.0301244 0.0343044 0.0285639 0.0348304 0.0280442 0.0332571 0.0316931 0.0239003 0.0000000 0.0863675 0.0874856 0.0841169 0.0920015 0.0880537 0.0897495 0.0874884 0.0858046 0.0824483 0.0796458 0.0824470 0.0846761 0.0852458 0.0818898 0.0785463 0.0774330 0.0874890 0.0818842 0.0858109 0.0858058 0.1344858 0.1320919 0.1344996 0.1392813 0.1368837 0.1362920 0.1356956 0.1375047 0.1350962 0.1357048 0.1303164 0.1362923 0.1303028 0.1368901 0.1374861 0.1441182 0.1411004 0.1332914 0.1350820 0.1380701 0.1357034 0.1357005 0.1393183 0.1405273 0.1321083 0.1363051 0.1339183 0.1339075 0.1356974 0.1333109 0.1327118 0.1369023 0.1315127 0.1297307 0.1339064 0.1315148 0.1339040 0.1399102 0.1411082 0.1345032 
pop1_0     0.0914389 0.0937055 0.0886145 0.0874932 0.0897548 0.0886204 0.0959688 0.0971195 0.1011201 0.0936986 0.0931345 0.0948381 0.0993982 0.0931386 0.0999716 0.0925722 0.0971141 0.0959878 0.0903177 0.0863675 0.0000000 0.0080511 0.0100774 0.0192660 0.0228699 0.0244210 0.0223534 0.0280479 0.0249378 0.0223507 0.0343113 0.0353572 0.0358857 0.0353607 0.0316960 0.0311733 0.0459259 0.0411508 0.0438037 0.0438012 0.1459726 0.1435411 0.1459877 0.1508423 0.1484080 0.1484221 0.1472022 0.1490402 0.1465936 0.1472123 0.1417392 0.1478078 0.1417243 0.1484148 0.1490197 0.1557553 0.1526906 0.1447597 0.1459705 0.1496115 0.1472068 0.1472035 0.1508788 0.1521069 0.1435554 0.1490367 0.1466115 0.1465995 0.1484194 0.1447773 0.1441687 0.1484243 0.1429507 0.1411416 0.1453817 0.1429530 0.1441665 0.1514791 0.1526956 0.1459878 
pop1_1     0.0925643 0.0948334 0.0897358 0.0886128 0.0908779 0.0897417 0.0971006 0.0982532 0.1022596 0.0948272 0.0942623 0.0959684 0.1005342 0.0942669 0.1011094 0.0936997 0.0982477 0.0971199 0.0914416 0.0874856 0.0080511 0.0000000 0.0110926 0.0202921 0.0239003 0.0254543 0.0233838 0.0290853 0.0259718 0.0233812 0.0353578 0.0364050 0.0369343 0.0364086 0.0327390 0.0322155 0.0469871 0.0422067 0.0448629 0.0448603 0.1471795 0.1447442 0.1471948 0.1520567 0.1496187 0.1496330 0.1484111 0.1502520 0.1478015 0.1484214 0.1429397 0.1490176 0.1429246 0.1496255 0.1502314 0.1569774 0.1539080 0.1459647 0.1471774 0.1508239 0.1490281 0.1490248 0.1527090 0.1539400 0.1453680 0.1508624 0.1484316 0.1484194 0.1502436 0.1465929 0.1459828 0.1502485 0.1447619 0.1429486 0.1471987 0.1447642 0.1459806 0.1533106 0.1545299 0.1478062 
pop1_2     0.0891726 0.0914314 0.0863570 0.0852389 0.0874932 0.0863627 0.0936886 0.0948354 0.0988234 0.0914254 0.0908630 0.0925613 0.0971062 0.0908674 0.0976786 0.0903028 0.0948302 0.0937071 0.0880547 0.0841169 0.0100774 0.0110926 0.0000000 0.0172130 0.0208065 0.0223533 0.0202921 0.0259700 0.0228687 0.0202893 0.0322154 0.0332592 0.0337852 0.0332617 0.0296076 0.0290864 0.0437968 0.0390353 0.0416803 0.0416774 0.1435303 0.1411070 0.1435452 0.1483839 0.1459567 0.1459715 0.1447556 0.1465873 0.1441490 0.1447656 0.1393109 0.1453592 0.1392962 0.1459643 0.1465672 0.1532803 0.1502250 0.1423215 0.1435285 0.1471573 0.1453695 0.1453663 0.1490321 0.1502570 0.1417273 0.1471948 0.1447755 0.1447637 0.1465791 0.1429461 0.1423390 0.1465839 0.1411241 0.1393195 0.1435490 0.1411264 0.1423368 0.1496310 0.1508445 0.1441535 
pop1_3     0.0971110 0.0993941 0.0942652 0.0931356 0.0954149 0.0942715 0.1016749 0.1028346 0.1068662 0.0993876 0.0988194 0.1005360 0.1051300 0.0988242 0.1051323 0.0982536 0.1028293 0.1016951 0.0959820 0.0920015 0.0192660 0.0202921 0.0172130 0.0000000 0.0280475 0.0296096 0.0275272 0.0332613 0.0301299 0.0275240 0.0395687 0.0395654 0.0411542 0.0406255 0.0369351 0.0364086 0.0512649 0.0464558 0.0491280 0.0491252 0.1520728 0.1496215 0.1520887 0.1569818 0.1539115 0.1545428 0.1533129 0.1551662 0.1526994 0.1533236 0.1478056 0.1539232 0.1477899 0.1545351 0.1551447 0.1606958 0.1588456 0.1508501 0.1520706 0.1557406 0.1527031 0.1526997 0.1564023 0.1576395 0.1496364 0.1551625 0.1527181 0.1527055 0.1545399 0.1508686 0.1502549 0.1551625 0.1496398 0.1478148 0.1520927 0.1496422 0.1508667 0.1582449 0.1594719 0.1527041 
pop1_4     0.0931365 0.0954075 0.0914356 0.0891823 0.0914489 0.0903117 0.0976766 0.0988301 0.1028399 0.0954013 0.0948359 0.0965434 0.1011131 0.0948406 0.1016887 0.0937055 0.0988247 0.0976960 0.0920130 0.0880537 0.0228699 0.0239003 0.0208065 0.0280475 0.0000000 0.0095703 0.0156783 0.0296082 0.0264918 0.0238990 0.0358848 0.0369327 0.0374625 0.0369364 0.0332640 0.0327401 0.0475238 0.0427385 0.0453972 0.0443308 0.1477985 0.1453610 0.1478138 0.1526800 0.1502398 0.1502542 0.1490312 0.1508738 0.1484211 0.1490415 0.1435549 0.1496382 0.1435398 0.1502467 0.1508530 0.1576050 0.1545329 0.1465826 0.1477963 0.1514460 0.1496488 0.1496455 0.1533330 0.1545651 0.1453797 0.1514847 0.1490518 0.1490395 0.1508653 0.1472114 0.1466008 0.1508702 0.1453788 0.1435639 0.1478178 0.1453811 0.1478153 0.1539351 0.1551554 0.1484257 
pop1_5     0.0948442 0.0971205 0.0931386 0.0908803 0.0931528 0.0920128 0.0993948 0.1005513 0.1045705 0.0971142 0.0965475 0.0982591 0.1028396 0.0965522 0.1034165 0.0959833 0.1005457 0.0994146 0.0937182 0.0897495 0.0244210 0.0254543 0.0223533 0.0296096 0.0095703 0.0000000 0.0172142 0.0311737 0.0280506 0.0254521 0.0374639 0.0385139 0.0390451 0.0385178 0.0348374 0.0343124 0.0491282 0.0443323 0.0469970 0.0459282 0.1496392 0.1471956 0.1496547 0.1545329 0.1520867 0.1521012 0.1508751 0.1527225 0.1502636 0.1508856 0.1453851 0.1514836 0.1453697 0.1520936 0.1527015 0.1594705 0.1563907 0.1484203 0.1496370 0.1532957 0.1514944 0.1514910 0.1551880 0.1564233 0.1472145 0.1533350 0.1508960 0.1508836 0.1527139 0.1490509 0.1484387 0.1527189 0.1472136 0.1453942 0.1496587 0.1472159 0.1496563 0.1551735 0.1570148 0.1502682 
pop1_6     0.0925672 0.0948364 0.0908676 0.0886156 0.0908808 0.0897446 0.0971037 0.0982562 0.1022628 0.0948302 0.0942653 0.0959714 0.1005374 0.0942698 0.1011125 0.0937027 0.0982508 0.0971230 0.0914445 0.0874884 0.0223534 0.0233838 0.0202921 0.0275272 0.0156783 0.0172142 0.0000000 0.0290869 0.0259726 0.0233819 0.0353589 0.0364061 0.0369354 0.0364097 0.0327400 0.0322165 0.0469893 0.0422067 0.0448643 0.0448617 0.1471842 0.1447489 0.1471995 0.1520618 0.1496235 0.1496378 0.1484159 0.1502569 0.1478063 0.1484261 0.1429443 0.1490224 0.1429292 0.1496304 0.1502362 0.1569818 0.1539129 0.1459694 0.1471821 0.1508288 0.1490329 0.1490296 0.1514838 0.1539450 0.1447675 0.1508673 0.1484364 0.1484242 0.1502484 0.1465976 0.1459875 0.1502533 0.1447665 0.1429531 0.1472035 0.1447689 0.1472010 0.1533156 0.1545349 0.1478109 
pop1_7     0.0908721 0.0931362 0.0891764 0.0869292 0.0891893 0.0880558 0.0953985 0.0965483 0.1005457 0.0931301 0.0925664 0.0942687 0.0988244 0.0925709 0.0993982 0.0920050 0.0965429 0.0954174 0.0897517 0.0858046 0.0280479 0.0290853 0.0259700 0.0332613 0.0296082 0.0311737 0.0290869 0.0000000 0.0121092 0.0166992 0.0348347 0.0358812 0.0364102 0.0358848 0.0322176 0.0316945 0.0464572 0.0416788 0.0443336 0.0443310 0.1453625 0.1429330 0.1453776 0.1502283 0.1477959 0.1478100 0.1465910 0.1484275 0.1459829 0.1466011 0.1411325 0.1471962 0.1411177 0.1471914 0.1484071 0.1551372 0.1520750 0.1441506 0.1453604 0.1489985 0.1459908 0.1459876 0.1496569 0.1508830 0.1423453 0.1478178 0.1466112 0.1465992 0.1484192 0.1447770 0.1441684 0.1484240 0.1429504 0.1411413 0.1453815 0.1429527 0.1453790 0.1514789 0.1526954 0.1459875 
pop1_8     0.0874942 0.0897483 0.0858062 0.0835688 0.0858185 0.0846902 0.0920008 0.0931449 0.0971244 0.0897424 0.0891811 0.0908754 0.0954109 0.0891854 0.0959821 0.0886220 0.0931398 0.0920189 0.0863785 0.0824483 0.0249378 0.0259718 0.0228687 0.0301299 0.0264918 0.0280506 0.0259726 0.0121092 0.0000000 0.0136367 0.0316966 0.0327390 0.0332655 0.0327423 0.0290903 0.0285694 0.0432709 0.0385126 0.0400982 0.0411536 0.1417328 0.1393151 0.1417474 0.1465755 0.1441545 0.1441683 0.1429552 0.1447827 0.1423499 0.1429650 0.1375228 0.1435575 0.1375083 0.1441612 0.1447629 0.1502366 0.1484131 0.1405267 0.1417307 0.1453518 0.1423576 0.1417476 0.1460059 0.1472260 0.1387297 0.1441759 0.1429748 0.1429631 0.1447746 0.1411496 0.1405440 0.1447793 0.1393319 0.1363260 0.1417513 0.1393341 0.1417488 0.1478195 0.1490303 0.1423544 
pop1_9     0.0846709 0.0869161 0.0829896 0.0807609 0.0830015 0.0818779 0.0891598 0.0902992 0.0942627 0.0869103 0.0863512 0.0880391 0.0925562 0.0863554 0.0931250 0.0857942 0.0902942 0.0891774 0.0835594 0.0796458 0.0223507 0.0233812 0.0202893 0.0275240 0.0238990 0.0254521 0.0233819 0.0166992 0.0136367 0.0000000 0.0290853 0.0301237 0.0306478 0.0301266 0.0264883 0.0259700 0.0406166 0.0358760 0.0385095 0.0385071 0.1386873 0.1362798 0.1387015 0.1435095 0.1410987 0.1411121 0.1399042 0.1417237 0.1393015 0.1399137 0.1344948 0.1392993 0.1344807 0.1411052 0.1417044 0.1483738 0.1453391 0.1374862 0.1386852 0.1422912 0.1405138 0.1405108 0.1441523 0.1453691 0.1368955 0.1423272 0.1399233 0.1399119 0.1417158 0.1381061 0.1375031 0.1417204 0.1362962 0.1345030 0.1387053 0.1362984 0.1387029 0.1447476 0.1459535 0.1393059 
pop1_10    0.0874918 0.0897463 0.0858038 0.0835664 0.0858162 0.0846879 0.0919982 0.0931424 0.0971217 0.0897399 0.0891787 0.0908732 0.0954088 0.0891823 0.0959794 0.0886189 0.0931372 0.0920164 0.0863762 0.0824470 0.0343113 0.0353578 0.0322154 0.0395687 0.0358848 0.0374639 0.0353589 0.0348347 0.0316966 0.0290853 0.0000000 0.0223518 0.0239030 0.0327410 0.0290891 0.0285683 0.0432691 0.0385110 0.0411543 0.0411519 0.1429360 0.1405145 0.1429508 0.1477861 0.1453615 0.1453754 0.1441604 0.1459908 0.1435542 0.1441703 0.1387195 0.1447636 0.1387049 0.1453682 0.1459708 0.1526790 0.1496267 0.1405162 0.1429339 0.1465605 0.1447738 0.1447706 0.1472117 0.1496578 0.1411343 0.1465978 0.1435692 0.1441684 0.1459826 0.1423521 0.1417455 0.1459873 0.1405315 0.1387281 0.1429546 0.1405337 0.1429522 0.1490323 0.1502449 0.1435587 
pop1_11    0.0897355 0.0919961 0.0880426 0.0857990 0.0880558 0.0869236 0.0942549 0.0954026 0.0993936 0.0919900 0.0914272 0.0931267 0.0976751 0.0914316 0.0982479 0.0908666 0.0953974 0.0942729 0.0886169 0.0846761 0.0353572 0.0364050 0.0332592 0.0395654 0.0369327 0.0385139 0.0364061 0.0358812 0.0327390 0.0301237 0.0223518 0.0000000 0.0249345 0.0337847 0.0301281 0.0296057 0.0443276 0.0395622 0.0422091 0.0422067 0.1441348 0.1417103 0.1441504 0.1489930 0.1465650 0.1465787 0.1453618 0.1471951 0.1447548 0.1453718 0.1399127 0.1459660 0.1398980 0.1465715 0.1471749 0.1538934 0.1508368 0.1417126 0.1441334 0.1477654 0.1459762 0.1459730 0.1496419 0.1508678 0.1423311 0.1478030 0.1447699 0.1453699 0.1471869 0.1435509 0.1429433 0.1471916 0.1417274 0.1399214 0.1441543 0.1417297 0.1441519 0.1502412 0.1514557 0.1447593 
pop1_12    0.0903096 0.0925722 0.0886151 0.0863691 0.0886279 0.0874952 0.0948328 0.0959816 0.0999761 0.0925660 0.0920027 0.0937037 0.0982562 0.0920061 0.0976858 0.0914417 0.0954088 0.0948515 0.0891900 0.0852458 0.0358857 0.0369343 0.0337852 0.0411542 0.0374625 0.0390451 0.0369354 0.0364102 0.0332655 0.0306478 0.0239030 0.0249345 0.0000000 0.0343120 0.0306524 0.0301304 0.0443308 0.0400941 0.0427432 0.0427408 0.1447589 0.1423314 0.1447739 0.1490095 0.1471904 0.1472045 0.1459864 0.1478214 0.1453788 0.1459965 0.1405322 0.1465911 0.1405174 0.1471972 0.1478012 0.1545260 0.1514662 0.1423331 0.1447568 0.1483928 0.1466014 0.1465982 0.1502706 0.1514977 0.1429529 0.1484299 0.1453940 0.1459946 0.1478132 0.1441738 0.1435657 0.1478180 0.1423486 0.1405409 0.1447778 0.1423509 0.1447753 0.1508705 0.1520860 0.1453834 
pop1_13    0.0869309 0.0891823 0.0852433 0.0830072 0.0852556 0.0841282 0.0914332 0.0925764 0.0965527 0.0891765 0.0886156 0.0903090 0.0948406 0.0886199 0.0954114 0.0880570 0.0925722 0.0914512 0.0858152 0.0818898 0.0353607 0.0364086 0.0332617 0.0406255 0.0369364 0.0385178 0.0364097 0.0358848 0.0327423 0.0301266 0.0327410 0.0337847 0.0343120 0.0000000 0.0197803 0.0223543 0.0411516 0.0358811 0.0400986 0.0400962 0.1417316 0.1393139 0.1417463 0.1465743 0.1441534 0.1435586 0.1429540 0.1447815 0.1423487 0.1429638 0.1375216 0.1435563 0.1375071 0.1441600 0.1447617 0.1514595 0.1471930 0.1405255 0.1417295 0.1453506 0.1435664 0.1435632 0.1472206 0.1484427 0.1399326 0.1453875 0.1429736 0.1429619 0.1447734 0.1411484 0.1405428 0.1447781 0.1393307 0.1375300 0.1417501 0.1393329 0.1417476 0.1478183 0.1490291 0.1423532 
pop1_14    0.0835648 0.0858078 0.0818858 0.0796602 0.0818975 0.0807754 0.0880479 0.0891855 0.0931437 0.0858013 0.0852429 0.0869285 0.0914405 0.0852468 0.0920077 0.0846863 0.0891806 0.0880651 0.0824546 0.0785463 0.0316960 0.0327390 0.0296076 0.0369351 0.0332640 0.0348374 0.0327400 0.0322176 0.0290903 0.0264883 0.0290891 0.0301281 0.0306524 0.0197803 0.0000000 0.0187528 0.0385125 0.0337844 0.0364106 0.0364085 0.1375069 0.1351029 0.1375210 0.1423223 0.1399149 0.1387229 0.1375186 0.1405389 0.1381202 0.1387315 0.1333203 0.1393211 0.1333064 0.1399214 0.1405198 0.1471797 0.1441493 0.1363075 0.1375049 0.1411059 0.1393307 0.1393277 0.1429639 0.1441790 0.1357177 0.1411416 0.1387410 0.1387297 0.1405311 0.1369264 0.1363243 0.1405356 0.1351191 0.1333284 0.1375248 0.1351213 0.1375224 0.1435585 0.1447627 0.1381246 
pop1_15    0.0824439 0.0846827 0.0807675 0.0785450 0.0807791 0.0796587 0.0869202 0.0880558 0.0920081 0.0846771 0.0841195 0.0858025 0.0903067 0.0841235 0.0908738 0.0835640 0.0880511 0.0869373 0.0813353 0.0774330 0.0311733 0.0322155 0.0290864 0.0364086 0.0327401 0.0343124 0.0322165 0.0316945 0.0285694 0.0259700 0.0285683 0.0296057 0.0301304 0.0223543 0.0187528 0.0000000 0.0379848 0.0332592 0.0358845 0.0358824 0.1369029 0.1345008 0.1369169 0.1417143 0.1393089 0.1393221 0.1381169 0.1399323 0.1375155 0.1381263 0.1327196 0.1387155 0.1327058 0.1393153 0.1399132 0.1465677 0.1435398 0.1357045 0.1369008 0.1404989 0.1387251 0.1387221 0.1423553 0.1435694 0.1351150 0.1405344 0.1381358 0.1381245 0.1399245 0.1363228 0.1357211 0.1399290 0.1345170 0.1327277 0.1369207 0.1345192 0.1369182 0.1429494 0.1441526 0.1375199 
pop1_16    0.0931348 0.0954058 0.0914339 0.0891801 0.0914471 0.0897463 0.0976748 0.0988283 0.1028380 0.0953995 0.0948342 0.0954042 0.0999668 0.0937039 0.1005419 0.0931372 0.0976819 0.0976942 0.0908788 0.0874890 0.0459259 0.0469871 0.0437968 0.0512649 0.0475238 0.0491282 0.0469893 0.0464572 0.0432709 0.0406166 0.0432691 0.0443276 0.0443308 0.0411516 0.0385125 0.0379848 0.0000000 0.0290835 0.0390399 0.0390377 0.1477960 0.1453586 0.1478113 0.1526775 0.1496284 0.1502517 0.1490287 0.1508713 0.1484186 0.1490390 0.1435525 0.1496357 0.1435374 0.1502442 0.1508505 0.1576025 0.1545304 0.1465802 0.1477939 0.1514435 0.1496463 0.1496430 0.1533305 0.1545626 0.1453705 0.1514822 0.1490493 0.1490370 0.1508628 0.1472090 0.1465983 0.1508677 0.1453763 0.1435614 0.1478153 0.1453786 0.1478128 0.1539326 0.1551529 0.1484233 
pop1_17    0.0869249 0.0891770 0.0852383 0.0830028 0.0852506 0.0835646 0.0914277 0.0925708 0.0965465 0.0891712 0.0886104 0.0903035 0.0948349 0.0886146 0.0954055 0.0880518 0.0925657 0.0914457 0.0846863 0.0818842 0.0411508 0.0422067 0.0390353 0.0464558 0.0427385 0.0443323 0.0422067 0.0416788 0.0385126 0.0358760 0.0385110 0.0395622 0.0400941 0.0358811 0.0337844 0.0332592 0.0290835 0.0000000 0.0343085 0.0343063 0.1411155 0.1387000 0.1411301 0.1459537 0.1435350 0.1435487 0.1423367 0.1441624 0.1417320 0.1423464 0.1369093 0.1429385 0.1368949 0.1435416 0.1441427 0.1508344 0.1477896 0.1399105 0.1423224 0.1447312 0.1429485 0.1429454 0.1465993 0.1478202 0.1393180 0.1447680 0.1423562 0.1423446 0.1441544 0.1405328 0.1399277 0.1441591 0.1381168 0.1369177 0.1411339 0.1387190 0.1411314 0.1471965 0.1484062 0.1417365 
pop1_18    0.0908787 0.0931430 0.0891823 0.0869356 0.0891958 0.0880621 0.0942715 0.0965554 0.1005531 0.0931369 0.0925732 0.0942756 0.0988316 0.0925777 0.0994055 0.0920118 0.0965500 0.0954244 0.0897583 0.0858109 0.0438037 0.0448629 0.0416803 0.0491280 0.0453972 0.0469970 0.0448643 0.0443336 0.0400982 0.0385095 0.0411543 0.0422091 0.0427432 0.0400986 0.0364106 0.0358845 0.0390399 0.0343085 0.0000000 0.0337856 0.1453732 0.1429436 0.1447788 0.1502394 0.1478068 0.1466054 0.1453883 0.1484385 0.1459937 0.1466120 0.1411429 0.1472070 0.1411281 0.1478136 0.1484181 0.1551487 0.1520863 0.1441612 0.1453711 0.1490095 0.1460028 0.1459996 0.1496692 0.1508954 0.1423570 0.1478300 0.1454084 0.1453964 0.1472137 0.1435770 0.1429693 0.1472185 0.1417532 0.1387376 0.1441806 0.1417555 0.1441781 0.1502687 0.1514834 0.1447857 
pop1_19    0.0908733 0.0931375 0.0891776 0.0869309 0.0891905 0.0869322 0.0953998 0.0965496 0.1005471 0.0931314 0.0925676 0.0942699 0.0988257 0.0925722 0.0993995 0.0920061 0.0965442 0.0954187 0.0897529 0.0858058 0.0438012 0.0448603 0.0416774 0.0491252 0.0443308 0.0459282 0.0448617 0.0443310 0.0411536 0.0385071 0.0411519 0.0422067 0.0427408 0.0400962 0.0364085 0.0358824 0.0390377 0.0343063 0.0337856 0.0000000 0.1453642 0.1429347 0.1453793 0.1502300 0.1477976 0.1478117 0.1465928 0.1484293 0.1459846 0.1466029 0.1411342 0.1471979 0.1411194 0.1478044 0.1484089 0.1551390 0.1520768 0.1441523 0.1453621 0.1490002 0.1472083 0.1472050 0.1508803 0.1521084 0.1435568 0.1490382 0.1466130 0.1466009 0.1484209 0.1447788 0.1441701 0.1484258 0.1429521 0.1399353 0.1453832 0.1429544 0.1453807 0.1514807 0.1526971 0.1459892 
pop2_0     0.1398944 0.1423118 0.1380826 0.1356869 0.1375003 0.1380924 0.1447237 0.1459578 0.1502292 0.1429089 0.1404956 0.1435207 0.1483875 0.1417093 0.1490012 0.1398982 0.1459496 0.1453620 0.1381032 0.1344858 0.1459726 0.1471795 0.1435303 0.1520728 0.1477985 0.1496392 0.1471842 0.1453625 0.1417328 0.1386873 0.1429360 0.1441348 0.1447589 0.1417316 0.1375069 0.1369029 0.1477960 0.1411155 0.1453732 0.1453642 0.0000000 0.0080511 0.0172130 0.0244148 0.0223508 0.0254533 0.0244184 0.0259725 0.0239013 0.0244198 0.0239018 0.0290867 0.0239003 0.0306492 0.0374549 0.0432618 0.0406179 0.0337826 0.0348287 0.0369253 0.0835757 0.0830136 0.0863819 0.0875078 0.0796652 0.0846947 0.0824635 0.0824572 0.0841309 0.0807837 0.0802259 0.0841335 0.0791093 0.0774454 0.0813403 0.0791107 0.0813384 0.0869372 0.0880569 0.0818971 
pop2_1     0.1374830 0.1398926 0.1356771 0.1332890 0.1350964 0.1356867 0.1422968 0.1435266 0.1477830 0.1404879 0.1380823 0.1410976 0.1459485 0.1392920 0.1465602 0.1374867 0.1435186 0.1429326 0.1356973 0.1320919 0.1435411 0.1447442 0.1411070 0.1496215 0.1453610 0.1471956 0.1447489 0.1429330 0.1393151 0.1362798 0.1405145 0.1417103 0.1423314 0.1393139 0.1351029 0.1345008 0.1453586 0.1387000 0.1429436 0.1429347 0.0080511 0.0000000 0.0151674 0.0223492 0.0202908 0.0233838 0.0223518 0.0239022 0.0218363 0.0223538 0.0218374 0.0270070 0.0218363 0.0285652 0.0353528 0.0411434 0.0385069 0.0316899 0.0327340 0.0348250 0.0813393 0.0807790 0.0841370 0.0852594 0.0774406 0.0824550 0.0802303 0.0802241 0.0818930 0.0785556 0.0779995 0.0818955 0.0768863 0.0752273 0.0791106 0.0768877 0.0791087 0.0846907 0.0858078 0.0796658 
pop2_2     0.1399088 0.1423265 0.1380968 0.1357008 0.1375144 0.1381066 0.1447387 0.1459729 0.1502448 0.1429227 0.1405100 0.1435355 0.1484030 0.1417240 0.1490167 0.1399126 0.1459648 0.1453771 0.1387176 0.1344996 0.1459877 0.1471948 0.1435452 0.1520887 0.1478138 0.1496547 0.1471995 0.1453776 0.1417474 0.1387015 0.1429508 0.1441504 0.1447739 0.1417463 0.1375210 0.1369169 0.1478113 0.1411301 0.1447788 0.1453793 0.0172130 0.0151674 0.0000000 0.0254521 0.0233838 0.0264917 0.0254553 0.0270118 0.0249375 0.0254568 0.0249380 0.0301305 0.0249357 0.0316953 0.0385110 0.0443265 0.0416787 0.0348323 0.0358809 0.0379806 0.0847029 0.0841400 0.0875137 0.0886413 0.0807862 0.0858238 0.0835891 0.0835827 0.0852590 0.0819066 0.0813478 0.0852616 0.0802294 0.0785629 0.0824640 0.0791183 0.0824620 0.0880697 0.0891912 0.0830217 
pop2_3     0.1447243 0.1471572 0.1429008 0.1404900 0.1423154 0.1429110 0.1495843 0.1508269 0.1551260 0.1483697 0.1453293 0.1483739 0.1532722 0.1465510 0.1538900 0.1447283 0.1502088 0.1502277 0.1435261 0.1392813 0.1508423 0.1520567 0.1483839 0.1569818 0.1526800 0.1545329 0.1520618 0.1502283 0.1465755 0.1435095 0.1477861 0.1489930 0.1490095 0.1465743 0.1423223 0.1417143 0.1526775 0.1459537 0.1502394 0.1502300 0.0244148 0.0223492 0.0254521 0.0000000 0.0192612 0.0296057 0.0285652 0.0301266 0.0280454 0.0285652 0.0280454 0.0332592 0.0280426 0.0348304 0.0416727 0.0475117 0.0448533 0.0379790 0.0390318 0.0411398 0.0880593 0.0874932 0.0908824 0.0920150 0.0841261 0.0891850 0.0869409 0.0869342 0.0886176 0.0852509 0.0846897 0.0886203 0.0835664 0.0818928 0.0858106 0.0835678 0.0858078 0.0903106 0.0914370 0.0863707 
pop2_4     0.1423097 0.1447349 0.1404920 0.1380886 0.1399081 0.1405020 0.1471545 0.1483928 0.1526783 0.1459436 0.1429128 0.1459478 0.1508305 0.1441306 0.1514462 0.1423135 0.1483846 0.1477954 0.1411150 0.1368837 0.1484080 0.1496187 0.1459567 0.1539115 0.1502398 0.1520867 0.1496235 0.1477959 0.1441545 0.1410987 0.1453615 0.1465650 0.1471904 0.1441534 0.1399149 0.1393089 0.1496284 0.1435350 0.1478068 0.1477976 0.0223508 0.0202908 0.0233838 0.0192612 0.0000000 0.0275260 0.0264883 0.0280477 0.0259700 0.0264907 0.0259712 0.0311704 0.0259688 0.0327372 0.0385080 0.0443230 0.0416755 0.0348304 0.0358781 0.0379776 0.0858163 0.0852525 0.0886310 0.0897603 0.0818941 0.0869387 0.0847010 0.0846945 0.0863731 0.0818994 0.0824565 0.0863757 0.0813365 0.0796678 0.0835742 0.0813380 0.0835723 0.0880591 0.0891805 0.0830117 
pop2_5     0.1417139 0.1441374 0.1398976 0.1374960 0.1393141 0.1399075 0.1465552 0.1477926 0.1520748 0.1453452 0.1435261 0.1453489 0.1490030 0.1435335 0.1508437 0.1417178 0.1477843 0.1471955 0.1405201 0.1362920 0.1484221 0.1496330 0.1459715 0.1545428 0.1502542 0.1521012 0.1496378 0.1478100 0.1441683 0.1411121 0.1453754 0.1465787 0.1472045 0.1435586 0.1387229 0.1393221 0.1502517 0.1435487 0.1466054 0.1478117 0.0254533 0.0233838 0.0264917 0.0296057 0.0275260 0.0000000 0.0030090 0.0105849 0.0187522 0.0233867 0.0259736 0.0311732 0.0259712 0.0327402 0.0395653 0.0453889 0.0427375 0.0358815 0.0369305 0.0390340 0.0858243 0.0852604 0.0886392 0.0897686 0.0819017 0.0869467 0.0847088 0.0847023 0.0863811 0.0830237 0.0824641 0.0863838 0.0813440 0.0796751 0.0835819 0.0813455 0.0835800 0.0891961 0.0903192 0.0841405 
pop2_6     0.1411133 0.1435349 0.1392981 0.1368987 0.1387153 0.1393083 0.1459508 0.1471872 0.1514660 0.1447416 0.1429242 0.1447459 0.1496211 0.1429315 0.1502359 0.1411172 0.1471790 0.1465905 0.1399204 0.1356956 0.1472022 0.1484111 0.1447556 0.1533129 0.1490312 0.1508751 0.1484159 0.1465910 0.1429552 0.1399042 0.1441604 0.1453618 0.1459864 0.1429540 0.1375186 0.1381169 0.1490287 0.1423367 0.1453883 0.1465928 0.0244184 0.0223518 0.0254553 0.0285652 0.0264883 0.0030090 0.0000000 0.0095703 0.0177265 0.0223545 0.0249379 0.0301303 0.0249355 0.0316951 0.0385108 0.0443262 0.0416784 0.0348320 0.0358797 0.0379803 0.0847023 0.0841393 0.0875130 0.0886407 0.0807856 0.0858231 0.0835885 0.0835820 0.0852584 0.0819059 0.0813472 0.0852610 0.0802288 0.0785623 0.0824633 0.0802303 0.0824614 0.0880691 0.0891906 0.0830211 
pop2_7     0.1429359 0.1453635 0.1411164 0.1387108 0.1405321 0.1411264 0.1477853 0.1490250 0.1533146 0.1465733 0.1447512 0.1465775 0.1514650 0.1447586 0.1520813 0.1429398 0.1490167 0.1484270 0.1417402 0.1375047 0.1490402 0.1502520 0.1465873 0.1551662 0.1508738 0.1527225 0.1502569 0.1484275 0.1447827 0.1417237 0.1459908 0.1471951 0.1478214 0.1447815 0.1405389 0.1399323 0.1508713 0.1441624 0.1484385 0.1484293 0.0259725 0.0239022 0.0270118 0.0301266 0.0280477 0.0105849 0.0095703 0.0000000 0.0192665 0.0239044 0.0264932 0.0316967 0.0264908 0.0332648 0.0400951 0.0459222 0.0432696 0.0364084 0.0374592 0.0395640 0.0863900 0.0858257 0.0892073 0.0903376 0.0824643 0.0875134 0.0852737 0.0852672 0.0869473 0.0835873 0.0830272 0.0869499 0.0819062 0.0802360 0.0841459 0.0819077 0.0841439 0.0897645 0.0908885 0.0847049 
pop2_8     0.1405097 0.1429293 0.1386957 0.1362984 0.1381135 0.1387061 0.1453434 0.1465787 0.1508540 0.1441348 0.1423191 0.1441393 0.1490107 0.1423263 0.1496249 0.1405135 0.1465705 0.1459824 0.1393176 0.1350962 0.1465936 0.1478015 0.1441490 0.1526994 0.1484211 0.1502636 0.1478063 0.1459829 0.1423499 0.1393015 0.1435542 0.1447548 0.1453788 0.1423487 0.1381202 0.1375155 0.1484186 0.1417320 0.1459937 0.1459846 0.0239013 0.0218363 0.0249375 0.0280454 0.0259700 0.0187522 0.0177265 0.0192665 0.0000000 0.0218389 0.0244204 0.0296092 0.0244172 0.0311729 0.0379839 0.0437952 0.0411485 0.0343078 0.0353549 0.0374539 0.0841419 0.0835794 0.0869505 0.0880773 0.0802282 0.0852619 0.0830289 0.0830225 0.0846976 0.0813476 0.0807893 0.0847002 0.0796718 0.0780065 0.0819046 0.0796732 0.0819027 0.0875062 0.0886269 0.0824620 
