80
pop0_0     0.0000000 0.0141572 0.0131365 0.0141589 0.0234046 0.0182499 0.0275450 0.0317220 0.0338172 0.0285853 0.0234048 0.0296284 0.0338100 0.0285877 0.0348531 0.0275432 0.0338058 0.0327671 0.0327617 0.0244339 0.0791356 0.0835866 0.0769010 0.0903439 0.0847167 0.0847216 0.0824664 0.0802630 0.0791400 0.0747013 0.0802726 0.0824846 0.0758143 0.0780442 0.0747058 0.0758257 0.0836332 0.0780325 0.0836265 0.0824904 0.1298347 0.1227171 0.1322238 0.1394325 0.1322197 0.1357941 0.1357870 0.1370125 0.1346073 0.1310478 0.1274317 0.1262417 0.1298453 0.1346176 0.1346028 0.1429763 0.1418424 0.1298137 0.1346324 0.1393668 0.1382549 0.1382623 0.1382884 0.1406924 0.1322660 0.1370604 0.1298688 0.1358134 0.1382313 0.1286908 0.1322764 0.1358135 0.1310660 0.1322427 0.1382329 0.1322829 0.1370255 0.1406522 0.1382162 0.1419076 
pop0_1     0.0141572 0.0000000 0.0151780 0.0162036 0.0254747 0.0203054 0.0296262 0.0338154 0.0359166 0.0306694 0.0254750 0.0317155 0.0359089 0.0306720 0.0369546 0.0296242 0.0359044 0.0348634 0.0348576 0.0265064 0.0813644 0.0858283 0.0791228 0.0926062 0.0869621 0.0869671 0.0847047 0.0824956 0.0813689 0.0769171 0.0825054 0.0847234 0.0780335 0.0802703 0.0769217 0.0780453 0.0858763 0.0802583 0.0858694 0.0847294 0.1322204 0.1250801 0.1346171 0.1418489 0.1346129 0.1381985 0.1381911 0.1394210 0.1370081 0.1334376 0.1298093 0.1262397 0.1322311 0.1370185 0.1370034 0.1454028 0.1442664 0.1321989 0.1370337 0.1417820 0.1406680 0.1406755 0.1407021 0.1431138 0.1346602 0.1394699 0.1322551 0.1382181 0.1406439 0.1310736 0.1346707 0.1382181 0.1334562 0.1346363 0.1406456 0.1346773 0.1394342 0.1430728 0.1406286 0.1443330 
pop0_2     0.0131365 0.0151780 0.0000000 0.0090727 0.0203127 0.0151795 0.0244376 0.0285971 0.0306832 0.0254737 0.0203127 0.0265125 0.0306772 0.0254759 0.0317166 0.0244360 0.0306733 0.0296381 0.0296332 0.0213389 0.0758164 0.0802488 0.0735918 0.0869767 0.0813738 0.0813783 0.0791335 0.0769384 0.0758205 0.0714008 0.0769476 0.0791509 0.0725088 0.0747287 0.0714051 0.0725197 0.0802934 0.0747176 0.0802870 0.0791564 0.1262903 0.1192051 0.1286685 0.1358439 0.1286644 0.1322230 0.1322160 0.1334353 0.1310412 0.1274973 0.1238989 0.1227144 0.1263006 0.1310514 0.1310370 0.1393734 0.1382429 0.1262700 0.1310656 0.1357801 0.1346711 0.1346783 0.1347036 0.1370968 0.1287094 0.1334819 0.1263234 0.1322417 0.1346482 0.1251504 0.1287195 0.1322419 0.1275151 0.1286868 0.1346498 0.1287258 0.1334479 0.1370577 0.1346335 0.1383062 
pop0_3     0.0141589 0.0162036 0.0090727 0.0000000 0.0213468 0.0162059 0.0254780 0.0296438 0.0317332 0.0265153 0.0213471 0.0275557 0.0317270 0.0265175 0.0327678 0.0254759 0.0317237 0.0306864 0.0306813 0.0223745 0.0769386 0.0813782 0.0747101 0.0881175 0.0825052 0.0825099 0.0802611 0.0780627 0.0769428 0.0725157 0.0780719 0.0802787 0.0736256 0.0758494 0.0725201 0.0736367 0.0814235 0.0758381 0.0814179 0.0802843 0.1275000 0.1204022 0.1298823 0.1370708 0.1298783 0.1334431 0.1334361 0.1346578 0.1322594 0.1287093 0.1251041 0.1239175 0.1275104 0.1322695 0.1322550 0.1406060 0.1394740 0.1274799 0.1322840 0.1370063 0.1358961 0.1359033 0.1359289 0.1383264 0.1299238 0.1347048 0.1275334 0.1334621 0.1358729 0.1263584 0.1299339 0.1334622 0.1287272 0.1299009 0.1358745 0.1299403 0.1346705 0.1382869 0.1358581 0.1395380 
pop0_4     0.0234046 0.0254747 0.0203127 0.0213468 0.0000000 0.0192839 0.0348662 0.0390876 0.0412039 0.0359166 0.0306856 0.0359218 0.0401406 0.0359200 0.0422482 0.0348637 0.0411909 0.0401431 0.0401365 0.0317237 0.0869959 0.0914941 0.0847358 0.0983265 0.0926375 0.0926429 0.0903616 0.0881369 0.0870007 0.0825140 0.0881474 0.0903815 0.0836396 0.0858947 0.0825190 0.0836522 0.0915455 0.0858817 0.0915380 0.0903880 0.1346472 0.1274822 0.1370523 0.1443096 0.1370481 0.1406459 0.1406384 0.1418730 0.1394515 0.1358691 0.1322273 0.1310292 0.1346582 0.1394621 0.1394467 0.1478746 0.1467355 0.1346253 0.1394776 0.1442413 0.1455566 0.1455644 0.1455921 0.1480198 0.1395086 0.1443507 0.1370870 0.1430890 0.1455315 0.1358980 0.1395196 0.1430889 0.1382963 0.1394838 0.1455333 0.1395264 0.1443137 0.1479772 0.1455156 0.1492474 
pop0_5     0.0182499 0.0203054 0.0151795 0.0162059 0.0192839 0.0000000 0.0296291 0.0338187 0.0359195 0.0306724 0.0254780 0.0317186 0.0359124 0.0306750 0.0369582 0.0296271 0.0359079 0.0348662 0.0348611 0.0265090 0.0813730 0.0858373 0.0791311 0.0926160 0.0869713 0.0869762 0.0847137 0.0825042 0.0813774 0.0769251 0.0825140 0.0847323 0.0780417 0.0802788 0.0769298 0.0780534 0.0858853 0.0802667 0.0858784 0.0847383 0.1322352 0.1250940 0.1346322 0.1418650 0.1346281 0.1382141 0.1382068 0.1394368 0.1370235 0.1334526 0.1298238 0.1286298 0.1322456 0.1370340 0.1370189 0.1454194 0.1442829 0.1322137 0.1370491 0.1417981 0.1406840 0.1406915 0.1407181 0.1431301 0.1346753 0.1394857 0.1322700 0.1382337 0.1406592 0.1310882 0.1346859 0.1382338 0.1334712 0.1346515 0.1406615 0.1346925 0.1394500 0.1430891 0.1406445 0.1443494 
pop0_6     0.0275450 0.0296262 0.0244376 0.0254780 0.0348662 0.0296291 0.0000000 0.0162033 0.0244346 0.0296249 0.0244378 0.0390704 0.0433060 0.0380167 0.0443609 0.0369573 0.0433005 0.0422502 0.0422440 0.0338091 0.0892280 0.0937383 0.0869613 0.1005900 0.0948851 0.0948906 0.0926026 0.0903726 0.0892329 0.0847338 0.0903833 0.0926230 0.0858627 0.0881243 0.0847389 0.0858757 0.0937911 0.0881109 0.0937835 0.0926297 0.1406489 0.1334271 0.1430732 0.1503885 0.1430688 0.1466944 0.1466865 0.1479320 0.1454912 0.1418813 0.1382087 0.1370009 0.1406603 0.1455021 0.1454859 0.1539788 0.1528336 0.1406257 0.1455185 0.1503171 0.1491955 0.1492036 0.1492320 0.1516710 0.1431192 0.1479842 0.1406860 0.1467153 0.1491697 0.1394917 0.1431306 0.1467152 0.1419011 0.1430937 0.1491715 0.1431375 0.1479467 0.1516272 0.1491534 0.1529046 
pop0_7     0.0317220 0.0338154 0.0285971 0.0296438 0.0390876 0.0338187 0.0162033 0.0000000 0.0285943 0.0338140 0.0285973 0.0433162 0.0475772 0.0422563 0.0486377 0.0411909 0.0475712 0.0465164 0.0465087 0.0380233 0.0937809 0.0983193 0.0914991 0.1052155 0.0994739 0.0994797 0.0971761 0.0949335 0.0937861 0.0892584 0.0949447 0.0971977 0.0903948 0.0926709 0.0892638 0.0904085 0.0983749 0.0926572 0.0983668 0.0972047 0.1455425 0.1382716 0.1479835 0.1553492 0.1479790 0.1516288 0.1516206 0.1528755 0.1504178 0.1467841 0.1430849 0.1418689 0.1455544 0.1504290 0.1504122 0.1589617 0.1578110 0.1455184 0.1504461 0.1552753 0.1541489 0.1541573 0.1541867 0.1566423 0.1480313 0.1529296 0.1455811 0.1516505 0.1541221 0.1443791 0.1480431 0.1516502 0.1468046 0.1480048 0.1541240 0.1480502 0.1528901 0.1565969 0.1541052 0.1578846 
pop0_8     0.0338172 0.0359166 0.0306832 0.0317332 0.0412039 0.0359195 0.0244346 0.0285943 0.0000000 0.0359145 0.0306834 0.0454444 0.0497178 0.0443814 0.0507811 0.0433110 0.0497115 0.0486542 0.0486462 0.0401361 0.0960592 0.1006114 0.0937700 0.1075295 0.1017699 0.1017759 0.0994646 0.0972159 0.0960646 0.0915229 0.0972273 0.0994867 0.0926630 0.0949469 0.0915284 0.0926770 0.1006684 0.0949323 0.1006601 0.0994940 0.1479886 0.1406934 0.1504377 0.1578283 0.1504332 0.1540949 0.1540865 0.1553461 0.1528801 0.1492346 0.1455222 0.1443019 0.1480006 0.1528914 0.1528743 0.1614517 0.1602983 0.1479639 0.1529089 0.1577531 0.1566244 0.1566329 0.1566629 0.1591267 0.1504864 0.1554011 0.1480278 0.1541169 0.1565971 0.1468220 0.1504984 0.1541166 0.1492555 0.1504594 0.1553674 0.1505057 0.1553610 0.1590804 0.1565800 0.1603732 
pop0_9     0.0285853 0.0306694 0.0254737 0.0265153 0.0359166 0.0306724 0.0296249 0.0338140 0.0359145 0.0000000 0.0254739 0.0401273 0.0443690 0.0390720 0.0454252 0.0380110 0.0443634 0.0433125 0.0433054 0.0348583 0.0903594 0.0948766 0.0880890 0.1017393 0.0960253 0.0960309 0.0937391 0.0915060 0.0903644 0.0858583 0.0915168 0.0937598 0.0869891 0.0892544 0.0858635 0.0870022 0.0949301 0.0892407 0.0949224 0.0937665 0.1418643 0.1346304 0.1442927 0.1516206 0.1442883 0.1479199 0.1479120 0.1491598 0.1467148 0.1430990 0.1394198 0.1382099 0.1418758 0.1467258 0.1467094 0.1552164 0.1540699 0.1418409 0.1467423 0.1515486 0.1504258 0.1504339 0.1504626 0.1529058 0.1443392 0.1492124 0.1419018 0.1479410 0.1503997 0.1407056 0.1443507 0.1479409 0.1431190 0.1443135 0.1504015 0.1443577 0.1491740 0.1528615 0.1503833 0.1541415 
pop0_10    0.0234048 0.0254750 0.0203127 0.0213471 0.0306856 0.0254780 0.0244378 0.0285973 0.0306834 0.0254739 0.0000000 0.0348681 0.0390806 0.0338199 0.0401306 0.0327669 0.0390767 0.0380307 0.0380245 0.0296360 0.0847489 0.0892341 0.0824959 0.0960457 0.0903738 0.0903790 0.0881050 0.0858862 0.0847536 0.0802802 0.0858964 0.0881244 0.0814023 0.0836504 0.0802851 0.0814146 0.0892841 0.0836378 0.0892772 0.0881307 0.1358634 0.1286858 0.1382727 0.1455429 0.1382685 0.1418724 0.1418649 0.1431019 0.1406761 0.1370875 0.1334390 0.1322388 0.1358744 0.1406868 0.1406712 0.1491137 0.1479731 0.1358412 0.1407025 0.1454741 0.1443564 0.1443641 0.1443915 0.1468158 0.1383171 0.1431522 0.1358991 0.1418926 0.1443315 0.1347117 0.1383280 0.1418926 0.1371067 0.1382925 0.1443333 0.1383347 0.1431155 0.1467735 0.1443158 0.1480415 
pop0_11    0.0296284 0.0317155 0.0265125 0.0275557 0.0359218 0.0317186 0.0390704 0.0433162 0.0454444 0.0401273 0.0348681 0.0000000 0.0040188 0.0070470 0.0213361 0.0162005 0.0244330 0.0275541 0.0338184 0.0254765 0.0847395 0.0892240 0.0824868 0.0960347 0.0903636 0.0903688 0.0880951 0.0858766 0.0847442 0.0802713 0.0858868 0.0881145 0.0813933 0.0836411 0.0802762 0.0814056 0.0892741 0.0836285 0.0892668 0.0881208 0.1358467 0.1286702 0.1382557 0.1455247 0.1382514 0.1418548 0.1418473 0.1430841 0.1406592 0.1370707 0.1334227 0.1322226 0.1358577 0.1406693 0.1406538 0.1490949 0.1479545 0.1358245 0.1406850 0.1454558 0.1443384 0.1443461 0.1443735 0.1467974 0.1383000 0.1431343 0.1358825 0.1418750 0.1443135 0.1346952 0.1383109 0.1418750 0.1370898 0.1382755 0.1443153 0.1383177 0.1430976 0.1467551 0.1442978 0.1480229 
pop0_12    0.0338100 0.0359089 0.0306772 0.0317270 0.0401406 0.0359124 0.0433060 0.0475772 0.0497178 0.0443690 0.0390806 0.0040188 0.0000000 0.0111038 0.0254709 0.0203068 0.0285850 0.0317258 0.0380249 0.0296360 0.0892428 0.0937539 0.0869757 0.1006069 0.0949010 0.0949065 0.0926180 0.0903876 0.0892478 0.0847478 0.0903983 0.0926385 0.0858769 0.0881390 0.0847530 0.0858899 0.0938068 0.0881255 0.0937991 0.0926451 0.1406732 0.1334501 0.1430980 0.1504148 0.1430936 0.1442700 0.1467121 0.1479578 0.1455165 0.1419059 0.1382326 0.1370246 0.1406847 0.1455274 0.1455112 0.1540059 0.1528604 0.1406501 0.1455438 0.1503434 0.1492216 0.1492296 0.1492581 0.1516976 0.1431441 0.1480100 0.1407104 0.1467409 0.1491958 0.1395159 0.1431554 0.1467408 0.1419258 0.1431186 0.1491976 0.1431624 0.1479719 0.1516538 0.1491795 0.1529314 
pop0_13    0.0285877 0.0306720 0.0254759 0.0265175 0.0359200 0.0306750 0.0380167 0.0422563 0.0443814 0.0390720 0.0338199 0.0070470 0.0111038 0.0000000 0.0203067 0.0151780 0.0233995 0.0265165 0.0327717 0.0244421 0.0836208 0.0880989 0.0813716 0.0948994 0.0892367 0.0892418 0.0869716 0.0847561 0.0836254 0.0791592 0.0847661 0.0869908 0.0802794 0.0825238 0.0791640 0.0802915 0.0881483 0.0825113 0.0881412 0.0869970 0.1346495 0.1274843 0.1370546 0.1443121 0.1370504 0.1406483 0.1406408 0.1418754 0.1394539 0.1358714 0.1322295 0.1310314 0.1346604 0.1394645 0.1394491 0.1478772 0.1467380 0.1346275 0.1394800 0.1442438 0.1431274 0.1431351 0.1431622 0.1455822 0.1370986 0.1419252 0.1346849 0.1406683 0.1431028 0.1334995 0.1371094 0.1406683 0.1358903 0.1370743 0.1431045 0.1371161 0.1418889 0.1455404 0.1430872 0.1468058 
pop0_14    0.0348531 0.0369546 0.0317166 0.0327678 0.0422482 0.0369582 0.0443609 0.0486377 0.0507811 0.0454252 0.0401306 0.0213361 0.0254709 0.0203067 0.0000000 0.0213333 0.0296215 0.0327666 0.0390735 0.0306738 0.0903559 0.0948727 0.0880856 0.1017348 0.0960214 0.0960270 0.0937352 0.0915023 0.0903609 0.0858551 0.0915132 0.0937560 0.0869858 0.0892509 0.0858603 0.0869989 0.0949262 0.0892373 0.0949185 0.0937627 0.1418557 0.1346227 0.1442839 0.1516108 0.1442795 0.1479106 0.1479027 0.1491504 0.1467057 0.1430903 0.1394115 0.1382018 0.1418673 0.1467166 0.1467003 0.1552062 0.1540598 0.1418323 0.1467332 0.1515388 0.1504162 0.1504243 0.1504530 0.1528958 0.1443304 0.1492030 0.1418932 0.1479317 0.1503901 0.1406972 0.1443418 0.1479316 0.1431103 0.1443046 0.1503917 0.1443488 0.1491646 0.1528516 0.1503737 0.1541314 
pop0_15    0.0275432 0.0296242 0.0244360 0.0254759 0.0348637 0.0296271 0.0369573 0.0411909 0.0433110 0.0380110 0.0327669 0.0162005 0.0203068 0.0151780 0.0213333 0.0000000 0.0223631 0.0254749 0.0317203 0.0234030 0.0824877 0.0869584 0.0802424 0.0937473 0.0869740 0.0880992 0.0858331 0.0836208 0.0824922 0.0780334 0.0836308 0.0858520 0.0791517 0.0813922 0.0780382 0.0791636 0.0870071 0.0813799 0.0870001 0.0858581 0.1334274 0.1262751 0.1358282 0.1430725 0.1358240 0.1394156 0.1394082 0.1406403 0.1382233 0.1346469 0.1310120 0.1298161 0.1334383 0.1382338 0.1382185 0.1466318 0.1454941 0.1334057 0.1382491 0.1430049 0.1418898 0.1418974 0.1419242 0.1443400 0.1358717 0.1406897 0.1334625 0.1394354 0.1418654 0.1322791 0.1358824 0.1394354 0.1346657 0.1358477 0.1394645 0.1335041 0.1382548 0.1418883 0.1394476 0.1431463 
pop0_16    0.0338058 0.0359044 0.0306733 0.0317237 0.0411909 0.0359079 0.0433005 0.0475712 0.0497115 0.0443634 0.0390767 0.0244330 0.0285850 0.0233995 0.0296215 0.0223631 0.0000000 0.0317218 0.0380202 0.0296319 0.0892312 0.0937417 0.0869644 0.1005937 0.0948885 0.0948940 0.0926059 0.0903758 0.0892361 0.0847368 0.0903865 0.0926263 0.0858657 0.0881275 0.0847419 0.0858787 0.0937945 0.0881140 0.0937868 0.0926330 0.1406541 0.1334321 0.1430785 0.1503942 0.1430742 0.1466999 0.1466920 0.1479376 0.1454967 0.1418866 0.1382139 0.1370060 0.1406656 0.1455076 0.1454914 0.1539847 0.1528395 0.1406310 0.1455240 0.1503228 0.1492012 0.1492092 0.1492377 0.1516768 0.1431246 0.1479898 0.1406913 0.1467209 0.1491754 0.1394970 0.1431360 0.1467207 0.1419065 0.1430991 0.1491772 0.1431429 0.1479517 0.1516330 0.1491591 0.1529104 
pop0_17    0.0327671 0.0348634 0.0296381 0.0306864 0.0401431 0.0348662 0.0422502 0.0465164 0.0486542 0.0433125 0.0380307 0.0275541 0.0317258 0.0265165 0.0327666 0.0254749 0.0317218 0.0000000 0.0369764 0.0285978 0.0869951 0.0914932 0.0847350 0.0983256 0.0926366 0.0926420 0.0903607 0.0881361 0.0869999 0.0825132 0.0881465 0.0903807 0.0836388 0.0858939 0.0825182 0.0836514 0.0915447 0.0858808 0.0915380 0.0903871 0.1394837 0.1322713 0.1419049 0.1492107 0.1419005 0.1455216 0.1455138 0.1467575 0.1443198 0.1407144 0.1370469 0.1358399 0.1394951 0.1443307 0.1443146 0.1527971 0.1516527 0.1394608 0.1443469 0.1491400 0.1480190 0.1480270 0.1480552 0.1504911 0.1419505 0.1468092 0.1395205 0.1455424 0.1479935 0.1383277 0.1419617 0.1455422 0.1407340 0.1419252 0.1479952 0.1419686 0.1467714 0.1504477 0.1479773 0.1517230 
pop0_18    0.0327617 0.0348576 0.0296332 0.0306813 0.0401365 0.0348611 0.0422440 0.0465087 0.0486462 0.0433054 0.0380245 0.0338184 0.0380249 0.0327717 0.0390735 0.0317203 0.0380202 0.0369764 0.0000000 0.0244381 0.0881126 0.0926170 0.0858492 0.0994592 0.0937621 0.0937675 0.0914828 0.0892554 0.0881175 0.0836244 0.0892660 0.0915030 0.0847517 0.0870102 0.0836295 0.0847645 0.0926691 0.0869969 0.0926615 0.0915096 0.1394608 0.1322495 0.1418815 0.1491861 0.1418772 0.1454976 0.1454898 0.1467333 0.1442961 0.1406912 0.1370243 0.1358184 0.1394721 0.1443069 0.1442909 0.1527719 0.1516277 0.1394378 0.1443231 0.1491154 0.1479947 0.1480027 0.1480308 0.1504663 0.1419272 0.1467850 0.1394976 0.1455184 0.1479691 0.1383049 0.1419384 0.1455183 0.1407109 0.1419019 0.1479709 0.1419453 0.1467473 0.1504229 0.1479529 0.1516981 
pop0_19    0.0244339 0.0265064 0.0213389 0.0223745 0.0317237 0.0265090 0.0338091 0.0380233 0.0401361 0.0348583 0.0296360 0.0254765 0.0296360 0.0244421 0.0306738 0.0234030 0.0296319 0.0285978 0.0244381 0.0000000 0.0791464 0.0835980 0.0769115 0.0903564 0.0847284 0.0847332 0.0824777 0.0802740 0.0791508 0.0747115 0.0802836 0.0824959 0.0758246 0.0780549 0.0747160 0.0758360 0.0836447 0.0780432 0.0836380 0.0825017 0.1298533 0.1227345 0.1322427 0.1394526 0.1322387 0.1358137 0.1358065 0.1370323 0.1346267 0.1310666 0.1274499 0.1262597 0.1298639 0.1346370 0.1346222 0.1429970 0.1418629 0.1298323 0.1346518 0.1393869 0.1382748 0.1382822 0.1383083 0.1407128 0.1322850 0.1370802 0.1298874 0.1358330 0.1382512 0.1287092 0.1322954 0.1358331 0.1310848 0.1322616 0.1382529 0.1323018 0.1370452 0.1406726 0.1382362 0.1419282 
pop1_0     0.0791356 0.0813644 0.0758164 0.0769386 0.0869959 0.0813730 0.0892280 0.0937809 0.0960592 0.0903594 0.0847489 0.0847395 0.0892428 0.0836208 0.0903559 0.0824877 0.0892312 0.0869951 0.0881126 0.0791464 0.0000000 0.0080592 0.0060362 0.0182578 0.0192863 0.0192872 0.0172305 0.0213448 0.0203127 0.0162059 0.0317237 0.0317190 0.0254762 0.0296360 0.0265114 0.0275541 0.0390791 0.0338103 0.0390767 0.0380138 0.1383073 0.1311044 0.1407252 0.1480212 0.1407209 0.1443373 0.1443296 0.1455714 0.1431370 0.1395361 0.1358739 0.1346694 0.1383185 0.1431477 0.1431319 0.1516034 0.1504600 0.1382846 0.1431638 0.1479511 0.1468309 0.1468388 0.1468667 0.1492994 0.1407704 0.1456226 0.1383437 0.1443578 0.1468056 0.1371523 0.1407815 0.1443577 0.1395556 0.1407454 0.1468073 0.1407883 0.1455852 0.1492564 0.1467895 0.1505297 
pop1_1     0.0835866 0.0858283 0.0802488 0.0813782 0.0914941 0.0858373 0.0937383 0.0983193 0.1006114 0.0948766 0.0892341 0.0892240 0.0937539 0.0880989 0.0948727 0.0869584 0.0937417 0.0914932 0.0926170 0.0835980 0.0080592 0.0000000 0.0100855 0.0223727 0.0234076 0.0234076 0.0213394 0.0254763 0.0244378 0.0203091 0.0359108 0.0359056 0.0296294 0.0338116 0.0306698 0.0317191 0.0433070 0.0380081 0.0433038 0.0422346 0.1431203 0.1358723 0.1455535 0.1528958 0.1455491 0.1491877 0.1491796 0.1504301 0.1479803 0.1443576 0.1406708 0.1394585 0.1431319 0.1479913 0.1479748 0.1564982 0.1553499 0.1430966 0.1480081 0.1528232 0.1516989 0.1517071 0.1517361 0.1541840 0.1456005 0.1504832 0.1431581 0.1492090 0.1516726 0.1419597 0.1456120 0.1492088 0.1443778 0.1455745 0.1516744 0.1456191 0.1504445 0.1541393 0.1516560 0.1554222 
pop1_2     0.0769010 0.0791228 0.0735918 0.0747101 0.0847358 0.0791311 0.0869613 0.0914991 0.0937700 0.0880890 0.0824959 0.0824868 0.0869757 0.0813716 0.0880856 0.0802424 0.0869644 0.0847350 0.0858492 0.0769115 0.0060362 0.0100855 0.0000000 0.0162046 0.0172305 0.0172305 0.0151803 0.0192827 0.0182534 0.0141585 0.0296314 0.0296271 0.0234025 0.0275497 0.0244348 0.0254744 0.0369651 0.0317124 0.0369624 0.0359035 0.1358768 0.1286985 0.1382864 0.1455573 0.1382822 0.1418865 0.1418790 0.1431161 0.1406901 0.1371011 0.1334522 0.1322519 0.1358879 0.1407007 0.1406852 0.1491285 0.1479878 0.1358546 0.1407164 0.1454885 0.1443707 0.1443784 0.1444058 0.1468303 0.1383308 0.1431663 0.1359126 0.1419067 0.1443459 0.1347251 0.1383417 0.1419067 0.1371203 0.1383063 0.1443476 0.1383484 0.1431297 0.1467881 0.1443301 0.1480562 
pop1_3     0.0903439 0.0926062 0.0869767 0.0881175 0.0983265 0.0926160 0.1005900 0.1052155 0.1075295 0.1017393 0.0960457 0.0960347 0.1006069 0.0948994 0.1017348 0.0937473 0.1005937 0.0983256 0.0994592 0.0903564 0.0182578 0.0223727 0.0162046 0.0000000 0.0296390 0.0296405 0.0275541 0.0317258 0.0306778 0.0265141 0.0422489 0.0422427 0.0359132 0.0401316 0.0369619 0.0380218 0.0497095 0.0443630 0.0497058 0.0486261 0.1504531 0.1431331 0.1529106 0.1603266 0.1516753 0.1565799 0.1565714 0.1578357 0.1553613 0.1517037 0.1479779 0.1467534 0.1504653 0.1553727 0.1553552 0.1614673 0.1628050 0.1504279 0.1553905 0.1602500 0.1578830 0.1578916 0.1579219 0.1603900 0.1517341 0.1566576 0.1492710 0.1553707 0.1578554 0.1480632 0.1517462 0.1566020 0.1517250 0.1529327 0.1590931 0.1529798 0.1578508 0.1615832 0.1590738 0.1628812 
pop1_4     0.0847167 0.0869621 0.0813738 0.0825052 0.0926375 0.0869713 0.0948851 0.0994739 0.1017699 0.0960253 0.0903738 0.0903636 0.0949010 0.0892367 0.0960214 0.0869740 0.0948885 0.0926366 0.0937621 0.0847284 0.0192863 0.0234076 0.0172305 0.0296390 0.0000000 0.0100876 0.0121184 0.0265167 0.0254766 0.0213417 0.0369669 0.0369615 0.0306759 0.0348645 0.0317178 0.0327697 0.0443745 0.0390672 0.0443712 0.0433002 0.1443517 0.1370910 0.1467892 0.1541445 0.1467847 0.1504295 0.1504214 0.1516743 0.1492202 0.1455913 0.1418977 0.1406833 0.1443634 0.1492313 0.1492146 0.1577525 0.1566028 0.1443278 0.1492482 0.1540712 0.1529456 0.1529539 0.1529831 0.1554353 0.1468366 0.1517279 0.1443899 0.1504510 0.1529191 0.1431895 0.1468482 0.1504508 0.1456117 0.1468103 0.1529209 0.1468553 0.1516888 0.1553902 0.1529024 0.1566757 
pop1_5     0.0847216 0.0869671 0.0813783 0.0825099 0.0926429 0.0869762 0.0948906 0.0994797 0.1017759 0.0960309 0.0903790 0.0903688 0.0949065 0.0892418 0.0960270 0.0880992 0.0948940 0.0926420 0.0937675 0.0847332 0.0192872 0.0234076 0.0172305 0.0296405 0.0100876 0.0000000 0.0121190 0.0265181 0.0254780 0.0213429 0.0369685 0.0369634 0.0306774 0.0348662 0.0317193 0.0327697 0.0443768 0.0390692 0.0443733 0.0433024 0.1443611 0.1370998 0.1467988 0.1541547 0.1467943 0.1504394 0.1504313 0.1516843 0.1492299 0.1456008 0.1419068 0.1406923 0.1443728 0.1492410 0.1492244 0.1577630 0.1566132 0.1443371 0.1492580 0.1540814 0.1529557 0.1529640 0.1529932 0.1554456 0.1468461 0.1517379 0.1443992 0.1504609 0.1529292 0.1431987 0.1468578 0.1504607 0.1456212 0.1468199 0.1529310 0.1468649 0.1516988 0.1554005 0.1529124 0.1566862 
pop1_6     0.0824664 0.0847047 0.0791335 0.0802611 0.0903616 0.0847137 0.0926026 0.0971761 0.0994646 0.0937391 0.0881050 0.0880951 0.0926180 0.0869716 0.0937352 0.0858331 0.0926059 0.0903607 0.0914828 0.0824777 0.0172305 0.0213394 0.0151803 0.0275541 0.0121184 0.0121190 0.0000000 0.0244400 0.0234031 0.0192802 0.0348599 0.0348549 0.0285874 0.0327637 0.0296264 0.0306741 0.0422454 0.0369544 0.0422423 0.0411749 0.1419049 0.1346688 0.1443341 0.1516642 0.1443296 0.1479624 0.1479544 0.1492026 0.1467569 0.1431400 0.1394596 0.1382494 0.1419164 0.1467678 0.1467515 0.1552611 0.1541142 0.1418815 0.1467844 0.1515921 0.1504690 0.1504771 0.1505058 0.1529497 0.1443806 0.1492553 0.1419424 0.1479835 0.1504429 0.1407458 0.1443920 0.1479833 0.1431600 0.1443548 0.1504447 0.1443990 0.1492169 0.1529055 0.1504265 0.1541858 
pop1_7     0.0802630 0.0824956 0.0769384 0.0780627 0.0881369 0.0825042 0.0903726 0.0949335 0.0972159 0.0915060 0.0858862 0.0858766 0.0903876 0.0847561 0.0915023 0.0836208 0.0903758 0.0881361 0.0892554 0.0802740 0.0213448 0.0254763 0.0192827 0.0317258 0.0265167 0.0265181 0.0244400 0.0000000 0.0111038 0.0131405 0.0327749 0.0327697 0.0265178 0.0306838 0.0275541 0.0285992 0.0401421 0.0348647 0.0401392 0.0390748 0.1395395 0.1323236 0.1419619 0.1492714 0.1419576 0.1455805 0.1455727 0.1468170 0.1443781 0.1407708 0.1371015 0.1358948 0.1395509 0.1443889 0.1443729 0.1528597 0.1517147 0.1395166 0.1444051 0.1492007 0.1480791 0.1480871 0.1481153 0.1505525 0.1420075 0.1468686 0.1395763 0.1456012 0.1480536 0.1383829 0.1420188 0.1456011 0.1407905 0.1419823 0.1480553 0.1420257 0.1468309 0.1505090 0.1480374 0.1517850 
pop1_8     0.0791400 0.0813689 0.0758205 0.0769428 0.0870007 0.0813774 0.0892329 0.0937861 0.0960646 0.0903644 0.0847536 0.0847442 0.0892478 0.0836254 0.0903609 0.0824922 0.0892361 0.0869999 0.0881175 0.0791508 0.0203127 0.0244378 0.0182534 0.0306778 0.0254766 0.0254780 0.0234031 0.0111038 0.0000000 0.0121193 0.0317252 0.0317206 0.0254780 0.0296372 0.0265128 0.0275558 0.0390812 0.0338121 0.0390783 0.0380158 0.1383153 0.1311120 0.1407333 0.1480298 0.1407290 0.1443457 0.1443380 0.1455798 0.1431453 0.1395442 0.1358818 0.1346772 0.1383265 0.1431561 0.1431402 0.1516123 0.1504688 0.1382926 0.1431721 0.1479597 0.1468395 0.1456311 0.1468753 0.1493082 0.1407786 0.1456310 0.1383517 0.1443662 0.1468141 0.1371603 0.1407897 0.1443662 0.1395637 0.1407535 0.1468159 0.1407965 0.1455937 0.1492652 0.1467981 0.1505385 
pop1_9     0.0747013 0.0769171 0.0714008 0.0725157 0.0825140 0.0769251 0.0847338 0.0892584 0.0915229 0.0858583 0.0802802 0.0802713 0.0847478 0.0791592 0.0858551 0.0780334 0.0847368 0.0825132 0.0836244 0.0747115 0.0162059 0.0203091 0.0141585 0.0265141 0.0213417 0.0213429 0.0192802 0.0131405 0.0121193 0.0000000 0.0275554 0.0275514 0.0213429 0.0254780 0.0223723 0.0234090 0.0348701 0.0296314 0.0348675 0.0338118 0.1335077 0.1263505 0.1359101 0.1431594 0.1359059 0.1394999 0.1394925 0.1407256 0.1383068 0.1347280 0.1310906 0.1298939 0.1335185 0.1383173 0.1383021 0.1467213 0.1455827 0.1334860 0.1383326 0.1430918 0.1419758 0.1419834 0.1420103 0.1444277 0.1359536 0.1407749 0.1335428 0.1395198 0.1419515 0.1323585 0.1359643 0.1395198 0.1347468 0.1359296 0.1419532 0.1359710 0.1407389 0.1443863 0.1419360 0.1456499 
pop1_10    0.0802726 0.0825054 0.0769476 0.0780719 0.0881474 0.0825140 0.0903833 0.0949447 0.0972273 0.0915168 0.0858964 0.0858868 0.0903983 0.0847661 0.0915132 0.0836308 0.0903865 0.0881465 0.0892660 0.0802836 0.0317237 0.0359108 0.0296314 0.0422489 0.0369669 0.0369685 0.0348599 0.0327749 0.0317252 0.0275554 0.0000000 0.0285971 0.0244440 0.0327755 0.0296371 0.0306852 0.0422607 0.0369685 0.0422576 0.0411898 0.1419600 0.1347208 0.1443902 0.1517235 0.1443858 0.1480201 0.1480121 0.1492609 0.1468141 0.1431956 0.1395137 0.1383030 0.1419715 0.1468251 0.1468087 0.1553221 0.1541746 0.1419366 0.1468416 0.1516515 0.1505278 0.1505359 0.1505646 0.1530096 0.1444367 0.1493135 0.1419975 0.1480412 0.1505017 0.1408004 0.1444482 0.1480411 0.1432156 0.1444110 0.1505035 0.1444552 0.1492751 0.1529653 0.1504853 0.1542462 
pop1_11    0.0824846 0.0847234 0.0791509 0.0802787 0.0903815 0.0847323 0.0926230 0.0971977 0.0994867 0.0937598 0.0881244 0.0881145 0.0926385 0.0869908 0.0937560 0.0858520 0.0926263 0.0903807 0.0915030 0.0824959 0.0317190 0.0359056 0.0296271 0.0422427 0.0369615 0.0369634 0.0348549 0.0327697 0.0317206 0.0275514 0.0285971 0.0000000 0.0244405 0.0327707 0.0296328 0.0306807 0.0422546 0.0369624 0.0422515 0.0411838 0.1419369 0.1346991 0.1443667 0.1516985 0.1443622 0.1479958 0.1479879 0.1492364 0.1467901 0.1431723 0.1394911 0.1382806 0.1419484 0.1468010 0.1467847 0.1552964 0.1541492 0.1419135 0.1468176 0.1516265 0.1505031 0.1505112 0.1505399 0.1529844 0.1444132 0.1492890 0.1419744 0.1480170 0.1504770 0.1407775 0.1444246 0.1480168 0.1431923 0.1443874 0.1504788 0.1444316 0.1492506 0.1529401 0.1504606 0.1542208 
pop1_12    0.0758143 0.0780335 0.0725088 0.0736256 0.0836396 0.0780417 0.0858627 0.0903948 0.0926630 0.0869891 0.0814023 0.0813933 0.0858769 0.0802794 0.0869858 0.0791517 0.0858657 0.0836388 0.0847517 0.0758246 0.0254762 0.0296294 0.0234025 0.0359132 0.0306759 0.0306774 0.0285874 0.0265178 0.0254780 0.0213429 0.0244440 0.0244405 0.0000000 0.0265183 0.0234076 0.0244453 0.0359232 0.0306766 0.0359206 0.0348630 0.1347180 0.1275486 0.1371246 0.1443864 0.1371204 0.1407204 0.1407129 0.1419483 0.1395253 0.1359406 0.1322966 0.1310978 0.1347290 0.1395359 0.1395205 0.1479538 0.1468139 0.1346961 0.1395514 0.1443182 0.1432010 0.1432087 0.1432358 0.1456573 0.1371685 0.1419981 0.1347534 0.1407404 0.1431764 0.1335673 0.1371793 0.1407404 0.1359596 0.1371442 0.1431781 0.1371860 0.1419617 0.1456155 0.1431608 0.1468816 
pop1_13    0.0780442 0.0802703 0.0747287 0.0758494 0.0858947 0.0802788 0.0881243 0.0926709 0.0949469 0.0892544 0.0836504 0.0836411 0.0881390 0.0825238 0.0892509 0.0813922 0.0881275 0.0858939 0.0870102 0.0780549 0.0296360 0.0338116 0.0275497 0.0401316 0.0348645 0.0348662 0.0327637 0.0306838 0.0296372 0.0254780 0.0327755 0.0327707 0.0265183 0.0000000 0.0172305 0.0203150 0.0380338 0.0317257 0.0380310 0.0369699 0.1371416 0.1299479 0.1395563 0.1468430 0.1395521 0.1431640 0.1431564 0.1443964 0.1419651 0.1383686 0.1347115 0.1335086 0.1371527 0.1419758 0.1419601 0.1504213 0.1492787 0.1371191 0.1419917 0.1467735 0.1456540 0.1456618 0.1456894 0.1481191 0.1396011 0.1444471 0.1371777 0.1431844 0.1456289 0.1359877 0.1396121 0.1431843 0.1383879 0.1395763 0.1456306 0.1396189 0.1444101 0.1480765 0.1456130 0.1493477 
pop1_14    0.0747058 0.0769217 0.0714051 0.0725201 0.0825190 0.0769298 0.0847389 0.0892638 0.0915284 0.0858635 0.0802851 0.0802762 0.0847530 0.0791640 0.0858603 0.0780382 0.0847419 0.0825182 0.0836295 0.0747160 0.0265114 0.0306698 0.0244348 0.0369619 0.0317178 0.0317193 0.0296264 0.0275541 0.0265128 0.0223723 0.0296371 0.0296328 0.0234076 0.0172305 0.0000000 0.0172305 0.0348721 0.0296332 0.0348696 0.0338138 0.1335160 0.1263583 0.1359186 0.1431683 0.1359144 0.1371078 0.1371005 0.1407343 0.1383154 0.1347364 0.1310988 0.1299019 0.1335268 0.1383259 0.1383107 0.1467305 0.1455918 0.1334943 0.1383412 0.1431008 0.1419847 0.1419923 0.1420192 0.1444367 0.1359621 0.1407837 0.1335511 0.1395285 0.1419603 0.1323667 0.1359728 0.1395285 0.1347552 0.1359380 0.1419620 0.1359794 0.1407477 0.1443953 0.1419449 0.1456590 
pop1_15    0.0758257 0.0780453 0.0725197 0.0736367 0.0836522 0.0780534 0.0858757 0.0904085 0.0926770 0.0870022 0.0814146 0.0814056 0.0858899 0.0802915 0.0869989 0.0791636 0.0858787 0.0836514 0.0847645 0.0758360 0.0275541 0.0317191 0.0254744 0.0380218 0.0327697 0.0327697 0.0306741 0.0285992 0.0275558 0.0234090 0.0306852 0.0306807 0.0244453 0.0203150 0.0172305 0.0000000 0.0359285 0.0306811 0.0359259 0.0348682 0.1347386 0.1275681 0.1371456 0.1444085 0.1371413 0.1407419 0.1407345 0.1419700 0.1395467 0.1359614 0.1323168 0.1311178 0.1347496 0.1395572 0.1395419 0.1479765 0.1468364 0.1347167 0.1395728 0.1443403 0.1432229 0.1432306 0.1432577 0.1456796 0.1371895 0.1420198 0.1347740 0.1407620 0.1431983 0.1335877 0.1372003 0.1407619 0.1359803 0.1371652 0.1432000 0.1372070 0.1419835 0.1456378 0.1431827 0.1469042 
pop1_16    0.0836332 0.0858763 0.0802934 0.0814235 0.0915455 0.0858853 0.0937911 0.0983749 0.1006684 0.0949301 0.0892841 0.0892741 0.0938068 0.0881483 0.0949262 0.0870071 0.0937945 0.0915447 0.0926691 0.0836447 0.0390791 0.0433070 0.0369651 0.0497095 0.0443745 0.0443768 0.0422454 0.0401421 0.0390812 0.0348701 0.0422607 0.0422546 0.0359232 0.0380338 0.0348721 0.0359285 0.0000000 0.0275578 0.0369793 0.0359199 0.1432049 0.1359520 0.1456397 0.1529870 0.1456353 0.1492763 0.1492683 0.1505197 0.1480681 0.1444430 0.1407537 0.1395407 0.1432165 0.1480792 0.1480627 0.1565919 0.1554428 0.1431812 0.1480959 0.1529144 0.1517893 0.1517975 0.1518264 0.1542760 0.1444484 0.1505728 0.1432427 0.1492976 0.1517629 0.1420435 0.1456982 0.1492975 0.1444631 0.1456606 0.1517648 0.1457052 0.1505340 0.1542314 0.1517464 0.1555151 
pop1_17    0.0780325 0.0802583 0.0747176 0.0758381 0.0858817 0.0802667 0.0881109 0.0926572 0.0949323 0.0892407 0.0836378 0.0836285 0.0881255 0.0825113 0.0892373 0.0813799 0.0881140 0.0858808 0.0869969 0.0780432 0.0338103 0.0380081 0.0317124 0.0443630 0.0390672 0.0390692 0.0369544 0.0348647 0.0338121 0.0296314 0.0369685 0.0369624 0.0306766 0.0317257 0.0296332 0.0306811 0.0275578 0.0000000 0.0317237 0.0306738 0.1371189 0.1299268 0.1395332 0.1468184 0.1395290 0.1431402 0.1431325 0.1443723 0.1419415 0.1383458 0.1346894 0.1334867 0.1371301 0.1419522 0.1419365 0.1503959 0.1492536 0.1370965 0.1419681 0.1467489 0.1456296 0.1456375 0.1456651 0.1480943 0.1395780 0.1444230 0.1371551 0.1431606 0.1456045 0.1359653 0.1395890 0.1431605 0.1383651 0.1395533 0.1456063 0.1395958 0.1443860 0.1480517 0.1455887 0.1493226 
pop1_18    0.0836265 0.0858694 0.0802870 0.0814179 0.0915380 0.0858784 0.0937835 0.0983668 0.1006601 0.0949224 0.0892772 0.0892668 0.0937991 0.0881412 0.0949185 0.0870001 0.0937868 0.0915380 0.0926615 0.0836380 0.0390767 0.0433038 0.0369624 0.0497058 0.0443712 0.0443733 0.0422423 0.0401392 0.0390783 0.0348675 0.0422576 0.0422515 0.0359206 0.0380310 0.0348696 0.0359259 0.0369793 0.0317237 0.0000000 0.0359166 0.1431920 0.1359399 0.1444123 0.1529731 0.1456222 0.1492628 0.1492548 0.1505060 0.1480548 0.1444300 0.1407412 0.1395282 0.1432037 0.1480658 0.1480493 0.1565775 0.1554286 0.1431684 0.1480825 0.1529004 0.1493394 0.1493475 0.1493759 0.1518176 0.1432564 0.1481267 0.1408206 0.1468565 0.1493136 0.1396250 0.1432678 0.1468564 0.1420370 0.1432309 0.1493154 0.1432747 0.1480886 0.1517738 0.1492973 0.1530526 
pop1_19    0.0824904 0.0847294 0.0791564 0.0802843 0.0903880 0.0847383 0.0926297 0.0972047 0.0994940 0.0937665 0.0881307 0.0881208 0.0926451 0.0869970 0.0937627 0.0858581 0.0926330 0.0903871 0.0915096 0.0825017 0.0380138 0.0422346 0.0359035 0.0486261 0.0433002 0.0433024 0.0411749 0.0390748 0.0380158 0.0338118 0.0411898 0.0411838 0.0348630 0.0369699 0.0338138 0.0348682 0.0359199 0.0306738 0.0359166 0.0000000 0.1419483 0.1347097 0.1443784 0.1517110 0.1443739 0.1480079 0.1480000 0.1492487 0.1468020 0.1431838 0.1395022 0.1382916 0.1419599 0.1468130 0.1467967 0.1553093 0.1541619 0.1419249 0.1468296 0.1516390 0.1505154 0.1505236 0.1505522 0.1529970 0.1444249 0.1493013 0.1419858 0.1480291 0.1504894 0.1407889 0.1444363 0.1480289 0.1432038 0.1443991 0.1504912 0.1444433 0.1492629 0.1529528 0.1504729 0.1542336 
pop2_0     0.1298347 0.1322204 0.1262903 0.1275000 0.1346472 0.1322352 0.1406489 0.1455425 0.1479886 0.1418643 0.1358634 0.1358467 0.1406732 0.1346495 0.1418557 0.1334274 0.1406541 0.1394837 0.1394608 0.1298533 0.1383073 0.1431203 0.1358768 0.1504531 0.1443517 0.1443611 0.1419049 0.1395395 0.1383153 0.1335077 0.1419600 0.1419369 0.1347180 0.1371416 0.1335160 0.1347386 0.1432049 0.1371189 0.1431920 0.1419483 0.0000000 0.0080604 0.0162093 0.0223800 0.0162087 0.0213447 0.0213429 0.0223789 0.0203159 0.0172368 0.0223779 0.0213456 0.0244519 0.0306918 0.0327770 0.0401253 0.0390886 0.0285987 0.0327830 0.0369650 0.0792049 0.0792089 0.0792232 0.0814490 0.0736621 0.0780968 0.0714487 0.0769612 0.0791923 0.0703536 0.0736676 0.0769618 0.0725545 0.0736498 0.0791931 0.0736714 0.0780777 0.0814270 0.0791837 0.0825702 
pop2_1     0.1227171 0.1250801 0.1192051 0.1204022 0.1274822 0.1250940 0.1334271 0.1382716 0.1406934 0.1346304 0.1286858 0.1286702 0.1334501 0.1274843 0.1346227 0.1262751 0.1334321 0.1322713 0.1322495 0.1227345 0.1311044 0.1358723 0.1286985 0.1431331 0.1370910 0.1370998 0.1346688 0.1323236 0.1311120 0.1263505 0.1347208 0.1346991 0.1275486 0.1299479 0.1263583 0.1275681 0.1359520 0.1299268 0.1359399 0.1347097 0.0080604 0.0000000 0.0100893 0.0162093 0.0100890 0.0151827 0.0151827 0.0162085 0.0141627 0.0111075 0.0162078 0.0151841 0.0182632 0.0244514 0.0265203 0.0338096 0.0327785 0.0223772 0.0265251 0.0306752 0.0725488 0.0725525 0.0725655 0.0747719 0.0670546 0.0714502 0.0648611 0.0703266 0.0725374 0.0637750 0.0670595 0.0703272 0.0659569 0.0670434 0.0725382 0.0670630 0.0714325 0.0747519 0.0725296 0.0758830 
pop2_2     0.1322238 0.1346171 0.1286685 0.1298823 0.1370523 0.1346322 0.1430732 0.1479835 0.1504377 0.1442927 0.1382727 0.1382557 0.1430980 0.1370546 0.1442839 0.1358282 0.1430785 0.1419049 0.1418815 0.1322427 0.1407252 0.1455535 0.1382864 0.1529106 0.1467892 0.1467988 0.1443341 0.1419619 0.1407333 0.1359101 0.1443902 0.1443667 0.1371246 0.1395563 0.1359186 0.1371456 0.1456397 0.1395332 0.1444123 0.1443784 0.0162093 0.0100893 0.0000000 0.0244486 0.0182601 0.0234101 0.0234090 0.0244474 0.0223786 0.0192913 0.0244462 0.0234111 0.0265266 0.0327840 0.0348746 0.0422429 0.0412043 0.0306845 0.0348811 0.0390738 0.0814377 0.0814418 0.0814565 0.0836888 0.0758785 0.0803264 0.0736583 0.0791874 0.0814246 0.0725602 0.0758842 0.0791874 0.0747675 0.0758658 0.0814256 0.0758881 0.0803067 0.0836662 0.0814159 0.0848136 
pop2_3     0.1394325 0.1418489 0.1358439 0.1370708 0.1443096 0.1418650 0.1503885 0.1553492 0.1578283 0.1516206 0.1455429 0.1455247 0.1504148 0.1443121 0.1516108 0.1430725 0.1503942 0.1492107 0.1491861 0.1394526 0.1480212 0.1528958 0.1455573 0.1603266 0.1541445 0.1541547 0.1516642 0.1492714 0.1480298 0.1431594 0.1517235 0.1516985 0.1443864 0.1468430 0.1431683 0.1444085 0.1529870 0.1468184 0.1529731 0.1517110 0.0223800 0.0162093 0.0244486 0.0000000 0.0162059 0.0296402 0.0296389 0.0306869 0.0286005 0.0254888 0.0306854 0.0296415 0.0327849 0.0390952 0.0412023 0.0486310 0.0475866 0.0369762 0.0412100 0.0454354 0.0881739 0.0881784 0.0881944 0.0904466 0.0825652 0.0870531 0.0803246 0.0859010 0.0881597 0.0792172 0.0825714 0.0859016 0.0814439 0.0825513 0.0881607 0.0825756 0.0870316 0.0881631 0.0859083 0.0915817 
pop2_4     0.1322197 0.1346129 0.1286644 0.1298783 0.1370481 0.1346281 0.1430688 0.1479790 0.1504332 0.1442883 0.1382685 0.1382514 0.1430936 0.1370504 0.1442795 0.1358240 0.1430742 0.1419005 0.1418772 0.1322387 0.1407209 0.1455491 0.1382822 0.1516753 0.1467847 0.1467943 0.1443296 0.1419576 0.1407290 0.1359059 0.1443858 0.1443622 0.1371204 0.1395521 0.1359144 0.1371413 0.1456353 0.1395290 0.1456222 0.1443739 0.0162087 0.0100890 0.0182601 0.0162059 0.0000000 0.0234093 0.0234076 0.0244466 0.0223778 0.0192907 0.0244454 0.0234103 0.0265257 0.0327829 0.0348735 0.0422416 0.0412029 0.0306835 0.0348799 0.0390725 0.0814351 0.0814392 0.0814539 0.0836862 0.0758761 0.0803239 0.0736560 0.0791842 0.0814220 0.0725578 0.0758818 0.0791848 0.0747651 0.0758634 0.0814230 0.0758856 0.0803041 0.0836636 0.0814133 0.0848109 
pop2_5     0.1357941 0.1381985 0.1322230 0.1334431 0.1406459 0.1382141 0.1466944 0.1516288 0.1540949 0.1479199 0.1418724 0.1418548 0.1442700 0.1406483 0.1479106 0.1394156 0.1466999 0.1455216 0.1454976 0.1358137 0.1443373 0.1491877 0.1418865 0.1565799 0.1504295 0.1504394 0.1479624 0.1455805 0.1443457 0.1394999 0.1480201 0.1479958 0.1407204 0.1431640 0.1371078 0.1407419 0.1492763 0.1431402 0.1492628 0.1480079 0.0213447 0.0151827 0.0234101 0.0296402 0.0234093 0.0000000 0.0040188 0.0111075 0.0192868 0.0223797 0.0275541 0.0265153 0.0296440 0.0359266 0.0380251 0.0454221 0.0443808 0.0338172 0.0380321 0.0422404 0.0847829 0.0847872 0.0848026 0.0870443 0.0792001 0.0836671 0.0769702 0.0825214 0.0847693 0.0758676 0.0792060 0.0825221 0.0780842 0.0791874 0.0847702 0.0792101 0.0836465 0.0870207 0.0847602 0.0881740 
pop2_6     0.1357870 0.1381911 0.1322160 0.1334361 0.1406384 0.1382068 0.1466865 0.1516206 0.1540865 0.1479120 0.1418649 0.1418473 0.1467121 0.1406408 0.1479027 0.1394082 0.1466920 0.1455138 0.1454898 0.1358065 0.1443296 0.1491796 0.1418790 0.1565714 0.1504214 0.1504313 0.1479544 0.1455727 0.1443380 0.1394925 0.1480121 0.1479879 0.1407129 0.1431564 0.1371005 0.1407345 0.1492683 0.1431325 0.1492548 0.1480000 0.0213429 0.0151827 0.0234090 0.0296389 0.0234076 0.0040188 0.0000000 0.0111070 0.0192860 0.0223787 0.0275541 0.0265140 0.0296427 0.0359250 0.0380233 0.0454200 0.0443787 0.0338172 0.0380304 0.0422385 0.0847788 0.0847831 0.0847984 0.0870401 0.0791963 0.0836630 0.0769665 0.0825174 0.0847652 0.0758640 0.0792022 0.0825181 0.0780804 0.0791830 0.0847661 0.0792063 0.0836424 0.0870165 0.0847560 0.0881697 
pop2_7     0.1370125 0.1394210 0.1334353 0.1346578 0.1418730 0.1394368 0.1479320 0.1528755 0.1553461 0.1491598 0.1431019 0.1430841 0.1479578 0.1418754 0.1491504 0.1406403 0.1479376 0.1467575 0.1467333 0.1370323 0.1455714 0.1504301 0.1431161 0.1578357 0.1516743 0.1516843 0.1492026 0.1468170 0.1455798 0.1407256 0.1492609 0.1492364 0.1419483 0.1443964 0.1407343 0.1419700 0.1505197 0.1443723 0.1505060 0.1492487 0.0223789 0.0162085 0.0244474 0.0306869 0.0244466 0.0111075 0.0111070 0.0000000 0.0203181 0.0234156 0.0285979 0.0275570 0.0306908 0.0369830 0.0390844 0.0464924 0.0454499 0.0348707 0.0390917 0.0433058 0.0859159 0.0859202 0.0859358 0.0881812 0.0803241 0.0847983 0.0780905 0.0836505 0.0859020 0.0769863 0.0803302 0.0836511 0.0792063 0.0803106 0.0859030 0.0803342 0.0847774 0.0881572 0.0858928 0.0893127 
pop2_8     0.1346073 0.1370081 0.1310412 0.1322594 0.1394515 0.1370235 0.1454912 0.1504178 0.1528801 0.1467148 0.1406761 0.1406592 0.1455165 0.1394539 0.1467057 0.1382233 0.1454967 0.1443198 0.1442961 0.1346267 0.1431370 0.1479803 0.1406901 0.1553613 0.1492202 0.1492299 0.1467569 0.1443781 0.1431453 0.1383068 0.1468141 0.1467901 0.1395253 0.1419651 0.1383154 0.1395467 0.1480681 0.1419415 0.1480548 0.1468020 0.0203159 0.0141627 0.0223786 0.0286005 0.0223778 0.0192868 0.0192860 0.0203181 0.0000000 0.0213494 0.0265177 0.0254797 0.0286042 0.0348786 0.0369744 0.0443621 0.0433216 0.0327728 0.0369813 0.0411845 0.0836688 0.0836731 0.0836882 0.0859269 0.0780937 0.0825545 0.0758669 0.0814108 0.0836550 0.0747658 0.0780995 0.0814114 0.0769794 0.0780806 0.0836563 0.0781035 0.0825342 0.0859036 0.0836464 0.0870550 
